HW: 1
10 12 14 15 16 16 18 20 20 20 20 20 20 21 22 23 24 24 25 25 

HW: 2
16 29 42 51 56 60 65 68 71 75 84 87 88 90 91 97 102 104 106 106 

HW: 3
22 65 87 94 106 111 119 126 135 141 152 163 172 179 186 187 193 199 207 209 

HW: 4
24 76 106 138 166 180 193 215 234 241 251 263 270 282 298 325 339 349 361 375 

HW: 5
30 104 141 175 199 215 248 271 286 318 339 356 378 401 411 426 443 468 497 512 

HW: 6
28 124 173 229 275 324 358 382 404 439 497 522 558 581 611 633 654 672 693 714 

HW: 7
30 157 197 250 296 345 405 443 470 508 553 576 631 669 702 756 786 801 839 873 

HW: 8
29 157 185 239 290 336 415 469 520 571 611 667 724 770 797 839 870 921 971 1002 

HW: 9
26 140 190 253 301 346 417 463 517 551 605 638 676 735 784 831 916 965 1012 1069 

HW: 10
29 209 279 360 405 463 548 594 643 706 749 811 860 920 958 1003 1053 1107 1152 1201 

HW: 11
29 166 228 284 359 409 490 533 610 649 713 786 855 900 947 1010 1078 1120 1157 1196 

HW: 12
30 210 268 381 427 516 602 665 759 819 883 958 1003 1066 1119 1184 1257 1312 1344 1398 

HW: 13
30 234 295 411 471 608 684 755 857 933 1027 1065 1160 1241 1298 1368 1430 1481 1551 1602 

HW: 14
30 236 304 395 524 606 709 772 905 977 1034 1113 1187 1245 1300 1371 1421 1489 1554 1607 

HW: 15
28 284 389 511 618 717 786 892 1023 1095 1168 1247 1328 1408 1471 1572 1636 1751 1835 1912 

HW: 16
30 385 434 548 657 763 868 942 1094 1215 1303 1392 1494 1569 1655 1728 1804 1894 1995 2081 

HW: 17
30 308 351 533 616 754 821 921 1000 1082 1181 1291 1406 1477 1567 1641 1722 1799 1855 1956 

HW: 18
30 413 449 604 669 851 922 1034 1169 1267 1348 1444 1557 1664 1752 1816 1894 1990 2065 2183 

HW: 19
30 311 377 527 633 770 879 979 1060 1203 1296 1422 1526 1642 1681 1788 1891 1966 2060 2151 

