
DSS_Th
6.25e+06 1.90476e+06 1.25786e+06 1.40351e+07 3.92157e+06 955414 3.2257e+06 3.7037e+06 1.30293e+06 2.04082e+06 3.92141e+06 3.5084e+06 7.69112e+06 4.54525e+06 3.12461e+06 4.54525e+06 1.11099e+07 5.71429e+07 1.15942e+07 1.23062e+07 816327 3.63636e+06 1.28411e+06 1.42857e+06 1.75436e+06 1.26576e+06 1.66656e+06 1.14504e+06 260417 379504 361010 2.49994e+06 2.46907e+06 611621 2.8569e+06 796813 706709 1.72412e+06 1.66664e+06 5.26316e+06 
6.25e+06 1.90476e+06 1.25786e+06 1.40351e+07 3.92157e+06 955414 3.2257e+06 3.7037e+06 2.05127e+06 2.04082e+06 3.92141e+06 3.5084e+06 7.69112e+06 4.54525e+06 3.12461e+06 4.54525e+06 1.11099e+07 5.71429e+07 1.15942e+07 1.23062e+07 816327 3.63636e+06 2.005e+06 1.42857e+06 1.75436e+06 1.26576e+06 1.66656e+06 1.99999e+06 367646 660055 606053 2.49994e+06 2.46907e+06 1.94171e+06 2.8569e+06 796813 706709 1.72412e+06 1.66664e+06 5.26316e+06 
2.72504e+07 2.94092e+06 1.25786e+06 3.9984e+07 1.42796e+07 955414 7.99616e+06 3.7037e+06 2.26621e+06 2.04082e+06 1.42735e+07 9.99251e+06 2.66347e+07 1.73913e+07 7.40247e+06 2.85225e+07 2.28454e+07 5.71429e+07 1.15942e+07 2.85531e+07 961511 3.63636e+06 2.20987e+06 1.94163e+06 2.5969e+06 1.65256e+06 1.66656e+06 2.28126e+06 394468 751820 682552 4.64987e+06 4.54422e+06 3.02975e+06 6.0551e+06 934553 706709 2.05109e+06 2.40929e+06 5.26316e+06 
2.72504e+07 2.94092e+06 1.25786e+06 3.9984e+07 1.42796e+07 955414 7.99616e+06 3.7037e+06 2.26621e+06 2.04082e+06 1.42735e+07 9.99251e+06 2.66347e+07 1.73913e+07 7.40247e+06 2.85225e+07 2.28454e+07 5.71429e+07 1.15942e+07 2.85531e+07 961511 3.63636e+06 2.20987e+06 1.94163e+06 2.5969e+06 1.65256e+06 1.66656e+06 2.28126e+06 664425 751820 682552 4.64987e+06 4.54422e+06 3.02975e+06 6.0551e+06 934553 706709 2.05109e+06 2.40929e+06 5.26316e+06 
2.72504e+07 2.94092e+06 1.25786e+06 3.9984e+07 1.42796e+07 955414 7.99616e+06 3.7037e+06 2.26621e+06 2.04082e+06 1.42735e+07 9.99251e+06 2.66347e+07 1.73913e+07 7.40247e+06 2.85225e+07 2.28454e+07 5.71429e+07 1.15942e+07 2.85531e+07 961511 3.63636e+06 2.20987e+06 1.94163e+06 2.5969e+06 1.65256e+06 1.66656e+06 1.0523e+07 664425 3.33217e+06 2.29838e+06 4.64987e+06 4.54422e+06 3.02975e+06 6.0551e+06 1.94175e+07 706709 2.05109e+06 2.40929e+06 5.26316e+06 
2.72504e+07 2.94092e+06 1.25786e+06 3.9984e+07 1.42796e+07 955414 7.99616e+06 3.7037e+06 8.24615e+06 2.04082e+06 1.42735e+07 9.99251e+06 2.66347e+07 1.73913e+07 7.40247e+06 2.85225e+07 2.28454e+07 5.71429e+07 1.15942e+07 2.85531e+07 1.94175e+07 3.63636e+06 7.54575e+06 1.94163e+06 2.5969e+06 1.65256e+06 1.66656e+06 1.0523e+07 4.44267e+06 3.33217e+06 2.29838e+06 4.64987e+06 4.54422e+06 3.02975e+06 6.0551e+06 1.94175e+07 7.40631e+06 2.05109e+06 2.40929e+06 5.26316e+06 
2.72504e+07 2.94092e+06 1.25786e+06 3.9984e+07 1.42796e+07 955414 7.99616e+06 3.7037e+06 8.24615e+06 3.27858e+06 1.42735e+07 9.99251e+06 2.66347e+07 1.73913e+07 7.40247e+06 2.85225e+07 2.28454e+07 5.71429e+07 1.15942e+07 2.85531e+07 1.94175e+07 3.63636e+06 7.54575e+06 3.02975e+06 2.5969e+06 1.65256e+06 1.66656e+06 1.0523e+07 4.44267e+06 3.33217e+06 2.29838e+06 4.64987e+06 2.84981e+07 3.02975e+06 6.0551e+06 1.94175e+07 7.40631e+06 2.05109e+06 2.40929e+06 5.26316e+06 
2.72504e+07 2.94092e+06 2.35283e+06 3.9984e+07 1.42796e+07 1.94175e+07 7.99616e+06 3.7037e+06 8.24615e+06 3.27858e+06 1.42735e+07 9.99251e+06 2.66347e+07 1.73913e+07 7.40247e+06 2.85225e+07 2.28454e+07 5.71429e+07 1.15942e+07 2.85531e+07 1.94175e+07 3.63636e+06 7.54575e+06 3.02975e+06 2.5969e+06 1.99045e+07 1.66656e+06 2.9973e+07 1.5625e+07 8.68772e+06 3.99904e+06 4.64987e+06 2.84981e+07 6.8937e+06 6.0551e+06 1.94175e+07 7.40631e+06 4.75986e+06 2.40929e+06 5.26316e+06 
2.72504e+07 2.94092e+06 2.35283e+06 3.9984e+07 1.42796e+07 1.94175e+07 7.99616e+06 3.7037e+06 8.24615e+06 3.27858e+06 1.42735e+07 9.99251e+06 2.66347e+07 1.73913e+07 7.40247e+06 2.85225e+07 2.28454e+07 5.71429e+07 1.15942e+07 2.85531e+07 1.94175e+07 3.63636e+06 7.54575e+06 3.02975e+06 2.5969e+06 1.99045e+07 1.66656e+06 2.9973e+07 1.5625e+07 8.68772e+06 3.99904e+06 4.64987e+06 2.84981e+07 6.8937e+06 6.0551e+06 1.94175e+07 7.40631e+06 4.75986e+06 2.40929e+06 5.26316e+06 
2.72504e+07 2.94092e+06 2.35283e+06 3.9984e+07 1.42796e+07 1.94175e+07 7.99616e+06 3.7037e+06 8.24615e+06 3.27858e+06 1.42735e+07 9.99251e+06 2.66347e+07 1.73913e+07 7.40247e+06 2.85225e+07 2.28454e+07 5.71429e+07 1.15942e+07 2.85531e+07 1.94175e+07 3.63636e+06 7.54575e+06 3.02975e+06 2.5969e+06 1.99045e+07 1.66656e+06 2.9973e+07 1.5625e+07 8.68772e+06 3.99904e+06 4.64987e+06 2.84981e+07 6.8937e+06 6.0551e+06 1.94175e+07 7.40631e+06 4.75986e+06 2.40929e+06 5.26316e+06 
2.72504e+07 2.94092e+06 2.35283e+06 3.9984e+07 1.42796e+07 1.94175e+07 7.99616e+06 3.7037e+06 8.24615e+06 3.27858e+06 1.42735e+07 9.99251e+06 2.66347e+07 1.73913e+07 7.40247e+06 2.85225e+07 2.28454e+07 5.71429e+07 1.15942e+07 2.85531e+07 1.94175e+07 3.63636e+06 7.54575e+06 3.02975e+06 3.07593e+06 1.99045e+07 1.66656e+06 2.9973e+07 1.5625e+07 8.68772e+06 3.99904e+06 4.64987e+06 2.84981e+07 6.8937e+06 6.0551e+06 1.94175e+07 7.40631e+06 5.55255e+06 2.40929e+06 5.26316e+06 
5.98563e+07 3.03003e+06 2.35283e+06 3.9984e+07 1.66583e+07 1.94175e+07 7.99616e+06 3.7037e+06 8.41999e+06 3.38937e+06 1.66583e+07 9.99251e+06 2.66347e+07 1.73913e+07 7.99712e+06 2.85225e+07 2.42358e+07 5.71429e+07 1.15942e+07 2.85531e+07 1.94175e+07 3.63636e+06 7.69112e+06 3.12471e+06 3.27788e+06 1.99045e+07 1.66656e+06 3.33056e+07 1.5625e+07 8.68772e+06 4.16589e+06 4.64987e+06 2.84981e+07 7.40412e+06 9.50751e+06 1.94175e+07 7.40631e+06 6.05868e+06 2.46895e+06 5.26316e+06 
7.5e+07 6.89441e+06 4.16545e+06 4.44247e+07 3.33333e+07 1.94175e+07 8.69112e+06 3.7037e+06 8.41999e+06 9.08265e+06 3.33333e+07 1.11056e+07 3.07479e+07 1.73913e+07 1.53669e+07 3.33333e+07 3.8068e+07 6.66333e+07 1.15942e+07 3.07586e+07 1.94175e+07 4.07914e+06 7.69112e+06 7.40494e+06 8.32501e+06 2.5e+07 1.7852e+06 5.35714e+07 1.5625e+07 9.51565e+06 1.78571e+07 4.87662e+06 3.33333e+07 1.33227e+07 1.15942e+07 1.94175e+07 1.33316e+07 6.05868e+06 4.54391e+06 7.69172e+06 
7.5e+07 6.89441e+06 4.16545e+06 4.44247e+07 3.33333e+07 1.94175e+07 8.69112e+06 3.7037e+06 8.41999e+06 9.08265e+06 3.33333e+07 1.11056e+07 3.07479e+07 1.73913e+07 1.53669e+07 3.33333e+07 3.8068e+07 6.66333e+07 1.15942e+07 3.07586e+07 1.94175e+07 4.07914e+06 7.69112e+06 7.40494e+06 8.32501e+06 2.5e+07 1.7852e+06 5.35714e+07 1.5625e+07 9.51565e+06 1.78571e+07 4.87662e+06 3.33333e+07 1.33227e+07 1.15942e+07 1.94175e+07 1.33316e+07 1.37831e+07 4.54391e+06 7.69172e+06 
7.5e+07 6.89441e+06 4.16545e+06 4.44247e+07 3.33333e+07 1.94175e+07 8.69112e+06 3.7037e+06 8.41999e+06 9.08265e+06 3.33333e+07 1.11056e+07 3.07479e+07 1.73913e+07 1.53669e+07 3.33333e+07 3.8068e+07 6.66333e+07 1.15942e+07 3.07586e+07 1.94175e+07 4.07914e+06 7.69112e+06 7.40494e+06 8.32501e+06 2.5e+07 1.7852e+06 5.35714e+07 1.5625e+07 9.51565e+06 1.78571e+07 4.87662e+06 3.33333e+07 1.33227e+07 1.15942e+07 1.94175e+07 1.33316e+07 1.37831e+07 4.54391e+06 7.69172e+06 
7.5e+07 1.24953e+07 4.16545e+06 4.44247e+07 3.33333e+07 1.94175e+07 8.69112e+06 3.7037e+06 1.37917e+07 2.21828e+07 3.33333e+07 1.15942e+07 3.47826e+07 1.73913e+07 1.73913e+07 3.33333e+07 6.95652e+07 6.66333e+07 1.15942e+07 6.15101e+07 1.94175e+07 4.07914e+06 7.69112e+06 1.42765e+07 8.32501e+06 2.5e+07 1.7852e+06 5.35714e+07 1.5625e+07 9.51565e+06 1.78571e+07 5.5537e+06 3.33333e+07 1.33227e+07 1.15942e+07 1.94175e+07 1.33316e+07 1.37831e+07 4.54391e+06 7.69172e+06 
7.5e+07 1.24953e+07 4.16545e+06 4.44247e+07 3.33333e+07 1.94175e+07 1.11037e+07 3.7037e+06 1.37917e+07 2.21828e+07 3.33333e+07 1.15942e+07 3.47826e+07 1.73913e+07 1.73913e+07 3.33333e+07 6.95652e+07 6.66333e+07 1.15942e+07 6.95652e+07 1.94175e+07 4.07914e+06 7.69112e+06 2.21852e+07 1.05147e+07 2.5e+07 1.7852e+06 5.35714e+07 1.5625e+07 1.2486e+07 1.78571e+07 5.5537e+06 3.33333e+07 1.33227e+07 1.15942e+07 1.94175e+07 1.33316e+07 1.37831e+07 5.12505e+06 9.52154e+06 
7.5e+07 1.24953e+07 1.66362e+07 4.44247e+07 3.33333e+07 1.94175e+07 1.11037e+07 1.11086e+07 1.37917e+07 2.21828e+07 3.33333e+07 1.15942e+07 3.47826e+07 1.73913e+07 1.73913e+07 3.33333e+07 6.95652e+07 6.66333e+07 1.15942e+07 6.95652e+07 1.94175e+07 8.31878e+06 7.69112e+06 2.21852e+07 1.05147e+07 2.5e+07 1.7852e+06 5.35714e+07 1.5625e+07 1.2486e+07 1.78571e+07 3.33333e+07 3.33333e+07 1.78571e+07 1.15942e+07 1.94175e+07 1.5625e+07 2.31884e+07 5.12505e+06 3.33056e+07 
7.5e+07 1.24953e+07 1.66362e+07 4.44247e+07 3.33333e+07 1.94175e+07 1.11037e+07 1.11086e+07 1.37917e+07 2.21828e+07 3.33333e+07 1.15942e+07 3.47826e+07 1.73913e+07 1.73913e+07 3.33333e+07 6.95652e+07 6.66333e+07 1.15942e+07 6.95652e+07 1.94175e+07 8.31878e+06 7.69112e+06 2.21852e+07 1.05147e+07 2.5e+07 1.7852e+06 5.35714e+07 1.5625e+07 1.2486e+07 1.78571e+07 3.33333e+07 3.33333e+07 1.78571e+07 1.15942e+07 1.94175e+07 1.5625e+07 2.31884e+07 5.12505e+06 3.33056e+07 


GANO_Th
6.25e+06 1.90476e+06 1.25786e+06 1.40351e+07 3.92157e+06 955414 3.2257e+06 3.7037e+06 1.30293e+06 2.04082e+06 3.92141e+06 3.5084e+06 7.69112e+06 4.54525e+06 3.12461e+06 4.54525e+06 1.11099e+07 5.71429e+07 1.15942e+07 1.23062e+07 816327 3.63636e+06 1.28411e+06 1.42857e+06 1.75436e+06 1.26576e+06 1.66656e+06 1.14504e+06 260417 379504 361010 2.49994e+06 2.46907e+06 611621 2.8569e+06 796813 706709 1.72412e+06 1.66664e+06 5.26316e+06 
2.72504e+07 2.94092e+06 1.25786e+06 3.9984e+07 1.42796e+07 955414 7.99616e+06 3.7037e+06 1.38647e+06 2.04082e+06 1.42735e+07 9.99251e+06 2.66347e+07 1.73913e+07 7.40247e+06 2.85225e+07 2.28454e+07 5.71429e+07 1.15942e+07 2.85531e+07 961511 3.63636e+06 1.36517e+06 1.94163e+06 2.5969e+06 1.65256e+06 1.66656e+06 1.23202e+06 273596 408151 386838 4.64987e+06 4.54422e+06 689641 6.0551e+06 934553 706709 2.05109e+06 2.40929e+06 5.26316e+06 
2.72504e+07 2.94092e+06 1.25786e+06 3.9984e+07 1.42796e+07 955414 7.99616e+06 3.7037e+06 1.38647e+06 3.27858e+06 1.42735e+07 9.99251e+06 2.66347e+07 1.73913e+07 7.40247e+06 2.85225e+07 2.28454e+07 5.71429e+07 1.15942e+07 2.85531e+07 961511 3.63636e+06 1.36517e+06 3.02975e+06 2.5969e+06 1.65256e+06 1.66656e+06 1.23202e+06 273596 408151 386838 4.64987e+06 4.54422e+06 689641 6.0551e+06 934553 706709 4.75986e+06 2.40929e+06 5.26316e+06 
5.98563e+07 2.94092e+06 1.25786e+06 3.9984e+07 3.33333e+07 955414 7.99616e+06 3.7037e+06 1.38647e+06 3.27858e+06 1.42735e+07 9.99251e+06 2.66347e+07 1.73913e+07 7.40247e+06 2.85225e+07 3.47464e+07 5.71429e+07 1.15942e+07 2.85531e+07 961511 3.63636e+06 1.36517e+06 3.02975e+06 3.07593e+06 1.65256e+06 1.66656e+06 1.26313e+06 273596 408151 386838 4.64987e+06 4.54422e+06 719393 6.0551e+06 934553 738002 5.55255e+06 2.40929e+06 7.69172e+06 
5.98563e+07 2.94092e+06 1.25786e+06 3.9984e+07 3.33333e+07 955414 7.99616e+06 3.7037e+06 1.38647e+06 3.27858e+06 1.42735e+07 9.99251e+06 2.66347e+07 1.73913e+07 1.3312e+07 2.85225e+07 3.47464e+07 5.71429e+07 1.15942e+07 2.85531e+07 961511 3.63636e+06 1.36517e+06 3.02975e+06 3.07593e+06 1.65256e+06 1.66656e+06 1.26313e+06 273596 408151 386838 4.64987e+06 4.54422e+06 719393 9.50751e+06 934553 738002 5.55255e+06 2.40929e+06 7.69172e+06 
2.72504e+07 3.63537e+06 1.25786e+06 3.9984e+07 1.42796e+07 955414 7.99616e+06 3.7037e+06 1.38647e+06 4.1658e+06 1.42735e+07 9.99251e+06 2.66347e+07 1.73913e+07 7.40247e+06 2.85225e+07 2.28454e+07 5.71429e+07 1.15942e+07 2.85531e+07 961511 3.63636e+06 1.36517e+06 3.7723e+06 3.07593e+06 1.65256e+06 1.66656e+06 1.26313e+06 273596 408151 386838 4.64987e+06 4.54422e+06 719393 6.0551e+06 934553 738002 2.05109e+06 2.40929e+06 7.69172e+06 
5.98563e+07 2.94092e+06 2.35283e+06 3.9984e+07 3.33333e+07 955414 7.99616e+06 3.7037e+06 8.24615e+06 2.04082e+06 3.33333e+07 9.99251e+06 2.66347e+07 1.73913e+07 1.3312e+07 2.85225e+07 3.47464e+07 5.71429e+07 1.15942e+07 2.85531e+07 961511 3.63636e+06 7.54575e+06 1.94163e+06 3.07593e+06 1.65256e+06 1.66656e+06 5.35714e+07 757541 8.68772e+06 3.99904e+06 4.64987e+06 4.54422e+06 1.17564e+07 9.50751e+06 1.94175e+07 1.33316e+07 2.18554e+06 2.40929e+06 7.69172e+06 
5.98563e+07 2.94092e+06 2.35283e+06 3.9984e+07 3.33333e+07 955414 7.99616e+06 3.7037e+06 8.24615e+06 3.27858e+06 3.33333e+07 9.99251e+06 2.66347e+07 1.73913e+07 1.3312e+07 2.85225e+07 3.47464e+07 5.71429e+07 1.15942e+07 2.85531e+07 961511 3.63636e+06 7.54575e+06 3.02975e+06 3.07593e+06 1.65256e+06 1.66656e+06 5.35714e+07 757541 8.68772e+06 3.99904e+06 4.64987e+06 4.54422e+06 1.17564e+07 9.50751e+06 1.94175e+07 1.33316e+07 5.55255e+06 2.40929e+06 7.69172e+06 
5.98563e+07 2.94092e+06 2.35283e+06 3.9984e+07 3.33333e+07 955414 7.99616e+06 3.7037e+06 8.24615e+06 3.27858e+06 3.33333e+07 9.99251e+06 2.66347e+07 1.73913e+07 1.3312e+07 2.85225e+07 3.47464e+07 5.71429e+07 1.15942e+07 2.85531e+07 961511 3.63636e+06 7.54575e+06 3.02975e+06 7.13521e+06 1.65256e+06 1.66656e+06 5.35714e+07 763333 8.68772e+06 3.99904e+06 4.64987e+06 4.54422e+06 1.17564e+07 9.50751e+06 1.94175e+07 1.33316e+07 5.55255e+06 4.34584e+06 7.69172e+06 
7.5e+07 3.03003e+06 2.35283e+06 4.44247e+07 3.33333e+07 964602 8.69112e+06 3.7037e+06 8.41999e+06 3.38937e+06 3.33333e+07 1.11056e+07 3.07479e+07 1.73913e+07 1.53669e+07 3.33333e+07 3.8068e+07 6.66333e+07 1.15942e+07 3.07586e+07 970846 4.07914e+06 7.69112e+06 3.12471e+06 8.32501e+06 1.65256e+06 1.7852e+06 5.35714e+07 763333 9.51565e+06 3.99904e+06 4.87662e+06 4.54422e+06 1.33227e+07 1.15942e+07 1.94175e+07 1.33316e+07 1.37831e+07 4.54391e+06 7.69172e+06 
7.5e+07 3.03003e+06 2.35283e+06 4.44247e+07 3.33333e+07 964602 8.69112e+06 3.7037e+06 1.37917e+07 3.38937e+06 3.33333e+07 1.11056e+07 3.07479e+07 1.73913e+07 1.53669e+07 3.33333e+07 3.8068e+07 6.66333e+07 1.15942e+07 3.07586e+07 970846 4.07914e+06 7.69112e+06 3.12471e+06 8.32501e+06 2.5e+07 1.7852e+06 5.35714e+07 1.5625e+07 9.51565e+06 4.16589e+06 4.87662e+06 3.33333e+07 1.33227e+07 1.15942e+07 1.94175e+07 1.33316e+07 1.37831e+07 4.54391e+06 7.69172e+06 
7.5e+07 3.03003e+06 2.35283e+06 4.44247e+07 3.33333e+07 964602 8.69112e+06 3.7037e+06 1.37917e+07 3.38937e+06 3.33333e+07 1.11056e+07 3.07479e+07 1.73913e+07 1.53669e+07 3.33333e+07 3.8068e+07 6.66333e+07 1.15942e+07 3.07586e+07 970846 4.07914e+06 7.69112e+06 3.12471e+06 8.32501e+06 2.5e+07 1.7852e+06 5.35714e+07 1.5625e+07 9.51565e+06 4.16589e+06 4.87662e+06 3.33333e+07 1.33227e+07 1.15942e+07 1.94175e+07 1.33316e+07 1.37831e+07 4.54391e+06 7.69172e+06 
7.5e+07 3.03003e+06 2.35283e+06 4.44247e+07 3.33333e+07 964602 8.69112e+06 3.7037e+06 1.37917e+07 3.38937e+06 3.33333e+07 1.11056e+07 3.07479e+07 1.73913e+07 1.53669e+07 3.33333e+07 3.8068e+07 6.66333e+07 1.15942e+07 3.07586e+07 970846 4.07914e+06 7.69112e+06 3.12471e+06 8.32501e+06 2.5e+07 1.7852e+06 5.35714e+07 1.5625e+07 9.51565e+06 4.16589e+06 4.87662e+06 3.33333e+07 1.33227e+07 1.15942e+07 1.94175e+07 1.33316e+07 1.37831e+07 4.54391e+06 7.69172e+06 
7.5e+07 3.03003e+06 2.35283e+06 4.44247e+07 3.33333e+07 964602 8.69112e+06 3.7037e+06 1.37917e+07 3.38937e+06 3.33333e+07 1.11056e+07 3.07479e+07 1.73913e+07 1.53669e+07 3.33333e+07 3.8068e+07 6.66333e+07 1.15942e+07 3.07586e+07 970846 4.07914e+06 7.54575e+06 3.12471e+06 8.32501e+06 2.5e+07 1.7852e+06 5.35714e+07 1.5625e+07 9.51565e+06 4.16589e+06 4.87662e+06 3.33333e+07 1.33227e+07 1.15942e+07 1.94175e+07 1.33316e+07 1.37831e+07 4.54391e+06 7.69172e+06 
7.5e+07 3.77252e+06 4.08097e+06 4.44247e+07 3.33333e+07 955414 8.69112e+06 1.11086e+07 1.333e+07 4.34594e+06 3.33333e+07 1.15942e+07 2.66347e+07 1.73913e+07 1.3312e+07 3.33333e+07 3.47464e+07 6.66333e+07 1.15942e+07 3.07586e+07 961511 4.07914e+06 7.54575e+06 3.92065e+06 8.32501e+06 1.99045e+07 1.7852e+06 5.35714e+07 1.5625e+07 9.51565e+06 4.16589e+06 4.87662e+06 3.33333e+07 1.33227e+07 1.15942e+07 1.94175e+07 1.33316e+07 1.37831e+07 4.54391e+06 7.69172e+06 
5.98563e+07 3.63537e+06 2.35283e+06 3.9984e+07 3.33333e+07 955414 9.994e+06 3.7037e+06 1.333e+07 4.1658e+06 3.33333e+07 1.15942e+07 3.47826e+07 1.73913e+07 1.73913e+07 3.33333e+07 3.47464e+07 5.71429e+07 1.15942e+07 3.47464e+07 961511 6.66445e+06 7.54575e+06 4.16458e+06 1.17481e+07 1.99045e+07 1.66656e+06 5.35714e+07 1.5625e+07 9.51565e+06 4.16589e+06 5.2615e+06 3.33333e+07 1.33227e+07 1.15942e+07 1.94175e+07 1.5625e+07 1.37831e+07 5.70988e+06 7.69172e+06 
5.98563e+07 3.63537e+06 4.08097e+06 3.9984e+07 3.33333e+07 955414 9.994e+06 1.11086e+07 1.333e+07 4.1658e+06 3.33333e+07 1.15942e+07 3.47826e+07 1.73913e+07 1.73913e+07 3.33333e+07 3.8068e+07 5.71429e+07 1.15942e+07 3.8068e+07 961511 6.66445e+06 7.54575e+06 4.16458e+06 1.17481e+07 1.99045e+07 1.66656e+06 5.35714e+07 1.5625e+07 9.51565e+06 1.78571e+07 5.2615e+06 3.33333e+07 1.33227e+07 1.15942e+07 1.94175e+07 1.5625e+07 1.37831e+07 5.70988e+06 7.69172e+06 
5.98563e+07 1.11037e+07 4.08097e+06 3.9984e+07 3.33333e+07 955414 9.994e+06 1.11086e+07 1.333e+07 4.1658e+06 3.33333e+07 1.15942e+07 3.47826e+07 1.73913e+07 1.73913e+07 3.33333e+07 6.95652e+07 5.71429e+07 1.15942e+07 6.95652e+07 961511 6.66445e+06 7.54575e+06 4.16458e+06 1.17481e+07 1.99045e+07 1.66656e+06 5.35714e+07 1.5625e+07 9.51565e+06 1.78571e+07 5.2615e+06 3.33333e+07 1.78571e+07 1.15942e+07 1.94175e+07 1.5625e+07 1.37831e+07 5.70988e+06 1.81752e+07 
5.98563e+07 1.11037e+07 1.66362e+07 3.9984e+07 3.33333e+07 955414 9.994e+06 1.11086e+07 1.333e+07 4.1658e+06 3.33333e+07 1.15942e+07 3.47826e+07 1.73913e+07 1.73913e+07 3.33333e+07 6.95652e+07 5.71429e+07 1.15942e+07 6.95652e+07 961511 6.66445e+06 7.54575e+06 4.16458e+06 1.17481e+07 1.99045e+07 1.66656e+06 5.35714e+07 1.5625e+07 9.51565e+06 1.78571e+07 5.2615e+06 3.33333e+07 1.78571e+07 1.15942e+07 1.94175e+07 1.5625e+07 2.31884e+07 7.68433e+06 1.33298e+07 


GADSS_Th
6.25e+06 1.90476e+06 1.25786e+06 1.40351e+07 3.92157e+06 955414 3.2257e+06 3.7037e+06 1.30293e+06 2.04082e+06 3.92141e+06 3.5084e+06 7.69112e+06 4.54525e+06 3.12461e+06 4.54525e+06 1.11099e+07 5.71429e+07 1.15942e+07 1.23062e+07 816327 3.63636e+06 1.28411e+06 1.42857e+06 1.75436e+06 1.26576e+06 1.66656e+06 1.14504e+06 260417 379504 361010 2.49994e+06 2.46907e+06 611621 2.8569e+06 796813 706709 1.72412e+06 1.66664e+06 5.26316e+06 
2.72504e+07 2.94092e+06 1.25786e+06 3.9984e+07 1.42796e+07 955414 7.99616e+06 3.7037e+06 1.38647e+06 2.04082e+06 1.42735e+07 9.99251e+06 2.66347e+07 1.73913e+07 7.40247e+06 2.85225e+07 2.28454e+07 5.71429e+07 1.15942e+07 2.85531e+07 961511 3.63636e+06 1.36517e+06 1.94163e+06 2.5969e+06 1.65256e+06 1.66656e+06 1.23202e+06 273596 408151 386838 4.64987e+06 4.54422e+06 689641 6.0551e+06 934553 706709 2.05109e+06 2.40929e+06 5.26316e+06 
2.72504e+07 2.94092e+06 1.25786e+06 3.9984e+07 1.42796e+07 955414 7.99616e+06 3.7037e+06 1.38647e+06 3.27858e+06 1.42735e+07 9.99251e+06 2.66347e+07 1.73913e+07 7.40247e+06 2.85225e+07 2.28454e+07 5.71429e+07 1.15942e+07 2.85531e+07 961511 3.63636e+06 1.36517e+06 3.02975e+06 2.5969e+06 1.65256e+06 1.66656e+06 1.23202e+06 273596 408151 386838 4.64987e+06 4.54422e+06 689641 6.0551e+06 934553 706709 4.75986e+06 2.40929e+06 5.26316e+06 
2.72504e+07 2.94092e+06 1.25786e+06 3.9984e+07 1.42796e+07 955414 7.99616e+06 3.7037e+06 1.38647e+06 3.27858e+06 1.42735e+07 9.99251e+06 2.66347e+07 1.73913e+07 7.40247e+06 2.85225e+07 3.47464e+07 5.71429e+07 1.15942e+07 2.85531e+07 961511 3.63636e+06 1.36517e+06 3.02975e+06 3.07593e+06 1.65256e+06 1.66656e+06 1.26313e+06 273596 408151 386838 4.64987e+06 4.54422e+06 689641 6.0551e+06 934553 706709 5.55255e+06 2.40929e+06 5.26316e+06 
5.98563e+07 2.94092e+06 1.25786e+06 3.9984e+07 3.33333e+07 955414 7.99616e+06 3.7037e+06 1.38647e+06 3.38937e+06 1.42735e+07 9.99251e+06 2.66347e+07 1.73913e+07 7.40247e+06 2.85225e+07 3.47464e+07 5.71429e+07 1.15942e+07 2.85531e+07 961511 3.63636e+06 1.36517e+06 3.02975e+06 3.07593e+06 1.99045e+07 1.66656e+06 1.26313e+06 273596 408151 388338 4.64987e+06 4.54422e+06 719393 9.50751e+06 934553 738002 5.55255e+06 2.46895e+06 7.69172e+06 
2.72504e+07 2.94092e+06 2.35283e+06 3.9984e+07 1.42796e+07 955414 7.99616e+06 3.7037e+06 2.26621e+06 2.04082e+06 1.42735e+07 9.99251e+06 2.66347e+07 1.73913e+07 7.40247e+06 2.85225e+07 2.28454e+07 5.71429e+07 1.15942e+07 2.85531e+07 961511 3.63636e+06 2.20987e+06 1.94163e+06 2.5969e+06 1.65256e+06 1.66656e+06 1.26313e+06 757541 408151 386838 4.64987e+06 4.54422e+06 719393 6.0551e+06 934553 738002 2.05109e+06 2.40929e+06 5.26316e+06 
5.98563e+07 2.94092e+06 2.35283e+06 3.9984e+07 3.33333e+07 955414 7.99616e+06 3.7037e+06 8.24615e+06 2.04082e+06 3.33333e+07 9.99251e+06 2.66347e+07 1.73913e+07 1.3312e+07 2.85225e+07 3.47464e+07 5.71429e+07 1.15942e+07 2.85531e+07 961511 3.63636e+06 7.54575e+06 1.94163e+06 3.07593e+06 1.65256e+06 1.66656e+06 5.35714e+07 757541 8.68772e+06 3.99904e+06 4.64987e+06 4.54422e+06 1.17564e+07 9.50751e+06 1.94175e+07 1.33316e+07 2.18554e+06 2.40929e+06 7.69172e+06 
5.98563e+07 2.94092e+06 2.35283e+06 3.9984e+07 3.33333e+07 955414 7.99616e+06 3.7037e+06 8.24615e+06 3.27858e+06 3.33333e+07 9.99251e+06 2.66347e+07 1.73913e+07 1.3312e+07 2.85225e+07 3.47464e+07 5.71429e+07 1.15942e+07 2.85531e+07 961511 3.63636e+06 7.54575e+06 3.02975e+06 3.07593e+06 1.65256e+06 1.66656e+06 5.35714e+07 757541 8.68772e+06 3.99904e+06 4.64987e+06 4.54422e+06 1.17564e+07 9.50751e+06 1.94175e+07 1.33316e+07 5.55255e+06 2.40929e+06 7.69172e+06 
5.98563e+07 2.94092e+06 2.35283e+06 3.9984e+07 3.33333e+07 955414 7.99616e+06 3.7037e+06 8.24615e+06 3.27858e+06 3.33333e+07 9.99251e+06 2.66347e+07 1.73913e+07 1.3312e+07 2.85225e+07 3.47464e+07 5.71429e+07 1.15942e+07 2.85531e+07 961511 3.63636e+06 7.54575e+06 3.02975e+06 7.13521e+06 1.65256e+06 1.66656e+06 5.35714e+07 757541 8.68772e+06 3.99904e+06 4.64987e+06 4.54422e+06 1.17564e+07 9.50751e+06 1.94175e+07 1.33316e+07 5.55255e+06 4.34584e+06 7.69172e+06 
5.98563e+07 2.94092e+06 2.35283e+06 3.9984e+07 3.33333e+07 964602 7.99616e+06 3.7037e+06 8.41999e+06 3.27858e+06 3.33333e+07 9.99251e+06 2.66347e+07 1.73913e+07 1.3312e+07 2.85225e+07 3.47464e+07 5.71429e+07 1.15942e+07 3.07586e+07 970846 3.63636e+06 7.54575e+06 3.02975e+06 8.32501e+06 1.65256e+06 1.66656e+06 5.35714e+07 1.5625e+07 8.68772e+06 3.99904e+06 4.64987e+06 4.54422e+06 1.17564e+07 1.15942e+07 1.94175e+07 1.33316e+07 5.55255e+06 4.34584e+06 7.69172e+06 
7.5e+07 3.03003e+06 2.35283e+06 4.44247e+07 3.33333e+07 964602 8.69112e+06 3.7037e+06 8.41999e+06 3.38937e+06 3.33333e+07 1.11056e+07 3.07479e+07 1.73913e+07 1.53669e+07 3.33333e+07 3.8068e+07 6.66333e+07 1.15942e+07 3.07586e+07 1.94175e+07 4.07914e+06 7.69112e+06 3.12471e+06 8.32501e+06 1.73877e+06 1.7852e+06 5.35714e+07 1.5625e+07 9.51565e+06 4.16589e+06 4.87662e+06 3.33333e+07 1.33227e+07 1.15942e+07 1.94175e+07 1.33316e+07 1.37831e+07 4.54391e+06 7.69172e+06 
7.5e+07 3.03003e+06 2.35283e+06 4.44247e+07 3.33333e+07 964602 8.69112e+06 3.7037e+06 1.37917e+07 3.38937e+06 3.33333e+07 1.11056e+07 3.07479e+07 1.73913e+07 1.53669e+07 3.33333e+07 3.8068e+07 6.66333e+07 1.15942e+07 3.07586e+07 1.94175e+07 4.07914e+06 7.69112e+06 3.12471e+06 8.32501e+06 2.5e+07 1.7852e+06 5.35714e+07 1.5625e+07 9.51565e+06 4.16589e+06 4.87662e+06 3.33333e+07 1.33227e+07 1.15942e+07 1.94175e+07 1.33316e+07 1.37831e+07 4.54391e+06 7.69172e+06 
7.5e+07 3.03003e+06 2.35283e+06 4.44247e+07 3.33333e+07 964602 8.69112e+06 3.7037e+06 1.37917e+07 3.38937e+06 3.33333e+07 1.11056e+07 3.07479e+07 1.73913e+07 1.53669e+07 3.33333e+07 3.8068e+07 6.66333e+07 1.15942e+07 3.07586e+07 961511 4.07914e+06 7.69112e+06 3.12471e+06 8.32501e+06 2.5e+07 1.7852e+06 5.35714e+07 1.5625e+07 9.51565e+06 4.16589e+06 4.87662e+06 3.33333e+07 1.33227e+07 1.15942e+07 1.94175e+07 1.33316e+07 1.37831e+07 4.54391e+06 7.69172e+06 
7.5e+07 3.03003e+06 2.35283e+06 4.44247e+07 3.33333e+07 964602 8.69112e+06 3.7037e+06 1.37917e+07 3.38937e+06 3.33333e+07 1.11056e+07 3.07479e+07 1.73913e+07 1.53669e+07 3.33333e+07 3.8068e+07 6.66333e+07 1.15942e+07 3.07586e+07 1.94175e+07 4.07914e+06 7.69112e+06 3.12471e+06 8.32501e+06 2.5e+07 1.7852e+06 5.35714e+07 1.5625e+07 9.51565e+06 4.16589e+06 4.87662e+06 3.33333e+07 1.33227e+07 1.15942e+07 1.94175e+07 1.33316e+07 1.37831e+07 4.54391e+06 7.69172e+06 
7.5e+07 3.77252e+06 4.08097e+06 4.44247e+07 3.33333e+07 964602 8.69112e+06 1.11086e+07 1.37917e+07 4.34594e+06 3.33333e+07 1.15942e+07 3.47826e+07 1.73913e+07 1.73913e+07 3.33333e+07 3.8068e+07 6.66333e+07 1.15942e+07 3.07586e+07 1.94175e+07 4.07914e+06 7.54575e+06 3.92065e+06 8.32501e+06 1.99045e+07 1.7852e+06 5.35714e+07 1.5625e+07 9.51565e+06 4.16589e+06 4.87662e+06 3.33333e+07 1.33227e+07 1.15942e+07 1.94175e+07 1.33316e+07 1.37831e+07 4.54391e+06 7.69172e+06 
5.98563e+07 3.77252e+06 2.35283e+06 4.44247e+07 3.33333e+07 955414 8.69112e+06 1.11086e+07 1.37917e+07 4.34594e+06 3.33333e+07 1.15942e+07 3.47826e+07 1.73913e+07 1.73913e+07 3.33333e+07 3.47464e+07 5.71429e+07 1.15942e+07 6.15101e+07 1.94175e+07 4.07914e+06 7.54575e+06 4.16458e+06 8.32501e+06 1.99045e+07 1.66656e+06 5.35714e+07 1.5625e+07 9.51565e+06 4.16589e+06 4.87662e+06 3.33333e+07 1.33227e+07 1.15942e+07 1.94175e+07 1.33316e+07 1.37831e+07 5.70988e+06 7.69172e+06 
5.98563e+07 3.63537e+06 4.08097e+06 3.9984e+07 3.33333e+07 964602 8.69112e+06 1.11086e+07 1.333e+07 4.1658e+06 3.33333e+07 1.15942e+07 3.47826e+07 1.73913e+07 1.73913e+07 3.33333e+07 3.8068e+07 6.66333e+07 1.15942e+07 3.8068e+07 1.94175e+07 6.66445e+06 7.54575e+06 3.92065e+06 8.32501e+06 1.99045e+07 1.66656e+06 5.35714e+07 1.5625e+07 9.51565e+06 4.16589e+06 5.5537e+06 3.33333e+07 1.33227e+07 1.15942e+07 1.94175e+07 1.33316e+07 1.37831e+07 4.54391e+06 7.69172e+06 
5.98563e+07 1.11037e+07 1.66362e+07 3.9984e+07 3.33333e+07 964602 8.69112e+06 1.11086e+07 1.37917e+07 4.1658e+06 3.33333e+07 1.15942e+07 3.47826e+07 1.73913e+07 1.73913e+07 3.33333e+07 6.95652e+07 6.66333e+07 1.15942e+07 6.95652e+07 961511 6.66445e+06 7.69112e+06 1.81472e+07 1.17481e+07 1.99045e+07 1.66656e+06 5.35714e+07 1.5625e+07 9.51565e+06 1.78571e+07 5.5537e+06 3.33333e+07 1.78571e+07 1.15942e+07 1.94175e+07 1.33316e+07 2.31884e+07 5.70988e+06 1.81752e+07 
7.5e+07 1.24953e+07 1.66362e+07 3.9984e+07 3.33333e+07 1.94175e+07 9.994e+06 1.11086e+07 1.37917e+07 1.81686e+07 3.33333e+07 1.15942e+07 3.47826e+07 1.73913e+07 1.73913e+07 3.33333e+07 6.95652e+07 6.66333e+07 1.15942e+07 6.95652e+07 1.94175e+07 8.31878e+06 7.54575e+06 2.21852e+07 1.17481e+07 1.99045e+07 1.66656e+06 5.35714e+07 1.5625e+07 9.51565e+06 1.78571e+07 5.5537e+06 3.33333e+07 1.78571e+07 1.15942e+07 1.94175e+07 1.5625e+07 2.31884e+07 6.05675e+06 1.33298e+07 


Ex_Th





















DSS_ThI
1 1 1 1 1 1 2.85475 1 1 1 3.25477 7.05189 5.42224 6.22699 4.59318 3.61347 4.19398 1 20.6377 4.5379 1 1 1 1 2.00874 1.72776 4.83301 1 1 1.21821 1.20758 2.43744 2.41969 1 5.92806 1 1.40635 2.48705 1.9583 1 
1 1 1 1 1 1 2.85475 1 1.57435 1 3.25477 7.05189 5.42224 6.22699 4.59318 3.61347 4.19398 1 20.6377 4.5379 1 1 1.5614 1 2.00874 1.72776 4.83301 1.74666 1.41176 2.11878 2.02725 2.43744 2.41969 3.1747 5.92806 1 1.40635 2.48705 1.9583 1 
4.36007 1.54398 1 2.84886 3.6413 1 7.0766 1 1.73932 1 11.847 20.0849 18.7775 23.8261 10.8816 22.6754 8.62414 1 20.6377 10.5289 1.17785 1 1.72094 1.35914 2.97345 2.25575 4.83301 1.9923 1.51476 2.41334 2.28314 4.53362 4.45333 4.95364 12.5643 1.17286 1.40635 2.9587 2.83092 1 
4.36007 1.54398 1 2.84886 3.6413 1 7.0766 1 1.73932 1 11.847 20.0849 18.7775 23.8261 10.8816 22.6754 8.62414 1 20.6377 10.5289 1.17785 1 1.72094 1.35914 2.97345 2.25575 4.83301 1.9923 2.55139 2.41334 2.28314 4.53362 4.45333 4.95364 12.5643 1.17286 1.40635 2.9587 2.83092 1 
4.36007 1.54398 1 2.84886 3.6413 1 7.0766 1 1.73932 1 11.847 20.0849 18.7775 23.8261 10.8816 22.6754 8.62414 1 20.6377 10.5289 1.17785 1 1.72094 1.35914 2.97345 2.25575 4.83301 9.19008 2.55139 10.6963 7.68806 4.53362 4.45333 4.95364 12.5643 24.3689 1.40635 2.9587 2.83092 1 
4.36007 1.54398 1 2.84886 3.6413 1 7.0766 1 6.32892 1 11.847 20.0849 18.7775 23.8261 10.8816 22.6754 8.62414 1 20.6377 10.5289 23.7864 1 5.87625 1.35914 2.97345 2.25575 4.83301 9.19008 17.0598 10.6963 7.68806 4.53362 4.45333 4.95364 12.5643 24.3689 14.7386 2.9587 2.83092 1 
4.36007 1.54398 1 2.84886 3.6413 1 7.0766 1 6.32892 1.6065 11.847 20.0849 18.7775 23.8261 10.8816 22.6754 8.62414 1 20.6377 10.5289 23.7864 1 5.87625 2.12083 2.97345 2.25575 4.83301 9.19008 17.0598 10.6963 7.68806 4.53362 27.9282 4.95364 12.5643 24.3689 14.7386 2.9587 2.83092 1 
4.36007 1.54398 1.8705 2.84886 3.6413 20.3236 7.0766 1 6.32892 1.6065 11.847 20.0849 18.7775 23.8261 10.8816 22.6754 8.62414 1 20.6377 10.5289 23.7864 1 5.87625 2.12083 2.97345 27.1696 4.83301 26.1764 60 27.8876 13.3768 4.53362 27.9282 11.2712 12.5643 24.3689 14.7386 6.86611 2.83092 1 
4.36007 1.54398 1.8705 2.84886 3.6413 20.3236 7.0766 1 6.32892 1.6065 11.847 20.0849 18.7775 23.8261 10.8816 22.6754 8.62414 1 20.6377 10.5289 23.7864 1 5.87625 2.12083 2.97345 27.1696 4.83301 26.1764 60 27.8876 13.3768 4.53362 27.9282 11.2712 12.5643 24.3689 14.7386 6.86611 2.83092 1 
4.36007 1.54398 1.8705 2.84886 3.6413 20.3236 7.0766 1 6.32892 1.6065 11.847 20.0849 18.7775 23.8261 10.8816 22.6754 8.62414 1 20.6377 10.5289 23.7864 1 5.87625 2.12083 2.97345 27.1696 4.83301 26.1764 60 27.8876 13.3768 4.53362 27.9282 11.2712 12.5643 24.3689 14.7386 6.86611 2.83092 1 
4.36007 1.54398 1.8705 2.84886 3.6413 20.3236 7.0766 1 6.32892 1.6065 11.847 20.0849 18.7775 23.8261 10.8816 22.6754 8.62414 1 20.6377 10.5289 23.7864 1 5.87625 2.12083 3.52194 27.1696 4.83301 26.1764 60 27.8876 13.3768 4.53362 27.9282 11.2712 12.5643 24.3689 14.7386 8.00955 2.83092 1 
9.57702 1.59076 1.8705 2.84886 4.24788 20.3236 7.0766 1 6.46234 1.66079 13.8264 20.0849 18.7775 23.8261 11.7558 22.6754 9.14902 1 20.6377 10.5289 23.7864 1 5.98946 2.18729 3.75318 27.1696 4.83301 29.0869 60 27.8876 13.9349 4.53362 27.9282 12.1057 19.7281 24.3689 14.7386 8.73964 2.90102 1 
12 3.61957 3.31153 3.16526 8.5 20.3236 7.69164 1 6.46234 4.4505 27.6667 22.3222 21.6773 23.8261 22.5893 26.5 14.3707 1.16608 20.6377 11.3422 23.7864 1.12176 5.98946 5.18346 9.53213 34.125 5.17709 46.7857 60 30.5452 59.7321 4.75471 32.6667 21.7826 24.058 24.3689 26.5298 8.73964 5.33909 1.46143 
12 3.61957 3.31153 3.16526 8.5 20.3236 7.69164 1 6.46234 4.4505 27.6667 22.3222 21.6773 23.8261 22.5893 26.5 14.3707 1.16608 20.6377 11.3422 23.7864 1.12176 5.98946 5.18346 9.53213 34.125 5.17709 46.7857 60 30.5452 59.7321 4.75471 32.6667 21.7826 24.058 24.3689 26.5298 19.8822 5.33909 1.46143 
12 3.61957 3.31153 3.16526 8.5 20.3236 7.69164 1 6.46234 4.4505 27.6667 22.3222 21.6773 23.8261 22.5893 26.5 14.3707 1.16608 20.6377 11.3422 23.7864 1.12176 5.98946 5.18346 9.53213 34.125 5.17709 46.7857 60 30.5452 59.7321 4.75471 32.6667 21.7826 24.058 24.3689 26.5298 19.8822 5.33909 1.46143 
12 6.56004 3.31153 3.16526 8.5 20.3236 7.69164 1 10.5851 10.8696 27.6667 23.3043 24.5217 23.8261 25.5652 26.5 26.2609 1.16608 20.6377 22.6818 23.7864 1.12176 5.98946 9.99358 9.53213 34.125 5.17709 46.7857 60 30.5452 59.7321 5.41486 32.6667 21.7826 24.058 24.3689 26.5298 19.8822 5.33909 1.46143 
12 6.56004 3.31153 3.16526 8.5 20.3236 9.82678 1 10.5851 10.8696 27.6667 23.3043 24.5217 23.8261 25.5652 26.5 26.2609 1.16608 20.6377 25.6522 23.7864 1.12176 5.98946 15.5297 12.0393 34.125 5.17709 46.7857 60 40.0799 59.7321 5.41486 32.6667 21.7826 24.058 24.3689 26.5298 19.8822 6.02194 1.80909 
12 6.56004 13.2258 3.16526 8.5 20.3236 9.82678 2.99933 10.5851 10.8696 27.6667 23.3043 24.5217 23.8261 25.5652 26.5 26.2609 1.16608 20.6377 25.6522 23.7864 2.28766 5.98946 15.5297 12.0393 34.125 5.17709 46.7857 60 40.0799 59.7321 32.5 32.6667 29.1964 24.058 24.3689 31.0937 33.4493 6.02194 6.32806 
12 6.56004 13.2258 3.16526 8.5 20.3236 9.82678 2.99933 10.5851 10.8696 27.6667 23.3043 24.5217 23.8261 25.5652 26.5 26.2609 1.16608 20.6377 25.6522 23.7864 2.28766 5.98946 15.5297 12.0393 34.125 5.17709 46.7857 60 40.0799 59.7321 32.5 32.6667 29.1964 24.058 24.3689 31.0937 33.4493 6.02194 6.32806 


GANO_ThI
1 1 1 1 1 1 2.85475 1 1 1 3.25477 7.05189 5.42224 6.22699 4.59318 3.61347 4.19398 1 20.6377 4.5379 1 1 1 1 2.00874 1.72776 4.83301 1 1 1.21821 1.20758 2.43744 2.41969 1 5.92806 1 1.40635 2.48705 1.9583 1 
4.36007 1.54398 1 2.84886 3.6413 1 7.0766 1 1.06411 1 11.847 20.0849 18.7775 23.8261 10.8816 22.6754 8.62414 1 20.6377 10.5289 1.17785 1 1.06313 1.35914 2.97345 2.25575 4.83301 1.07596 1.05061 1.31016 1.29397 4.53362 4.45333 1.12756 12.5643 1.17286 1.40635 2.9587 2.83092 1 
4.36007 1.54398 1 2.84886 3.6413 1 7.0766 1 1.06411 1.6065 11.847 20.0849 18.7775 23.8261 10.8816 22.6754 8.62414 1 20.6377 10.5289 1.17785 1 1.06313 2.12083 2.97345 2.25575 4.83301 1.07596 1.05061 1.31016 1.29397 4.53362 4.45333 1.12756 12.5643 1.17286 1.40635 6.86611 2.83092 1 
9.57702 1.54398 1 2.84886 8.5 1 7.0766 1 1.06411 1.6065 11.847 20.0849 18.7775 23.8261 10.8816 22.6754 13.1167 1 20.6377 10.5289 1.17785 1 1.06313 2.12083 3.52194 2.25575 4.83301 1.10313 1.05061 1.31016 1.29397 4.53362 4.45333 1.17621 12.5643 1.17286 1.46862 8.00955 2.83092 1.46143 
9.57702 1.54398 1 2.84886 8.5 1 7.0766 1 1.06411 1.6065 11.847 20.0849 18.7775 23.8261 19.5687 22.6754 13.1167 1 20.6377 10.5289 1.17785 1 1.06313 2.12083 3.52194 2.25575 4.83301 1.10313 1.05061 1.31016 1.29397 4.53362 4.45333 1.17621 19.7281 1.17286 1.46862 8.00955 2.83092 1.46143 
4.36007 1.90857 1 2.84886 3.6413 1 7.0766 1 1.06411 2.04124 11.847 20.0849 18.7775 23.8261 10.8816 22.6754 8.62414 1 20.6377 10.5289 1.17785 1 1.06313 2.64061 3.52194 2.25575 4.83301 1.10313 1.05061 1.31016 1.29397 4.53362 4.45333 1.17621 12.5643 1.17286 1.46862 2.9587 2.83092 1.46143 
9.57702 1.54398 1.8705 2.84886 8.5 1 7.0766 1 6.32892 1 27.6667 20.0849 18.7775 23.8261 19.5687 22.6754 13.1167 1 20.6377 10.5289 1.17785 1 5.87625 1.35914 3.52194 2.25575 4.83301 46.7857 2.90896 27.8876 13.3768 4.53362 4.45333 19.2217 19.7281 24.3689 26.5298 3.15264 2.83092 1.46143 
9.57702 1.54398 1.8705 2.84886 8.5 1 7.0766 1 6.32892 1.6065 27.6667 20.0849 18.7775 23.8261 19.5687 22.6754 13.1167 1 20.6377 10.5289 1.17785 1 5.87625 2.12083 3.52194 2.25575 4.83301 46.7857 2.90896 27.8876 13.3768 4.53362 4.45333 19.2217 19.7281 24.3689 26.5298 8.00955 2.83092 1.46143 
9.57702 1.54398 1.8705 2.84886 8.5 1 7.0766 1 6.32892 1.6065 27.6667 20.0849 18.7775 23.8261 19.5687 22.6754 13.1167 1 20.6377 10.5289 1.17785 1 5.87625 2.12083 8.16982 2.25575 4.83301 46.7857 2.9312 27.8876 13.3768 4.53362 4.45333 19.2217 19.7281 24.3689 26.5298 8.00955 5.10636 1.46143 
12 1.59076 1.8705 3.16526 8.5 1.00962 7.69164 1 6.46234 1.66079 27.6667 22.3222 21.6773 23.8261 22.5893 26.5 14.3707 1.16608 20.6377 11.3422 1.18929 1.12176 5.98946 2.18729 9.53213 2.25575 5.17709 46.7857 2.9312 30.5452 13.3768 4.75471 4.45333 21.7826 24.058 24.3689 26.5298 19.8822 5.33909 1.46143 
12 1.59076 1.8705 3.16526 8.5 1.00962 7.69164 1 10.5851 1.66079 27.6667 22.3222 21.6773 23.8261 22.5893 26.5 14.3707 1.16608 20.6377 11.3422 1.18929 1.12176 5.98946 2.18729 9.53213 34.125 5.17709 46.7857 60 30.5452 13.9349 4.75471 32.6667 21.7826 24.058 24.3689 26.5298 19.8822 5.33909 1.46143 
12 1.59076 1.8705 3.16526 8.5 1.00962 7.69164 1 10.5851 1.66079 27.6667 22.3222 21.6773 23.8261 22.5893 26.5 14.3707 1.16608 20.6377 11.3422 1.18929 1.12176 5.98946 2.18729 9.53213 34.125 5.17709 46.7857 60 30.5452 13.9349 4.75471 32.6667 21.7826 24.058 24.3689 26.5298 19.8822 5.33909 1.46143 
12 1.59076 1.8705 3.16526 8.5 1.00962 7.69164 1 10.5851 1.66079 27.6667 22.3222 21.6773 23.8261 22.5893 26.5 14.3707 1.16608 20.6377 11.3422 1.18929 1.12176 5.98946 2.18729 9.53213 34.125 5.17709 46.7857 60 30.5452 13.9349 4.75471 32.6667 21.7826 24.058 24.3689 26.5298 19.8822 5.33909 1.46143 
12 1.59076 1.8705 3.16526 8.5 1.00962 7.69164 1 10.5851 1.66079 27.6667 22.3222 21.6773 23.8261 22.5893 26.5 14.3707 1.16608 20.6377 11.3422 1.18929 1.12176 5.87625 2.18729 9.53213 34.125 5.17709 46.7857 60 30.5452 13.9349 4.75471 32.6667 21.7826 24.058 24.3689 26.5298 19.8822 5.33909 1.46143 
12 1.98057 3.24437 3.16526 8.5 1 7.69164 2.99933 10.2308 2.12951 27.6667 23.3043 18.7775 23.8261 19.5687 26.5 13.1167 1.16608 20.6377 11.3422 1.17785 1.12176 5.87625 2.74445 9.53213 27.1696 5.17709 46.7857 60 30.5452 13.9349 4.75471 32.6667 21.7826 24.058 24.3689 26.5298 19.8822 5.33909 1.46143 
9.57702 1.90857 1.8705 2.84886 8.5 1 8.84469 1 10.2308 2.04124 27.6667 23.3043 24.5217 23.8261 25.5652 26.5 13.1167 1 20.6377 12.8127 1.17785 1.83272 5.87625 2.91521 13.4516 27.1696 4.83301 46.7857 60 30.5452 13.9349 5.12996 32.6667 21.7826 24.058 24.3689 31.0937 19.8822 6.70911 1.46143 
9.57702 1.90857 3.24437 2.84886 8.5 1 8.84469 2.99933 10.2308 2.04124 27.6667 23.3043 24.5217 23.8261 25.5652 26.5 14.3707 1 20.6377 14.0376 1.17785 1.83272 5.87625 2.91521 13.4516 27.1696 4.83301 46.7857 60 30.5452 59.7321 5.12996 32.6667 21.7826 24.058 24.3689 31.0937 19.8822 6.70911 1.46143 
9.57702 5.82945 3.24437 2.84886 8.5 1 8.84469 2.99933 10.2308 2.04124 27.6667 23.3043 24.5217 23.8261 25.5652 26.5 26.2609 1 20.6377 25.6522 1.17785 1.83272 5.87625 2.91521 13.4516 27.1696 4.83301 46.7857 60 30.5452 59.7321 5.12996 32.6667 29.1964 24.058 24.3689 31.0937 19.8822 6.70911 3.45329 
9.57702 5.82945 13.2258 2.84886 8.5 1 8.84469 2.99933 10.2308 2.04124 27.6667 23.3043 24.5217 23.8261 25.5652 26.5 26.2609 1 20.6377 25.6522 1.17785 1.83272 5.87625 2.91521 13.4516 27.1696 4.83301 46.7857 60 30.5452 59.7321 5.12996 32.6667 29.1964 24.058 24.3689 31.0937 33.4493 9.02909 2.53266 


GADSS_ThI
1 1 1 1 1 1 2.85475 1 1 1 3.25477 7.05189 5.42224 6.22699 4.59318 3.61347 4.19398 1 20.6377 4.5379 1 1 1 1 2.00874 1.72776 4.83301 1 1 1.21821 1.20758 2.43744 2.41969 1 5.92806 1 1.40635 2.48705 1.9583 1 
4.36007 1.54398 1 2.84886 3.6413 1 7.0766 1 1.06411 1 11.847 20.0849 18.7775 23.8261 10.8816 22.6754 8.62414 1 20.6377 10.5289 1.17785 1 1.06313 1.35914 2.97345 2.25575 4.83301 1.07596 1.05061 1.31016 1.29397 4.53362 4.45333 1.12756 12.5643 1.17286 1.40635 2.9587 2.83092 1 
4.36007 1.54398 1 2.84886 3.6413 1 7.0766 1 1.06411 1.6065 11.847 20.0849 18.7775 23.8261 10.8816 22.6754 8.62414 1 20.6377 10.5289 1.17785 1 1.06313 2.12083 2.97345 2.25575 4.83301 1.07596 1.05061 1.31016 1.29397 4.53362 4.45333 1.12756 12.5643 1.17286 1.40635 6.86611 2.83092 1 
4.36007 1.54398 1 2.84886 3.6413 1 7.0766 1 1.06411 1.6065 11.847 20.0849 18.7775 23.8261 10.8816 22.6754 13.1167 1 20.6377 10.5289 1.17785 1 1.06313 2.12083 3.52194 2.25575 4.83301 1.10313 1.05061 1.31016 1.29397 4.53362 4.45333 1.12756 12.5643 1.17286 1.40635 8.00955 2.83092 1 
9.57702 1.54398 1 2.84886 8.5 1 7.0766 1 1.06411 1.66079 11.847 20.0849 18.7775 23.8261 10.8816 22.6754 13.1167 1 20.6377 10.5289 1.17785 1 1.06313 2.12083 3.52194 27.1696 4.83301 1.10313 1.05061 1.31016 1.29899 4.53362 4.45333 1.17621 19.7281 1.17286 1.46862 8.00955 2.90102 1.46143 
4.36007 1.54398 1.8705 2.84886 3.6413 1 7.0766 1 1.73932 1 11.847 20.0849 18.7775 23.8261 10.8816 22.6754 8.62414 1 20.6377 10.5289 1.17785 1 1.72094 1.35914 2.97345 2.25575 4.83301 1.10313 2.90896 1.31016 1.29397 4.53362 4.45333 1.17621 12.5643 1.17286 1.46862 2.9587 2.83092 1 
9.57702 1.54398 1.8705 2.84886 8.5 1 7.0766 1 6.32892 1 27.6667 20.0849 18.7775 23.8261 19.5687 22.6754 13.1167 1 20.6377 10.5289 1.17785 1 5.87625 1.35914 3.52194 2.25575 4.83301 46.7857 2.90896 27.8876 13.3768 4.53362 4.45333 19.2217 19.7281 24.3689 26.5298 3.15264 2.83092 1.46143 
9.57702 1.54398 1.8705 2.84886 8.5 1 7.0766 1 6.32892 1.6065 27.6667 20.0849 18.7775 23.8261 19.5687 22.6754 13.1167 1 20.6377 10.5289 1.17785 1 5.87625 2.12083 3.52194 2.25575 4.83301 46.7857 2.90896 27.8876 13.3768 4.53362 4.45333 19.2217 19.7281 24.3689 26.5298 8.00955 2.83092 1.46143 
9.57702 1.54398 1.8705 2.84886 8.5 1 7.0766 1 6.32892 1.6065 27.6667 20.0849 18.7775 23.8261 19.5687 22.6754 13.1167 1 20.6377 10.5289 1.17785 1 5.87625 2.12083 8.16982 2.25575 4.83301 46.7857 2.90896 27.8876 13.3768 4.53362 4.45333 19.2217 19.7281 24.3689 26.5298 8.00955 5.10636 1.46143 
9.57702 1.54398 1.8705 2.84886 8.5 1.00962 7.0766 1 6.46234 1.6065 27.6667 20.0849 18.7775 23.8261 19.5687 22.6754 13.1167 1 20.6377 11.3422 1.18929 1 5.87625 2.12083 9.53213 2.25575 4.83301 46.7857 60 27.8876 13.3768 4.53362 4.45333 19.2217 24.058 24.3689 26.5298 8.00955 5.10636 1.46143 
12 1.59076 1.8705 3.16526 8.5 1.00962 7.69164 1 6.46234 1.66079 27.6667 22.3222 21.6773 23.8261 22.5893 26.5 14.3707 1.16608 20.6377 11.3422 23.7864 1.12176 5.98946 2.18729 9.53213 2.37342 5.17709 46.7857 60 30.5452 13.9349 4.75471 32.6667 21.7826 24.058 24.3689 26.5298 19.8822 5.33909 1.46143 
12 1.59076 1.8705 3.16526 8.5 1.00962 7.69164 1 10.5851 1.66079 27.6667 22.3222 21.6773 23.8261 22.5893 26.5 14.3707 1.16608 20.6377 11.3422 23.7864 1.12176 5.98946 2.18729 9.53213 34.125 5.17709 46.7857 60 30.5452 13.9349 4.75471 32.6667 21.7826 24.058 24.3689 26.5298 19.8822 5.33909 1.46143 
12 1.59076 1.8705 3.16526 8.5 1.00962 7.69164 1 10.5851 1.66079 27.6667 22.3222 21.6773 23.8261 22.5893 26.5 14.3707 1.16608 20.6377 11.3422 1.17785 1.12176 5.98946 2.18729 9.53213 34.125 5.17709 46.7857 60 30.5452 13.9349 4.75471 32.6667 21.7826 24.058 24.3689 26.5298 19.8822 5.33909 1.46143 
12 1.59076 1.8705 3.16526 8.5 1.00962 7.69164 1 10.5851 1.66079 27.6667 22.3222 21.6773 23.8261 22.5893 26.5 14.3707 1.16608 20.6377 11.3422 23.7864 1.12176 5.98946 2.18729 9.53213 34.125 5.17709 46.7857 60 30.5452 13.9349 4.75471 32.6667 21.7826 24.058 24.3689 26.5298 19.8822 5.33909 1.46143 
12 1.98057 3.24437 3.16526 8.5 1.00962 7.69164 2.99933 10.5851 2.12951 27.6667 23.3043 24.5217 23.8261 25.5652 26.5 14.3707 1.16608 20.6377 11.3422 23.7864 1.12176 5.87625 2.74445 9.53213 27.1696 5.17709 46.7857 60 30.5452 13.9349 4.75471 32.6667 21.7826 24.058 24.3689 26.5298 19.8822 5.33909 1.46143 
9.57702 1.98057 1.8705 3.16526 8.5 1 7.69164 2.99933 10.5851 2.12951 27.6667 23.3043 24.5217 23.8261 25.5652 26.5 13.1167 1 20.6377 22.6818 23.7864 1.12176 5.87625 2.91521 9.53213 27.1696 4.83301 46.7857 60 30.5452 13.9349 4.75471 32.6667 21.7826 24.058 24.3689 26.5298 19.8822 6.70911 1.46143 
9.57702 1.90857 3.24437 2.84886 8.5 1.00962 7.69164 2.99933 10.2308 2.04124 27.6667 23.3043 24.5217 23.8261 25.5652 26.5 14.3707 1.16608 20.6377 14.0376 23.7864 1.83272 5.87625 2.74445 9.53213 27.1696 4.83301 46.7857 60 30.5452 13.9349 5.41486 32.6667 21.7826 24.058 24.3689 26.5298 19.8822 5.33909 1.46143 
9.57702 5.82945 13.2258 2.84886 8.5 1.00962 7.69164 2.99933 10.5851 2.04124 27.6667 23.3043 24.5217 23.8261 25.5652 26.5 26.2609 1.16608 20.6377 25.6522 1.17785 1.83272 5.98946 12.703 13.4516 27.1696 4.83301 46.7857 60 30.5452 59.7321 5.41486 32.6667 29.1964 24.058 24.3689 26.5298 33.4493 6.70911 3.45329 
12 6.56004 13.2258 2.84886 8.5 20.3236 8.84469 2.99933 10.5851 8.90262 27.6667 23.3043 24.5217 23.8261 25.5652 26.5 26.2609 1.16608 20.6377 25.6522 23.7864 2.28766 5.87625 15.5297 13.4516 27.1696 4.83301 46.7857 60 30.5452 59.7321 5.41486 32.6667 29.1964 24.058 24.3689 31.0937 33.4493 7.11668 2.53266 


Ex_ThI





















