prueSW:
3193374.45 3193374.45 3193374.45 3193374.45 3193374.45 3193374.45 3193374.45 3193374.45 3193374.45 3193374.45 3193374.45 3193374.45 3193374.45 3193374.45 3193374.45 3193374.45 3193374.45 3193374.45 3193374.45 

appOPT:
8501102.4 18711115.625 26243887.0 34464265.5 37402710.25 38483723.75 39128486.25 39504776.25 39508508.75 39508508.75 39508508.75 39508508.75 39508508.75 39508508.75 39508508.75 39508508.75 39508508.75 39508508.75 39508508.75 

appOPTALL:
4110822.77062 5781874.05312 6991105.67628 8243666.73309 9731465.15 10598931.0813 10458651.8306 13413155.0 13704043.8812 12108671.775 

dmDSSD:
4767002.125 9239321.325 9386172.425 10165942.975 10710784.625 11633736.5 12814748.25 13880934.75 15428773.25 18736092.5 19449535.5 19840798.25 21345313.0 23704538.0 24476140.5 25667521.75 25840283.0 26840712.0 28787034.5 

