6250000.0	27250400.0	27250400.0	27250400.0	27250400.0	27250400.0	27250400.0	27250400.0	37457900.0	75000000.0	75000000.0	75000000.0	75000000.0	75000000.0	75000000.0	75000000.0	75000000.0	75000000.0	75000000.0
1904760.0	2940920.0	2940920.0	2940920.0	2940920.0	2940920.0	2940920.0	2940920.0	3030030.0	3030030.0	3030030.0	6894410.0	6894410.0	12495300.0	12495300.0	12495300.0	12495300.0	12495300.0	12495300.0
1257860.0	1257860.0	1257860.0	1257860.0	1257860.0	1257860.0	1257860.0	2352830.0	2352830.0	2352830.0	2352830.0	4165450.0	4165450.0	4165450.0	4165450.0	16636200.0	16636200.0	16636200.0	16636200.0
14035100.0	39984000.0	39984000.0	39984000.0	39984000.0	39984000.0	39984000.0	39984000.0	44424700.0	44424700.0	44424700.0	44424700.0	44424700.0	44424700.0	44424700.0	44424700.0	44424700.0	44424700.0	44424700.0
3921570.0	14279600.0	14279600.0	14279600.0	14279600.0	14279600.0	14279600.0	14279600.0	16658300.0	33333300.0	33333300.0	33333300.0	33333300.0	33333300.0	33333300.0	33333300.0	33333300.0	33333300.0	33333300.0
955414.0	955414.0	955414.0	955414.0	955414.0	19417500.0	19417500.0	19417500.0	19417500.0	19417500.0	19417500.0	19417500.0	19417500.0	19417500.0	19417500.0	19417500.0	19417500.0	19417500.0	19417500.0
3225700.0	7996160.0	7996160.0	7996160.0	7996160.0	7996160.0	7996160.0	7996160.0	8691120.0	8691120.0	8691120.0	8691120.0	8691120.0	8691120.0	11103700.0	11103700.0	11103700.0	11103700.0	11103700.0
3703700.0	3703700.0	3703700.0	3703700.0	3703700.0	3703700.0	3703700.0	3703700.0	3703700.0	3703700.0	3703700.0	3703700.0	3703700.0	3703700.0	3703700.0	11108600.0	11108600.0	11108600.0	11108600.0
1302930.0	1386470.0	2266210.0	2266210.0	8246150.0	8246150.0	8246150.0	8246150.0	8419990.0	8419990.0	8419990.0	8419990.0	13791700.0	13791700.0	13791700.0	13791700.0	13791700.0	13791700.0	13791700.0
2040820.0	2040820.0	2040820.0	2040820.0	2040820.0	2040820.0	3278580.0	3278580.0	3389370.0	3389370.0	3389370.0	9082650.0	9082650.0	22182800.0	22182800.0	22182800.0	22182800.0	22182800.0	22182800.0
3921410.0	14273500.0	14273500.0	14273500.0	14273500.0	14273500.0	14273500.0	14273500.0	16658300.0	33333300.0	33333300.0	33333300.0	33333300.0	33333300.0	33333300.0	33333300.0	33333300.0	33333300.0	33333300.0
3508400.0	9992510.0	9992510.0	9992510.0	9992510.0	9992510.0	9992510.0	9992510.0	11105600.0	11105600.0	11105600.0	11105600.0	11105600.0	11594200.0	11594200.0	11594200.0	11594200.0	11594200.0	11594200.0
7691120.0	26634700.0	26634700.0	26634700.0	26634700.0	26634700.0	26634700.0	26634700.0	30747900.0	30747900.0	30747900.0	30747900.0	30747900.0	34782600.0	34782600.0	34782600.0	34782600.0	34782600.0	34782600.0
4545250.0	17391300.0	17391300.0	17391300.0	17391300.0	17391300.0	17391300.0	17391300.0	17391300.0	17391300.0	17391300.0	17391300.0	17391300.0	17391300.0	17391300.0	17391300.0	17391300.0	17391300.0	17391300.0
3124610.0	7402470.0	7402470.0	7402470.0	7402470.0	7402470.0	7402470.0	7402470.0	7997120.0	15366900.0	15366900.0	15366900.0	15366900.0	17391300.0	17391300.0	17391300.0	17391300.0	17391300.0	17391300.0
4545250.0	28522500.0	28522500.0	28522500.0	28522500.0	28522500.0	28522500.0	28522500.0	33333300.0	33333300.0	33333300.0	33333300.0	33333300.0	33333300.0	33333300.0	33333300.0	33333300.0	33333300.0	33333300.0
11109900.0	22845400.0	22845400.0	22845400.0	22845400.0	22845400.0	22845400.0	22845400.0	24235800.0	38068000.0	38068000.0	38068000.0	38068000.0	69565200.0	69565200.0	69565200.0	69565200.0	69565200.0	69565200.0
57142900.0	57142900.0	57142900.0	57142900.0	57142900.0	57142900.0	57142900.0	57142900.0	66633300.0	66633300.0	66633300.0	66633300.0	66633300.0	66633300.0	66633300.0	66633300.0	66633300.0	66633300.0	66633300.0
11594200.0	11594200.0	11594200.0	11594200.0	11594200.0	11594200.0	11594200.0	11594200.0	11594200.0	11594200.0	11594200.0	11594200.0	11594200.0	11594200.0	11594200.0	11594200.0	11594200.0	11594200.0	11594200.0
12306200.0	28553100.0	28553100.0	28553100.0	28553100.0	28553100.0	28553100.0	28553100.0	30758600.0	30758600.0	30758600.0	30758600.0	30758600.0	61510100.0	69565200.0	69565200.0	69565200.0	69565200.0	69565200.0
816327.0	961511.0	961511.0	961511.0	961511.0	19417500.0	19417500.0	19417500.0	19417500.0	19417500.0	19417500.0	19417500.0	19417500.0	19417500.0	19417500.0	19417500.0	19417500.0	19417500.0	19417500.0
3636360.0	3636360.0	3636360.0	3636360.0	3636360.0	3636360.0	3636360.0	3636360.0	4079140.0	4079140.0	4079140.0	4079140.0	4079140.0	4079140.0	8318780.0	8318780.0	8318780.0	8318780.0	8318780.0
1284110.0	1365170.0	2209870.0	2209870.0	7545750.0	7545750.0	7545750.0	7545750.0	7691120.0	7691120.0	7691120.0	7691120.0	62500000.0	62500000.0	62500000.0	62500000.0	62500000.0	62500000.0	62500000.0
1428570.0	1941630.0	1941630.0	1941630.0	1941630.0	1941630.0	3029750.0	3029750.0	3124710.0	3124710.0	3124710.0	7404940.0	7404940.0	14276500.0	22185200.0	22185200.0	22185200.0	22185200.0	22185200.0
1754360.0	2596900.0	2596900.0	2596900.0	2596900.0	2596900.0	2596900.0	2596900.0	2739160.0	3277880.0	8325010.0	8325010.0	8325010.0	8325010.0	10514700.0	10514700.0	10514700.0	10514700.0	15370400.0
1265760.0	1652560.0	1652560.0	1652560.0	1652560.0	1652560.0	19904500.0	19904500.0	25000000.0	25000000.0	25000000.0	25000000.0	25000000.0	25000000.0	25000000.0	25000000.0	25000000.0	25000000.0	25000000.0
1666560.0	1666560.0	1666560.0	1666560.0	1666560.0	1666560.0	1666560.0	1666560.0	1785200.0	1785200.0	1785200.0	1785200.0	1785200.0	1785200.0	1785200.0	1785200.0	8695650.0	8695650.0	8695650.0
1145040.0	1232020.0	2281260.0	10523000.0	10523000.0	10523000.0	10523000.0	29973000.0	33305600.0	53571400.0	53571400.0	53571400.0	53571400.0	53571400.0	53571400.0	53571400.0	53571400.0	53571400.0	53571400.0
260417.0	273596.0	394468.0	664425.0	4442670.0	4442670.0	4442670.0	15625000.0	15625000.0	15625000.0	15625000.0	15625000.0	15625000.0	15625000.0	15625000.0	15625000.0	15625000.0	15625000.0	15625000.0
379504.0	408151.0	751820.0	3332170.0	3332170.0	3332170.0	3332170.0	8687720.0	9515650.0	9515650.0	9515650.0	9515650.0	9515650.0	9515650.0	12486000.0	12486000.0	12486000.0	12486000.0	17857100.0
361010.0	386838.0	682552.0	2298380.0	2298380.0	2298380.0	2298380.0	3999040.0	4165890.0	4165890.0	17857100.0	17857100.0	17857100.0	17857100.0	17857100.0	17857100.0	17857100.0	17857100.0	17857100.0
2499940.0	4649870.0	4649870.0	4649870.0	4649870.0	4649870.0	4649870.0	4649870.0	4876620.0	4876620.0	4876620.0	4876620.0	4876620.0	4876620.0	5553700.0	33333300.0	33333300.0	33333300.0	33333300.0
2469070.0	4544220.0	4544220.0	4544220.0	4544220.0	4544220.0	28498100.0	28498100.0	33333300.0	33333300.0	33333300.0	33333300.0	33333300.0	33333300.0	33333300.0	33333300.0	33333300.0	33333300.0	33333300.0
611621.0	689641.0	3029750.0	3029750.0	3029750.0	3029750.0	3029750.0	6893700.0	7404120.0	13322700.0	13322700.0	13322700.0	13322700.0	13322700.0	13322700.0	13322700.0	13322700.0	17857100.0	17857100.0
2856900.0	6055100.0	6055100.0	6055100.0	6055100.0	6055100.0	6055100.0	6055100.0	7404120.0	11594200.0	11594200.0	11594200.0	11594200.0	11594200.0	11594200.0	11594200.0	11594200.0	11594200.0	11594200.0
796813.0	934553.0	934553.0	19417500.0	19417500.0	19417500.0	19417500.0	19417500.0	19417500.0	19417500.0	19417500.0	19417500.0	19417500.0	19417500.0	19417500.0	19417500.0	19417500.0	19417500.0	19417500.0
706709.0	706709.0	706709.0	706709.0	7406310.0	7406310.0	7406310.0	7406310.0	7406310.0	13331600.0	13331600.0	13331600.0	13331600.0	13331600.0	13331600.0	13331600.0	13331600.0	15625000.0	15625000.0
1724120.0	2051090.0	2051090.0	2051090.0	2051090.0	2051090.0	4759860.0	4759860.0	5127020.0	6058680.0	13783100.0	13783100.0	13783100.0	13783100.0	13783100.0	13783100.0	13783100.0	23188400.0	23188400.0
1666640.0	2409290.0	2409290.0	2409290.0	2409290.0	2409290.0	2409290.0	2409290.0	2468950.0	2468950.0	4543910.0	4543910.0	4543910.0	4543910.0	5125050.0	5125050.0	5125050.0	5125050.0	6056750.0
5263160.0	5263160.0	5263160.0	5263160.0	5263160.0	5263160.0	5263160.0	5263160.0	5263160.0	7691720.0	7691720.0	7691720.0	7691720.0	7691720.0	9521540.0	9521540.0	9521540.0	33305600.0	100000000.0
