27250400.0	59856300.0	75000000.0	100000000.0	37457900.0	33288900.0	49950000.0	75000000.0	37457900.0	49950000.0
6250000.0	27250400.0	27250400.0	27250400.0	6250000.0	75000000.0	37457900.0	37457900.0	37457900.0	3030030.0
6250000.0	6250000.0	6250000.0	6250000.0	37457900.0	37457900.0	59856300.0	37457900.0	100000000.0	1257860.0
27250400.0	27250400.0	37457900.0	27250400.0	27250400.0	27250400.0	75000000.0	100000000.0	33288900.0	44424700.0
27250400.0	59856300.0	75000000.0	6250000.0	6665780.0	59856300.0	37457900.0	27250400.0	3030030.0	16658300.0
6250000.0	6521170.0	6975770.0	6250000.0	37457900.0	75000000.0	27250400.0	3030030.0	3030030.0	970827.0
6250000.0	27250400.0	27250400.0	75000000.0	75000000.0	37457900.0	27250400.0	3030030.0	3030030.0	11103700.0
6250000.0	6250000.0	6250000.0	27250400.0	59856300.0	27250400.0	60000000.0	3030030.0	2940920.0	3703700.0
6250000.0	6250000.0	6250000.0	37457900.0	27250400.0	27250400.0	27250400.0	3030030.0	2352830.0	1400980.0
6250000.0	6250000.0	59856300.0	37457900.0	37457900.0	75000000.0	3030030.0	2940920.0	2352830.0	2298320.0
6250000.0	27250400.0	27250400.0	59856300.0	27250400.0	59856300.0	12495300.0	1257860.0	1257860.0	16658300.0
6250000.0	27250400.0	27250400.0	37457900.0	59856300.0	27250400.0	2940920.0	2352830.0	1257860.0	11594200.0
6250000.0	27250400.0	27250400.0	59856300.0	49950000.0	2940920.0	3030030.0	2352830.0	44424700.0	30747900.0
6250000.0	27250400.0	27250400.0	6665780.0	59856300.0	3772520.0	3030030.0	1257860.0	44424700.0	17391300.0
6250000.0	27250400.0	27250400.0	27250400.0	27250400.0	3772520.0	2940920.0	1257860.0	44424700.0	7997120.0
6250000.0	27250400.0	27250400.0	6665780.0	27250400.0	11103700.0	2940920.0	44424700.0	39984000.0	33333300.0
6250000.0	27250400.0	6665780.0	27250400.0	6250000.0	2940920.0	2940920.0	44424700.0	16658300.0	24235800.0
6250000.0	6250000.0	6250000.0	27250400.0	37457900.0	3030030.0	2940920.0	44424700.0	16658300.0	66633300.0
6250000.0	6250000.0	27250400.0	27250400.0	37457900.0	3030030.0	1257860.0	44424700.0	33333300.0	11594200.0
6250000.0	27250400.0	37457900.0	33288900.0	59856300.0	2940920.0	1639260.0	39984000.0	14279600.0	38068000.0
6250000.0	27250400.0	6250000.0	6665780.0	75000000.0	2940920.0	1257860.0	33333300.0	964602.0	970846.0
6250000.0	6250000.0	6250000.0	27250400.0	27250400.0	3030030.0	2352830.0	16658300.0	964602.0	8318780.0
6250000.0	6250000.0	27250400.0	6250000.0	27250400.0	2940920.0	2352830.0	16658300.0	970827.0	1369840.0
6250000.0	6250000.0	27250400.0	6250000.0	33333300.0	2940920.0	2352830.0	33333300.0	961520.0	2298380.0
6250000.0	6250000.0	27250400.0	6250000.0	2940920.0	1257860.0	2352830.0	14279600.0	11103700.0	7994240.0
6250000.0	6250000.0	6250000.0	27250400.0	3030030.0	1257860.0	1257860.0	964602.0	11103700.0	1801280.0
6250000.0	6250000.0	6250000.0	27250400.0	2940920.0	1257860.0	1257860.0	964602.0	8691120.0	1785200.0
6250000.0	6250000.0	6250000.0	27250400.0	3773160.0	1639260.0	44424700.0	964602.0	9994000.0	1252580.0
6250000.0	6250000.0	6250000.0	75000000.0	3772520.0	1257860.0	44424700.0	970827.0	3703700.0	276621.0
6250000.0	6250000.0	6250000.0	37457900.0	3772520.0	2352830.0	39984000.0	955414.0	3703700.0	428249.0
6250000.0	6250000.0	27250400.0	7142690.0	3635370.0	2352830.0	44424700.0	11103700.0	3703700.0	428252.0
6250000.0	27250400.0	27250400.0	27250400.0	3635370.0	2352830.0	44424700.0	11103700.0	3703700.0	5553700.0
6250000.0	6250000.0	27250400.0	27250400.0	3030030.0	2352830.0	39984000.0	11103700.0	2279140.0	5403650.0
6250000.0	6250000.0	27250400.0	7142690.0	11103700.0	2352830.0	39984000.0	8691120.0	2279140.0	694430.0
6250000.0	27250400.0	37457900.0	3030030.0	2940920.0	1257860.0	39984000.0	9994000.0	1400980.0	7404120.0
6250000.0	27250400.0	6250000.0	33333300.0	3030030.0	1257860.0	39984000.0	3703700.0	1396100.0	970817.0
6250000.0	6250000.0	6250000.0	2940920.0	2940920.0	39984000.0	16658300.0	3703700.0	2083160.0	706709.0
6250000.0	6250000.0	27250400.0	2940920.0	2940920.0	44424700.0	16658300.0	3703700.0	2083160.0	2897730.0
6250000.0	6250000.0	7142690.0	1904760.0	2940920.0	44424700.0	33333300.0	3703700.0	3389370.0	33333300.0
6250000.0	7142690.0	3030030.0	3636100.0	1904760.0	39984000.0	33333300.0	3703700.0	2247040.0	7406310.0
2940920.0	2940920.0	13314700.0	3030030.0	3030030.0	39984000.0	16658300.0	1391280.0	16658300.0	
2940920.0	6448490.0	2940920.0	3635370.0	3030030.0	44424700.0	14279600.0	2279140.0	16658300.0	
1904760.0	2940920.0	3030030.0	3772520.0	2940920.0	44424700.0	14279600.0	2279140.0	33333300.0	
2940920.0	2940920.0	3030030.0	3030030.0	3030030.0	39984000.0	33333300.0	1400980.0	14273500.0	
2940920.0	2940920.0	1941630.0	3635370.0	2940920.0	39984000.0	14279600.0	1386470.0	11594200.0	
1904760.0	1904760.0	2940920.0	3030030.0	2940920.0	44424700.0	970827.0	2083160.0	11594200.0	
1904760.0	2940920.0	1904760.0	3635370.0	1639260.0	39984000.0	964602.0	2083160.0	11105600.0	
1904760.0	1904760.0	3636100.0	1941630.0	33333300.0	39984000.0	955414.0	2083160.0	11594200.0	
1904760.0	1904760.0	2940920.0	3635370.0	1257860.0	14279600.0	964602.0	3389370.0	30747900.0	
1904760.0	2940920.0	3635370.0	1941630.0	1257860.0	33333300.0	964602.0	2247040.0	30747900.0	
1904760.0	2940920.0	3635370.0	2940920.0	1639260.0	16658300.0	955414.0	33333300.0	30747900.0	
1904760.0	2940920.0	2940920.0	11103700.0	1257860.0	14279600.0	955414.0	16658300.0	26634700.0	
1904760.0	2940920.0	3635370.0	2940920.0	1257860.0	33333300.0	961520.0	16658300.0	17391300.0	
1904760.0	2940920.0	2940920.0	2940920.0	1257860.0	33333300.0	955414.0	33333300.0	17391300.0	
1904760.0	2940920.0	3635370.0	1941630.0	1257860.0	16658300.0	1449210.0	14273500.0	17391300.0	
1904760.0	2940920.0	1941630.0	2940920.0	1257860.0	14279600.0	1503620.0	11594200.0	17391300.0	
1904760.0	2940920.0	1904760.0	1904760.0	1639260.0	14279600.0	9994000.0	11594200.0	7997120.0	
1904760.0	1904760.0	3635370.0	1904760.0	1257860.0	33333300.0	1449210.0	11594200.0	7997120.0	
1904760.0	1904760.0	3030030.0	1904760.0	1257860.0	33333300.0	1449210.0	11105600.0	15366900.0	
1904760.0	2940920.0	1904760.0	2940920.0	2352830.0	14279600.0	9994000.0	11594200.0	7402470.0	
1904760.0	2940920.0	1904760.0	2940920.0	2352830.0	961520.0	9994000.0	30747900.0	33333300.0	
1904760.0	1904760.0	6448490.0	2940920.0	2352830.0	964602.0	7996160.0	30747900.0	33333300.0	
1904760.0	1904760.0	2940920.0	3030030.0	2352830.0	964602.0	7996160.0	30747900.0	33333300.0	
1904760.0	2940920.0	2940920.0	3030030.0	1625960.0	955414.0	3703700.0	30747900.0	33333300.0	
1904760.0	1904760.0	1904760.0	1904760.0	1257860.0	955414.0	3703700.0	26634700.0	24235800.0	
1904760.0	1904760.0	1904760.0	2940920.0	2352830.0	964602.0	3703700.0	17391300.0	24235800.0	
1904760.0	1904760.0	1904760.0	2940920.0	1257860.0	964602.0	3703700.0	17391300.0	38068000.0	
1904760.0	1904760.0	1904760.0	1904760.0	1257860.0	955414.0	3703700.0	17391300.0	22845400.0	
1904760.0	1904760.0	1904760.0	1257860.0	1257860.0	955414.0	3703700.0	17391300.0	66633300.0	
1904760.0	1904760.0	2940920.0	1639260.0	44424700.0	964602.0	3703700.0	17391300.0	66633300.0	
1904760.0	1904760.0	2940920.0	33333300.0	14035100.0	955414.0	3703700.0	15366900.0	66633300.0	
1904760.0	2940920.0	2940920.0	1257860.0	44424700.0	955414.0	3703700.0	7997120.0	57142900.0	
1904760.0	1904760.0	2940920.0	1257860.0	39984000.0	1428510.0	62500000.0	7997120.0	11594200.0	
1904760.0	1904760.0	3030030.0	1639260.0	14543300.0	8691120.0	1391280.0	15366900.0	11594200.0	
1904760.0	2940920.0	1904760.0	1257860.0	44424700.0	11103700.0	1386470.0	7402470.0	11594200.0	
1904760.0	2940920.0	1904760.0	1257860.0	44424700.0	1481350.0	2279140.0	33333300.0	11594200.0	
1904760.0	1904760.0	2940920.0	1257860.0	39984000.0	7996160.0	8419990.0	33333300.0	38068000.0	
1904760.0	1904760.0	1904760.0	1257860.0	39984000.0	1449210.0	2266210.0	33333300.0	38068000.0	
1904760.0	1904760.0	1257860.0	1257860.0	44424700.0	1449210.0	2266210.0	33333300.0	30758600.0	
1904760.0	1904760.0	1639260.0	1257860.0	39984000.0	7996160.0	1396100.0	33333300.0	34746400.0	
1257860.0	1257860.0	16636200.0	1257860.0	39984000.0	7996160.0	1386470.0	38068000.0	970846.0	
1639260.0	1639260.0	1257860.0	1257860.0	44424700.0	1449210.0	2083160.0	24235800.0	970846.0	
2352830.0	4165450.0	1257860.0	1257860.0	39984000.0	7996160.0	25000000.0	24235800.0	970846.0	
1257860.0	1257860.0	1257860.0	1324450.0	39984000.0	7996160.0	2040820.0	38068000.0	961511.0	
1257860.0	1257860.0	1257860.0	1257860.0	39984000.0	3703700.0	2083160.0	22845400.0	8318780.0	
1257860.0	1257860.0	1257860.0	1639260.0	14035100.0	3703700.0	2083160.0	66633300.0	8318780.0	
1257860.0	1257860.0	1639260.0	1257860.0	44424700.0	3703700.0	2040820.0	66633300.0	4079140.0	
1625960.0	1625960.0	1257860.0	1257860.0	44424700.0	3703700.0	2040820.0	66633300.0	6664450.0	
1257860.0	1257860.0	1257860.0	1257860.0	39984000.0	3703700.0	3278580.0	66633300.0	2222170.0	
1257860.0	1639260.0	1257860.0	2352830.0	44424700.0	3703700.0	2247040.0	57142900.0	2222170.0	
1257860.0	1257860.0	1257860.0	2352830.0	39984000.0	3703700.0	1574730.0	11594200.0	1369840.0	
1257860.0	1257860.0	1257860.0	2352830.0	39984000.0	3703700.0	1574730.0	11594200.0	1365170.0	
1257860.0	1257860.0	1257860.0	2352830.0	16658300.0	3703700.0	33333300.0	11594200.0	2083070.0	
1257860.0	1257860.0	1257860.0	1625960.0	3921570.0	3703700.0	1738950.0	11594200.0	2083070.0	
1257860.0	1257860.0	1257860.0	1257860.0	16658300.0	3703700.0	1574730.0	11594200.0	3124710.0	
1257860.0	1257860.0	1257860.0	2352830.0	14279600.0	3703700.0	14273500.0	38068000.0	2246740.0	
1257860.0	1257860.0	1257860.0	1257860.0	4081130.0	62500000.0	14273500.0	38068000.0	3224710.0	
1257860.0	1257860.0	1257860.0	1257860.0	16658300.0	1391280.0	33333300.0	38068000.0	7994240.0	
1257860.0	1257860.0	1324450.0	1257860.0	33333300.0	1391280.0	14273500.0	30758600.0	11101900.0	
1257860.0	1257860.0	1257860.0	1257860.0	33333300.0	1386470.0	550955.0	34746400.0	6890850.0	
1257860.0	1257860.0	1639260.0	1257860.0	14279600.0	1386470.0	579685.0	970846.0	1738770.0	
1257860.0	1324450.0	1257860.0	1257860.0	16658300.0	2279140.0	11594200.0	970846.0	1738770.0	
1257860.0	1257860.0	1257860.0	44424700.0	14279600.0	8419990.0	550955.0	970846.0	33333300.0	
1257860.0	1639260.0	1257860.0	39984000.0	33333300.0	2266210.0	550955.0	970846.0	1708930.0	
1257860.0	1257860.0	2352830.0	14035100.0	16658300.0	2266210.0	11594200.0	961511.0	1785200.0	
1257860.0	1257860.0	1257860.0	39984000.0	33333300.0	2279140.0	11594200.0	8318780.0	1785200.0	
1257860.0	1257860.0	1257860.0	14035100.0	14279600.0	1386470.0	9992510.0	8318780.0	1785200.0	
1257860.0	1257860.0	1257860.0	14035100.0	14279600.0	1386470.0	9992510.0	8318780.0	1666560.0	
1257860.0	1257860.0	1625960.0	44424700.0	3921570.0	2040820.0	1646030.0	4079140.0	49925100.0	
1257860.0	1257860.0	1257860.0	39984000.0	16658300.0	2409060.0	1738990.0	6664450.0	49925100.0	
1257860.0	1257860.0	2352830.0	44424700.0	16658300.0	2409060.0	26634700.0	1369840.0	1284760.0	
1257860.0	1257860.0	1257860.0	44424700.0	33333300.0	50000000.0	1646030.0	2222170.0	1247360.0	
1257860.0	1257860.0	1257860.0	39984000.0	33333300.0	2040820.0	1646030.0	2222170.0	781213.0	
1257860.0	2352830.0	1257860.0	44424700.0	14279600.0	2083160.0	26634700.0	1369840.0	781213.0	
1257860.0	1257860.0	1257860.0	39984000.0	14279600.0	2083160.0	26634700.0	1365170.0	276621.0	
1257860.0	1257860.0	1257860.0	14543300.0	964602.0	2040820.0	26634700.0	2083070.0	275856.0	
1257860.0	1257860.0	1257860.0	39984000.0	955414.0	2040820.0	26634700.0	2083070.0	17857100.0	
1257860.0	1257860.0	44424700.0	14543300.0	964602.0	2083160.0	851042.0	2083070.0	17857100.0	
1257860.0	1257860.0	39984000.0	39984000.0	955414.0	3278580.0	869520.0	3124710.0	414922.0	
1257860.0	1257860.0	14035100.0	39984000.0	964602.0	2247040.0	17391300.0	2246740.0	426420.0	
39984000.0	39984000.0	100000000.0	39984000.0	964602.0	1550320.0	851042.0	33333300.0	5403210.0	
14035100.0	39984000.0	44424700.0	39984000.0	964602.0	33333300.0	851042.0	2940400.0	17857100.0	
14035100.0	14035100.0	14543300.0	14543300.0	955414.0	16658300.0	17391300.0	6447250.0	423713.0	
39984000.0	100000000.0	39984000.0	39984000.0	955414.0	1550320.0	17391300.0	11101900.0	426423.0	
39984000.0	39984000.0	14035100.0	14035100.0	964602.0	33333300.0	17391300.0	6890850.0	5553700.0	
14035100.0	14035100.0	14035100.0	14035100.0	955414.0	1738950.0	17391300.0	1738770.0	5553700.0	
14035100.0	39984000.0	39984000.0	14035100.0	955414.0	1574730.0	784286.0	1738770.0	4876620.0	
14035100.0	14035100.0	39984000.0	39984000.0	970827.0	14273500.0	826385.0	1738770.0	5261500.0	
14035100.0	14035100.0	39984000.0	39984000.0	955414.0	14273500.0	13312000.0	33333300.0	5403650.0	
14035100.0	14035100.0	39984000.0	39984000.0	955414.0	1738950.0	822994.0	1652560.0	5403650.0	
14035100.0	39984000.0	39984000.0	44424700.0	955414.0	33333300.0	784286.0	1785200.0	33333300.0	
14035100.0	39984000.0	39984000.0	44424700.0	955414.0	14273500.0	7402470.0	1785200.0	5126630.0	
14035100.0	39984000.0	39984000.0	14035100.0	964602.0	547936.0	7402470.0	1785200.0	7404120.0	
14035100.0	39984000.0	14543300.0	39984000.0	964602.0	11594200.0	13312000.0	1785200.0	7404120.0	
14035100.0	39984000.0	14035100.0	39984000.0	955414.0	11594200.0	7402470.0	1666560.0	766248.0	
14035100.0	39984000.0	39984000.0	14035100.0	964602.0	576344.0	1666580.0	1284760.0	689641.0	
14035100.0	39984000.0	44424700.0	33333300.0	955414.0	9992510.0	1738950.0	33305600.0	7404120.0	
14035100.0	14035100.0	14035100.0	14279600.0	955414.0	550955.0	33333300.0	33305600.0	7404120.0	
14035100.0	14035100.0	14035100.0	3921570.0	1449210.0	550955.0	1666580.0	1284760.0	11594200.0	
14035100.0	39984000.0	39984000.0	14279600.0	1129940.0	9992510.0	1666580.0	1247360.0	6055100.0	
14035100.0	39984000.0	39984000.0	3921570.0	33333300.0	9992510.0	33333300.0	276621.0	19417500.0	
14035100.0	14035100.0	39984000.0	3921570.0	1428510.0	550955.0	33333300.0	763333.0	19417500.0	
14035100.0	14035100.0	14035100.0	33333300.0	1142820.0	9992510.0	28522500.0	763333.0	970817.0	
14035100.0	14035100.0	14035100.0	14279600.0	11103700.0	9992510.0	28522500.0	276621.0	961469.0	
14035100.0	14035100.0	14035100.0	16658300.0	8691120.0	1632610.0	3041720.0	275856.0	706709.0	
14035100.0	14035100.0	14035100.0	16658300.0	7996160.0	34782600.0	3199770.0	419277.0	706709.0	
14035100.0	14035100.0	14035100.0	33333300.0	9994000.0	34782600.0	34746400.0	17857100.0	781238.0	
14035100.0	14035100.0	39984000.0	16658300.0	1449210.0	1724030.0	3187060.0	12486000.0	706709.0	
14035100.0	14035100.0	39984000.0	33333300.0	1428510.0	26634700.0	3041720.0	414922.0	2185470.0	
14035100.0	14035100.0	39984000.0	4081130.0	7996160.0	1646030.0	22845400.0	426420.0	2739110.0	
14035100.0	14035100.0	39984000.0	14279600.0	8691120.0	1646030.0	22845400.0	428252.0	23188400.0	
14035100.0	39984000.0	44424700.0	4081130.0	1428510.0	26634700.0	34746400.0	4649220.0	2777030.0	
14035100.0	14035100.0	14035100.0	14279600.0	1428510.0	26634700.0	22845400.0	17857100.0	3332000.0	
14035100.0	14035100.0	14035100.0	14279600.0	7996160.0	1646030.0	66633300.0	423713.0	6056750.0	
14035100.0	39984000.0	39984000.0	14279600.0	3225700.0	26634700.0	66633300.0	426423.0	5878720.0	
14035100.0	39984000.0	14035100.0	14279600.0	11103700.0	26634700.0	57142900.0	5553700.0	33333300.0	
14035100.0	14035100.0	33333300.0	4081130.0	11103700.0	843860.0	66633300.0	5553700.0	7406310.0	
14035100.0	14035100.0	14279600.0	14279600.0	1428510.0	17391300.0	66633300.0	5553700.0	7406310.0	
14035100.0	14035100.0	3921570.0	3921570.0	8691120.0	17391300.0	57142900.0	4876620.0	39976000.0	
14035100.0	14035100.0	16658300.0	3921570.0	7996160.0	862024.0	57142900.0	5261500.0	7406310.0	
14279600.0	33333300.0	33333300.0	3921570.0	7996160.0	17391300.0	57142900.0	5403650.0		
3921570.0	14279600.0	4081130.0	14279600.0	3703700.0	851042.0	57142900.0	5403650.0		
3921570.0	3921570.0	14279600.0	14279600.0	11108600.0	851042.0	564962.0	5403650.0		
14279600.0	14279600.0	3921570.0	14279600.0	3703700.0	17391300.0	573046.0	33333300.0		
14279600.0	33333300.0	3921570.0	33333300.0	3703700.0	17391300.0	11594200.0	5126630.0		
3921570.0	3921570.0	33333300.0	16658300.0	3703700.0	851042.0	564962.0	724606.0		
3921570.0	14279600.0	14279600.0	5127940.0	3703700.0	17391300.0	564962.0	7404120.0		
3921570.0	3921570.0	14279600.0	14279600.0	3703700.0	17391300.0	11594200.0	7404120.0		
3921570.0	3921570.0	14279600.0	14279600.0	3703700.0	778192.0	11594200.0	724606.0		
3921570.0	3921570.0	14279600.0	5127940.0	3703700.0	17391300.0	11594200.0	689641.0		
3921570.0	14279600.0	14279600.0	970827.0	3703700.0	16658300.0	11594200.0	11594200.0		
3921570.0	14279600.0	14279600.0	955414.0	3703700.0	819622.0	3124890.0	7404120.0		
3921570.0	14279600.0	4081130.0	955414.0	3703700.0	13312000.0	3361090.0	7404120.0		
3921570.0	14279600.0	3921570.0	955414.0	3703700.0	822994.0	34746400.0	11594200.0		
3921570.0	14279600.0	14279600.0	955414.0	3703700.0	784286.0	3124890.0	6055100.0		
3921570.0	14279600.0	16658300.0	955414.0	3703700.0	7402470.0	3124890.0	970817.0		
3921570.0	14279600.0	3921570.0	964602.0	3703700.0	7402470.0	34746400.0	19417500.0		
3921570.0	3921570.0	3921570.0	955414.0	3703700.0	822994.0	34746400.0	19417500.0		
3921570.0	3921570.0	14279600.0	964602.0	11108600.0	13312000.0	28553100.0	970817.0		
3921570.0	14279600.0	14279600.0	964602.0	3703700.0	7402470.0	28553100.0	961469.0		
3921570.0	14279600.0	14279600.0	955414.0	3703700.0	1639260.0	970846.0	738002.0		
3921570.0	3921570.0	3921570.0	964602.0	3703700.0	33333300.0	970846.0	706709.0		
3921570.0	3921570.0	3921570.0	955414.0	3703700.0	33333300.0	961511.0	706709.0		
3921570.0	3921570.0	3921570.0	964602.0	3703700.0	1709230.0	970846.0	738002.0		
3921570.0	3921570.0	3921570.0	955414.0	1391280.0	28522500.0	970846.0	706709.0		
3921570.0	3921570.0	3921570.0	964602.0	1302930.0	1666580.0	961511.0	2984540.0		
3921570.0	3921570.0	14279600.0	955414.0	1391280.0	1666580.0	961511.0	2116200.0		
3921570.0	3921570.0	14279600.0	955414.0	62500000.0	28522500.0	961511.0	2631160.0		
3921570.0	3921570.0	14279600.0	955414.0	1307180.0	28522500.0	961511.0	23188400.0		
3921570.0	3921570.0	14279600.0	961520.0	1391280.0	1666580.0	4079140.0	2631010.0		
3921570.0	3921570.0	16658300.0	964602.0	1391280.0	28522500.0	8318780.0	6056750.0		
3921570.0	14279600.0	3921570.0	955414.0	1386470.0	28522500.0	6664450.0	3029340.0		
3921570.0	3921570.0	3921570.0	955414.0	1386470.0	3018800.0	4079140.0	5125050.0		
3921570.0	3921570.0	14279600.0	955414.0	13791700.0	69565200.0	4079140.0	5878720.0		
3921570.0	14279600.0	5127940.0	955414.0	1386470.0	66577900.0	6664450.0	33184000.0		
3921570.0	14279600.0	964602.0	955414.0	1386470.0	3174410.0	6664450.0	13329800.0		
3921570.0	3921570.0	955414.0	955414.0	1400980.0	34746400.0	3636360.0	6060060.0		
3921570.0	3921570.0	955414.0	955414.0	2266210.0	3187060.0	3636360.0	6060060.0		
3921570.0	3921570.0	964602.0	964602.0	8246150.0	3041720.0	62500000.0	9998500.0		
3921570.0	5127940.0	964602.0	964602.0	2266210.0	22845400.0	1369840.0	7406310.0		
955414.0	955414.0	19417500.0	955414.0	2051270.0	22845400.0	1365170.0			
955414.0	955414.0	955414.0	955414.0	1391280.0	3187060.0	2222170.0			
955414.0	955414.0	955414.0	955414.0	1391280.0	34746400.0	7691120.0			
955414.0	955414.0	955414.0	955414.0	2266210.0	22845400.0	2209870.0			
955414.0	955414.0	955414.0	1449210.0	1391280.0	57142900.0	2209870.0			
19417500.0	19417500.0	955414.0	1428510.0	1386470.0	100000000.0	1365170.0			
955414.0	955414.0	955414.0	1129940.0	1386470.0	100000000.0	1365170.0			
955414.0	955414.0	955414.0	33333300.0	4345560.0	57142900.0	1980080.0			
955414.0	955414.0	955414.0	1129940.0	3278150.0	57142900.0	33333300.0			
955414.0	955414.0	955414.0	1129940.0	2083160.0	66633300.0	2040570.0			
955414.0	955414.0	955414.0	8691120.0	2040820.0	66633300.0	1980080.0			
955414.0	955414.0	964602.0	9994000.0	25000000.0	57142900.0	1980080.0			
955414.0	955414.0	955414.0	8691120.0	2409060.0	57142900.0	2040570.0			
955414.0	955414.0	955414.0	11103700.0	2409060.0	66633300.0	2040570.0			
955414.0	955414.0	19417500.0	7996160.0	2352780.0	57142900.0	3029750.0			
955414.0	955414.0	955414.0	11103700.0	2352780.0	57142900.0	2127390.0			
955414.0	955414.0	955414.0	7996160.0	2083160.0	561798.0	1063780.0			
955414.0	955414.0	955414.0	3635570.0	50000000.0	11594200.0	1092790.0			
955414.0	955414.0	955414.0	9994000.0	2040820.0	11594200.0	33333300.0			
955414.0	955414.0	955414.0	1176390.0	3389370.0	569794.0	1176430.0			
19417500.0	19417500.0	955414.0	1428510.0	2040820.0	11594200.0	1098830.0			
955414.0	955414.0	955414.0	1428510.0	2040820.0	564962.0	2777080.0			
955414.0	955414.0	955414.0	7996160.0	2040820.0	564962.0	5710860.0			
955414.0	955414.0	955414.0	7996160.0	2040820.0	11594200.0	7135210.0			
955414.0	955414.0	955414.0	3332670.0	2083160.0	11594200.0	5877690.0			
955414.0	955414.0	955414.0	1428510.0	3389370.0	564962.0	884830.0			
955414.0	955414.0	955414.0	1129940.0	2040820.0	11594200.0	1680500.0			
955414.0	955414.0	955414.0	3225700.0	2083160.0	11594200.0	1652560.0			
955414.0	955414.0	955414.0	3225700.0	3278580.0	3100700.0	869520.0			
955414.0	955414.0	964602.0	9994000.0	2040820.0	69565200.0	869520.0			
955414.0	955414.0	955414.0	9994000.0	1574730.0	69565200.0	1652560.0			
955414.0	955414.0	955414.0	1428510.0	1204820.0	3333130.0	1652560.0			
955414.0	955414.0	955414.0	8691120.0	16658300.0	28553100.0	33156500.0			
955414.0	955414.0	955414.0	1449210.0	1550320.0	3124890.0	1652560.0			
955414.0	955414.0	1449210.0	3225700.0	1219480.0	3124890.0	349631.0			
955414.0	955414.0	1428510.0	7996160.0	16658300.0	28553100.0	349631.0			
955414.0	955414.0	1129940.0	7996160.0	33333300.0	28553100.0	1666560.0			
955414.0	955414.0	1449210.0	1162780.0	33333300.0	3124890.0	349631.0			
955414.0	955414.0	1449210.0	3703700.0	14273500.0	28553100.0	349631.0			
955414.0	955414.0	1142820.0	3703700.0	1574730.0	28553100.0	1666560.0			
1428510.0	1428510.0	28522500.0	11108600.0	1550320.0	961511.0	1666560.0			
1129940.0	1428510.0	1129940.0	3703700.0	33333300.0	970846.0	1666560.0			
1129940.0	1129940.0	1129940.0	3703700.0	16658300.0	970846.0	1666560.0			
1428510.0	1428510.0	7996160.0	3703700.0	1709230.0	961511.0	2298720.0			
1428510.0	1428510.0	7996160.0	3703700.0	1550320.0	961511.0	1237090.0			
1129940.0	1129940.0	7996160.0	3703700.0	14273500.0	970846.0	1279280.0			
3225700.0	7996160.0	9994000.0	3703700.0	3921410.0	970846.0	53571400.0			
1129940.0	1129940.0	7996160.0	3703700.0	16658300.0	961511.0	49925100.0			
1129940.0	1129940.0	9994000.0	3703700.0	16658300.0	961511.0	29973000.0			
1129940.0	1129940.0	7996160.0	3703700.0	1709230.0	970846.0	29973000.0			
3225700.0	7996160.0	1142820.0	3703700.0	33333300.0	961511.0	1263130.0			
3225700.0	7996160.0	3508650.0	3703700.0	14273500.0	961511.0	1247360.0			
3225700.0	7996160.0	7996160.0	3703700.0	14273500.0	3636360.0	803145.0			
3225700.0	7996160.0	1449210.0	3703700.0	571404.0	4079140.0	274345.0			
3225700.0	7996160.0	1162780.0	3703700.0	497512.0	8318780.0	275856.0			
3225700.0	7996160.0	1129940.0	3703700.0	11594200.0	6664450.0	781213.0			
3225700.0	7996160.0	1428510.0	3703700.0	547936.0	3636360.0	15625000.0			
1129940.0	1129940.0	7996160.0	3703700.0	516776.0	4079140.0	757541.0			
3225700.0	3225700.0	7996160.0	3703700.0	11594200.0	4079140.0	757541.0			
3225700.0	7996160.0	3225700.0	3703700.0	11594200.0	3636360.0	273596.0			
1129940.0	1428510.0	1129940.0	3703700.0	11594200.0	3636360.0	275856.0			
1162780.0	1162780.0	1129940.0	3703700.0	11594200.0	4079140.0	527684.0			
1129940.0	1129940.0	3225700.0	3703700.0	550955.0	3636360.0	334440.0			
1129940.0	1129940.0	3225700.0	11108600.0	568158.0	3636360.0	417523.0			
3225700.0	3225700.0	7996160.0	3703700.0	9992510.0	62500000.0	1538280.0			
3225700.0	3225700.0	7996160.0	3703700.0	11105600.0	1369840.0	1538280.0			
3225700.0	3225700.0	1428510.0	3703700.0	547936.0	1369840.0	17857100.0			
1129940.0	1129940.0	7996160.0	3703700.0	547936.0	1365170.0	11098200.0			
1129940.0	1129940.0	1449210.0	3703700.0	9992510.0	1365170.0	408151.0			
1129940.0	1129940.0	3225700.0	3703700.0	3508400.0	2222170.0	421917.0			
1129940.0	1129940.0	3225700.0	3703700.0	11594200.0	7691120.0	492593.0			
3225700.0	7996160.0	7996160.0	3703700.0	11594200.0	2209870.0	319991.0			
3225700.0	3225700.0	1129940.0	1400980.0	547936.0	2209870.0	426423.0			
1129940.0	1129940.0	3703700.0	1386470.0	11105600.0	2222170.0	1273790.0			
3225700.0	7996160.0	3703700.0	1302930.0	9992510.0	1365170.0	1273790.0			
1129940.0	1428510.0	11108600.0	1386470.0	9992510.0	1365170.0	4442370.0			
1129940.0	3225700.0	3703700.0	18596900.0	1738990.0	1941630.0	17857100.0			
3225700.0	3225700.0	3703700.0	1302930.0	1418440.0	2272420.0	416651.0			
3225700.0	3225700.0	3703700.0	1391280.0	30747900.0	2409120.0	421922.0			
1129940.0	1129940.0	3703700.0	1386470.0	1632610.0	33333300.0	1282000.0			
3703700.0	3703700.0	3703700.0	1391280.0	1498030.0	1941630.0	1324400.0			
3703700.0	3703700.0	3703700.0	1391280.0	34782600.0	1980080.0	5261500.0			
3703700.0	3703700.0	3703700.0	1386470.0	34782600.0	1980080.0	1282000.0			
3703700.0	3703700.0	3703700.0	1391280.0	34782600.0	1941630.0	1282000.0			
3703700.0	3703700.0	3703700.0	1386470.0	34782600.0	1941630.0	5261500.0			
3703700.0	3703700.0	3703700.0	1307180.0	1646030.0	1980080.0	5261500.0			
3703700.0	3703700.0	3703700.0	1386470.0	1724030.0	3029750.0	4649870.0			
11108600.0	100000000.0	3703700.0	1307180.0	26634700.0	2127390.0	4649870.0			
3703700.0	3703700.0	3703700.0	13330000.0	30747900.0	1041620.0	1273840.0			
3703700.0	3703700.0	3703700.0	1386470.0	1632610.0	3277880.0	1739040.0			
3703700.0	3703700.0	3703700.0	1386470.0	1632610.0	2940400.0	5126630.0			
3703700.0	3703700.0	3703700.0	1396100.0	26634700.0	1069420.0	1273840.0			
3703700.0	3703700.0	3703700.0	1307180.0	7691120.0	22155800.0	1273840.0			
3703700.0	3703700.0	3703700.0	2266210.0	30747900.0	1136310.0	5126630.0			
3703700.0	3703700.0	3703700.0	5969880.0	30747900.0	1063780.0	5126630.0			
3703700.0	3703700.0	3703700.0	2051270.0	1632610.0	2596900.0	28498100.0			
3703700.0	3703700.0	3703700.0	2051270.0	30747900.0	4997000.0	4544220.0			
3703700.0	3703700.0	3703700.0	1386470.0	26634700.0	1136310.0	3124410.0			
3703700.0	3703700.0	3703700.0	1386470.0	26634700.0	7135210.0	694430.0			
3703700.0	3703700.0	3703700.0	2266210.0	851042.0	4997000.0	719393.0			
3703700.0	3703700.0	3703700.0	1391280.0	729927.0	861950.0	13322700.0			
3703700.0	3703700.0	3703700.0	1391280.0	17391300.0	1738770.0	7404120.0			
3703700.0	3703700.0	3703700.0	2234600.0	843860.0	1738770.0	6893700.0			
3703700.0	3703700.0	11108600.0	1386470.0	735278.0	1599620.0	6893700.0			
3703700.0	3703700.0	3703700.0	1386470.0	17391300.0	1652560.0	760404.0			
3703700.0	3703700.0	3703700.0	1302930.0	17391300.0	869520.0	689641.0			
3703700.0	3703700.0	3703700.0	2083160.0	17391300.0	869520.0	537617.0			
3703700.0	3703700.0	3703700.0	4165970.0	17391300.0	1652560.0	537617.0			
3703700.0	3703700.0	3703700.0	3278150.0	851042.0	1652560.0	9507510.0			
3703700.0	3703700.0	3703700.0	2040820.0	843860.0	869520.0	555528.0			
3703700.0	3703700.0	3703700.0	2040820.0	17391300.0	19904500.0	537617.0			
3703700.0	3703700.0	3703700.0	50000000.0	17391300.0	1652560.0	6055100.0			
3703700.0	3703700.0	1391280.0	2083160.0	843860.0	344828.0	6055100.0			
3703700.0	3703700.0	1386470.0	2352780.0	843860.0	1922780.0	11594200.0			
3703700.0	3703700.0	1302930.0	2409060.0	17391300.0	1922780.0	6055100.0			
3703700.0	3703700.0	1391280.0	2083160.0	4545250.0	344828.0	943356.0			
3703700.0	3703700.0	1391280.0	2352780.0	17391300.0	1666560.0	943356.0			
3703700.0	3703700.0	1315730.0	2083160.0	17391300.0	349631.0	961469.0			
3703700.0	3703700.0	1386470.0	2352780.0	843860.0	349631.0	19417500.0			
3703700.0	3703700.0	9997750.0	2083160.0	17391300.0	1666560.0	19417500.0			
1386470.0	1386470.0	1302930.0	2352780.0	17391300.0	1666560.0	19417500.0			
1302930.0	1386470.0	1386470.0	2083160.0	17391300.0	349631.0	19417500.0			
1302930.0	1302930.0	1386470.0	2040820.0	826385.0	1666560.0	934553.0			
1386470.0	1386470.0	1386470.0	18168600.0	680272.0	1666560.0	961469.0			
1386470.0	1386470.0	1386470.0	2040820.0	7997120.0	2281260.0	1408430.0			
1302930.0	1311440.0	1386470.0	3278580.0	778192.0	1268460.0	502513.0			
1302930.0	1386470.0	1386470.0	2083160.0	716815.0	1237090.0	738002.0			
1302930.0	1302930.0	1386470.0	2040820.0	16658300.0	1232020.0	518132.0			
2234600.0	5969880.0	1307180.0	2040820.0	17391300.0	1279280.0	1408430.0			
1302930.0	1302930.0	1302930.0	2040820.0	17391300.0	53571400.0	706709.0			
1302930.0	1386470.0	1386470.0	2040820.0	14270400.0	33305600.0	706709.0			
1302930.0	1386470.0	1391280.0	2040820.0	784286.0	29973000.0	781238.0			
1302930.0	1386470.0	1302930.0	3278580.0	819622.0	29973000.0	706709.0			
1302930.0	1386470.0	8246910.0	2040820.0	13312000.0	2829990.0	760404.0			
1302930.0	1386470.0	1386470.0	2083160.0	7997120.0	1263130.0	945600.0			
1302930.0	1386470.0	1386470.0	2083160.0	816287.0	1232020.0	2856650.0			
1302930.0	1386470.0	1386470.0	2040820.0	778192.0	796756.0	775158.0			
1302930.0	1302930.0	1302930.0	3278580.0	7402470.0	274345.0	757546.0			
1302930.0	1302930.0	2051270.0	2040820.0	3124610.0	274345.0	2051090.0			
1302930.0	1386470.0	5969880.0	2040820.0	7997120.0	273596.0	2531260.0			
1302930.0	1386470.0	2051270.0	1738950.0	7997120.0	275856.0	23188400.0			
1302930.0	1302930.0	2051270.0	1550320.0	816287.0	763333.0	2631010.0			
2234600.0	5969880.0	1386470.0	1204820.0	15366900.0	15625000.0	1041590.0			
1302930.0	1302930.0	1386470.0	14273500.0	7402470.0	757541.0	1098810.0			
1302930.0	1302930.0	2266210.0	1204820.0	7402470.0	757541.0	5709880.0			
1302930.0	1302930.0	1386470.0	1204820.0	1666580.0	427337.0	1052550.0			
1302930.0	1302930.0	1391280.0	33333300.0	1257860.0	273596.0	1052550.0			
2051270.0	2051270.0	2234600.0	14273500.0	33333300.0	273596.0	2940010.0			
2234600.0	5969880.0	1302930.0	16658300.0	1639260.0	524918.0	4874480.0			
2051270.0	2051270.0	1386470.0	16658300.0	1273840.0	409821.0	4758510.0			
2051270.0	2051270.0	1302930.0	33333300.0	33333300.0	414063.0	18132400.0			
1302930.0	1386470.0	2083160.0	16658300.0	33333300.0	333327.0	5263160.0			
1302930.0	1302930.0	3278150.0	33333300.0	28522500.0	413205.0	6060060.0			
2051270.0	2051270.0	3278150.0	4081300.0	33333300.0	1470490.0	13329800.0			
1302930.0	1386470.0	2083160.0	14273500.0	1666580.0	1470490.0	9998500.0			
1302930.0	1386470.0	2083160.0	1219480.0	1639260.0	15359800.0	6249410.0			
2234600.0	2234600.0	2083160.0	1550320.0	28522500.0	8687720.0	6060060.0			
1302930.0	1302930.0	2040820.0	1550320.0	33333300.0	584770.0	6060060.0			
1302930.0	1302930.0	2040820.0	14273500.0	1639260.0	408151.0	18175200.0			
1302930.0	1302930.0	18168600.0	14273500.0	1639260.0	416648.0	6249410.0			
2040820.0	2040820.0	2040820.0	4081300.0	28522500.0	490182.0				
3278150.0	3278150.0	2352780.0	1550320.0	4545250.0	388338.0				
2040820.0	3278150.0	2352780.0	1204820.0	33333300.0	392138.0				
2040820.0	2040820.0	2040820.0	3921410.0	33333300.0	318972.0				
2040820.0	2040820.0	2352780.0	3921410.0	1639260.0	421922.0				
2040820.0	2040820.0	2040820.0	14273500.0	33333300.0	1226930.0				
2040820.0	2040820.0	2352780.0	14273500.0	28522500.0	1226930.0				
2040820.0	2040820.0	2083160.0	1550320.0	28522500.0	3999040.0				
2040820.0	2040820.0	2040820.0	33333300.0	3199770.0	15363300.0				
3278580.0	8329860.0	2352780.0	1574730.0	2649010.0	541983.0				
2040820.0	2040820.0	2083160.0	5127940.0	24235800.0	416651.0				
2040820.0	2040820.0	2040820.0	14273500.0	3018800.0	416651.0				
2040820.0	2040820.0	2040820.0	14273500.0	2787340.0	1265770.0				
2040820.0	2040820.0	8329860.0	1298680.0	39988000.0	4876620.0				
2040820.0	2040820.0	2040820.0	550955.0	69565200.0	5553700.0				
2040820.0	2040820.0	3278580.0	568158.0	69565200.0	1307090.0				
2040820.0	2040820.0	2040820.0	497512.0	57028800.0	4649870.0				
2040820.0	2040820.0	2040820.0	11594200.0	3041720.0	1282000.0				
2040820.0	2040820.0	2040820.0	497512.0	3174410.0	1282000.0				
2040820.0	2040820.0	2040820.0	514131.0	34746400.0	4649870.0				
2040820.0	2040820.0	2040820.0	11105600.0	24235800.0	4649870.0				
2040820.0	2040820.0	2040820.0	11594200.0	3161910.0	1282000.0				
2040820.0	2040820.0	3278580.0	11594200.0	3018800.0	4649870.0				
3278580.0	8329860.0	2040820.0	11594200.0	22845400.0	4649870.0				
2040820.0	2040820.0	2040820.0	11594200.0	11109900.0	1257810.0				
2040820.0	3278580.0	2083160.0	11594200.0	24235800.0	4760540.0				
2040820.0	2040820.0	2040820.0	11594200.0	24235800.0	5403650.0				
2040820.0	2040820.0	3278580.0	3998800.0	3161910.0	1709230.0				
2040820.0	2040820.0	2040820.0	11594200.0	38068000.0	4544220.0				
2040820.0	2040820.0	2040820.0	506314.0	22845400.0	1273840.0				
2040820.0	2040820.0	1738950.0	547936.0	22845400.0	1273840.0				
2040820.0	2040820.0	1550320.0	568158.0	66633300.0	4544220.0				
2040820.0	3278580.0	1204820.0	9992510.0	57142900.0	4544220.0				
2040820.0	2040820.0	1574730.0	9992510.0	66633300.0	1273840.0				
2040820.0	2040820.0	1738950.0	3635770.0	57142900.0	28498100.0				
2040820.0	2040820.0	1219480.0	547936.0	66633300.0	4544220.0				
2040820.0	2040820.0	14273500.0	497512.0	66633300.0	3029750.0				
2040820.0	3278580.0	1204820.0	3508400.0	66633300.0	724606.0				
2040820.0	2040820.0	1204820.0	3508400.0	100000000.0	694430.0				
2040820.0	2040820.0	33333300.0	11594200.0	100000000.0	689641.0				
1550320.0	1709230.0	14273500.0	11594200.0	66633300.0	719393.0				
1204820.0	1550320.0	14273500.0	547936.0	57142900.0	13322700.0				
1204820.0	1204820.0	14273500.0	11105600.0	57142900.0	7404120.0				
1550320.0	1550320.0	14273500.0	550955.0	66633300.0	6893700.0				
1550320.0	1709230.0	14273500.0	3508400.0	57142900.0	6893700.0				
1204820.0	1204820.0	14273500.0	9992510.0	57142900.0	17857100.0				
3921410.0	14273500.0	1219480.0	9992510.0	57142900.0	760404.0				
1204820.0	1204820.0	3921410.0	503773.0	57142900.0	689641.0				
1204820.0	1204820.0	14273500.0	1646030.0	66633300.0	529084.0				
1204820.0	1204820.0	1574730.0	1724030.0	66633300.0	11594200.0				
3921410.0	14273500.0	1204820.0	1418440.0	57142900.0	7404120.0				
3921410.0	14273500.0	1204820.0	26634700.0	66633300.0	529084.0				
3921410.0	14273500.0	1550320.0	1418440.0	57142900.0	9507510.0				
3921410.0	14273500.0	14273500.0	1486960.0	57142900.0	555528.0				
3921410.0	14273500.0	14273500.0	30747900.0	564962.0	537617.0				
3921410.0	14273500.0	3921410.0	34782600.0	561798.0	6055100.0				
3921410.0	14273500.0	1204820.0	34782600.0	11594200.0	6055100.0				
1204820.0	1204820.0	1204820.0	30747900.0	561798.0	579680.0				
3921410.0	3921410.0	3921410.0	34782600.0	564962.0	11594200.0				
3921410.0	14273500.0	3921410.0	30747900.0	11594200.0	6055100.0				
1204820.0	1550320.0	14273500.0	34782600.0	11594200.0	934553.0				
1204820.0	1204820.0	14273500.0	7998560.0	11594200.0	943356.0				
1204820.0	1204820.0	1550320.0	34782600.0	11594200.0	943356.0				
1204820.0	1204820.0	14273500.0	1428530.0	564962.0	934553.0				
3921410.0	3921410.0	1574730.0	1632610.0	561798.0	961469.0				
3921410.0	3921410.0	3921410.0	1724030.0	11594200.0	19417500.0				
3921410.0	3921410.0	3921410.0	26634700.0	11594200.0	19417500.0				
1204820.0	1204820.0	14273500.0	26634700.0	561798.0	19417500.0				
1204820.0	1204820.0	1298680.0	7998560.0	561798.0	19417500.0				
1204820.0	1204820.0	550955.0	1632610.0	11594200.0	943356.0				
1204820.0	1204820.0	547936.0	1418440.0	11594200.0	934553.0				
3921410.0	14273500.0	497512.0	7691120.0	11594200.0	934553.0				
3921410.0	3921410.0	550955.0	7691120.0	11594200.0	1408430.0				
1204820.0	1204820.0	550955.0	26634700.0	561798.0	738002.0				
3921410.0	14273500.0	499993.0	26634700.0	11594200.0	706709.0				
1204820.0	1550320.0	9992510.0	1632610.0	11594200.0	502513.0				
1204820.0	3921410.0	497512.0	30747900.0	11594200.0	738002.0				
3921410.0	3921410.0	514131.0	1646030.0	3291940.0	518132.0				
3921410.0	3921410.0	9992510.0	7691120.0	2711860.0	1408430.0				
1204820.0	1298680.0	11594200.0	26634700.0	38068000.0	706709.0				
547936.0	547936.0	11594200.0	26634700.0	3100700.0	706709.0				
497512.0	547936.0	11594200.0	1418440.0	2856960.0	539078.0				
497512.0	497512.0	11594200.0	851042.0	69565200.0	781238.0				
547936.0	547936.0	11594200.0	843860.0	61510100.0	706709.0				
547936.0	547936.0	11594200.0	729927.0	69565200.0	751829.0				
497512.0	497512.0	499993.0	17391300.0	69565200.0	2259620.0				
3508400.0	9992510.0	3845410.0	729927.0	3124890.0	2116200.0				
497512.0	497512.0	11594200.0	729927.0	3265110.0	932336.0				
497512.0	497512.0	550955.0	17391300.0	28553100.0	2856650.0				
497512.0	497512.0	503773.0	17391300.0	30758600.0	766253.0				
3508400.0	9992510.0	497512.0	17391300.0	3100700.0	749047.0				
3508400.0	9992510.0	547936.0	17391300.0	3100700.0	2051090.0				
3508400.0	9992510.0	9992510.0	17391300.0	28553100.0	2531260.0				
3508400.0	9992510.0	9992510.0	17391300.0	12306200.0	788913.0				
3508400.0	9992510.0	3508400.0	17391300.0	38068000.0	19961100.0				
3508400.0	9992510.0	497512.0	5404530.0	38068000.0	2531260.0				
3508400.0	9992510.0	497512.0	17391300.0	3100700.0	1030850.0				
497512.0	497512.0	3508400.0	749030.0	30758600.0	2468950.0				
3508400.0	3508400.0	3508400.0	843860.0	28553100.0	2631060.0				
3508400.0	9992510.0	9992510.0	843860.0	28553100.0	1086870.0				
497512.0	547936.0	9992510.0	17391300.0	970846.0	4997750.0				
503773.0	503773.0	547936.0	17391300.0	816327.0	1020380.0				
497512.0	497512.0	9992510.0	4761220.0	970846.0	1020380.0				
497512.0	497512.0	550955.0	843860.0	961511.0	2739050.0				
3508400.0	3508400.0	3508400.0	729927.0	823025.0	4345840.0				
3508400.0	3508400.0	3508400.0	4545250.0	970846.0	1020380.0				
3508400.0	3508400.0	9992510.0	4545250.0	970846.0	4345840.0				
497512.0	497512.0	497512.0	17391300.0	961511.0	11737800.0				
497512.0	497512.0	1646030.0	17391300.0	961511.0	5263160.0				
497512.0	497512.0	1632610.0	843860.0	970846.0	7691720.0				
497512.0	497512.0	1418440.0	17391300.0	961511.0	6060060.0				
3508400.0	9992510.0	1646030.0	851042.0	961511.0	6060060.0				
3508400.0	3508400.0	1646030.0	4545250.0	970846.0	9998500.0				
497512.0	497512.0	1428530.0	17391300.0	961511.0	7691720.0				
3508400.0	9992510.0	26634700.0	17391300.0	961511.0	5263160.0				
497512.0	547936.0	1418440.0	743489.0	961511.0	5263160.0				
497512.0	3508400.0	1486960.0	822994.0	816327.0	5263160.0				
3508400.0	3508400.0	26634700.0	819622.0	970846.0	18175200.0				
3508400.0	3508400.0	34782600.0	680272.0	970846.0	18175200.0				
497512.0	497512.0	34782600.0	7402470.0	961511.0	5263160.0				
1632610.0	1632610.0	26634700.0	680272.0	970846.0					
1418440.0	1632610.0	34782600.0	711729.0	961511.0					
1418440.0	1418440.0	26634700.0	15366900.0	961511.0					
1632610.0	1632610.0	34782600.0	14270400.0	4079140.0					
1632610.0	1632610.0	1428530.0	16658300.0	5127420.0					
1418440.0	1418440.0	7691120.0	7997120.0	8318780.0					
7691120.0	26634700.0	34782600.0	17391300.0	3636360.0					
1418440.0	1418440.0	1646030.0	7997120.0	4079140.0					
1418440.0	1418440.0	1418440.0	17391300.0	8318780.0					
1418440.0	1418440.0	1418440.0	3225490.0	4079140.0					
7691120.0	26634700.0	1632610.0	14270400.0	3636360.0					
7691120.0	26634700.0	26634700.0	684917.0	6664450.0					
7691120.0	26634700.0	26634700.0	778192.0	4079140.0					
7691120.0	26634700.0	7691120.0	819622.0	3636360.0					
7691120.0	26634700.0	1418440.0	7402470.0	3636360.0					
7691120.0	26634700.0	1418440.0	7402470.0	4079140.0					
7691120.0	26634700.0	7691120.0	3225490.0	3636360.0					
1418440.0	1418440.0	7691120.0	778192.0	3636360.0					
7691120.0	7691120.0	26634700.0	680272.0	3636360.0					
7691120.0	26634700.0	26634700.0	3124610.0	3636360.0					
1418440.0	1632610.0	1632610.0	3124610.0	8318780.0					
1418440.0	1418440.0	26634700.0	7402470.0	8318780.0					
1418440.0	1418440.0	1646030.0	7402470.0	3636360.0					
1418440.0	1418440.0	7691120.0	778192.0	4079140.0					
7691120.0	7691120.0	7691120.0	15366900.0	3636360.0					
7691120.0	7691120.0	26634700.0	784286.0	3636360.0					
7691120.0	7691120.0	1418440.0	3845270.0	1369840.0					
1418440.0	1418440.0	851042.0	7402470.0	1284110.0					
1418440.0	1418440.0	843860.0	7402470.0	1369840.0					
1418440.0	1418440.0	729927.0	709210.0	62500000.0					
1418440.0	1418440.0	851042.0	1666580.0	1288230.0					
7691120.0	26634700.0	851042.0	1639260.0	1369840.0					
7691120.0	7691120.0	735278.0	1257860.0	1369840.0					
1418440.0	1418440.0	17391300.0	33333300.0	1365170.0					
7691120.0	26634700.0	729927.0	1257860.0	1365170.0					
1418440.0	1632610.0	729927.0	1257860.0	62500000.0					
1418440.0	7691120.0	17391300.0	33333300.0	1365170.0					
7691120.0	7691120.0	17391300.0	33333300.0	1365170.0					
7691120.0	7691120.0	17391300.0	33333300.0	1369840.0					
1418440.0	1418440.0	17391300.0	33333300.0	2209870.0					
843860.0	843860.0	17391300.0	28522500.0	7545750.0					
729927.0	843860.0	17391300.0	33333300.0	2209870.0					
729927.0	729927.0	17391300.0	28522500.0	2005000.0					
843860.0	843860.0	735278.0	5404530.0	1369840.0					
843860.0	843860.0	5127940.0	33333300.0	1369840.0					
729927.0	729927.0	17391300.0	1315690.0	2209870.0					
4545250.0	17391300.0	851042.0	1639260.0	1369840.0					
729927.0	729927.0	743489.0	1639260.0	1365170.0					
729927.0	729927.0	729927.0	28522500.0	1365170.0					
729927.0	729927.0	843860.0	28522500.0	3920420.0					
4545250.0	17391300.0	17391300.0	4761220.0	1941630.0					
4545250.0	17391300.0	17391300.0	1639260.0	2083070.0					
4545250.0	17391300.0	4545250.0	1257860.0	1941630.0					
4545250.0	17391300.0	729927.0	4545250.0	4760880.0					
4545250.0	17391300.0	729927.0	4545250.0	2409120.0					
4545250.0	17391300.0	4545250.0	33333300.0	2272420.0					
4545250.0	17391300.0	4545250.0	33333300.0	2221930.0					
729927.0	729927.0	17391300.0	1639260.0	2352440.0					
4545250.0	4545250.0	17391300.0	33333300.0	1980080.0					
4545250.0	17391300.0	843860.0	1666580.0	28510300.0					
729927.0	843860.0	17391300.0	4545250.0	1941630.0					
743489.0	743489.0	851042.0	28522500.0	3124710.0					
729927.0	729927.0	4545250.0	28522500.0	1941630.0					
729927.0	729927.0	4545250.0	1298680.0	1941630.0					
4545250.0	4545250.0	17391300.0	3187060.0	1941630.0					
4545250.0	4545250.0	729927.0	3174410.0	1428570.0					
4545250.0	4545250.0	822994.0	2649010.0	2083070.0					
729927.0	729927.0	778192.0	22845400.0	3389140.0					
729927.0	729927.0	680272.0	2649010.0	1941630.0					
729927.0	729927.0	784286.0	2768110.0	1980080.0					
729927.0	729927.0	822994.0	38068000.0	3029750.0					
4545250.0	17391300.0	684917.0	36338900.0	1941630.0					
4545250.0	4545250.0	7402470.0	39988000.0	1063780.0					
729927.0	729927.0	680272.0	24235800.0	873362.0					
4545250.0	17391300.0	711729.0	69565200.0	2940400.0					
729927.0	843860.0	13312000.0	24235800.0	1041620.0					
729927.0	4545250.0	14270400.0	69565200.0	888857.0					
4545250.0	4545250.0	14270400.0	11427600.0	2940400.0					
4545250.0	4545250.0	7402470.0	36338900.0	3277880.0					
729927.0	729927.0	14270400.0	2666610.0	3075930.0					
778192.0	816287.0	7402470.0	3018800.0	2777080.0					
680272.0	778192.0	14270400.0	3174410.0	1063780.0					
680272.0	680272.0	684917.0	22845400.0	1041620.0					
778192.0	778192.0	3124610.0	22845400.0	13306700.0					
778192.0	816287.0	14270400.0	12899100.0	2739160.0					
680272.0	680272.0	784286.0	3018800.0	1111020.0					
3124610.0	7402470.0	680272.0	2649010.0	1041620.0					
680272.0	680272.0	680272.0	11109900.0	2596900.0					
680272.0	680272.0	778192.0	11109900.0	2597230.0					
680272.0	680272.0	7402470.0	22845400.0	2940400.0					
3124610.0	7402470.0	7402470.0	22845400.0	2940400.0					
3124610.0	7402470.0	3124610.0	3018800.0	1111020.0					
3124610.0	7402470.0	680272.0	38068000.0	3277880.0					
3124610.0	7402470.0	680272.0	3041720.0	4997000.0					
3124610.0	7402470.0	3124610.0	13330700.0	4997000.0					
3124610.0	7402470.0	3124610.0	22845400.0	869520.0					
3124610.0	7402470.0	7402470.0	22845400.0	732601.0					
680272.0	680272.0	7402470.0	2758580.0	1738770.0					
3124610.0	3124610.0	778192.0	66633300.0	847415.0					
3124610.0	7402470.0	7402470.0	57142900.0	1281950.0					
680272.0	778192.0	784286.0	57142900.0	1738770.0					
680272.0	680272.0	3124610.0	57142900.0	1738770.0					
680272.0	680272.0	3124610.0	57142900.0	1652560.0					
680272.0	680272.0	7402470.0	57142900.0	1652560.0					
3124610.0	3124610.0	709210.0	66633300.0	869520.0					
3124610.0	3124610.0	1666580.0	57142900.0	1599620.0					
3124610.0	3124610.0	1639260.0	66633300.0	1652560.0					
680272.0	680272.0	1257860.0	66633300.0	33333300.0					
680272.0	680272.0	1666580.0	57142900.0	847415.0					
680272.0	680272.0	1666580.0	66633300.0	847415.0					
680272.0	680272.0	1273840.0	57142900.0	1652560.0					
3124610.0	7402470.0	28522500.0	99925100.0	1265760.0					
3124610.0	3124610.0	1257860.0	57142900.0	1738770.0					
680272.0	680272.0	1257860.0	66633300.0	25000000.0					
3124610.0	7402470.0	28522500.0	57142900.0	847415.0					
680272.0	778192.0	28522500.0	57142900.0	1738770.0					
680272.0	3124610.0	28522500.0	57142900.0	19904500.0					
3124610.0	3124610.0	33333300.0	57142900.0	1652560.0					
3124610.0	3124610.0	28522500.0	100000000.0	349631.0					
680272.0	709210.0	33333300.0	57142900.0	344828.0					
1639260.0	1639260.0	28522500.0	57142900.0	1785200.0					
1257860.0	1639260.0	1273840.0	57142900.0	344828.0					
1257860.0	1257860.0	5127940.0	57142900.0	349631.0					
1639260.0	1639260.0	28522500.0	57142900.0	1785200.0					
1639260.0	1639260.0	1666580.0	57142900.0	1785200.0					
1257860.0	1257860.0	1298680.0	57142900.0	1785200.0					
4545250.0	28522500.0	1257860.0	66633300.0	1785200.0					
1257860.0	1257860.0	1639260.0	66633300.0	349631.0					
1257860.0	1257860.0	28522500.0	57142900.0	344828.0					
1257860.0	1257860.0	28522500.0	57142900.0	1666560.0					
4545250.0	28522500.0	4545250.0	57142900.0	1785200.0					
4545250.0	28522500.0	1257860.0	57142900.0	344828.0					
4545250.0	28522500.0	1257860.0	564962.0	344828.0					
4545250.0	28522500.0	4545250.0	561798.0	1666560.0					
4545250.0	28522500.0	4545250.0	561798.0	1666560.0					
4545250.0	28522500.0	28522500.0	11594200.0	1785200.0					
4545250.0	28522500.0	28522500.0	561798.0	1785200.0					
1257860.0	1257860.0	1639260.0	561798.0	344828.0					
4545250.0	4545250.0	28522500.0	11594200.0	1785200.0					
4545250.0	28522500.0	1666580.0	11594200.0	1666560.0					
1257860.0	1639260.0	4545250.0	11594200.0	1666560.0					
1298680.0	1298680.0	4545250.0	11594200.0	1237090.0					
1257860.0	1257860.0	28522500.0	11594200.0	1232030.0					
1257860.0	1257860.0	1257860.0	11594200.0	1237090.0					
4545250.0	4545250.0	3187060.0	11594200.0	2281260.0					
4545250.0	4545250.0	3018800.0	11594200.0	1149420.0					
4545250.0	4545250.0	2649010.0	11594200.0	1237090.0					
1257860.0	1257860.0	3041720.0	573046.0	1268460.0					
1257860.0	1257860.0	3187060.0	561798.0	1263130.0					
1257860.0	1257860.0	2666610.0	561798.0	1232020.0					
1257860.0	1257860.0	22845400.0	11594200.0	2298720.0					
4545250.0	28522500.0	2649010.0	11594200.0	1232020.0					
4545250.0	4545250.0	2768110.0	11594200.0	1263130.0					
1257860.0	1257860.0	34746400.0	561798.0	1237090.0					
4545250.0	28522500.0	36338900.0	561798.0	53571400.0					
1257860.0	1639260.0	36338900.0	11594200.0	29973000.0					
1257860.0	4545250.0	22845400.0	11594200.0	29973000.0					
4545250.0	4545250.0	36338900.0	11594200.0	10525600.0					
4545250.0	4545250.0	22845400.0	11594200.0	1237090.0					
1257860.0	1257860.0	36338900.0	561798.0	1237090.0					
3018800.0	3161910.0	2739540.0	11594200.0	2803580.0					
2649010.0	3018800.0	11109900.0	564962.0	1268460.0					
2649010.0	2649010.0	36338900.0	11594200.0	1232020.0					
3018800.0	3018800.0	3041720.0	11594200.0	1232020.0					
3018800.0	3161910.0	2649010.0	11594200.0	274345.0					
2649010.0	2649010.0	2649010.0	569794.0	273597.0					
11109900.0	22845400.0	3018800.0	3124890.0	274345.0					
2649010.0	2649010.0	22845400.0	3265110.0	796756.0					
2649010.0	2649010.0	22845400.0	2711860.0	261095.0					
2649010.0	2649010.0	12495300.0	34746400.0	274345.0					
11109900.0	22845400.0	2649010.0	2711860.0	274345.0					
11109900.0	22845400.0	2649010.0	2836820.0	273596.0					
11109900.0	22845400.0	11109900.0	30758600.0	273596.0					
11109900.0	22845400.0	11109900.0	69565200.0	803145.0					
11109900.0	22845400.0	22845400.0	61510100.0	273596.0					
11109900.0	22845400.0	22845400.0	38068000.0	273596.0					
11109900.0	22845400.0	3018800.0	53280100.0	274345.0					
2721010.0	2721010.0	22845400.0	38068000.0	757541.0					
11109900.0	11109900.0	3041720.0	53280100.0	15625000.0					
11109900.0	22845400.0	11109900.0	13789500.0	757541.0					
2649010.0	3018800.0	11109900.0	69565200.0	664447.0					
2649010.0	2649010.0	22845400.0	2777630.0	274345.0					
2649010.0	2649010.0	2758580.0	3100700.0	274345.0					
2649010.0	2649010.0	66633300.0	3265110.0	425521.0					
11109900.0	11109900.0	57142900.0	28553100.0	274345.0					
11109900.0	11109900.0	57142900.0	28553100.0	273596.0					
11109900.0	11109900.0	66633300.0	14540200.0	273596.0					
2649010.0	2649010.0	66633300.0	3100700.0	331670.0					
2649010.0	2649010.0	66633300.0	2711860.0	330577.0					
2649010.0	2649010.0	57142900.0	12306200.0	414063.0					
2649010.0	2649010.0	57142900.0	12306200.0	524918.0					
11109900.0	22845400.0	57142900.0	34746400.0	312498.0					
11109900.0	11109900.0	57142900.0	34746400.0	414063.0					
2649010.0	2649010.0	57142900.0	3100700.0	409821.0					
11109900.0	22845400.0	57142900.0	30758600.0	408151.0					
2649010.0	3018800.0	57142900.0	3124890.0	412358.0					
2649010.0	11109900.0	57142900.0	12306200.0	527684.0					
11109900.0	11109900.0	57142900.0	28553100.0	330575.0					
11109900.0	11109900.0	57142900.0	28553100.0	408151.0					
2649010.0	2758580.0	100000000.0	2758580.0	409821.0					
57142900.0	57142900.0	79984000.0	970846.0	1449150.0					
57142900.0	57142900.0	57142900.0	961511.0	1449150.0					
57142900.0	57142900.0	66633300.0	816327.0	8687720.0					
57142900.0	57142900.0	57142900.0	961511.0	3333060.0					
57142900.0	57142900.0	57142900.0	816327.0	414063.0					
57142900.0	57142900.0	57142900.0	816327.0	414063.0					
57142900.0	57142900.0	57142900.0	970846.0	581375.0					
57142900.0	57142900.0	57142900.0	961511.0	409821.0					
57142900.0	57142900.0	100000000.0	970846.0	408151.0					
57142900.0	57142900.0	57142900.0	970846.0	416648.0					
57142900.0	57142900.0	57142900.0	961511.0	317456.0					
57142900.0	57142900.0	57142900.0	970846.0	316455.0					
57142900.0	57142900.0	57142900.0	961511.0	392138.0					
57142900.0	57142900.0	57142900.0	823025.0	490182.0					
57142900.0	57142900.0	57142900.0	961511.0	299848.0					
57142900.0	57142900.0	57142900.0	823025.0	392138.0					
57142900.0	57142900.0	57142900.0	961511.0	388338.0					
100000000.0	100000000.0	66633300.0	961511.0	386838.0					
57142900.0	79984000.0	57142900.0	961511.0	390609.0					
57142900.0	57142900.0	57142900.0	961511.0	492593.0					
57142900.0	57142900.0	57142900.0	823025.0	316453.0					
57142900.0	57142900.0	57142900.0	961511.0	416651.0					
57142900.0	57142900.0	564962.0	816327.0	388338.0					
57142900.0	57142900.0	561798.0	816327.0	1212030.0					
57142900.0	57142900.0	561798.0	816327.0	1212030.0					
57142900.0	57142900.0	564962.0	961511.0	3999040.0					
57142900.0	57142900.0	564962.0	961511.0	3999680.0					
57142900.0	57142900.0	564962.0	961511.0	392138.0					
57142900.0	57142900.0	11594200.0	970846.0	392138.0					
57142900.0	57142900.0	561798.0	970846.0	539066.0					
57142900.0	57142900.0	561798.0	816327.0	388338.0					
57142900.0	57142900.0	11594200.0	961511.0	416651.0					
57142900.0	57142900.0	11594200.0	961511.0	416651.0					
57142900.0	57142900.0	11594200.0	816327.0	1282000.0					
57142900.0	57142900.0	11594200.0	4079140.0	1257850.0					
57142900.0	57142900.0	11594200.0	3636360.0	5553700.0					
57142900.0	57142900.0	11594200.0	5127420.0	1265770.0					
57142900.0	57142900.0	11594200.0	6664450.0	1036250.0					
57142900.0	57142900.0	571404.0	3636360.0	5553700.0					
57142900.0	57142900.0	11594200.0	3636360.0	4876620.0					
561798.0	561798.0	11594200.0	4079140.0	4649870.0					
561798.0	561798.0	564962.0	6664450.0	5261500.0					
561798.0	561798.0	569794.0	4079140.0	1282000.0					
561798.0	561798.0	561798.0	8318780.0	1265770.0					
561798.0	561798.0	561798.0	3636360.0	4649870.0					
561798.0	561798.0	11594200.0	8318780.0	4876620.0					
11594200.0	11594200.0	11594200.0	3636360.0	1265770.0					
561798.0	561798.0	11594200.0	8318780.0	1265770.0					
561798.0	561798.0	561798.0	6664450.0	4649870.0					
561798.0	561798.0	561798.0	33333300.0	2499940.0					
11594200.0	11594200.0	11594200.0	3636360.0	33333300.0					
11594200.0	11594200.0	11594200.0	3636360.0	5553700.0					
11594200.0	11594200.0	11594200.0	3636360.0	1265770.0					
11594200.0	11594200.0	11594200.0	3636360.0	4876620.0					
11594200.0	11594200.0	561798.0	4079140.0	4649870.0					
11594200.0	11594200.0	11594200.0	3636360.0	4649870.0					
11594200.0	11594200.0	564962.0	3636360.0	1273840.0					
561798.0	568172.0	11594200.0	3636360.0	1020410.0					
11594200.0	11594200.0	11594200.0	3636360.0	5403650.0					
11594200.0	11594200.0	11594200.0	6664450.0	1257810.0					
561798.0	561798.0	561798.0	6664450.0	1273850.0					
569794.0	569794.0	3124890.0	3636360.0	5403650.0					
561798.0	561798.0	3100700.0	4079140.0	4760540.0					
561798.0	561798.0	2711860.0	4079140.0	4544220.0					
11594200.0	11594200.0	3124890.0	3636360.0	5126630.0					
11594200.0	11594200.0	3124890.0	3636360.0	1273840.0					
11594200.0	11594200.0	2730290.0	3636360.0	1639180.0					
561798.0	561798.0	28553100.0	6664450.0	4544220.0					
561798.0	561798.0	2711860.0	1369840.0	33333300.0					
561798.0	561798.0	2836820.0	1365170.0	1257810.0					
561798.0	561798.0	28553100.0	1284110.0	1257810.0					
11594200.0	11594200.0	53280100.0	1365170.0	4544220.0					
11594200.0	11594200.0	53280100.0	20506500.0	2469070.0					
561798.0	561798.0	34746400.0	1284110.0	5403650.0					
11594200.0	11594200.0	53280100.0	1369840.0	33333300.0					
561798.0	561798.0	34746400.0	1365170.0	1257810.0					
561798.0	11594200.0	53280100.0	1369840.0	4760540.0					
11594200.0	11594200.0	2806820.0	1369840.0	28498100.0					
11594200.0	11594200.0	13330700.0	1365170.0	4544220.0					
561798.0	561798.0	53280100.0	1369840.0	694430.0					
3100700.0	3100700.0	3124890.0	1365170.0	689650.0					
2711860.0	3100700.0	2758580.0	1288230.0	694430.0					
2711860.0	2711860.0	2711860.0	1365170.0	3029750.0					
3100700.0	3100700.0	3100700.0	1288230.0	615377.0					
3100700.0	3100700.0	28553100.0	62500000.0	694430.0					
2711860.0	2711860.0	28553100.0	1365170.0	724606.0					
12306200.0	28553100.0	14029200.0	1365170.0	719393.0					
2711860.0	2711860.0	2711860.0	1365170.0	689641.0					
2711860.0	2711860.0	2711860.0	1288230.0	3124410.0					
2711860.0	2711860.0	12306200.0	2209870.0	689641.0					
12306200.0	28553100.0	12306200.0	5593940.0	719393.0					
12306200.0	28553100.0	28553100.0	2005000.0	694430.0					
12306200.0	28553100.0	28553100.0	2005000.0	11756400.0					
12306200.0	28553100.0	3100700.0	1365170.0	6893700.0					
12306200.0	28553100.0	28553100.0	1365170.0	6893700.0					
12306200.0	28553100.0	3124890.0	2209870.0	3030210.0					
12306200.0	28553100.0	12306200.0	1369840.0	694430.0					
2787380.0	2787380.0	12306200.0	1369840.0	694430.0					
12306200.0	12306200.0	28553100.0	2179770.0	17857100.0					
12306200.0	28553100.0	2711860.0	1365170.0	766248.0					
2711860.0	3100700.0	970846.0	1365170.0	727241.0					
2758580.0	2758580.0	961511.0	1284110.0	689641.0					
2711860.0	2711860.0	816327.0	1980080.0	537617.0					
2711860.0	2711860.0	970846.0	3772520.0	481928.0					
12306200.0	12306200.0	970846.0	1941630.0	7404120.0					
12306200.0	12306200.0	5404530.0	2040570.0	529084.0					
12306200.0	12306200.0	961511.0	1428570.0	488983.0					
2711860.0	2711860.0	816327.0	4544830.0	7404120.0					
2711860.0	2711860.0	816327.0	1980080.0	11594200.0					
2711860.0	2711860.0	961511.0	2352440.0	9507510.0					
2711860.0	2711860.0	961511.0	2272420.0	6055100.0					
12306200.0	28553100.0	961511.0	2083070.0	537617.0					
12306200.0	12306200.0	961511.0	2221930.0	529084.0					
2711860.0	2711860.0	961511.0	2083070.0	9507510.0					
12306200.0	28553100.0	961511.0	2221930.0	7404120.0					
2711860.0	3100700.0	961511.0	1503620.0	546421.0					
2711860.0	12306200.0	823025.0	2352440.0	529084.0					
12306200.0	12306200.0	816327.0	1503620.0	6055100.0					
12306200.0	12306200.0	961511.0	1941630.0	2856900.0					
2711860.0	2711860.0	19417500.0	12488300.0	7404120.0					
961511.0	961511.0	816327.0	1941630.0	7404120.0					
816327.0	961511.0	816327.0	3029750.0	569771.0					
816327.0	816327.0	961511.0	1449210.0	11594200.0					
961511.0	961511.0	961511.0	1941630.0	11088900.0					
961511.0	961511.0	961511.0	1428570.0	6055100.0					
5127940.0	5127940.0	816327.0	1428570.0	943356.0					
816327.0	961511.0	816327.0	1428570.0	796813.0					
816327.0	816327.0	816327.0	2040570.0	943356.0					
816327.0	816327.0	816327.0	3277720.0	934553.0					
816327.0	816327.0	816327.0	1941630.0	803198.0					
816327.0	961511.0	961511.0	1980080.0	943356.0					
816327.0	961511.0	961511.0	1980080.0	943356.0					
816327.0	961511.0	961511.0	1428570.0	934553.0					
816327.0	961511.0	961511.0	3029750.0	934553.0					
816327.0	961511.0	970846.0	1941630.0	943356.0					
816327.0	961511.0	816327.0	1481460.0	934553.0					
816327.0	961511.0	816327.0	1136310.0	934553.0					
816327.0	816327.0	961511.0	1041620.0	943356.0					
816327.0	816327.0	816327.0	873362.0	19417500.0					
816327.0	961511.0	4079140.0	2777080.0	19417500.0					
5127940.0	19417500.0	3636360.0	873362.0	19417500.0					
816327.0	816327.0	3636360.0	873362.0	4444250.0					
816327.0	816327.0	4079140.0	3277880.0	943356.0					
816327.0	816327.0	4079140.0	2777080.0	943356.0					
816327.0	816327.0	4079140.0	2739160.0	934553.0					
816327.0	816327.0	3636360.0	2940400.0	943356.0					
816327.0	816327.0	3636360.0	3075930.0	934553.0					
816327.0	816327.0	3636360.0	2940400.0	934553.0					
816327.0	816327.0	3636360.0	3075930.0	502513.0					
816327.0	816327.0	3636360.0	1904510.0	502513.0					
816327.0	816327.0	3636360.0	2777080.0	706709.0					
816327.0	961511.0	6664450.0	909033.0	1408430.0					
816327.0	816327.0	3636360.0	1041620.0	502513.0					
816327.0	816327.0	6664450.0	1041620.0	706709.0					
816327.0	961511.0	3636360.0	7400830.0	738002.0					
816327.0	961511.0	4079140.0	2596900.0	738002.0					
816327.0	816327.0	6664450.0	1817980.0	706709.0					
816327.0	816327.0	3636360.0	1041620.0	1408430.0					
816327.0	816327.0	4079140.0	873362.0	502513.0					
816327.0	816327.0	33288900.0	1754360.0	738002.0					
3636360.0	3636360.0	3636360.0	1754360.0	706709.0					
3636360.0	3636360.0	3636360.0	2777080.0	518132.0					
3636360.0	3636360.0	3636360.0	2777080.0	1408430.0					
3636360.0	3636360.0	3636360.0	1041620.0	706709.0					
3636360.0	3636360.0	3636360.0	3277880.0	706709.0					
3636360.0	3636360.0	3636360.0	1098830.0	706709.0					
3636360.0	3636360.0	3636360.0	1960710.0	706709.0					
3636360.0	3636360.0	3636360.0	4997000.0	539078.0					
3636360.0	3636360.0	3636360.0	4997000.0	781238.0					
3636360.0	3636360.0	3636360.0	970846.0	746258.0					
3636360.0	3636360.0	3636360.0	884830.0	706709.0					
3636360.0	3636360.0	3636360.0	847415.0	749047.0					
3636360.0	3636360.0	3636360.0	732601.0	693241.0					
3636360.0	3636360.0	4079140.0	1652560.0	2116200.0					
3636360.0	3636360.0	3636360.0	732601.0	740724.0					
3636360.0	3636360.0	3636360.0	1234520.0	869543.0					
3636360.0	3636360.0	3636360.0	1738770.0	2116200.0					
3636360.0	3636360.0	3636360.0	1652560.0	2259620.0					
3636360.0	3636360.0	1369840.0	1738770.0	2185540.0					
3636360.0	3636360.0	1365170.0	1738770.0	2051090.0					
3636360.0	3636360.0	1284110.0	1652560.0	749047.0					
6664450.0	14279600.0	1369840.0	1738770.0	932336.0					
3636360.0	3636360.0	1369840.0	1652560.0	2739330.0					
3636360.0	3636360.0	1288230.0	1315510.0	5712330.0					
3636360.0	3636360.0	1365170.0	1652560.0	757546.0					
3636360.0	3636360.0	5593940.0	749030.0	740724.0					
3636360.0	3636360.0	1284110.0	847415.0	2051090.0					
3636360.0	3636360.0	1365170.0	1599620.0	2051240.0					
3636360.0	3636360.0	1365170.0	1652560.0	2116200.0					
3636360.0	3636360.0	1365170.0	33156500.0	5127020.0					
3636360.0	3636360.0	1365170.0	1315510.0	779686.0					
3636360.0	3636360.0	1365170.0	847415.0	2468820.0					
3636360.0	3636360.0	1365170.0	732601.0	12483600.0					
3636360.0	3636360.0	1365170.0	1265760.0	2531260.0					
3636360.0	3636360.0	1288230.0	1265760.0	1020380.0					
3636360.0	3636360.0	1284110.0	1652560.0	851064.0					
3636360.0	3636360.0	1365170.0	19904500.0	2631060.0					
3636360.0	3636360.0	1369840.0	847415.0	1010070.0					
3636360.0	3636360.0	1284110.0	1738770.0	892825.0					
3636360.0	3636360.0	20506500.0	869520.0	2631060.0					
1365170.0	1365170.0	1365170.0	1265760.0	2468950.0					
1284110.0	1365170.0	1365170.0	19904500.0	2409290.0					
1284110.0	1284110.0	1365170.0	1652560.0	2563410.0					
1365170.0	1365170.0	1284110.0	732601.0	1020380.0					
1365170.0	1365170.0	2005000.0	349631.0	1058130.0					
1284110.0	1284110.0	5593940.0	344828.0	4345840.0					
1284110.0	1365170.0	2005000.0	344828.0	2596900.0					
1284110.0	1284110.0	2005000.0	1666560.0	1010070.0					
2179770.0	5593940.0	1365170.0	344828.0	1010070.0					
1284110.0	1284110.0	1365170.0	344828.0	2409290.0					
1284110.0	1365170.0	2209870.0	1785200.0	2409490.0					
1284110.0	1365170.0	1365170.0	1666560.0	2631060.0					
1284110.0	1365170.0	1369840.0	1785200.0	2631060.0					
1284110.0	1365170.0	2179770.0	1785200.0	1010070.0					
1284110.0	1365170.0	1284110.0	1666560.0	2468950.0					
1284110.0	1365170.0	1365170.0	1785200.0	4345840.0					
1284110.0	1365170.0	1284110.0	1666560.0	7682560.0					
1284110.0	1284110.0	1980080.0	1785200.0	5263160.0					
1284110.0	1284110.0	3029610.0	1666560.0	5263160.0					
1284110.0	1365170.0	1941630.0	349631.0	6060060.0					
1284110.0	1365170.0	1980080.0	344828.0	5263160.0					
1284110.0	1284110.0	1980080.0	344828.0	5263160.0					
2179770.0	5593940.0	1449210.0	1666560.0	6060060.0					
1284110.0	1284110.0	1941630.0	1666560.0	7691720.0					
1284110.0	1284110.0	1428570.0	8695650.0	7691720.0					
1284110.0	1284110.0	3773160.0	344828.0	6060060.0					
1284110.0	1284110.0	1941630.0	344828.0	5263160.0					
2005000.0	2005000.0	2221930.0	1666560.0	5263160.0					
2179770.0	5593940.0	2221930.0	1666560.0	7691720.0					
2005000.0	2005000.0	2040570.0	1666560.0	5263160.0					
2005000.0	2005000.0	2221930.0	1666560.0	7691720.0					
1284110.0	1365170.0	2040570.0	344828.0	5263160.0					
1284110.0	1284110.0	2221930.0	1785200.0	5263160.0					
2005000.0	2005000.0	1449210.0	349631.0	5263160.0					
1284110.0	1365170.0	1481460.0	1666560.0	6060060.0					
1284110.0	1365170.0	2221930.0	1666560.0	6060060.0					
2179770.0	2179770.0	1980080.0	1666560.0	18175200.0					
1284110.0	1284110.0	1481460.0	344828.0	18175200.0					
1284110.0	1284110.0	1428570.0	1268460.0	8694900.0					
1284110.0	1284110.0	6892990.0	1232020.0	5263160.0					
1941630.0	1941630.0	1941630.0	1232030.0						
1941630.0	3029610.0	3029750.0	1232020.0						
1428570.0	1941630.0	1428570.0	1999990.0						
1941630.0	1941630.0	1428570.0	1145040.0						
1941630.0	1941630.0	1428570.0	1268460.0						
1428570.0	1428570.0	1428570.0	1232020.0						
1428570.0	1941630.0	1428570.0	1237090.0						
1428570.0	1428570.0	1941630.0	1237090.0						
1428570.0	1428570.0	3029750.0	1263130.0						
1941710.0	3030030.0	1941630.0	1237090.0						
1428570.0	1941630.0	1941630.0	1263130.0						
1428570.0	1941630.0	1980080.0	1149420.0						
1428570.0	1941630.0	1428570.0	1232020.0						
1428570.0	1941630.0	1941710.0	1149420.0						
1428570.0	1941630.0	1941630.0	2281260.0						
1428570.0	1941630.0	1428570.0	1232020.0						
1428570.0	1941630.0	1136310.0	1232020.0						
1428570.0	1428570.0	1041620.0	1232020.0						
1428570.0	1428570.0	873362.0	1149420.0						
1428570.0	1941630.0	1063780.0	29973000.0						
1428570.0	1941630.0	1136310.0	10525600.0						
1481460.0	1481460.0	888857.0	10525600.0						
1428570.0	1428570.0	2596900.0	10525600.0						
1941710.0	3030030.0	873362.0	1232020.0						
1428570.0	1428570.0	873362.0	1232020.0						
1428570.0	1941710.0	3075930.0	2654730.0						
1428570.0	1428570.0	2596900.0	1268460.0						
1428570.0	1428570.0	2596900.0	2197710.0						
1428570.0	1428570.0	2777080.0	1171870.0						
1428570.0	1428570.0	2596900.0	1232020.0						
1428570.0	1428570.0	2777080.0	1232020.0						
1428570.0	1941630.0	2596900.0	1185760.0						
1428570.0	1941710.0	888857.0	274345.0						
1428570.0	1428570.0	1834810.0	273596.0						
1428570.0	1941630.0	2596900.0	273597.0						
1428570.0	1941630.0	1063780.0	273596.0						
1428570.0	1428570.0	892845.0	694435.0						
1428570.0	1941710.0	873362.0	260417.0						
1428570.0	1428570.0	1041620.0	274345.0						
1428570.0	1428570.0	4997000.0	273596.0						
1041620.0	1111020.0	2596900.0	274345.0						
873362.0	1041620.0	1754360.0	274345.0						
873362.0	873362.0	873362.0	273596.0						
1041620.0	1041620.0	873362.0	274345.0						
1041620.0	1111020.0	1754360.0	273596.0						
873362.0	873362.0	1754360.0	261095.0						
1754360.0	2596900.0	2596900.0	273596.0						
873362.0	873362.0	2596900.0	261095.0						
873362.0	873362.0	1041620.0	796756.0						
873362.0	873362.0	2596900.0	273596.0						
1754360.0	2596900.0	1063780.0	273596.0						
1754360.0	2596900.0	1754360.0	273596.0						
1754360.0	2596900.0	2597230.0	261095.0						
1754360.0	2596900.0	4997000.0	757541.0						
1754360.0	2596900.0	947854.0	4444250.0						
1754360.0	2596900.0	869520.0	664447.0						
1754360.0	2596900.0	847415.0	664447.0						
873362.0	873362.0	732601.0	273596.0						
1754360.0	1754360.0	869520.0	273596.0						
1754360.0	2596900.0	869520.0	425521.0						
873362.0	1041620.0	760341.0	274345.0						
892845.0	892845.0	1652560.0	386838.0						
873362.0	873362.0	732601.0	390623.0						
873362.0	873362.0	1234520.0	273596.0						
1754360.0	2597230.0	1652560.0	273596.0						
1754360.0	1754360.0	1652560.0	262466.0						
1754360.0	1754360.0	1652560.0	331670.0						
873362.0	873362.0	1652560.0	330575.0						
873362.0	873362.0	1652560.0	330577.0						
873362.0	873362.0	1652560.0	412358.0						
873362.0	873362.0	1652560.0	478467.0						
1754360.0	2596900.0	749030.0	311526.0						
1754360.0	1754360.0	1265760.0	409821.0						
873362.0	873362.0	1652560.0	412358.0						
1754360.0	2596900.0	869520.0	409821.0						
873362.0	1041620.0	732601.0	414063.0						
873362.0	1754360.0	732601.0	408151.0						
1754360.0	1754360.0	1599620.0	414063.0						
1754360.0	2597230.0	1652560.0	408151.0						
873362.0	921650.0	19904500.0	384609.0						
847415.0	847415.0	1265760.0	412358.0						
732601.0	847415.0	732601.0	314957.0						
732601.0	732601.0	732601.0	524918.0						
847415.0	847415.0	1265760.0	330575.0						
847415.0	847415.0	1265760.0	408151.0						
732601.0	743450.0	1652560.0	408151.0						
1265760.0	1652560.0	19904500.0	380946.0						
732601.0	732601.0	847415.0	1449150.0						
732601.0	732601.0	1652560.0	1142840.0						
1234520.0	1234520.0	869520.0	3333060.0						
1265760.0	1652560.0	1265760.0	3333060.0						
1265760.0	1652560.0	4252420.0	412358.0						
1265760.0	1652560.0	1652560.0	412358.0						
1265760.0	1652560.0	732601.0	581375.0						
1265760.0	1652560.0	349631.0	409821.0						
1265760.0	1652560.0	344828.0	511489.0						
1265760.0	1652560.0	344828.0	379504.0						
732601.0	732601.0	349631.0	408151.0						
1265760.0	1265760.0	349631.0	416648.0						
1265760.0	1652560.0	349631.0	316955.0						
732601.0	847415.0	1666560.0	317456.0						
732601.0	732601.0	344828.0	316453.0						
732601.0	732601.0	344828.0	316455.0						
1234520.0	1234520.0	1666560.0	390609.0						
1265760.0	1265760.0	1666560.0	449436.0						
1265760.0	4252420.0	1666560.0	298954.0						
1265760.0	1265760.0	1666560.0	388338.0						
732601.0	732601.0	1666560.0	390609.0						
732601.0	732601.0	1666560.0	388338.0						
732601.0	732601.0	1666560.0	392138.0						
732601.0	732601.0	354590.0	386838.0						
1265760.0	1652560.0	1666560.0	392138.0						
1265760.0	4252420.0	1666560.0	386838.0						
732601.0	732601.0	349631.0	365623.0						
1265760.0	1652560.0	344828.0	390609.0						
732601.0	847415.0	344828.0	302111.0						
732601.0	1265760.0	344828.0	490182.0						
1265760.0	4252420.0	1666560.0	316453.0						
1265760.0	1265760.0	1666560.0	416651.0						
732601.0	732601.0	8695650.0	386838.0						
344828.0	344828.0	344828.0	362314.0						
344828.0	344828.0	344828.0	1212030.0						
344828.0	344828.0	1666560.0	990089.0						
344828.0	344828.0	1666560.0	2298800.0						
344828.0	344828.0	1666560.0	2298800.0						
344828.0	344828.0	1666560.0	390609.0						
1666560.0	1666560.0	344828.0	390609.0						
344828.0	344828.0	1666560.0	539066.0						
344828.0	344828.0	349631.0	388338.0						
344828.0	344828.0	1666560.0	478455.0						
1666560.0	1666560.0	1666560.0	361010.0						
1666560.0	1666560.0	1666560.0	416651.0						
1666560.0	1666560.0	344828.0	416651.0						
1666560.0	1666560.0	1268460.0	303950.0						
1666560.0	1666560.0	1232020.0	1282000.0						
1666560.0	1666560.0	1232030.0	1265770.0						
1666560.0	1666560.0	1237090.0	1257850.0						
349641.0	349641.0	1268460.0	5261500.0						
1666560.0	1666560.0	1149420.0	1025640.0						
1666560.0	1666560.0	1232020.0	1025640.0						
344828.0	344828.0	1999990.0	4876620.0						
344828.0	344828.0	1145040.0	5261500.0						
344828.0	344828.0	1263130.0	4876620.0						
344828.0	344828.0	1232020.0	5553700.0						
1666560.0	1666560.0	1232020.0	4649870.0						
1666560.0	1666560.0	1232020.0	5553700.0						
1666560.0	8695650.0	1232020.0	4649870.0						
344828.0	344828.0	1232020.0	2739430.0						
344828.0	344828.0	1232020.0	5261500.0						
344828.0	344828.0	1149420.0	1063780.0						
344828.0	344828.0	1145040.0	1265770.0						
1666560.0	1666560.0	1232020.0	1265770.0						
1666560.0	1666560.0	1237090.0	4649870.0						
344828.0	344828.0	1145040.0	4649870.0						
1666560.0	1666560.0	1999990.0	2563840.0						
344828.0	344828.0	1232020.0	1265770.0						
344828.0	1666560.0	1232020.0	1025640.0						
1666560.0	1666560.0	1232020.0	2499940.0						
1666560.0	1666560.0	1145040.0	2499940.0						
344828.0	344828.0	10525600.0	33333300.0						
1232020.0	1263130.0	6382710.0	5261500.0						
1145040.0	1232020.0	6382710.0	1265770.0						
1232030.0	1232030.0	6382710.0	4876620.0						
1232020.0	1232020.0	1232020.0	1282000.0						
1232020.0	1263130.0	1232020.0	2499940.0						
1145040.0	1145040.0	2654730.0	4649870.0						
1145040.0	1232020.0	1232020.0	4649870.0						
1145040.0	1145040.0	2150470.0	1052620.0						
1145040.0	1999990.0	1145040.0	1273840.0						
1145040.0	1145040.0	1145040.0	1257810.0						
1145040.0	1232020.0	1232020.0	1020410.0						
1145040.0	1232020.0	1185760.0	5126630.0						
1145040.0	1232020.0	274345.0	1020410.0						
1145040.0	1232020.0	273596.0	1257850.0						
1145040.0	1232020.0	273597.0	4760540.0						
1145040.0	1232020.0	274345.0	5126630.0						
1145040.0	1232020.0	274345.0	4760540.0						
1145040.0	1145040.0	261095.0	5403650.0						
1145040.0	1145040.0	273596.0	4544220.0						
1145040.0	1232020.0	694435.0	5403650.0						
1145040.0	1232020.0	260417.0	4544220.0						
1145040.0	1145040.0	273596.0	2702410.0						
1145040.0	1999990.0	273596.0	5126630.0						
1145040.0	1145040.0	273596.0	1058160.0						
1145040.0	1145040.0	273596.0	1257810.0						
1145040.0	1145040.0	273596.0	1639180.0						
1145040.0	1145040.0	273596.0	4544220.0						
1999990.0	6382710.0	273596.0	28498100.0						
1145040.0	1999990.0	261095.0	2531390.0						
1999990.0	6382710.0	260417.0	1257810.0						
1999990.0	6382710.0	273596.0	1020410.0						
1145040.0	1232020.0	274345.0	2469070.0						
1145040.0	1145040.0	260417.0	2469070.0						
1999990.0	2281350.0	694435.0	5126630.0						
1145040.0	1232020.0	273596.0	33333300.0						
1886780.0	2135140.0	273596.0	1257810.0						
1145040.0	1145040.0	273596.0	4760540.0						
1145040.0	1145040.0	260417.0	1273840.0						
1145040.0	1145040.0	664447.0	2469070.0						
1145040.0	1171870.0	2438910.0	28498100.0						
273596.0	273596.0	591712.0	4544220.0						
260417.0	273596.0	591712.0	1047110.0						
273597.0	273597.0	273596.0	724606.0						
273596.0	273596.0	273596.0	689641.0						
273596.0	273596.0	425521.0	689650.0						
260417.0	260417.0	273596.0	689641.0						
260417.0	273596.0	382403.0	1941710.0						
260417.0	260417.0	390623.0	611621.0						
390623.0	694435.0	260417.0	724606.0						
260417.0	260417.0	273596.0	689641.0						
260417.0	273596.0	262466.0	694430.0						
260417.0	273596.0	331670.0	694430.0						
260417.0	273596.0	330575.0	719393.0						
260417.0	273596.0	330577.0	694430.0						
260417.0	273596.0	331670.0	719393.0						
260417.0	273596.0	331670.0	615377.0						
260417.0	273596.0	312498.0	689641.0						
260417.0	260417.0	408151.0	615377.0						
260417.0	260417.0	478467.0	3029750.0						
260417.0	273596.0	311526.0	689641.0						
260417.0	273596.0	408151.0	689641.0						
260417.0	260417.0	408151.0	689641.0						
390623.0	694435.0	408151.0	615377.0						
260417.0	260417.0	412358.0	6893700.0						
260417.0	260417.0	408151.0	3030210.0						
260417.0	260417.0	412358.0	3030210.0						
260417.0	260417.0	408151.0	3030210.0						
367646.0	591712.0	312498.0	689641.0						
390623.0	694435.0	383140.0	689641.0						
367646.0	591712.0	408151.0	14273500.0						
367646.0	591712.0	331670.0	724606.0						
260417.0	273596.0	313971.0	694430.0						
260417.0	260417.0	478467.0	666658.0						
367646.0	394476.0	330575.0	689641.0						
260417.0	273596.0	408151.0	689641.0						
355871.0	380944.0	408151.0	666658.0						
390623.0	390623.0	379504.0	555528.0						
260417.0	260417.0	1142840.0	529084.0						
260417.0	260417.0	943387.0	481928.0						
260417.0	260417.0	2061750.0	6055100.0						
330575.0	330575.0	2061750.0	481928.0						
311526.0	330575.0	408151.0	481928.0						
330577.0	330577.0	408151.0	11594200.0						
330575.0	330575.0	581375.0	6055100.0						
330575.0	330575.0	408151.0	7404120.0						
311526.0	311526.0	503767.0	7404120.0						
379504.0	408151.0	379504.0	9507510.0						
311526.0	311526.0	379504.0	7404120.0						
311526.0	478467.0	408151.0	9507510.0						
311526.0	311526.0	314463.0	3124410.0						
379504.0	408151.0	317456.0	6055100.0						
379504.0	408151.0	316453.0	488983.0						
379504.0	408151.0	316455.0	529084.0						
379504.0	408151.0	317456.0	529084.0						
379504.0	408151.0	317456.0	6055100.0						
379504.0	408151.0	299848.0	6055100.0						
379504.0	408151.0	386838.0	3124410.0						
311526.0	311526.0	449436.0	529084.0						
379504.0	379504.0	298954.0	481928.0						
379504.0	408151.0	386838.0	2856900.0						
311526.0	330575.0	386838.0	2856900.0						
313971.0	313971.0	386838.0	6055100.0						
311526.0	478467.0	390609.0	6055100.0						
311526.0	311526.0	386838.0	550937.0						
379504.0	379504.0	390609.0	11594200.0						
379504.0	379504.0	386838.0	537617.0						
379504.0	379504.0	299848.0	4650300.0						
478467.0	943387.0	364295.0	6055100.0						
311526.0	478467.0	386838.0	6055100.0						
478467.0	943387.0	317456.0	515461.0						
478467.0	943387.0	301203.0	943356.0						
379504.0	408151.0	449436.0	934553.0						
379504.0	379504.0	316453.0	796813.0						
478467.0	524932.0	416651.0	934553.0						
379504.0	408151.0	386838.0	796813.0						
458713.0	501238.0	361010.0	796813.0						
311526.0	379504.0	990089.0	943356.0						
379504.0	379504.0	836813.0	934553.0						
379504.0	379504.0	1612850.0	943356.0						
311526.0	311526.0	1612850.0	943356.0						
316453.0	316453.0	386838.0	934553.0						
298954.0	316453.0	386838.0	943356.0						
316455.0	316455.0	539066.0	934553.0						
316453.0	316453.0	386838.0	803198.0						
316453.0	316453.0	471688.0	934553.0						
298954.0	298954.0	361010.0	803198.0						
361010.0	386838.0	386844.0	934553.0						
298954.0	298954.0	416651.0	934553.0						
298954.0	449436.0	301658.0	934553.0						
298954.0	298954.0	1282000.0	934553.0						
361010.0	386838.0	1265770.0	803198.0						
361010.0	386838.0	1257850.0	19417500.0						
361010.0	386838.0	1282000.0	4444250.0						
361010.0	386838.0	1282000.0	4444250.0						
361010.0	386838.0	1036250.0	4444250.0						
361010.0	386838.0	4649870.0	934553.0						
361010.0	386838.0	1025640.0	934553.0						
298954.0	298954.0	1025640.0	934553.0						
361010.0	361010.0	4649870.0	943356.0						
361010.0	386838.0	4649870.0	19417500.0						
298954.0	316453.0	4649870.0	796813.0						
301203.0	301203.0	5261500.0	934553.0						
298954.0	449436.0	4649870.0	934553.0						
298954.0	298954.0	5261500.0	816317.0						
361010.0	386844.0	4649870.0	518132.0						
361010.0	361010.0	1036250.0	502513.0						
361010.0	361010.0	2666600.0	502513.0						
449436.0	836813.0	4649870.0	706709.0						
298954.0	449436.0	1282000.0	1408430.0						
449436.0	836813.0	1052620.0	502513.0						
449436.0	836813.0	1025640.0	738002.0						
361010.0	386838.0	1265770.0	706709.0						
361010.0	361010.0	4649870.0	706709.0						
449436.0	490194.0	4649870.0	706709.0						
361010.0	386838.0	2499940.0	738002.0						
431964.0	469470.0	1025640.0	706709.0						
298954.0	361010.0	1025640.0	738002.0						
361010.0	361010.0	2499940.0	706709.0						
361010.0	386844.0	2499940.0	706709.0						
298954.0	298954.0	28498100.0	502513.0						
1265770.0	1265770.0	4649870.0	1408430.0						
1025640.0	1265770.0	1265770.0	502513.0						
1025640.0	1025640.0	4649870.0	706709.0						
1265770.0	1265770.0	1282000.0	706709.0						
1265770.0	1265770.0	2499940.0	706709.0						
1025640.0	1025640.0	2499940.0	502513.0						
2499940.0	4649870.0	4649870.0	1408430.0						
1257850.0	1257850.0	1025640.0	706709.0						
1025640.0	1025640.0	1273840.0	706709.0						
1025640.0	1025640.0	1257810.0	706709.0						
2499940.0	4649870.0	1020410.0	706709.0						
2499940.0	4649870.0	1273840.0	522190.0						
2499940.0	4649870.0	1273840.0	738002.0						
2499940.0	4649870.0	1030910.0	502513.0						
2499940.0	4649870.0	4544220.0	15625000.0						
2499940.0	4649870.0	1020410.0	706709.0						
2499940.0	4649870.0	1257850.0	706709.0						
1025640.0	1025640.0	4544220.0	539078.0						
2499940.0	2499940.0	4544220.0	778142.0						
2499940.0	4649870.0	4544220.0	740724.0						
1025640.0	1265770.0	5126630.0	693241.0						
1052620.0	1052620.0	4544220.0	2051090.0						
1025640.0	1025640.0	5126630.0	693241.0						
1025640.0	1025640.0	4544220.0	858358.0						
2499940.0	2499940.0	1030910.0	2259620.0						
2499940.0	2499940.0	2631510.0	2051090.0						
2499940.0	2499940.0	4544220.0	2116200.0						
1025640.0	1025640.0	1273840.0	2116200.0						
1025640.0	1025640.0	1047110.0	2185540.0						
1025640.0	1025640.0	1020410.0	2116200.0						
1025640.0	1025640.0	1639180.0	2185540.0						
2499940.0	4649870.0	4544220.0	1769790.0						
2499940.0	2499940.0	28498100.0	2051090.0						
1025640.0	1025640.0	2469070.0	700511.0						
2499940.0	4649870.0	1020410.0	740724.0						
1025640.0	1265770.0	1020410.0	932336.0						
1025640.0	2499940.0	2469070.0	2531260.0						
2499940.0	2499940.0	2469070.0	5260250.0						
2499940.0	2499940.0	4544220.0	1769790.0						
1025640.0	1025640.0	28498100.0	740724.0						
1257810.0	1257810.0	1257810.0	693241.0						
1020410.0	1257810.0	4544220.0	1724120.0						
1020410.0	1020410.0	1273840.0	1724120.0						
1257810.0	1257810.0	2469070.0	2051090.0						
1257810.0	1257810.0	4545040.0	4759860.0						
1020410.0	1020410.0	4544220.0	761879.0						
2469070.0	4544220.0	1020410.0	2259620.0						
1020410.0	1020410.0	724606.0	757546.0						
1020410.0	1020410.0	689641.0	1951190.0						
1257850.0	1257850.0	689650.0	8503040.0						
2469070.0	4544220.0	694430.0	2531260.0						
2469070.0	4544220.0	724606.0	735286.0						
2469070.0	4544220.0	615377.0	1041590.0						
2469070.0	4544220.0	689641.0	1010070.0						
2469070.0	4544220.0	1941710.0	851064.0						
2469070.0	4544220.0	611621.0	2563410.0						
2469070.0	4544220.0	719393.0	851064.0						
1020410.0	1020410.0	689641.0	884948.0						
2469070.0	2469070.0	689641.0	2468950.0						
2469070.0	4544220.0	689641.0	2563410.0						
1020410.0	1257810.0	689641.0	2468950.0						
1047110.0	1047110.0	689641.0	2631060.0						
1020410.0	1020410.0	689641.0	2409290.0						
1257850.0	1257850.0	615377.0	2631060.0						
2469070.0	2469070.0	611621.0	2409290.0						
2469070.0	4545040.0	689641.0	1769750.0						
2469070.0	2469070.0	694430.0	2563410.0						
1020410.0	1020410.0	611621.0	877155.0						
1020410.0	1020410.0	1941710.0	1010070.0						
1020410.0	1020410.0	689641.0	1010070.0						
1020410.0	1020410.0	689641.0	4345840.0						
2469070.0	4544220.0	689641.0	2530970.0						
2469070.0	4545040.0	611621.0	1694860.0						
1020410.0	1020410.0	3030210.0	1010070.0						
2469070.0	4544220.0	1941710.0	851064.0						
1020410.0	1257810.0	1941710.0	1666640.0						
1020410.0	2469070.0	1941710.0	1666640.0						
2469070.0	4545040.0	689641.0	2563410.0						
2469070.0	2469070.0	689641.0	2563410.0						
1020410.0	1020410.0	6893700.0	1010070.0						
689641.0	719393.0	727241.0	2468950.0						
611621.0	689641.0	694430.0	1052550.0						
689650.0	689650.0	641022.0	1666640.0						
689641.0	689641.0	611621.0	4345840.0						
689641.0	719393.0	689641.0	5551390.0						
611621.0	611621.0	666658.0	892833.0						
611621.0	689641.0	555528.0	7691720.0						
611621.0	611621.0	529084.0	5263160.0						
611621.0	1941710.0	481928.0	5263160.0						
611621.0	611621.0	537617.0	6060060.0						
611621.0	689641.0	555528.0	5263160.0						
611621.0	689641.0	488983.0	5263160.0						
611621.0	689641.0	6055100.0	7691720.0						
611621.0	689641.0	481928.0	6060060.0						
611621.0	689641.0	481928.0	5263160.0						
611621.0	689641.0	9507510.0	6060060.0						
611621.0	689641.0	6055100.0	7691720.0						
611621.0	611621.0	6055100.0	6060060.0						
611621.0	611621.0	6055100.0	7691720.0						
611621.0	689641.0	6055100.0	6060060.0						
611621.0	689641.0	6055100.0	6060060.0						
611621.0	611621.0	6055100.0	6060060.0						
611621.0	1941710.0	488983.0	5263160.0						
611621.0	611621.0	2856900.0	5263160.0						
611621.0	611621.0	6055100.0	5263160.0						
611621.0	611621.0	537617.0	5263160.0						
611621.0	611621.0	481928.0	5263160.0						
1941710.0	1941710.0	481928.0	5263160.0						
611621.0	1941710.0	529084.0	5263160.0						
1941710.0	1941710.0	6055100.0	5263160.0						
1941710.0	1941710.0	6055100.0	5263160.0						
611621.0	689641.0	2856900.0	6060060.0						
611621.0	611621.0	481928.0	6060060.0						
1941710.0	3030210.0	481928.0	8694900.0						
611621.0	689641.0	2856900.0	7691720.0						
611621.0	689641.0	2856900.0	6249410.0						
611621.0	611621.0	6055100.0	18175200.0						
611621.0	611621.0	6055100.0	5263160.0						
611621.0	611621.0	529084.0	5263160.0						
641022.0	666658.0	11088900.0	100000000.0						
529084.0	546421.0	537617.0							
481928.0	529084.0	3635830.0							
481928.0	481928.0	2856900.0							
529084.0	529084.0	6055100.0							
529084.0	546421.0	515461.0							
481928.0	481928.0	943356.0							
2856900.0	6055100.0	934553.0							
481928.0	481928.0	796813.0							
481928.0	481928.0	943356.0							
481928.0	481928.0	943356.0							
2856900.0	6055100.0	803198.0							
2856900.0	6055100.0	934553.0							
2856900.0	6055100.0	796813.0							
2856900.0	6055100.0	796813.0							
2856900.0	6055100.0	934553.0							
2856900.0	6055100.0	934553.0							
2856900.0	6055100.0	934553.0							
481928.0	481928.0	934553.0							
2856900.0	2856900.0	934553.0							
2856900.0	6055100.0	934553.0							
481928.0	529084.0	934553.0							
481928.0	481928.0	803198.0							
481928.0	481928.0	796813.0							
481928.0	481928.0	934553.0							
2856900.0	2856900.0	943356.0							
2856900.0	2856900.0	796813.0							
2856900.0	2856900.0	796813.0							
481928.0	481928.0	934553.0							
481928.0	481928.0	934553.0							
481928.0	481928.0	934553.0							
481928.0	481928.0	796813.0							
2856900.0	6055100.0	4444250.0							
2856900.0	2856900.0	4444250.0							
481928.0	481928.0	4444250.0							
2856900.0	6055100.0	4444250.0							
481928.0	529084.0	934553.0							
481928.0	2856900.0	934553.0							
2856900.0	2856900.0	934553.0							
2856900.0	2856900.0	934553.0							
499998.0	515461.0	19417500.0							
934553.0	934553.0	796813.0							
796813.0	934553.0	796813.0							
796813.0	796813.0	934553.0							
934553.0	934553.0	816317.0							
934553.0	934553.0	518132.0							
796813.0	796813.0	502513.0							
796813.0	934553.0	502513.0							
796813.0	796813.0	502513.0							
796813.0	796813.0	518132.0							
796813.0	796813.0	502513.0							
796813.0	934553.0	706709.0							
796813.0	934553.0	1408430.0							
796813.0	934553.0	502513.0							
796813.0	934553.0	738002.0							
796813.0	934553.0	706709.0							
796813.0	934553.0	706709.0							
796813.0	934553.0	706709.0							
796813.0	796813.0	706709.0							
796813.0	796813.0	706709.0							
796813.0	934553.0	706709.0							
796813.0	934553.0	502513.0							
796813.0	796813.0	706709.0							
796813.0	796813.0	706709.0							
796813.0	796813.0	502513.0							
796813.0	796813.0	502513.0							
796813.0	796813.0	1408430.0							
796813.0	796813.0	502513.0							
796813.0	4444250.0	706709.0							
796813.0	796813.0	706709.0							
796813.0	4444250.0	706709.0							
796813.0	4444250.0	502513.0							
796813.0	934553.0	1408430.0							
796813.0	796813.0	706709.0							
796813.0	796813.0	706709.0							
796813.0	934553.0	706709.0							
4444250.0	19417500.0	706709.0							
796813.0	796813.0	502513.0							
796813.0	796813.0	746258.0							
796813.0	796813.0	502513.0							
796813.0	796813.0	15625000.0							
502513.0	518132.0	706709.0							
502513.0	502513.0	706709.0							
502513.0	502513.0	539078.0							
502513.0	502513.0	766253.0							
502513.0	518132.0	740724.0							
502513.0	502513.0	693241.0							
706709.0	706709.0	749047.0							
502513.0	502513.0	766253.0							
1408430.0	1408430.0	710444.0							
502513.0	502513.0	2051090.0							
706709.0	706709.0	693241.0							
706709.0	706709.0	858358.0							
706709.0	706709.0	2185540.0							
706709.0	706709.0	2051090.0							
706709.0	706709.0	2051090.0							
706709.0	706709.0	2051090.0							
706709.0	706709.0	2051090.0							
502513.0	502513.0	2051090.0							
706709.0	706709.0	2051090.0							
706709.0	706709.0	700511.0							
502513.0	502513.0	1724120.0							
502513.0	502513.0	2051090.0							
1408430.0	1408430.0	749047.0							
502513.0	502513.0	693241.0							
706709.0	706709.0	693241.0							
706709.0	706709.0	932336.0							
706709.0	706709.0	2531260.0							
502513.0	502513.0	4759860.0							
1408430.0	1408430.0	1724120.0							
502513.0	502513.0	693241.0							
502513.0	502513.0	693241.0							
706709.0	706709.0	1724120.0							
706709.0	706709.0	1724120.0							
502513.0	502513.0	2051090.0							
706709.0	706709.0	4759860.0							
502513.0	502513.0	740724.0							
1408430.0	7406310.0	2222000.0							
706709.0	706709.0	749047.0							
706709.0	706709.0	1843300.0							
522190.0	539078.0	4761340.0							
740724.0	757546.0	2531260.0							
693241.0	740724.0	735286.0							
693241.0	693241.0	1020380.0							
740724.0	740724.0	1010070.0							
740724.0	757546.0	851064.0							
693241.0	702968.0	1020380.0							
1724120.0	2051090.0	1020380.0							
693241.0	693241.0	873324.0							
693241.0	693241.0	2409290.0							
858358.0	858358.0	851064.0							
1724120.0	2051090.0	851064.0							
1724120.0	2051090.0	2409290.0							
1724120.0	2051090.0	2409290.0							
1724120.0	2051090.0	2409290.0							
1724120.0	2051090.0	2563410.0							
1724120.0	2051090.0	2409290.0							
1724120.0	2051090.0	2563410.0							
693241.0	693241.0	2409290.0							
1724120.0	1724120.0	858354.0							
1724120.0	2051090.0	1739050.0							
693241.0	740724.0	2409290.0							
693241.0	693241.0	1020380.0							
693241.0	693241.0	869554.0							
858358.0	858358.0	851064.0							
1724120.0	2051240.0	1010070.0							
1724120.0	3305570.0	4345840.0							
1724120.0	1724120.0	2409290.0							
693241.0	693241.0	1666640.0							
693241.0	693241.0	851064.0							
693241.0	693241.0	851064.0							
693241.0	693241.0	1666640.0							
1724120.0	2051090.0	1666640.0							
1724120.0	3305570.0	2409290.0							
693241.0	693241.0	2409290.0							
1724120.0	2051090.0	1010070.0							
693241.0	740724.0	2409290.0							
693241.0	1724120.0	1020380.0							
1724120.0	3305570.0	1666640.0							
1724120.0	2051240.0	2409490.0							
711741.0	727266.0	4345840.0							
1010070.0	1010070.0	873351.0							
851064.0	1010070.0	7691720.0							
851064.0	851064.0	5263160.0							
1010070.0	1010070.0	5263160.0							
1010070.0	1010070.0	5263160.0							
851064.0	865778.0	7691720.0							
1666640.0	2409290.0	5263160.0							
851064.0	851064.0	5263160.0							
851064.0	851064.0	5263160.0							
851064.0	851064.0	5263160.0							
1666640.0	2409290.0	7691720.0							
1666640.0	2409290.0	5263160.0							
1666640.0	2409290.0	5263160.0							
1666640.0	2409290.0	6060060.0							
1666640.0	2409290.0	5263160.0							
1666640.0	2409290.0	6060060.0							
1666640.0	2409290.0	5263160.0							
851064.0	851064.0	5263160.0							
1666640.0	1666640.0	6060060.0							
1666640.0	2409290.0	5263160.0							
851064.0	1010070.0	5263160.0							
869554.0	869554.0	6060060.0							
851064.0	851064.0	5263160.0							
851064.0	851064.0	5263160.0							
1666640.0	2409490.0	5263160.0							
1666640.0	1666640.0	5263160.0							
1666640.0	1666640.0	5263160.0							
851064.0	851064.0	5263160.0							
851064.0	851064.0	5263160.0							
851064.0	851064.0	5263160.0							
851064.0	851064.0	5263160.0							
1666640.0	2409290.0	5263160.0							
1666640.0	1666640.0	5263160.0							
851064.0	851064.0	5263160.0							
1666640.0	2409290.0	8694900.0							
851064.0	1010070.0	5263160.0							
851064.0	1666640.0	8694900.0							
1666640.0	1666640.0	5263160.0							
1666640.0	2409490.0	5263160.0							
851064.0	851064.0	39976000.0							
5263160.0	7691720.0								
5263160.0	5263160.0								
5263160.0	5263160.0								
5263160.0	5263160.0								
5263160.0	7691720.0								
5263160.0	5263160.0								
5263160.0	5263160.0								
5263160.0	5263160.0								
5263160.0	5263160.0								
5263160.0	5263160.0								
5263160.0	5263160.0								
5263160.0	5263160.0								
5263160.0	5263160.0								
5263160.0	5263160.0								
5263160.0	5263160.0								
5263160.0	5263160.0								
5263160.0	5263160.0								
5263160.0	5263160.0								
5263160.0	5263160.0								
5263160.0	5263160.0								
5263160.0	5263160.0								
6060060.0	6060060.0								
5263160.0	5263160.0								
5263160.0	5263160.0								
5263160.0	5263160.0								
5263160.0	5263160.0								
5263160.0	5263160.0								
5263160.0	5263160.0								
5263160.0	5263160.0								
5263160.0	5263160.0								
5263160.0	5263160.0								
5263160.0	5263160.0								
5263160.0	5263160.0								
5263160.0	5263160.0								
5263160.0	5263160.0								
5263160.0	5263160.0								
5263160.0	5263160.0								
5263160.0	5263160.0								
5263160.0	5263160.0								
8694900.0	18175200.0								
