561798 0 1 0 1.424e-05
561798 0 1 0 1.424e-05
561798 0 1 0 1.424e-05
561798 0 1 0 1.424e-05
561798 0 1 0 1.424e-05
561798 0 1 0 1.424e-05
1.15942e+07 0.969101 0.615385 0 6.9e-07
561798 0 1 0 1.424e-05
561798 0 1 0 1.424e-05
561798 0 1 0 1.424e-05
1.15942e+07 0.969101 0.615385 0 6.9e-07
1.15942e+07 0.969101 0.615385 0 6.9e-07
1.15942e+07 0.969101 0.615385 0 6.9e-07
1.15942e+07 0.969101 0.615385 0 6.9e-07
1.15942e+07 0.969101 0.615385 0 6.9e-07
1.15942e+07 0.969101 0.615385 0 6.9e-07
1.15942e+07 0.969101 0.615385 0 6.9e-07
568172 0.011236 0.538462 0 1.40802e-05
1.15942e+07 0.980337 0.769231 0.307692 6.9e-07
1.15942e+07 0.969101 0.615385 0 6.9e-07
561798 0 1 0 1.424e-05
569794 0.0140449 0.769231 0 1.40402e-05
561798 0 1 0 1.424e-05
561798 0 1 0 1.424e-05
1.15942e+07 0.969101 0.615385 0 6.9e-07
1.15942e+07 0.969101 0.615385 0 6.9e-07
1.15942e+07 0.969101 0.615385 0 6.9e-07
561798 0 1 0 1.424e-05
561798 0 1 0 1.424e-05
561798 0 1 0 1.424e-05
561798 0 1 0 1.424e-05
1.15942e+07 0.969101 0.615385 0 6.9e-07
1.15942e+07 0.969101 0.615385 0 6.9e-07
561798 0 1 0 1.424e-05
1.15942e+07 0.969101 0.615385 0 6.9e-07
561798 0 1 0 1.424e-05
1.15942e+07 0.969101 0.615385 0 6.9e-07
1.15942e+07 0.969101 0.615385 0 6.9e-07
1.15942e+07 0.969101 0.615385 0 6.9e-07
561798 0 1 0 1.424e-05
