816287 0.166667 0.428571 0 9.80048e-06
778192 0.12585 0.642857 0 1.02802e-05
680272 0 1 0 1.176e-05
778192 0.12585 0.642857 0 1.02802e-05
816287 0.166667 0.428571 0 9.80048e-06
680272 0 1 0 1.176e-05
7.40247e+06 0.908163 0.214286 0 1.08072e-06
680272 0 1 0 1.176e-05
680272 0 1 0 1.176e-05
680272 0 1 0 1.176e-05
7.40247e+06 0.908163 0.214286 0 1.08072e-06
7.40247e+06 0.908163 0.214286 0 1.08072e-06
7.40247e+06 0.908163 0.214286 0 1.08072e-06
7.40247e+06 0.908163 0.214286 0 1.08072e-06
7.40247e+06 0.908163 0.214286 0 1.08072e-06
7.40247e+06 0.908163 0.214286 0 1.08072e-06
7.40247e+06 0.908163 0.214286 0 1.08072e-06
680272 0 1 0 1.176e-05
3.12461e+06 0.782313 0.571429 0 2.56032e-06
7.40247e+06 0.908163 0.214286 0 1.08072e-06
778192 0.12585 0.642857 0 1.02802e-05
680272 0 1 0 1.176e-05
680272 0 1 0 1.176e-05
680272 0 1 0 1.176e-05
3.12461e+06 0.782313 0.571429 0 2.56032e-06
3.12461e+06 0.782313 0.571429 0 2.56032e-06
3.12461e+06 0.782313 0.571429 0 2.56032e-06
680272 0 1 0 1.176e-05
680272 0 1 0 1.176e-05
680272 0 1 0 1.176e-05
680272 0 1 0 1.176e-05
7.40247e+06 0.908163 0.214286 0 1.08072e-06
3.12461e+06 0.782313 0.571429 0 2.56032e-06
680272 0 1 0 1.176e-05
7.40247e+06 0.908163 0.214286 0 1.08072e-06
778192 0.12585 0.642857 0 1.02802e-05
3.12461e+06 0.782313 0.571429 0 2.56032e-06
3.12461e+06 0.782313 0.571429 0 2.56032e-06
3.12461e+06 0.782313 0.571429 0 2.56032e-06
709210 0.0408163 0.785714 0 1.12802e-05
