547936 0.0920398 0.625 0 1.46002e-05
547936 0.0920398 0.625 0 1.46002e-05
497512 0 1 0 1.608e-05
547936 0.0920398 0.625 0 1.46002e-05
547936 0.0920398 0.625 0 1.46002e-05
497512 0 1 0 1.608e-05
9.99251e+06 0.950249 0.3125 0 8.006e-07
497512 0 1 0 1.608e-05
497512 0 1 0 1.608e-05
497512 0 1 0 1.608e-05
9.99251e+06 0.950249 0.3125 0 8.006e-07
9.99251e+06 0.950249 0.3125 0 8.006e-07
9.99251e+06 0.950249 0.3125 0 8.006e-07
9.99251e+06 0.950249 0.3125 0 8.006e-07
9.99251e+06 0.950249 0.3125 0 8.006e-07
9.99251e+06 0.950249 0.3125 0 8.006e-07
9.99251e+06 0.950249 0.3125 0 8.006e-07
497512 0 1 0 1.608e-05
3.5084e+06 0.858209 0.6875 0 2.28024e-06
9.99251e+06 0.950249 0.3125 0 8.006e-07
547936 0.0920398 0.625 0 1.46002e-05
503773 0.0124378 0.8125 0 1.58802e-05
497512 0 1 0 1.608e-05
497512 0 1 0 1.608e-05
3.5084e+06 0.858209 0.6875 0 2.28024e-06
3.5084e+06 0.858209 0.6875 0 2.28024e-06
3.5084e+06 0.858209 0.6875 0 2.28024e-06
497512 0 1 0 1.608e-05
497512 0 1 0 1.608e-05
497512 0 1 0 1.608e-05
497512 0 1 0 1.608e-05
9.99251e+06 0.950249 0.3125 0 8.006e-07
3.5084e+06 0.858209 0.6875 0 2.28024e-06
497512 0 1 0 1.608e-05
9.99251e+06 0.950249 0.3125 0 8.006e-07
547936 0.0920398 0.625 0 1.46002e-05
3.5084e+06 0.858209 0.6875 0 2.28024e-06
3.5084e+06 0.858209 0.6875 0 2.28024e-06
3.5084e+06 0.858209 0.6875 0 2.28024e-06
497512 0 1 0 1.608e-05
