1.63926e+06 0.232704 0.333333 0 4.88024e-06
1.63926e+06 0.232704 0.333333 0 4.88024e-06
1.25786e+06 0 1 0 6.36e-06
1.63926e+06 0.232704 0.333333 0 4.88024e-06
1.63926e+06 0.232704 0.333333 0 4.88024e-06
1.25786e+06 0 1 0 6.36e-06
2.85225e+07 0.955975 0.111111 0 2.8048e-07
1.25786e+06 0 1 0 6.36e-06
1.25786e+06 0 1 0 6.36e-06
1.25786e+06 0 1 0 6.36e-06
2.85225e+07 0.955975 0.111111 0 2.8048e-07
2.85225e+07 0.955975 0.111111 0 2.8048e-07
2.85225e+07 0.955975 0.111111 0 2.8048e-07
2.85225e+07 0.955975 0.111111 0 2.8048e-07
2.85225e+07 0.955975 0.111111 0 2.8048e-07
2.85225e+07 0.955975 0.111111 0 2.8048e-07
2.85225e+07 0.955975 0.111111 0 2.8048e-07
1.25786e+06 0 1 0 6.36e-06
4.54525e+06 0.72327 0.777778 0 1.76008e-06
2.85225e+07 0.955975 0.111111 0 2.8048e-07
1.63926e+06 0.232704 0.333333 0 4.88024e-06
1.29868e+06 0.0314465 0.777778 0 6.16008e-06
1.25786e+06 0 1 0 6.36e-06
1.25786e+06 0 1 0 6.36e-06
4.54525e+06 0.72327 0.777778 0 1.76008e-06
4.54525e+06 0.72327 0.777778 0 1.76008e-06
4.54525e+06 0.72327 0.777778 0 1.76008e-06
1.25786e+06 0 1 0 6.36e-06
1.25786e+06 0 1 0 6.36e-06
1.25786e+06 0 1 0 6.36e-06
1.25786e+06 0 1 0 6.36e-06
2.85225e+07 0.955975 0.111111 0 2.8048e-07
4.54525e+06 0.72327 0.777778 0 1.76008e-06
1.25786e+06 0 1 0 6.36e-06
2.85225e+07 0.955975 0.111111 0 2.8048e-07
1.63926e+06 0.232704 0.333333 0 4.88024e-06
4.54525e+06 0.72327 0.777778 0 1.76008e-06
4.54525e+06 0.72327 0.777778 0 1.76008e-06
4.54525e+06 0.72327 0.777778 0 1.76008e-06
1.25786e+06 0 1 0 6.36e-06
