961511 0.15102 0.25 0 8.32024e-06
961511 0.15102 0.25 0 8.32024e-06
816327 0 1 0 9.8e-06
961511 0.15102 0.25 0 8.32024e-06
961511 0.15102 0.25 0 8.32024e-06
5.12794e+06 0.840816 0.75 0 1.56008e-06
961511 0.15102 0.25 0 8.32024e-06
816327 0 1 0 9.8e-06
816327 0 1 0 9.8e-06
816327 0 1 0 9.8e-06
961511 0.15102 0.25 0 8.32024e-06
961511 0.15102 0.25 0 8.32024e-06
961511 0.15102 0.25 0 8.32024e-06
961511 0.15102 0.25 0 8.32024e-06
961511 0.15102 0.25 0 8.32024e-06
961511 0.15102 0.25 0 8.32024e-06
961511 0.15102 0.25 0 8.32024e-06
816327 0 1 0 9.8e-06
816327 0 1 0 9.8e-06
961511 0.15102 0.25 0 8.32024e-06
1.94175e+07 0.991837 0 0 4.12e-07
816327 0 1 0 9.8e-06
816327 0 1 0 9.8e-06
816327 0 1 0 9.8e-06
816327 0 1 0 9.8e-06
816327 0 1 0 9.8e-06
816327 0 1 0 9.8e-06
816327 0 1 0 9.8e-06
816327 0 1 0 9.8e-06
816327 0 1 0 9.8e-06
816327 0 1 0 9.8e-06
961511 0.15102 0.25 0 8.32024e-06
816327 0 1 0 9.8e-06
816327 0 1 0 9.8e-06
961511 0.15102 0.25 0 8.32024e-06
961511 0.15102 0.25 0 8.32024e-06
816327 0 1 0 9.8e-06
816327 0 1 0 9.8e-06
816327 0 1 0 9.8e-06
816327 0 1 0 9.8e-06
