344828 0 1 0 2.32e-05
344828 0 1 0 2.32e-05
344828 0 1 0 2.32e-05
344828 0 1 0 2.32e-05
344828 0 1 0 2.32e-05
344828 0 1 0 2.32e-05
1.66656e+06 0.793103 0.652174 0 4.80032e-06
344828 0 1 0 2.32e-05
344828 0 1 0 2.32e-05
344828 0 1 0 2.32e-05
1.66656e+06 0.793103 0.652174 0 4.80032e-06
1.66656e+06 0.793103 0.652174 0 4.80032e-06
1.66656e+06 0.793103 0.652174 0 4.80032e-06
1.66656e+06 0.793103 0.652174 0 4.80032e-06
1.66656e+06 0.793103 0.652174 0 4.80032e-06
1.66656e+06 0.793103 0.652174 0 4.80032e-06
1.66656e+06 0.793103 0.652174 0 4.80032e-06
349641 0.0137931 0.565217 0 2.28806e-05
1.66656e+06 0.793103 0.652174 0 4.80032e-06
1.66656e+06 0.793103 0.652174 0 4.80032e-06
344828 0 1 0 2.32e-05
344828 0 1 0 2.32e-05
344828 0 1 0 2.32e-05
344828 0 1 0 2.32e-05
1.66656e+06 0.793103 0.652174 0 4.80032e-06
1.66656e+06 0.793103 0.652174 0 4.80032e-06
8.69565e+06 0.972414 0.391304 0 9.2e-07
344828 0 1 0 2.32e-05
344828 0 1 0 2.32e-05
344828 0 1 0 2.32e-05
344828 0 1 0 2.32e-05
1.66656e+06 0.793103 0.652174 0 4.80032e-06
1.66656e+06 0.793103 0.652174 0 4.80032e-06
344828 0 1 0 2.32e-05
1.66656e+06 0.793103 0.652174 0 4.80032e-06
344828 0 1 0 2.32e-05
1.66656e+06 0.793103 0.652174 0 4.80032e-06
1.66656e+06 0.793103 0.652174 0 4.80032e-06
1.66656e+06 0.793103 0.652174 0 4.80032e-06
344828 0 1 0 2.32e-05
