1.25786e+06 0 1 0 6.36e-06
1.63926e+06 0.232704 0.761905 0 4.88024e-06
4.16545e+06 0.698113 0.571429 0 1.92056e-06
1.25786e+06 0 1 0 6.36e-06
1.25786e+06 0 1 0 6.36e-06
1.25786e+06 0 1 0 6.36e-06
1.25786e+06 0 1 0 6.36e-06
1.62596e+06 0.226415 0.809524 0 4.92016e-06
1.25786e+06 0 1 0 6.36e-06
1.63926e+06 0.232704 0.761905 0 4.88024e-06
1.25786e+06 0 1 0 6.36e-06
1.25786e+06 0 1 0 6.36e-06
1.25786e+06 0 1 0 6.36e-06
1.25786e+06 0 1 0 6.36e-06
1.25786e+06 0 1 0 6.36e-06
1.25786e+06 0 1 0 6.36e-06
1.25786e+06 0 1 0 6.36e-06
1.25786e+06 0 1 0 6.36e-06
1.25786e+06 0 1 0 6.36e-06
1.25786e+06 0 1 0 6.36e-06
1.25786e+06 0 1 0 6.36e-06
1.32445e+06 0.0503145 0.714286 0 6.04024e-06
1.25786e+06 0 1 0 6.36e-06
1.63926e+06 0.232704 0.761905 0 4.88024e-06
1.25786e+06 0 1 0 6.36e-06
1.25786e+06 0 1 0 6.36e-06
1.25786e+06 0 1 0 6.36e-06
1.25786e+06 0 1 0 6.36e-06
1.25786e+06 0 1 0 6.36e-06
1.25786e+06 0 1 0 6.36e-06
1.25786e+06 0 1 0 6.36e-06
1.25786e+06 0 1 0 6.36e-06
1.25786e+06 0 1 0 6.36e-06
2.35283e+06 0.465409 0.809524 0 3.40016e-06
1.25786e+06 0 1 0 6.36e-06
1.25786e+06 0 1 0 6.36e-06
1.25786e+06 0 1 0 6.36e-06
1.25786e+06 0 1 0 6.36e-06
1.25786e+06 0 1 0 6.36e-06
1.25786e+06 0 1 0 6.36e-06
