273596 0.0481771 0.64 0 2.92402e-05
273596 0.0481771 0.64 0 2.92402e-05
273597 0.0481771 0.84 0 2.92401e-05
273596 0.0481771 0.64 0 2.92402e-05
273596 0.0481771 0.64 0 2.92402e-05
260417 0 1 0 3.072e-05
273596 0.0481771 0.64 0 2.92402e-05
260417 0 1 0 3.072e-05
694435 0.625 0.68 0 1.15202e-05
260417 0 1 0 3.072e-05
273596 0.0481771 0.64 0 2.92402e-05
273596 0.0481771 0.64 0 2.92402e-05
273596 0.0481771 0.64 0 2.92402e-05
273596 0.0481771 0.64 0 2.92402e-05
273596 0.0481771 0.64 0 2.92402e-05
273596 0.0481771 0.64 0 2.92402e-05
273596 0.0481771 0.64 0 2.92402e-05
260417 0 1 0 3.072e-05
260417 0 1 0 3.072e-05
273596 0.0481771 0.64 0 2.92402e-05
273596 0.0481771 0.64 0 2.92402e-05
260417 0 1 0 3.072e-05
694435 0.625 0.68 0 1.15202e-05
260417 0 1 0 3.072e-05
260417 0 1 0 3.072e-05
260417 0 1 0 3.072e-05
260417 0 1 0 3.072e-05
591712 0.559896 0.84 0.08 1.35201e-05
694435 0.625 0.68 0 1.15202e-05
591712 0.559896 0.84 0.08 1.35201e-05
591712 0.559896 0.84 0.08 1.35201e-05
273596 0.0481771 0.64 0 2.92402e-05
260417 0 1 0 3.072e-05
394476 0.339844 0.84 0.08 2.02801e-05
273596 0.0481771 0.64 0 2.92402e-05
380944 0.316406 0.48 0 2.10005e-05
390623 0.333333 0.84 0 2.04801e-05
260417 0 1 0 3.072e-05
260417 0 1 0 3.072e-05
260417 0 1 0 3.072e-05
