330575 0.0576324 0.709677 0 2.42002e-05
330575 0.0576324 0.709677 0 2.42002e-05
330577 0.0576324 0.870968 0 2.42001e-05
330575 0.0576324 0.709677 0 2.42002e-05
330575 0.0576324 0.709677 0 2.42002e-05
311526 0 1 0 2.568e-05
408151 0.23676 0.516129 0 1.96006e-05
311526 0 1 0 2.568e-05
478467 0.34891 0.870968 0 1.67201e-05
311526 0 1 0 2.568e-05
408151 0.23676 0.516129 0 1.96006e-05
408151 0.23676 0.516129 0 1.96006e-05
408151 0.23676 0.516129 0 1.96006e-05
408151 0.23676 0.516129 0 1.96006e-05
408151 0.23676 0.516129 0 1.96006e-05
408151 0.23676 0.516129 0 1.96006e-05
408151 0.23676 0.516129 0 1.96006e-05
311526 0 1 0 2.568e-05
379504 0.179128 0.806452 0 2.10801e-05
408151 0.23676 0.516129 0 1.96006e-05
330575 0.0576324 0.709677 0 2.42002e-05
313971 0.00778816 0.870968 0 2.54801e-05
478467 0.34891 0.870968 0 1.67201e-05
311526 0 1 0 2.568e-05
379504 0.179128 0.806452 0 2.10801e-05
379504 0.179128 0.806452 0 2.10801e-05
379504 0.179128 0.806452 0 2.10801e-05
943387 0.669782 0.870968 0.0645161 8.48008e-06
478467 0.34891 0.870968 0 1.67201e-05
943387 0.669782 0.870968 0.0645161 8.48008e-06
943387 0.669782 0.870968 0.0645161 8.48008e-06
408151 0.23676 0.516129 0 1.96006e-05
379504 0.179128 0.806452 0 2.10801e-05
524932 0.406542 0.870968 0.0645161 1.52401e-05
408151 0.23676 0.516129 0 1.96006e-05
501238 0.378505 0.580645 0 1.59605e-05
379504 0.179128 0.806452 0 2.10801e-05
379504 0.179128 0.806452 0 2.10801e-05
379504 0.179128 0.806452 0 2.10801e-05
311526 0 1 0 2.568e-05
