1.94163e+06 0.264286 0.606557 0 4.12024e-06
3.02961e+06 0.528571 0.278689 0 2.6406e-06
1.94163e+06 0.264286 0.672131 0 4.12024e-06
1.94163e+06 0.264286 0.606557 0 4.12024e-06
1.94163e+06 0.264286 0.606557 0 4.12024e-06
1.42857e+06 0 1 0 5.6e-06
1.94163e+06 0.264286 0.606557 0 4.12024e-06
1.42857e+06 0 1 0 5.6e-06
1.42857e+06 0 1 0 5.6e-06
3.03003e+06 0.528571 0.672131 0.0655738 2.64024e-06
1.94163e+06 0.264286 0.606557 0 4.12024e-06
1.94163e+06 0.264286 0.606557 0 4.12024e-06
1.94163e+06 0.264286 0.606557 0 4.12024e-06
1.94163e+06 0.264286 0.606557 0 4.12024e-06
1.94163e+06 0.264286 0.606557 0 4.12024e-06
1.94163e+06 0.264286 0.606557 0 4.12024e-06
1.94163e+06 0.264286 0.606557 0 4.12024e-06
1.42857e+06 0 1 0 5.6e-06
1.42857e+06 0 1 0 5.6e-06
1.94163e+06 0.264286 0.606557 0 4.12024e-06
1.94163e+06 0.264286 0.606557 0 4.12024e-06
1.48146e+06 0.0357143 0.868852 0 5.40008e-06
1.42857e+06 0 1 0 5.6e-06
3.03003e+06 0.528571 0.672131 0.0655738 2.64024e-06
1.42857e+06 0 1 0 5.6e-06
1.94171e+06 0.264286 0.868852 0 4.12008e-06
1.42857e+06 0 1 0 5.6e-06
1.42857e+06 0 1 0 5.6e-06
1.42857e+06 0 1 0 5.6e-06
1.42857e+06 0 1 0 5.6e-06
1.42857e+06 0 1 0 5.6e-06
1.94163e+06 0.264286 0.606557 0 4.12024e-06
1.94171e+06 0.264286 0.868852 0 4.12008e-06
1.42857e+06 0 1 0 5.6e-06
1.94163e+06 0.264286 0.606557 0 4.12024e-06
1.94163e+06 0.264286 0.606557 0 4.12024e-06
1.42857e+06 0 1 0 5.6e-06
1.94171e+06 0.264286 0.868852 0 4.12008e-06
1.42857e+06 0 1 0 5.6e-06
1.42857e+06 0 1 0 5.6e-06
