847415 0.135531 0.55 0 9.44048e-06
847415 0.135531 0.55 0 9.44048e-06
732601 0 1 0 1.092e-05
847415 0.135531 0.55 0 9.44048e-06
847415 0.135531 0.55 0 9.44048e-06
743450 0.014652 0.65 0 1.07606e-05
1.65256e+06 0.556777 0.3 0 4.84096e-06
732601 0 1 0 1.092e-05
732601 0 1 0 1.092e-05
1.23452e+06 0.406593 0.7 0 6.48024e-06
1.65256e+06 0.556777 0.3 0 4.84096e-06
1.65256e+06 0.556777 0.3 0 4.84096e-06
1.65256e+06 0.556777 0.3 0 4.84096e-06
1.65256e+06 0.556777 0.3 0 4.84096e-06
1.65256e+06 0.556777 0.3 0 4.84096e-06
1.65256e+06 0.556777 0.3 0 4.84096e-06
1.65256e+06 0.556777 0.3 0 4.84096e-06
732601 0 1 0 1.092e-05
1.26576e+06 0.421245 0.75 0 6.32032e-06
1.65256e+06 0.556777 0.3 0 4.84096e-06
847415 0.135531 0.55 0 9.44048e-06
732601 0 1 0 1.092e-05
732601 0 1 0 1.092e-05
1.23452e+06 0.406593 0.7 0 6.48024e-06
1.26576e+06 0.421245 0.75 0 6.32032e-06
4.25242e+06 0.827839 0.45 0 1.88128e-06
1.26576e+06 0.421245 0.75 0 6.32032e-06
732601 0 1 0 1.092e-05
732601 0 1 0 1.092e-05
732601 0 1 0 1.092e-05
732601 0 1 0 1.092e-05
1.65256e+06 0.556777 0.3 0 4.84096e-06
4.25242e+06 0.827839 0.45 0 1.88128e-06
732601 0 1 0 1.092e-05
1.65256e+06 0.556777 0.3 0 4.84096e-06
847415 0.135531 0.55 0 9.44048e-06
1.26576e+06 0.421245 0.75 0 6.32032e-06
4.25242e+06 0.827839 0.45 0 1.88128e-06
1.26576e+06 0.421245 0.75 0 6.32032e-06
732601 0 1 0 1.092e-05
