1.11102e+06 0.213974 0.4375 0 7.2006e-06
1.04162e+06 0.161572 0.5625 0 7.68036e-06
873362 0 1 0 9.16e-06
1.04162e+06 0.161572 0.5625 0 7.68036e-06
1.11102e+06 0.213974 0.4375 0 7.2006e-06
873362 0 1 0 9.16e-06
2.5969e+06 0.663755 0.4375 0 3.0806e-06
873362 0 1 0 9.16e-06
873362 0 1 0 9.16e-06
873362 0 1 0 9.16e-06
2.5969e+06 0.663755 0.4375 0 3.0806e-06
2.5969e+06 0.663755 0.4375 0 3.0806e-06
2.5969e+06 0.663755 0.4375 0 3.0806e-06
2.5969e+06 0.663755 0.4375 0 3.0806e-06
2.5969e+06 0.663755 0.4375 0 3.0806e-06
2.5969e+06 0.663755 0.4375 0 3.0806e-06
2.5969e+06 0.663755 0.4375 0 3.0806e-06
873362 0 1 0 9.16e-06
1.75436e+06 0.502183 0.875 0 4.56008e-06
2.5969e+06 0.663755 0.4375 0 3.0806e-06
1.04162e+06 0.161572 0.5625 0 7.68036e-06
892845 0.0218341 0.8125 0 8.96012e-06
873362 0 1 0 9.16e-06
873362 0 1 0 9.16e-06
2.59723e+06 0.663755 0.6875 0 3.0802e-06
1.75436e+06 0.502183 0.875 0 4.56008e-06
1.75436e+06 0.502183 0.875 0 4.56008e-06
873362 0 1 0 9.16e-06
873362 0 1 0 9.16e-06
873362 0 1 0 9.16e-06
873362 0 1 0 9.16e-06
2.5969e+06 0.663755 0.4375 0 3.0806e-06
1.75436e+06 0.502183 0.875 0 4.56008e-06
873362 0 1 0 9.16e-06
2.5969e+06 0.663755 0.4375 0 3.0806e-06
1.04162e+06 0.161572 0.5625 0 7.68036e-06
1.75436e+06 0.502183 0.875 0 4.56008e-06
1.75436e+06 0.502183 0.875 0 4.56008e-06
2.59723e+06 0.663755 0.6875 0 3.0802e-06
921650 0.0524017 0.875 0 8.68008e-06
