1.25781e+06 0.188776 0.5 0 6.36024e-06
1.25781e+06 0.188776 0.5 0 6.36024e-06
1.02041e+06 0 1 0 7.84e-06
1.25781e+06 0.188776 0.5 0 6.36024e-06
1.25781e+06 0.188776 0.5 0 6.36024e-06
1.02041e+06 0 1 0 7.84e-06
4.54422e+06 0.77551 0.3 0 1.76048e-06
1.02041e+06 0 1 0 7.84e-06
1.02041e+06 0 1 0 7.84e-06
1.25785e+06 0.188776 0.8 0 6.36008e-06
4.54422e+06 0.77551 0.3 0 1.76048e-06
4.54422e+06 0.77551 0.3 0 1.76048e-06
4.54422e+06 0.77551 0.3 0 1.76048e-06
4.54422e+06 0.77551 0.3 0 1.76048e-06
4.54422e+06 0.77551 0.3 0 1.76048e-06
4.54422e+06 0.77551 0.3 0 1.76048e-06
4.54422e+06 0.77551 0.3 0 1.76048e-06
1.02041e+06 0 1 0 7.84e-06
2.46907e+06 0.586735 0.8 0 3.24008e-06
4.54422e+06 0.77551 0.3 0 1.76048e-06
1.25781e+06 0.188776 0.5 0 6.36024e-06
1.04711e+06 0.0255102 0.8 0 7.64008e-06
1.02041e+06 0 1 0 7.84e-06
1.25785e+06 0.188776 0.8 0 6.36008e-06
2.46907e+06 0.586735 0.8 0 3.24008e-06
4.54504e+06 0.77551 0.6 0 1.76016e-06
2.46907e+06 0.586735 0.8 0 3.24008e-06
1.02041e+06 0 1 0 7.84e-06
1.02041e+06 0 1 0 7.84e-06
1.02041e+06 0 1 0 7.84e-06
1.02041e+06 0 1 0 7.84e-06
4.54422e+06 0.77551 0.3 0 1.76048e-06
4.54504e+06 0.77551 0.6 0 1.76016e-06
1.02041e+06 0 1 0 7.84e-06
4.54422e+06 0.77551 0.3 0 1.76048e-06
1.25781e+06 0.188776 0.5 0 6.36024e-06
2.46907e+06 0.586735 0.8 0 3.24008e-06
4.54504e+06 0.77551 0.6 0 1.76016e-06
2.46907e+06 0.586735 0.8 0 3.24008e-06
1.02041e+06 0 1 0 7.84e-06
