316453 0.0553064 0.727273 0 2.52802e-05
316453 0.0553064 0.727273 0 2.52802e-05
316455 0.0553064 0.878788 0 2.52801e-05
316453 0.0553064 0.727273 0 2.52802e-05
316453 0.0553064 0.727273 0 2.52802e-05
298954 0 1 0 2.676e-05
386838 0.227205 0.606061 0 2.06805e-05
298954 0 1 0 2.676e-05
449436 0.334828 0.878788 0 1.78001e-05
298954 0 1 0 2.676e-05
386838 0.227205 0.606061 0 2.06805e-05
386838 0.227205 0.606061 0 2.06805e-05
386838 0.227205 0.606061 0 2.06805e-05
386838 0.227205 0.606061 0 2.06805e-05
386838 0.227205 0.606061 0 2.06805e-05
386838 0.227205 0.606061 0 2.06805e-05
386838 0.227205 0.606061 0 2.06805e-05
298954 0 1 0 2.676e-05
361010 0.171898 0.878788 0 2.21601e-05
386838 0.227205 0.606061 0 2.06805e-05
316453 0.0553064 0.727273 0 2.52802e-05
301203 0.00747384 0.818182 0 2.65601e-05
449436 0.334828 0.878788 0 1.78001e-05
298954 0 1 0 2.676e-05
386844 0.227205 0.757576 0.0606061 2.06802e-05
361010 0.171898 0.878788 0 2.21601e-05
361010 0.171898 0.878788 0 2.21601e-05
836813 0.64275 0.878788 0.0606061 9.56008e-06
449436 0.334828 0.878788 0 1.78001e-05
836813 0.64275 0.878788 0.0606061 9.56008e-06
836813 0.64275 0.878788 0.0606061 9.56008e-06
386838 0.227205 0.606061 0 2.06805e-05
361010 0.171898 0.878788 0 2.21601e-05
490194 0.390135 0.878788 0.0606061 1.63201e-05
386838 0.227205 0.606061 0 2.06805e-05
469470 0.363229 0.606061 0 1.70405e-05
361010 0.171898 0.878788 0 2.21601e-05
361010 0.171898 0.878788 0 2.21601e-05
386844 0.227205 0.757576 0.0606061 2.06802e-05
298954 0 1 0 2.676e-05
