1.01007e+06 0.157447 0.722222 0 7.92024e-06
1.01007e+06 0.157447 0.722222 0 7.92024e-06
851064 0 1 0 9.4e-06
1.01007e+06 0.157447 0.722222 0 7.92024e-06
1.01007e+06 0.157447 0.722222 0 7.92024e-06
865778 0.0170213 0.777778 0 9.24024e-06
2.40929e+06 0.646809 0.611111 0 3.32048e-06
851064 0 1 0 9.4e-06
851064 0 1 0 9.4e-06
851064 0 1 0 9.4e-06
2.40929e+06 0.646809 0.611111 0 3.32048e-06
2.40929e+06 0.646809 0.611111 0 3.32048e-06
2.40929e+06 0.646809 0.611111 0 3.32048e-06
2.40929e+06 0.646809 0.611111 0 3.32048e-06
2.40929e+06 0.646809 0.611111 0 3.32048e-06
2.40929e+06 0.646809 0.611111 0 3.32048e-06
2.40929e+06 0.646809 0.611111 0 3.32048e-06
851064 0 1 0 9.4e-06
1.66664e+06 0.489362 0.888889 0 4.80008e-06
2.40929e+06 0.646809 0.611111 0 3.32048e-06
1.01007e+06 0.157447 0.722222 0 7.92024e-06
869554 0.0212766 0.833333 0 9.20012e-06
851064 0 1 0 9.4e-06
851064 0 1 0 9.4e-06
2.40949e+06 0.646809 0.722222 0 3.3202e-06
1.66664e+06 0.489362 0.888889 0 4.80008e-06
1.66664e+06 0.489362 0.888889 0 4.80008e-06
851064 0 1 0 9.4e-06
851064 0 1 0 9.4e-06
851064 0 1 0 9.4e-06
851064 0 1 0 9.4e-06
2.40929e+06 0.646809 0.611111 0 3.32048e-06
1.66664e+06 0.489362 0.888889 0 4.80008e-06
851064 0 1 0 9.4e-06
2.40929e+06 0.646809 0.611111 0 3.32048e-06
1.01007e+06 0.157447 0.722222 0 7.92024e-06
1.66664e+06 0.489362 0.888889 0 4.80008e-06
1.66664e+06 0.489362 0.888889 0 4.80008e-06
2.40949e+06 0.646809 0.722222 0 3.3202e-06
851064 0 1 0 9.4e-06
