546421 0.118072 0.388889 0 1.46407e-05
529084 0.0891566 0.5 0 1.51205e-05
481928 0 1 0 1.66e-05
529084 0.0891566 0.5 0 1.51205e-05
546421 0.118072 0.388889 0 1.46407e-05
481928 0 1 0 1.66e-05
6.0551e+06 0.920482 0.166667 0 1.3212e-06
481928 0 1 0 1.66e-05
481928 0 1 0 1.66e-05
481928 0 1 0 1.66e-05
6.0551e+06 0.920482 0.166667 0 1.3212e-06
6.0551e+06 0.920482 0.166667 0 1.3212e-06
6.0551e+06 0.920482 0.166667 0 1.3212e-06
6.0551e+06 0.920482 0.166667 0 1.3212e-06
6.0551e+06 0.920482 0.166667 0 1.3212e-06
6.0551e+06 0.920482 0.166667 0 1.3212e-06
6.0551e+06 0.920482 0.166667 0 1.3212e-06
481928 0 1 0 1.66e-05
2.8569e+06 0.831325 0.666667 0 2.80024e-06
6.0551e+06 0.920482 0.166667 0 1.3212e-06
529084 0.0891566 0.5 0 1.51205e-05
481928 0 1 0 1.66e-05
481928 0 1 0 1.66e-05
481928 0 1 0 1.66e-05
2.8569e+06 0.831325 0.666667 0 2.80024e-06
2.8569e+06 0.831325 0.666667 0 2.80024e-06
2.8569e+06 0.831325 0.666667 0 2.80024e-06
481928 0 1 0 1.66e-05
481928 0 1 0 1.66e-05
481928 0 1 0 1.66e-05
481928 0 1 0 1.66e-05
6.0551e+06 0.920482 0.166667 0 1.3212e-06
2.8569e+06 0.831325 0.666667 0 2.80024e-06
481928 0 1 0 1.66e-05
6.0551e+06 0.920482 0.166667 0 1.3212e-06
529084 0.0891566 0.5 0 1.51205e-05
2.8569e+06 0.831325 0.666667 0 2.80024e-06
2.8569e+06 0.831325 0.666667 0 2.80024e-06
2.8569e+06 0.831325 0.666667 0 2.80024e-06
515461 0.0650602 0.888889 0.0555556 1.55201e-05
