757546 0.084922 0.555556 0 2.11208e-05
740724 0.0641248 0.666667 0 2.16005e-05
693241 0 1 0 2.308e-05
740724 0.0641248 0.666667 0 2.16005e-05
757546 0.084922 0.555556 0 2.11208e-05
702968 0.0138648 0.666667 0 2.27606e-05
2.05109e+06 0.662045 0.592593 0 7.80072e-06
693241 0 1 0 2.308e-05
693241 0 1 0 2.308e-05
858358 0.192374 0.777778 0 1.86402e-05
2.05109e+06 0.662045 0.592593 0 7.80072e-06
2.05109e+06 0.662045 0.592593 0 7.80072e-06
2.05109e+06 0.662045 0.592593 0 7.80072e-06
2.05109e+06 0.662045 0.592593 0 7.80072e-06
2.05109e+06 0.662045 0.592593 0 7.80072e-06
2.05109e+06 0.662045 0.592593 0 7.80072e-06
2.05109e+06 0.662045 0.592593 0 7.80072e-06
693241 0 1 0 2.308e-05
1.72412e+06 0.59792 0.925926 0 9.28008e-06
2.05109e+06 0.662045 0.592593 0 7.80072e-06
740724 0.0641248 0.666667 0 2.16005e-05
693241 0 1 0 2.308e-05
693241 0 1 0 2.308e-05
858358 0.192374 0.777778 0 1.86402e-05
2.05124e+06 0.662045 0.851852 0 7.80016e-06
3.30557e+06 0.790295 0.703704 0 4.84032e-06
1.72412e+06 0.59792 0.925926 0 9.28008e-06
693241 0 1 0 2.308e-05
693241 0 1 0 2.308e-05
693241 0 1 0 2.308e-05
693241 0 1 0 2.308e-05
2.05109e+06 0.662045 0.592593 0 7.80072e-06
3.30557e+06 0.790295 0.703704 0 4.84032e-06
693241 0 1 0 2.308e-05
2.05109e+06 0.662045 0.592593 0 7.80072e-06
740724 0.0641248 0.666667 0 2.16005e-05
1.72412e+06 0.59792 0.925926 0 9.28008e-06
3.30557e+06 0.790295 0.703704 0 4.84032e-06
2.05124e+06 0.662045 0.851852 0 7.80016e-06
727266 0.0467938 0.814815 0 2.20002e-05
