719393 0.149847 0.3 0 1.11205e-05
689641 0.11315 0.5 0 1.16002e-05
689650 0.11315 0.8 0 1.16001e-05
689641 0.11315 0.5 0 1.16002e-05
719393 0.149847 0.3 0 1.11205e-05
611621 0 1 0 1.308e-05
689641 0.11315 0.5 0 1.16002e-05
611621 0 1 0 1.308e-05
1.94171e+06 0.685015 0.8 0 4.12008e-06
611621 0 1 0 1.308e-05
689641 0.11315 0.5 0 1.16002e-05
689641 0.11315 0.5 0 1.16002e-05
689641 0.11315 0.5 0 1.16002e-05
689641 0.11315 0.5 0 1.16002e-05
689641 0.11315 0.5 0 1.16002e-05
689641 0.11315 0.5 0 1.16002e-05
689641 0.11315 0.5 0 1.16002e-05
611621 0 1 0 1.308e-05
611621 0 1 0 1.308e-05
689641 0.11315 0.5 0 1.16002e-05
689641 0.11315 0.5 0 1.16002e-05
611621 0 1 0 1.308e-05
1.94171e+06 0.685015 0.8 0 4.12008e-06
611621 0 1 0 1.308e-05
611621 0 1 0 1.308e-05
611621 0 1 0 1.308e-05
611621 0 1 0 1.308e-05
1.94171e+06 0.685015 0.8 0 4.12008e-06
1.94171e+06 0.685015 0.8 0 4.12008e-06
1.94171e+06 0.685015 0.8 0 4.12008e-06
1.94171e+06 0.685015 0.8 0 4.12008e-06
689641 0.11315 0.5 0 1.16002e-05
611621 0 1 0 1.308e-05
3.03021e+06 0.798165 0.8 0.1 2.64008e-06
689641 0.11315 0.5 0 1.16002e-05
689641 0.11315 0.5 0 1.16002e-05
611621 0 1 0 1.308e-05
611621 0 1 0 1.308e-05
611621 0 1 0 1.308e-05
666658 0.0825688 0.6 0 1.20002e-05
