934553 0.14741 0.526316 0 8.56024e-06
934553 0.14741 0.526316 0 8.56024e-06
796813 0 1 0 1.004e-05
934553 0.14741 0.526316 0 8.56024e-06
934553 0.14741 0.526316 0 8.56024e-06
796813 0 1 0 1.004e-05
934553 0.14741 0.526316 0 8.56024e-06
796813 0 1 0 1.004e-05
796813 0 1 0 1.004e-05
796813 0 1 0 1.004e-05
934553 0.14741 0.526316 0 8.56024e-06
934553 0.14741 0.526316 0 8.56024e-06
934553 0.14741 0.526316 0 8.56024e-06
934553 0.14741 0.526316 0 8.56024e-06
934553 0.14741 0.526316 0 8.56024e-06
934553 0.14741 0.526316 0 8.56024e-06
934553 0.14741 0.526316 0 8.56024e-06
796813 0 1 0 1.004e-05
796813 0 1 0 1.004e-05
934553 0.14741 0.526316 0 8.56024e-06
934553 0.14741 0.526316 0 8.56024e-06
796813 0 1 0 1.004e-05
796813 0 1 0 1.004e-05
796813 0 1 0 1.004e-05
796813 0 1 0 1.004e-05
796813 0 1 0 1.004e-05
796813 0 1 0 1.004e-05
4.44425e+06 0.820717 0.789474 0 1.80008e-06
796813 0 1 0 1.004e-05
4.44425e+06 0.820717 0.789474 0 1.80008e-06
4.44425e+06 0.820717 0.789474 0 1.80008e-06
934553 0.14741 0.526316 0 8.56024e-06
796813 0 1 0 1.004e-05
796813 0 1 0 1.004e-05
934553 0.14741 0.526316 0 8.56024e-06
1.94175e+07 0.968127 0.315789 0 4.12e-07
796813 0 1 0 1.004e-05
796813 0 1 0 1.004e-05
796813 0 1 0 1.004e-05
796813 0 1 0 1.004e-05
