7.69172e+06 0.315789 0.714286 0 1.04008e-06
5.26316e+06 0 1 0 1.52e-06
5.26316e+06 0 1 0 1.52e-06
5.26316e+06 0 1 0 1.52e-06
7.69172e+06 0.315789 0.714286 0 1.04008e-06
5.26316e+06 0 1 0 1.52e-06
5.26316e+06 0 1 0 1.52e-06
5.26316e+06 0 1 0 1.52e-06
5.26316e+06 0 1 0 1.52e-06
5.26316e+06 0 1 0 1.52e-06
5.26316e+06 0 1 0 1.52e-06
5.26316e+06 0 1 0 1.52e-06
5.26316e+06 0 1 0 1.52e-06
5.26316e+06 0 1 0 1.52e-06
5.26316e+06 0 1 0 1.52e-06
5.26316e+06 0 1 0 1.52e-06
5.26316e+06 0 1 0 1.52e-06
5.26316e+06 0 1 0 1.52e-06
5.26316e+06 0 1 0 1.52e-06
5.26316e+06 0 1 0 1.52e-06
5.26316e+06 0 1 0 1.52e-06
6.06006e+06 0.131579 0.571429 0 1.32012e-06
5.26316e+06 0 1 0 1.52e-06
5.26316e+06 0 1 0 1.52e-06
5.26316e+06 0 1 0 1.52e-06
5.26316e+06 0 1 0 1.52e-06
5.26316e+06 0 1 0 1.52e-06
5.26316e+06 0 1 0 1.52e-06
5.26316e+06 0 1 0 1.52e-06
5.26316e+06 0 1 0 1.52e-06
5.26316e+06 0 1 0 1.52e-06
5.26316e+06 0 1 0 1.52e-06
5.26316e+06 0 1 0 1.52e-06
5.26316e+06 0 1 0 1.52e-06
5.26316e+06 0 1 0 1.52e-06
5.26316e+06 0 1 0 1.52e-06
5.26316e+06 0 1 0 1.52e-06
5.26316e+06 0 1 0 1.52e-06
5.26316e+06 0 1 0 1.52e-06
1.81752e+07 0.710526 0.428571 0 4.4016e-07
