955414 0 1 0 2.512e-05
955414 0 1 0 2.512e-05
955414 0 1 0 2.512e-05
955414 0 1 0 2.512e-05
955414 0 1 0 2.512e-05
1.94175e+07 0.990446 0.666667 0.166667 1.236e-06
955414 0 1 0 2.512e-05
955414 0 1 0 2.512e-05
955414 0 1 0 2.512e-05
955414 0 1 0 2.512e-05
955414 0 1 0 2.512e-05
955414 0 1 0 2.512e-05
955414 0 1 0 2.512e-05
955414 0 1 0 2.512e-05
955414 0 1 0 2.512e-05
955414 0 1 0 2.512e-05
955414 0 1 0 2.512e-05
955414 0 1 0 2.512e-05
955414 0 1 0 2.512e-05
955414 0 1 0 2.512e-05
1.94175e+07 0.984076 0.666667 0 1.236e-06
955414 0 1 0 2.512e-05
955414 0 1 0 2.512e-05
955414 0 1 0 2.512e-05
955414 0 1 0 2.512e-05
955414 0 1 0 2.512e-05
955414 0 1 0 2.512e-05
955414 0 1 0 2.512e-05
955414 0 1 0 2.512e-05
955414 0 1 0 2.512e-05
955414 0 1 0 2.512e-05
955414 0 1 0 2.512e-05
955414 0 1 0 2.512e-05
955414 0 1 0 2.512e-05
955414 0 1 0 2.512e-05
955414 0 1 0 2.512e-05
955414 0 1 0 2.512e-05
955414 0 1 0 2.512e-05
955414 0 1 0 2.512e-05
955414 0 1 0 2.512e-05
