3.7037e+06 0 1 0 2.16e-06
3.7037e+06 0 1 0 2.16e-06
3.7037e+06 0 1 0 2.16e-06
3.7037e+06 0 1 0 2.16e-06
3.7037e+06 0 1 0 2.16e-06
3.7037e+06 0 1 0 2.16e-06
3.7037e+06 0 1 0 2.16e-06
1e+08 1 0.666667 0.333333 8e-08
3.7037e+06 0 1 0 2.16e-06
3.7037e+06 0 1 0 2.16e-06
3.7037e+06 0 1 0 2.16e-06
3.7037e+06 0 1 0 2.16e-06
3.7037e+06 0 1 0 2.16e-06
3.7037e+06 0 1 0 2.16e-06
3.7037e+06 0 1 0 2.16e-06
3.7037e+06 0 1 0 2.16e-06
3.7037e+06 0 1 0 2.16e-06
3.7037e+06 0 1 0 2.16e-06
3.7037e+06 0 1 0 2.16e-06
3.7037e+06 0 1 0 2.16e-06
3.7037e+06 0 1 0 2.16e-06
3.7037e+06 0 1 0 2.16e-06
3.7037e+06 0 1 0 2.16e-06
3.7037e+06 0 1 0 2.16e-06
3.7037e+06 0 1 0 2.16e-06
3.7037e+06 0 1 0 2.16e-06
3.7037e+06 0 1 0 2.16e-06
3.7037e+06 0 1 0 2.16e-06
3.7037e+06 0 1 0 2.16e-06
3.7037e+06 0 1 0 2.16e-06
3.7037e+06 0 1 0 2.16e-06
3.7037e+06 0 1 0 2.16e-06
3.7037e+06 0 1 0 2.16e-06
3.7037e+06 0 1 0 2.16e-06
3.7037e+06 0 1 0 2.16e-06
3.7037e+06 0 1 0 2.16e-06
3.7037e+06 0 1 0 2.16e-06
3.7037e+06 0 1 0 2.16e-06
3.7037e+06 0 1 0 2.16e-06
3.7037e+06 0 1 0 2.16e-06
