Profile Result: 
AT18 : 2 1380.48 0 1 0
AT21 : 3 8773.12 0 1 0
AT22 : 2 5002.24 0 1 0
AT23 : 1 1520.64 0 1 0
AT26 : 2 838.08 0 1 0
AT28 : 1 190.08 0 1 0
NULL : 5 0 0 1 0
NULL->NULL : 4 0 4510.31 1 0
NULL->AT21 : 3 8773.12 3072 1 0
AT22->AT21 : 2 10780.2 1954 1 0
AT21->AT18 : 2 7181.44 2900.48 1 0
AT21->AT26 : 2 6805.44 1491.84 1 0
AT26->AT22 : 2 5840.32 2619 1 0
AT22->NULL : 2 5002.24 2344.8 1 0
AT18->NULL : 2 1404.16 2194 1 0
NULL->AT18 : 2 1380.48 2048 1 0
AT21->AT23 : 1 4326.4 701.44 1 0
AT18->AT21 : 1 3673.6 1060 1 0
AT18->AT22 : 1 3345.92 1356.8 1 0
AT21->NULL : 1 2972.16 1486.08 1 0
NULL->AT22 : 1 2334.72 1024 1 0
AT23->AT28 : 1 1710.72 1188 1 0
NULL->AT23 : 1 1520.64 1024 1 0
AT28->AT26 : 1 636.16 950.4 1 0
NULL->AT26 : 1 392 1024 1 0
AT21->AT26->AT22 : 2 11807.7 4110.84 1 0
AT26->AT22->AT21 : 2 11618.2 4573 1 0
AT22->AT21->AT23 : 1 6661.12 1613.44 1 0
AT21->AT18->AT21 : 1 6479.36 2462.88 1 0
AT18->AT22->AT21 : 1 6318.08 2398.8 1 0
AT21->AT18->AT22 : 1 6151.68 2759.68 1 0
AT22->AT21->AT26 : 1 6085.76 1785.04 1 0
AT22->AT21->AT18 : 1 5818.88 2314.88 1 0
AT21->AT23->AT28 : 1 4516.48 1889.44 1 0
AT18->AT21->AT18 : 1 4375.68 2557.6 1 0
AT18->AT21->AT26 : 1 4065.6 1808.8 1 0
AT28->AT26->AT22 : 1 2970.88 2344.4 1 0
AT23->AT28->AT26 : 1 2156.8 2138.4 1 0
AT21->AT26->AT22->AT21 : 2 17585.6 6064.84 1 0
AT21->AT18->AT22->AT21 : 1 9123.84 3801.68 1 0
AT22->AT21->AT18->AT21 : 1 8814.08 3374.88 1 0
AT22->AT21->AT18->AT22 : 1 8486.4 3671.68 1 0
AT22->AT21->AT26->AT22 : 1 8420.48 3179.04 1 0
AT21->AT18->AT21->AT18 : 1 7181.44 3960.48 1 0
AT26->AT22->AT21->AT23 : 1 7107.2 3007.44 1 0
AT21->AT18->AT21->AT26 : 1 6871.36 3211.68 1 0
AT22->AT21->AT23->AT28 : 1 6851.2 2801.44 1 0
AT18->AT22->AT21->AT26 : 1 6764.16 3141.84 1 0
AT18->AT21->AT26->AT22 : 1 6733.12 3033.8 1 0
AT26->AT22->AT21->AT26 : 1 6477.76 3010.04 1 0
AT26->AT22->AT21->AT18 : 1 6264.96 3708.88 1 0
AT28->AT26->AT22->AT21 : 1 5776.64 3256.4 1 0
AT21->AT23->AT28->AT26 : 1 4962.56 2839.84 1 0
AT23->AT28->AT26->AT22 : 1 4491.52 3532.4 1 0
AT22->AT21->AT18->AT22->AT21 : 1 11458.6 4713.68 1 0
AT22->AT21->AT26->AT22->AT21 : 1 11226.2 4091.04 1 0
AT21->AT26->AT22->AT21->AT23 : 1 10079.4 3750.48 1 0
AT18->AT21->AT26->AT22->AT21 : 1 9705.28 4075.8 1 0
AT21->AT18->AT22->AT21->AT26 : 1 9569.92 4544.72 1 0
AT21->AT18->AT21->AT26->AT22 : 1 9538.88 4436.68 1 0
AT22->AT21->AT18->AT21->AT18 : 1 9516.16 4872.48 1 0
AT21->AT26->AT22->AT21->AT26 : 1 9472.96 3758.84 1 0
AT26->AT22->AT21->AT18->AT21 : 1 9260.16 4768.88 1 0
AT21->AT26->AT22->AT21->AT18 : 1 9237.12 4451.92 1 0
AT22->AT21->AT18->AT21->AT26 : 1 9206.08 4123.68 1 0
AT18->AT22->AT21->AT26->AT22 : 1 9098.88 4535.84 1 0
AT26->AT22->AT21->AT18->AT22 : 1 8932.48 5065.68 1 0
AT26->AT22->AT21->AT26->AT22 : 1 8812.48 4404.04 1 0
AT21->AT23->AT28->AT26->AT22 : 1 7297.28 4233.84 1 0
AT23->AT28->AT26->AT22->AT21 : 1 7297.28 4444.4 1 0
AT22->AT21->AT23->AT28->AT26 : 1 7297.28 3751.84 1 0
AT28->AT26->AT22->AT21->AT23 : 1 7297.28 3957.84 1 0
AT26->AT22->AT21->AT23->AT28 : 1 7297.28 4195.44 1 0
AT28->AT26->AT22->AT21->AT18 : 1 6455.04 4659.28 1 0
AT22->AT21->AT26->AT22->AT21->AT23 : 1 12746.9 4792.48 1 0
AT21->AT18->AT21->AT26->AT22->AT21 : 1 12511 5478.68 1 0
AT21->AT26->AT22->AT21->AT18->AT21 : 1 12232.3 5511.92 1 0
AT22->AT21->AT18->AT22->AT21->AT26 : 1 11904.6 5456.72 1 0
AT21->AT18->AT22->AT21->AT26->AT22 : 1 11904.6 5938.72 1 0
AT18->AT22->AT21->AT26->AT22->AT21 : 1 11904.6 5447.84 1 0
AT22->AT21->AT26->AT22->AT21->AT18 : 1 11904.6 5493.92 1 0
AT26->AT22->AT21->AT18->AT22->AT21 : 1 11904.6 6107.68 1 0
AT21->AT26->AT22->AT21->AT18->AT22 : 1 11904.6 5808.72 1 0
AT22->AT21->AT18->AT21->AT26->AT22 : 1 11873.6 5348.68 1 0
AT21->AT26->AT22->AT21->AT26->AT22 : 1 11807.7 5152.84 1 0
AT26->AT22->AT21->AT26->AT22->AT21 : 1 11618.2 5316.04 1 0
AT21->AT26->AT22->AT21->AT23->AT28 : 1 10269.4 4938.48 1 0
AT18->AT21->AT26->AT22->AT21->AT26 : 1 10151.4 4818.84 1 0
AT26->AT22->AT21->AT18->AT21->AT18 : 1 9962.24 6266.48 1 0
AT26->AT22->AT21->AT18->AT21->AT26 : 1 9652.16 5517.68 1 0
AT28->AT26->AT22->AT21->AT18->AT21 : 1 9450.24 5719.28 1 0
AT28->AT26->AT22->AT21->AT18->AT22 : 1 9122.56 6016.08 1 0
AT23->AT28->AT26->AT22->AT21->AT18 : 1 7975.68 5847.28 1 0
AT22->AT21->AT26->AT22->AT21->AT18->AT21 : 1 14899.8 6553.92 1 0
AT22->AT21->AT18->AT21->AT26->AT22->AT21 : 1 14845.8 6390.68 1 0
AT21->AT26->AT22->AT21->AT26->AT22->AT21 : 1 14613.4 6064.84 1 0
AT18->AT22->AT21->AT26->AT22->AT21->AT23 : 1 13425.3 6149.28 1 0
AT26->AT22->AT21->AT26->AT22->AT21->AT23 : 1 13138.9 6017.48 1 0
AT21->AT18->AT21->AT26->AT22->AT21->AT26 : 1 12957.1 6221.72 1 0
AT22->AT21->AT26->AT22->AT21->AT23->AT28 : 1 12937 5980.48 1 0
AT21->AT26->AT22->AT21->AT18->AT21->AT18 : 1 12934.4 7009.52 1 0
AT21->AT26->AT22->AT21->AT18->AT21->AT26 : 1 12624.3 6260.72 1 0
AT18->AT21->AT26->AT22->AT21->AT26->AT22 : 1 12486.1 6212.84 1 0
AT26->AT22->AT21->AT18->AT21->AT26->AT22 : 1 12319.7 6742.68 1 0
AT26->AT22->AT21->AT26->AT22->AT21->AT18 : 1 12296.6 6718.92 1 0
AT28->AT26->AT22->AT21->AT18->AT22->AT21 : 1 12094.7 7058.08 1 0
AT23->AT28->AT26->AT22->AT21->AT18->AT21 : 1 10970.9 6907.28 1 0
AT23->AT28->AT26->AT22->AT21->AT18->AT22 : 1 10643.2 7204.08 1 0
AT28->AT26->AT22->AT21->AT18->AT21->AT18 : 1 10152.3 7216.88 1 0
AT28->AT26->AT22->AT21->AT18->AT21->AT26 : 1 9842.24 6468.08 1 0
AT21->AT26->AT22->AT21->AT26->AT22->AT21->AT23 : 1 16134.1 6766.28 1 0
AT22->AT21->AT26->AT22->AT21->AT18->AT21->AT18 : 1 15601.9 8051.52 1 0
AT21->AT18->AT21->AT26->AT22->AT21->AT26->AT22 : 1 15291.8 7615.72 1 0
AT22->AT21->AT26->AT22->AT21->AT18->AT21->AT26 : 1 15291.8 7302.72 1 0
AT26->AT22->AT21->AT18->AT21->AT26->AT22->AT21 : 1 15291.8 7784.68 1 0
AT26->AT22->AT21->AT26->AT22->AT21->AT18->AT21 : 1 15291.8 7778.92 1 0
AT21->AT26->AT22->AT21->AT18->AT21->AT26->AT22 : 1 15291.8 7485.72 1 0
AT22->AT21->AT18->AT21->AT26->AT22->AT21->AT26 : 1 15291.8 7133.72 1 0
AT18->AT21->AT26->AT22->AT21->AT26->AT22->AT21 : 1 15291.8 7124.84 1 0
AT21->AT26->AT22->AT21->AT26->AT22->AT21->AT18 : 1 15291.8 7467.72 1 0
AT23->AT28->AT26->AT22->AT21->AT18->AT22->AT21 : 1 13615.4 8246.08 1 0
AT18->AT22->AT21->AT26->AT22->AT21->AT23->AT28 : 1 13615.4 7337.28 1 0
AT26->AT22->AT21->AT26->AT22->AT21->AT23->AT28 : 1 13329 7205.48 1 0
AT28->AT26->AT22->AT21->AT18->AT21->AT26->AT22 : 1 12509.8 7693.08 1 0
AT23->AT28->AT26->AT22->AT21->AT18->AT21->AT18 : 1 11673 8404.88 1 0
AT23->AT28->AT26->AT22->AT21->AT18->AT21->AT26 : 1 11362.9 7656.08 1 0
AT18->AT21->AT26->AT22->AT21->AT26->AT22->AT21->AT23 : 1 16812.5 7826.28 1 0
AT21->AT26->AT22->AT21->AT26->AT22->AT21->AT23->AT28 : 1 16324.2 7954.28 1 0
AT26->AT22->AT21->AT26->AT22->AT21->AT18->AT21->AT18 : 1 15993.9 9276.52 1 0
AT28->AT26->AT22->AT21->AT18->AT21->AT26->AT22->AT21 : 1 15481.9 8735.08 1 0
AT23->AT28->AT26->AT22->AT21->AT18->AT21->AT26->AT22 : 1 14030.4 8881.08 1 0
AT18->AT21->AT26->AT22->AT21->AT26->AT22->AT21->AT23->AT28 : 1 17002.6 9014.28 1 0
AT23->AT28->AT26->AT22->AT21->AT18->AT21->AT26->AT22->AT21 : 1 17002.6 9923.08 1 0
