Profile Result: 
AT21 : 1 2803.48 0 1 0
AT23 : 1 1520.07 0 1 0
AT28 : 2 309.476 0 1 0
AT30 : 1 582.542 0 1 0
NULL : 3 0 0 1 0
NULL->AT30 : 2 1165.08 2048 1 0
NULL->NULL : 2 0 2129.83 1 0
AT21->AT23 : 1 4323.55 700.871 1 0
AT30->AT21 : 1 3386.02 910.222 1 0
AT21->NULL : 1 2803.48 1401.74 1 0
NULL->AT21 : 1 2803.48 1024 1 0
AT23->NULL : 1 1520.07 1187.56 1 0
NULL->AT23 : 1 1520.07 1024 1 0
AT28->AT30 : 1 746.382 819.2 1 0
AT30->AT28 : 1 728.178 910.222 1 0
NULL->AT28 : 1 163.84 1024 1 0
AT28->NULL : 1 145.636 728.178 1 0
AT30->AT21->AT23 : 1 4906.09 1611.09 1 0
AT28->AT30->AT21 : 1 3549.86 1729.42 1 0
AT28->AT30->AT28 : 1 892.018 1729.42 1 0
AT28->AT30->AT21->AT23 : 1 5069.93 2430.29 1 0
