Profile Result: 
AT13 : 1 65.0667 0 1 0
AT15 : 1 2082.13 0 1 0
AT21 : 1 2679.47 0 1 0
AT22 : 1 2082.13 0 1 0
AT24 : 1 2679.47 0 1 0
AT26 : 1 372.267 0 1 0
AT31 : 1 83.7333 0 1 0
AT32 : 1 1058.13 0 1 0
NULL : 4 0 0 1 0
NULL->NULL : 3 0 2767.5 1 0
NULL->AT32 : 2 2116.26 2048 1 0
AT21->AT24 : 1 5358.94 1339.73 1 0
AT22->AT21 : 1 4761.6 813.333 1 0
AT32->AT22 : 1 3140.26 826.667 1 0
AT21->AT26 : 1 3051.74 669.867 1 0
AT24->AT31 : 1 2763.2 1339.73 1 0
NULL->AT21 : 1 2679.47 1024 1 0
AT13->AT15 : 1 2147.2 520.533 1 0
AT22->NULL : 1 2082.13 976 1 0
AT15->NULL : 1 2082.13 813.333 1 0
NULL->AT22 : 1 2082.13 1024 1 0
AT32->AT13 : 1 1123.2 661.333 1 0
AT26->NULL : 1 372.267 1163.33 1 0
NULL->AT26 : 1 372.267 1024 1 0
AT31->NULL : 1 83.7333 1256 1 0
AT13->NULL : 1 65.0667 520.533 1 0
NULL->AT13 : 1 65.0667 1024 1 0
AT22->AT21->AT24 : 1 7441.07 2153.06 1 0
AT32->AT22->AT21 : 1 5819.73 1640 1 0
AT21->AT24->AT31 : 1 5442.67 2679.46 1 0
AT22->AT21->AT26 : 1 5133.87 1483.2 1 0
AT32->AT13->AT15 : 1 3205.33 1181.87 1 0
AT32->AT22->AT21->AT24 : 1 8499.2 2979.73 1 0
AT22->AT21->AT24->AT31 : 1 7524.8 3492.79 1 0
AT32->AT22->AT21->AT26 : 1 6192 2309.87 1 0
AT32->AT22->AT21->AT24->AT31 : 1 8582.93 4319.46 1 0
