Profile Result: 
AT9 : 1 1452.48 0 1 0
AT21 : 1 2949.12 0 1 0
AT22 : 1 3627.52 0 1 0
AT23 : 1 1556.48 0 1 0
AT24 : 1 2949.12 0 1 0
AT26 : 1 450.56 0 1 0
AT28 : 1 194.56 0 1 0
AT29 : 6 1434 0 1 0
AT31 : 1 92.16 0 1 0
AT39 : 1 228.16 0 1 0
NULL : 4 0 0 1 0
NULL->AT29 : 5 1198.88 5120 1 0
AT29->AT29 : 4 1919.12 7105.2 1 0
NULL->NULL : 3 0 3465.58 1 0
AT39->AT29 : 2 933.52 2623.84 1 0
AT22->AT21 : 1 6576.64 1417 1 0
AT21->AT24 : 1 5898.24 1474.56 1 0
AT21->AT23 : 1 4505.6 737.28 1 0
AT26->AT22 : 1 4078.08 1408 1 0
AT39->AT22 : 1 3855.68 1825.28 1 0
AT22->NULL : 1 3627.52 1700.4 1 0
AT24->AT31 : 1 3041.28 1474.56 1 0
NULL->AT21 : 1 2949.12 1024 1 0
AT23->AT28 : 1 1751.04 1216 1 0
AT29->AT9 : 1 1687.6 1763.4 1 0
NULL->AT23 : 1 1556.48 1024 1 0
AT9->NULL : 1 1452.48 1134.75 1 0
NULL->AT9 : 1 1452.48 1024 1 0
AT28->AT26 : 1 645.12 972.8 1 0
AT29->AT39 : 1 479.68 1886.4 1 0
NULL->AT26 : 1 450.56 1024 1 0
AT31->AT29 : 1 312.32 1382.4 1 0
NULL->AT39 : 1 228.16 1024 1 0
AT29->AT29->AT29 : 2 1441.92 7075.2 1 0
AT29->AT39->AT29 : 2 1436.56 6396.64 1 0
AT22->AT21->AT24 : 1 9525.76 2891.56 1 0
AT22->AT21->AT23 : 1 8133.12 2154.28 1 0
AT26->AT22->AT21 : 1 7027.2 2825 1 0
AT39->AT22->AT21 : 1 6804.8 3242.28 1 0
AT21->AT24->AT31 : 1 5990.4 2949.12 1 0
AT21->AT23->AT28 : 1 4700.16 1953.28 1 0
AT28->AT26->AT22 : 1 4272.64 2380.8 1 0
AT29->AT39->AT22 : 1 4107.2 3711.68 1 0
AT24->AT31->AT29 : 1 3261.44 2856.96 1 0
AT23->AT28->AT26 : 1 2201.6 2188.8 1 0
AT29->AT29->AT9 : 1 1929.68 3579 1 0
AT39->AT29->AT9 : 1 1915.76 2676.04 1 0
AT29->AT29->AT39 : 1 726.72 3739.2 1 0
AT39->AT29->AT29 : 1 705.36 3526.8 1 0
AT31->AT29->AT29 : 1 550.4 3033.6 1 0
AT29->AT29->AT39->AT29 : 2 1930.64 10102.2 1 0
AT26->AT22->AT21->AT24 : 1 9976.32 4299.56 1 0
AT39->AT22->AT21->AT24 : 1 9753.92 4716.84 1 0
AT22->AT21->AT24->AT31 : 1 9617.92 4366.12 1 0
AT26->AT22->AT21->AT23 : 1 8583.68 3562.28 1 0
AT39->AT22->AT21->AT23 : 1 8361.28 3979.56 1 0
AT22->AT21->AT23->AT28 : 1 8327.68 3370.28 1 0
AT28->AT26->AT22->AT21 : 1 7221.76 3797.8 1 0
AT29->AT39->AT22->AT21 : 1 7056.32 5128.68 1 0
AT21->AT24->AT31->AT29 : 1 6210.56 4331.52 1 0
AT23->AT28->AT26->AT22 : 1 5829.12 3596.8 1 0
AT21->AT23->AT28->AT26 : 1 5150.72 2926.08 1 0
AT29->AT29->AT39->AT22 : 1 4354.24 5564.48 1 0
AT24->AT31->AT29->AT29 : 1 3499.52 4508.16 1 0
AT29->AT39->AT29->AT9 : 1 2167.28 4562.44 1 0
AT39->AT29->AT29->AT9 : 1 2157.84 5290.2 1 0
AT29->AT29->AT29->AT39 : 1 964.8 5524.8 1 0
AT29->AT39->AT29->AT29 : 1 956.88 5413.2 1 0
AT29->AT29->AT29->AT29 : 1 956.8 5289.6 1 0
AT31->AT29->AT29->AT29 : 1 797.44 4819.2 1 0
AT29->AT29->AT29->AT39->AT29 : 2 2406.8 13673.4 1 0
AT28->AT26->AT22->AT21->AT24 : 1 10170.9 5272.36 1 0
AT26->AT22->AT21->AT24->AT31 : 1 10068.5 5774.12 1 0
AT29->AT39->AT22->AT21->AT24 : 1 10005.4 6603.24 1 0
AT39->AT22->AT21->AT24->AT31 : 1 9846.08 6191.4 1 0
AT22->AT21->AT24->AT31->AT29 : 1 9838.08 5748.52 1 0
AT21->AT23->AT28->AT26->AT22 : 1 8778.24 4334.08 1 0
AT23->AT28->AT26->AT22->AT21 : 1 8778.24 5013.8 1 0
AT28->AT26->AT22->AT21->AT23 : 1 8778.24 4535.08 1 0
AT26->AT22->AT21->AT23->AT28 : 1 8778.24 4778.28 1 0
AT22->AT21->AT23->AT28->AT26 : 1 8778.24 4343.08 1 0
AT29->AT39->AT22->AT21->AT23 : 1 8612.8 5865.96 1 0
AT39->AT22->AT21->AT23->AT28 : 1 8555.84 5195.56 1 0
AT29->AT29->AT39->AT22->AT21 : 1 7303.36 6981.48 1 0
AT21->AT24->AT31->AT29->AT29 : 1 6448.64 5982.72 1 0
AT29->AT29->AT29->AT39->AT22 : 1 4592.32 7350.08 1 0
AT24->AT31->AT29->AT29->AT29 : 1 3746.56 6293.76 1 0
AT29->AT29->AT39->AT29->AT9 : 1 2414.32 6415.24 1 0
AT29->AT39->AT29->AT29->AT9 : 1 2409.36 7176.6 1 0
AT29->AT29->AT39->AT29->AT29 : 1 1203.92 7266 1 0
AT29->AT29->AT29->AT29->AT39 : 1 1184.96 7176 1 0
AT31->AT29->AT29->AT29->AT29 : 1 1048.96 6672 1 0
AT29->AT29->AT29->AT29->AT39->AT29 : 2 2847.12 16975.8 1 0
AT23->AT28->AT26->AT22->AT21->AT24 : 1 11727.4 6488.36 1 0
AT26->AT22->AT21->AT24->AT31->AT29 : 1 10288.6 7156.52 1 0
AT28->AT26->AT22->AT21->AT24->AT31 : 1 10263 6746.92 1 0
AT29->AT29->AT39->AT22->AT21->AT24 : 1 10252.5 8456.04 1 0
AT29->AT39->AT22->AT21->AT24->AT31 : 1 10097.6 8077.8 1 0
AT22->AT21->AT24->AT31->AT29->AT29 : 1 10076.2 7399.72 1 0
AT39->AT22->AT21->AT24->AT31->AT29 : 1 10066.2 7573.8 1 0
AT39->AT22->AT21->AT23->AT28->AT26 : 1 9006.4 6168.36 1 0
AT29->AT29->AT39->AT22->AT21->AT23 : 1 8859.84 7718.76 1 0
AT29->AT39->AT22->AT21->AT23->AT28 : 1 8807.36 7081.96 1 0
AT29->AT29->AT29->AT39->AT22->AT21 : 1 7541.44 8767.08 1 0
AT21->AT24->AT31->AT29->AT29->AT29 : 1 6695.68 7768.32 1 0
AT29->AT29->AT29->AT29->AT39->AT22 : 1 4812.48 9001.28 1 0
AT24->AT31->AT29->AT29->AT29->AT29 : 1 3998.08 8146.56 1 0
AT29->AT29->AT39->AT29->AT29->AT9 : 1 2656.4 9029.4 1 0
AT29->AT29->AT29->AT39->AT29->AT9 : 1 2652.4 8200.84 1 0
AT29->AT29->AT29->AT39->AT29->AT29 : 1 1442 9051.6 1 0
AT31->AT29->AT29->AT29->AT29->AT39 : 1 1277.12 8558.4 1 0
AT31->AT29->AT29->AT29->AT29->AT39->AT29 : 2 3031.44 19740.6 1 0
AT23->AT28->AT26->AT22->AT21->AT24->AT31 : 1 11819.5 7962.92 1 0
AT26->AT22->AT21->AT24->AT31->AT29->AT29 : 1 10526.7 8807.72 1 0
AT29->AT29->AT29->AT39->AT22->AT21->AT24 : 1 10490.6 10241.6 1 0
AT28->AT26->AT22->AT21->AT24->AT31->AT29 : 1 10483.2 8129.32 1 0
AT29->AT29->AT39->AT22->AT21->AT24->AT31 : 1 10344.6 9930.6 1 0
AT22->AT21->AT24->AT31->AT29->AT29->AT29 : 1 10323.2 9185.32 1 0
AT29->AT39->AT22->AT21->AT24->AT31->AT29 : 1 10317.8 9460.2 1 0
AT39->AT22->AT21->AT24->AT31->AT29->AT29 : 1 10304.3 9225 1 0
AT29->AT39->AT22->AT21->AT23->AT28->AT26 : 1 9257.92 8054.76 1 0
AT29->AT29->AT29->AT39->AT22->AT21->AT23 : 1 9097.92 9504.36 1 0
AT29->AT29->AT39->AT22->AT21->AT23->AT28 : 1 9054.4 8934.76 1 0
AT29->AT29->AT29->AT29->AT39->AT22->AT21 : 1 7761.6 10418.3 1 0
AT21->AT24->AT31->AT29->AT29->AT29->AT29 : 1 6947.2 9621.12 1 0
AT31->AT29->AT29->AT29->AT29->AT39->AT22 : 1 4904.64 10383.7 1 0
AT24->AT31->AT29->AT29->AT29->AT29->AT39 : 1 4226.24 10033 1 0
AT29->AT29->AT29->AT39->AT29->AT29->AT9 : 1 2894.48 10815 1 0
AT29->AT29->AT29->AT29->AT39->AT29->AT9 : 1 2872.56 9852.04 1 0
AT29->AT29->AT29->AT29->AT39->AT29->AT29 : 1 1662.16 10702.8 1 0
AT24->AT31->AT29->AT29->AT29->AT29->AT39->AT29 : 2 8929.68 22689.8 1 0
AT23->AT28->AT26->AT22->AT21->AT24->AT31->AT29 : 1 12039.7 9345.32 1 0
AT26->AT22->AT21->AT24->AT31->AT29->AT29->AT29 : 1 10773.8 10593.3 1 0
AT28->AT26->AT22->AT21->AT24->AT31->AT29->AT29 : 1 10721.3 9780.52 1 0
AT29->AT29->AT29->AT29->AT39->AT22->AT21->AT24 : 1 10710.7 11892.8 1 0
AT29->AT29->AT29->AT39->AT22->AT21->AT24->AT31 : 1 10582.7 11716.2 1 0
AT22->AT21->AT24->AT31->AT29->AT29->AT29->AT29 : 1 10574.7 11038.1 1 0
AT29->AT29->AT39->AT22->AT21->AT24->AT31->AT29 : 1 10564.8 11313 1 0
AT29->AT39->AT22->AT21->AT24->AT31->AT29->AT29 : 1 10555.8 11111.4 1 0
AT39->AT22->AT21->AT24->AT31->AT29->AT29->AT29 : 1 10551.4 11010.6 1 0
AT29->AT29->AT39->AT22->AT21->AT23->AT28->AT26 : 1 9504.96 9907.56 1 0
AT29->AT29->AT29->AT29->AT39->AT22->AT21->AT23 : 1 9318.08 11155.6 1 0
AT29->AT29->AT29->AT39->AT22->AT21->AT23->AT28 : 1 9292.48 10720.4 1 0
AT24->AT31->AT29->AT29->AT29->AT29->AT39->AT22 : 1 7853.76 11858.2 1 0
AT31->AT29->AT29->AT29->AT29->AT39->AT22->AT21 : 1 7853.76 11800.7 1 0
AT21->AT24->AT31->AT29->AT29->AT29->AT29->AT39 : 1 7175.36 11507.5 1 0
AT29->AT29->AT29->AT29->AT39->AT29->AT29->AT9 : 1 3114.64 12466.2 1 0
AT31->AT29->AT29->AT29->AT29->AT39->AT29->AT9 : 1 2964.72 11234.4 1 0
AT31->AT29->AT29->AT29->AT29->AT39->AT29->AT29 : 1 1754.32 12085.2 1 0
AT21->AT24->AT31->AT29->AT29->AT29->AT29->AT39->AT29 : 2 14827.9 25638.9 1 0
AT23->AT28->AT26->AT22->AT21->AT24->AT31->AT29->AT29 : 1 12277.8 10996.5 1 0
AT26->AT22->AT21->AT24->AT31->AT29->AT29->AT29->AT29 : 1 11025.3 12446.1 1 0
AT28->AT26->AT22->AT21->AT24->AT31->AT29->AT29->AT29 : 1 10968.3 11566.1 1 0
AT24->AT31->AT29->AT29->AT29->AT29->AT39->AT22->AT21 : 1 10802.9 13275.2 1 0
AT31->AT29->AT29->AT29->AT29->AT39->AT22->AT21->AT24 : 1 10802.9 13275.2 1 0
AT21->AT24->AT31->AT29->AT29->AT29->AT29->AT39->AT22 : 1 10802.9 13332.8 1 0
AT29->AT29->AT29->AT29->AT39->AT22->AT21->AT24->AT31 : 1 10802.9 13367.4 1 0
AT29->AT29->AT29->AT39->AT22->AT21->AT24->AT31->AT29 : 1 10802.9 13098.6 1 0
AT29->AT29->AT39->AT22->AT21->AT24->AT31->AT29->AT29 : 1 10802.9 12964.2 1 0
AT29->AT39->AT22->AT21->AT24->AT31->AT29->AT29->AT29 : 1 10802.9 12897 1 0
AT39->AT22->AT21->AT24->AT31->AT29->AT29->AT29->AT29 : 1 10802.9 12863.4 1 0
AT22->AT21->AT24->AT31->AT29->AT29->AT29->AT29->AT39 : 1 10802.9 12924.5 1 0
AT29->AT29->AT29->AT39->AT22->AT21->AT23->AT28->AT26 : 1 9743.04 11693.2 1 0
AT29->AT29->AT29->AT29->AT39->AT22->AT21->AT23->AT28 : 1 9512.64 12371.6 1 0
AT31->AT29->AT29->AT29->AT29->AT39->AT22->AT21->AT23 : 1 9410.24 12538 1 0
AT24->AT31->AT29->AT29->AT29->AT29->AT39->AT29->AT9 : 1 5913.84 12709 1 0
AT24->AT31->AT29->AT29->AT29->AT29->AT39->AT29->AT29 : 1 4703.44 13559.8 1 0
AT31->AT29->AT29->AT29->AT29->AT39->AT29->AT29->AT9 : 1 3206.8 13848.6 1 0
AT22->AT21->AT24->AT31->AT29->AT29->AT29->AT29->AT39->AT29 : 2 22083 28472.9 1 0
AT23->AT28->AT26->AT22->AT21->AT24->AT31->AT29->AT29->AT29 : 1 12524.8 12782.1 1 0
AT24->AT31->AT29->AT29->AT29->AT29->AT39->AT22->AT21->AT23 : 1 12359.4 14012.5 1 0
AT26->AT22->AT21->AT24->AT31->AT29->AT29->AT29->AT29->AT39 : 1 11253.4 14332.5 1 0
AT28->AT26->AT22->AT21->AT24->AT31->AT29->AT29->AT29->AT29 : 1 11219.8 13418.9 1 0
AT29->AT29->AT29->AT29->AT39->AT22->AT21->AT23->AT28->AT26 : 1 9963.2 13344.4 1 0
AT31->AT29->AT29->AT29->AT29->AT39->AT22->AT21->AT23->AT28 : 1 9604.8 13754 1 0
AT21->AT24->AT31->AT29->AT29->AT29->AT29->AT39->AT29->AT9 : 1 8862.96 14183.6 1 0
AT21->AT24->AT31->AT29->AT29->AT29->AT29->AT39->AT29->AT29 : 1 7652.56 15034.3 1 0
AT24->AT31->AT29->AT29->AT29->AT29->AT39->AT29->AT29->AT9 : 1 6155.92 15323.2 1 0
AT26->AT22->AT21->AT24->AT31->AT29->AT29->AT29->AT29->AT39->AT29 : 2 22984.1 31288.9 1 0
AT23->AT28->AT26->AT22->AT21->AT24->AT31->AT29->AT29->AT29->AT29 : 1 12776.3 14634.9 1 0
AT24->AT31->AT29->AT29->AT29->AT29->AT39->AT22->AT21->AT23->AT28 : 1 12553.9 15228.5 1 0
AT22->AT21->AT24->AT31->AT29->AT29->AT29->AT29->AT39->AT29->AT9 : 1 12490.5 15600.6 1 0
AT28->AT26->AT22->AT21->AT24->AT31->AT29->AT29->AT29->AT29->AT39 : 1 11448 15305.3 1 0
AT22->AT21->AT24->AT31->AT29->AT29->AT29->AT29->AT39->AT29->AT29 : 1 11280.1 16451.3 1 0
AT31->AT29->AT29->AT29->AT29->AT39->AT22->AT21->AT23->AT28->AT26 : 1 10055.4 14726.8 1 0
AT21->AT24->AT31->AT29->AT29->AT29->AT29->AT39->AT29->AT29->AT9 : 1 9105.04 16797.7 1 0
AT28->AT26->AT22->AT21->AT24->AT31->AT29->AT29->AT29->AT29->AT39->AT29 : 2 23373.2 33234.5 1 0
AT23->AT28->AT26->AT22->AT21->AT24->AT31->AT29->AT29->AT29->AT29->AT39 : 1 13004.5 16521.3 1 0
AT24->AT31->AT29->AT29->AT29->AT29->AT39->AT22->AT21->AT23->AT28->AT26 : 1 13004.5 16201.3 1 0
AT26->AT22->AT21->AT24->AT31->AT29->AT29->AT29->AT29->AT39->AT29->AT9 : 1 12941 17008.6 1 0
AT22->AT21->AT24->AT31->AT29->AT29->AT29->AT29->AT39->AT29->AT29->AT9 : 1 12732.6 18214.7 1 0
AT26->AT22->AT21->AT24->AT31->AT29->AT29->AT29->AT29->AT39->AT29->AT29 : 1 11730.6 17859.3 1 0
AT23->AT28->AT26->AT22->AT21->AT24->AT31->AT29->AT29->AT29->AT29->AT39->AT29 : 2 26486.2 35666.5 1 0
AT26->AT22->AT21->AT24->AT31->AT29->AT29->AT29->AT29->AT39->AT29->AT29->AT9 : 1 13183.1 19622.7 1 0
AT28->AT26->AT22->AT21->AT24->AT31->AT29->AT29->AT29->AT29->AT39->AT29->AT9 : 1 13135.6 17981.4 1 0
AT28->AT26->AT22->AT21->AT24->AT31->AT29->AT29->AT29->AT29->AT39->AT29->AT29 : 1 11925.2 18832.1 1 0
AT23->AT28->AT26->AT22->AT21->AT24->AT31->AT29->AT29->AT29->AT29->AT39->AT29->AT9 : 1 14692.1 19197.4 1 0
AT23->AT28->AT26->AT22->AT21->AT24->AT31->AT29->AT29->AT29->AT29->AT39->AT29->AT29 : 1 13481.7 20048.1 1 0
AT28->AT26->AT22->AT21->AT24->AT31->AT29->AT29->AT29->AT29->AT39->AT29->AT29->AT9 : 1 13377.7 20595.5 1 0
AT23->AT28->AT26->AT22->AT21->AT24->AT31->AT29->AT29->AT29->AT29->AT39->AT29->AT29->AT9 : 1 14934.2 21811.5 1 0
