Profile Result: 
AT15 : 1 3112.96 0 1 0
AT19 : 2 337.92 0 1 0
AT21 : 1 3112.96 0 1 0
AT22 : 3 8519.68 0 1 0
AT26 : 1 399.36 0 1 0
AT27 : 1 102.4 0 1 0
AT29 : 1 225.28 0 1 0
AT31 : 1 97.28 0 1 0
AT34 : 1 1556.48 0 1 0
AT38 : 1 204.8 0 1 0
NULL : 5 0 0 1 0
NULL->NULL : 4 0 4780.8 1 0
AT22->NULL : 3 8519.68 3993.6 1 0
AT22->AT19 : 2 5908.48 2176 1 0
NULL->AT22 : 2 5570.56 2048 1 0
AT19->NULL : 2 337.92 2534.4 1 0
NULL->AT19 : 2 337.92 2048 1 0
AT22->AT21 : 1 6062.08 1152 1 0
AT15->AT22 : 1 6062.08 1216 1 0
AT21->AT34 : 1 4669.44 1556.48 1 0
AT34->AT15 : 1 4669.44 778.24 1 0
AT21->AT26 : 1 3512.32 778.24 1 0
AT38->AT22 : 1 3153.92 1638.4 1 0
NULL->AT21 : 1 3112.96 1024 1 0
AT27->AT22 : 1 3051.52 1638.4 1 0
AT26->AT22 : 1 3020.8 1248 1 0
AT34->AT31 : 1 1653.76 1556.48 1 0
NULL->AT26 : 1 399.36 1024 1 0
AT31->AT29 : 1 322.56 1459.2 1 0
AT27->AT38 : 1 307.2 819.2 1 0
AT29->NULL : 1 225.28 1689.6 1 0
NULL->AT29 : 1 225.28 1024 1 0
NULL->AT27 : 1 102.4 1024 1 0
AT21->AT34->AT15 : 1 7782.4 2334.72 1 0
AT34->AT15->AT22 : 1 7618.56 1994.24 1 0
AT22->AT21->AT34 : 1 7618.56 2708.48 1 0
AT22->AT21->AT26 : 1 6461.44 1930.24 1 0
AT38->AT22->AT21 : 1 6266.88 2790.4 1 0
AT15->AT22->AT19 : 1 6236.16 2368 1 0
AT21->AT26->AT22 : 1 6133.76 2026.24 1 0
AT21->AT34->AT31 : 1 4766.72 3112.96 1 0
AT27->AT38->AT22 : 1 3256.32 2457.6 1 0
AT27->AT22->AT19 : 1 3225.6 2790.4 1 0
AT26->AT22->AT19 : 1 3184.64 2272 1 0
AT34->AT31->AT29 : 1 1879.04 3015.68 1 0
AT22->AT21->AT34->AT15 : 1 10731.5 3486.72 1 0
AT21->AT34->AT15->AT22 : 1 10731.5 3550.72 1 0
AT22->AT21->AT26->AT22 : 1 9082.88 3178.24 1 0
AT38->AT22->AT21->AT34 : 1 7823.36 4346.88 1 0
AT34->AT15->AT22->AT19 : 1 7792.64 3146.24 1 0
AT22->AT21->AT34->AT31 : 1 7715.84 4264.96 1 0
AT38->AT22->AT21->AT26 : 1 6666.24 3568.64 1 0
AT27->AT38->AT22->AT21 : 1 6369.28 3609.6 1 0
AT21->AT26->AT22->AT19 : 1 6297.6 3050.24 1 0
AT21->AT34->AT31->AT29 : 1 4992 4572.16 1 0
AT22->AT21->AT34->AT15->AT22 : 1 13680.6 4702.72 1 0
AT38->AT22->AT21->AT34->AT15 : 1 10936.3 5125.12 1 0
AT21->AT34->AT15->AT22->AT19 : 1 10905.6 4702.72 1 0
AT38->AT22->AT21->AT26->AT22 : 1 9287.68 4816.64 1 0
AT22->AT21->AT26->AT22->AT19 : 1 9246.72 4202.24 1 0
AT22->AT21->AT34->AT31->AT29 : 1 7941.12 5724.16 1 0
AT27->AT38->AT22->AT21->AT34 : 1 7925.76 5166.08 1 0
AT38->AT22->AT21->AT34->AT31 : 1 7920.64 5903.36 1 0
AT27->AT38->AT22->AT21->AT26 : 1 6768.64 4387.84 1 0
AT38->AT22->AT21->AT34->AT15->AT22 : 1 13885.4 6341.12 1 0
AT22->AT21->AT34->AT15->AT22->AT19 : 1 13854.7 5854.72 1 0
AT27->AT38->AT22->AT21->AT34->AT15 : 1 11038.7 5944.32 1 0
AT38->AT22->AT21->AT26->AT22->AT19 : 1 9451.52 5840.64 1 0
AT27->AT38->AT22->AT21->AT26->AT22 : 1 9390.08 5635.84 1 0
AT38->AT22->AT21->AT34->AT31->AT29 : 1 8145.92 7362.56 1 0
AT27->AT38->AT22->AT21->AT34->AT31 : 1 8023.04 6722.56 1 0
AT38->AT22->AT21->AT34->AT15->AT22->AT19 : 1 14059.5 7493.12 1 0
AT27->AT38->AT22->AT21->AT34->AT15->AT22 : 1 13987.8 7160.32 1 0
AT27->AT38->AT22->AT21->AT26->AT22->AT19 : 1 9553.92 6659.84 1 0
AT27->AT38->AT22->AT21->AT34->AT31->AT29 : 1 8248.32 8181.76 1 0
AT27->AT38->AT22->AT21->AT34->AT15->AT22->AT19 : 1 14161.9 8312.32 1 0
