Profile Result: 
AT18 : 2 1420.8 0 1 0
AT20 : 1 2816 0 1 0
AT21 : 2 6082.56 0 1 0
AT22 : 1 2744.32 0 1 0
AT23 : 1 1843.2 0 1 0
AT24 : 1 3072 0 1 0
AT26 : 1 396.8 0 1 0
NULL : 4 0 0 1 0
NULL->NULL : 3 0 3427.16 1 0
NULL->AT21 : 2 6082.56 2048 1 0
NULL->AT23 : 2 3686.4 2048 1 0
NULL->AT18 : 2 1420.8 2048 1 0
AT21->AT24 : 1 6144 1536 1 0
AT22->AT21 : 1 5754.88 1072 1 0
AT18->AT21 : 1 3788.8 1120 1 0
AT21->AT18 : 1 3714.56 1505.28 1 0
AT18->AT20 : 1 3520 1408 1 0
AT21->AT26 : 1 3468.8 768 1 0
AT18->AT22 : 1 3461.12 1433.6 1 0
AT26->AT22 : 1 3141.12 1240 1 0
AT24->NULL : 1 3072 1536 1 0
AT21->NULL : 1 3010.56 752.64 1 0
AT20->NULL : 1 2816 704 1 0
AT22->NULL : 1 2744.32 1286.4 1 0
AT23->AT18 : 1 2560 1440 1 0
AT18->NULL : 1 704 1100 1 0
NULL->AT26 : 1 396.8 1024 1 0
AT18->AT21->AT24 : 1 6860.8 2656 1 0
AT21->AT18->AT20 : 1 6530.56 2913.28 1 0
AT18->AT22->AT21 : 1 6471.68 2505.6 1 0
AT22->AT21->AT18 : 1 6458.88 2577.28 1 0
AT21->AT26->AT22 : 1 6213.12 2008 1 0
AT26->AT22->AT21 : 1 6151.68 2312 1 0
AT23->AT18->AT21 : 1 5632 2560 1 0
AT23->AT18->AT22 : 1 5304.32 2873.6 1 0
AT18->AT21->AT26 : 1 4185.6 1888 1 0
AT22->AT21->AT18->AT20 : 1 9274.88 3985.28 1 0
AT21->AT26->AT22->AT21 : 1 9223.68 3080 1 0
AT23->AT18->AT21->AT24 : 1 8704 4096 1 0
AT23->AT18->AT22->AT21 : 1 8314.88 3945.6 1 0
AT18->AT22->AT21->AT18 : 1 7175.68 4010.88 1 0
AT18->AT21->AT26->AT22 : 1 6929.92 3128 1 0
AT26->AT22->AT21->AT18 : 1 6855.68 3817.28 1 0
AT23->AT18->AT21->AT26 : 1 6028.8 3328 1 0
AT18->AT22->AT21->AT18->AT20 : 1 9991.68 5418.88 1 0
AT18->AT21->AT26->AT22->AT21 : 1 9940.48 4200 1 0
AT21->AT26->AT22->AT21->AT18 : 1 9927.68 4585.28 1 0
AT26->AT22->AT21->AT18->AT20 : 1 9671.68 5225.28 1 0
AT23->AT18->AT22->AT21->AT18 : 1 9018.88 5450.88 1 0
AT23->AT18->AT21->AT26->AT22 : 1 8773.12 4568 1 0
AT21->AT26->AT22->AT21->AT18->AT20 : 1 12743.7 5993.28 1 0
AT23->AT18->AT22->AT21->AT18->AT20 : 1 11834.9 6858.88 1 0
AT23->AT18->AT21->AT26->AT22->AT21 : 1 11783.7 5640 1 0
AT18->AT21->AT26->AT22->AT21->AT18 : 1 10644.5 5705.28 1 0
AT18->AT21->AT26->AT22->AT21->AT18->AT20 : 1 13460.5 7113.28 1 0
AT23->AT18->AT21->AT26->AT22->AT21->AT18 : 1 12487.7 7145.28 1 0
AT23->AT18->AT21->AT26->AT22->AT21->AT18->AT20 : 1 15303.7 8553.28 1 0
