Profile Result: 
AT18 : 1 647.111 0 1 0
AT19 : 1 162.809 0 1 0
AT21 : 1 2980.98 0 1 0
AT23 : 2 3407.64 0 1 0
AT24 : 1 2980.98 0 1 0
AT28 : 2 398.222 0 1 0
AT30 : 1 671.289 0 1 0
NULL : 4 0 0 1 0
NULL->AT23 : 3 5250.84 3072 1 0
NULL->NULL : 3 0 3259.22 1 0
NULL->AT30 : 2 1342.58 2048 1 0
AT21->AT24 : 1 5961.96 1490.49 1 0
AT21->AT23 : 1 4545.42 745.244 1 0
AT30->AT21 : 1 3652.27 1048.89 1 0
AT24->NULL : 1 2980.98 1490.49 1 0
NULL->AT21 : 1 2980.98 1024 1 0
AT23->AT18 : 1 2211.55 1222.22 1 0
AT23->AT28 : 1 2073.6 1440 1 0
AT28->AT30 : 1 901.689 1152 1 0
AT30->AT28 : 1 839.111 1048.89 1 0
AT18->AT19 : 1 809.92 1011.11 1 0
AT18->NULL : 1 647.111 1294.22 1 0
NULL->AT18 : 1 647.111 1024 1 0
AT28->NULL : 1 167.822 839.111 1 0
AT19->NULL : 1 162.809 1221.07 1 0
NULL->AT19 : 1 162.809 1024 1 0
AT30->AT21->AT24 : 1 6633.25 2539.38 1 0
AT30->AT21->AT23 : 1 5216.71 1794.13 1 0
AT21->AT23->AT18 : 1 5192.53 1967.46 1 0
AT28->AT30->AT21 : 1 3882.67 2200.89 1 0
AT23->AT28->AT30 : 1 2744.89 2592 1 0
AT23->AT18->AT19 : 1 2374.36 2233.33 1 0
AT28->AT30->AT28 : 1 1069.51 2200.89 1 0
AT28->AT30->AT21->AT24 : 1 6863.65 3691.38 1 0
AT30->AT21->AT23->AT18 : 1 5863.82 3016.35 1 0
AT23->AT28->AT30->AT21 : 1 5725.87 3640.89 1 0
AT28->AT30->AT21->AT23 : 1 5447.11 2946.13 1 0
AT21->AT23->AT18->AT19 : 1 5355.34 2978.57 1 0
AT23->AT28->AT30->AT28 : 1 2912.71 3640.89 1 0
AT23->AT28->AT30->AT21->AT24 : 1 8706.85 5131.38 1 0
AT23->AT28->AT30->AT21->AT23 : 1 7290.31 4386.13 1 0
AT28->AT30->AT21->AT23->AT18 : 1 6094.22 4168.35 1 0
AT30->AT21->AT23->AT18->AT19 : 1 6026.63 4027.46 1 0
AT23->AT28->AT30->AT21->AT23->AT18 : 1 7937.42 5608.35 1 0
AT28->AT30->AT21->AT23->AT18->AT19 : 1 6257.03 5179.46 1 0
AT23->AT28->AT30->AT21->AT23->AT18->AT19 : 1 8100.23 6619.46 1 0
