Profile Result: 
AT2 : 1 1167.36 0 1 0
AT16 : 1 93.92 0 1 0
AT19 : 1 163.84 0 1 0
AT21 : 2 5635.84 0 1 0
AT22 : 2 4718.08 0 1 0
AT23 : 1 1502.72 0 1 0
AT24 : 1 2734.08 0 1 0
AT26 : 1 386.16 0 1 0
AT28 : 1 187.84 0 1 0
AT29 : 1 213.44 0 1 0
AT31 : 1 85.44 0 1 0
NULL : 5 0 0 1 0
NULL->NULL : 4 0 4494.86 1 0
AT22->AT21 : 2 10353.9 1843 1 0
NULL->AT21 : 2 5635.84 2048 1 0
AT22->NULL : 2 4718.08 2211.6 1 0
NULL->AT22 : 2 4718.08 2048 1 0
NULL->AT19 : 2 327.68 2048 1 0
AT21->AT24 : 1 5468.16 1367.04 1 0
AT21->AT23 : 1 4236.8 683.52 1 0
AT2->AT22 : 1 3358.72 912 1 0
AT21->AT26 : 1 3287.92 725.44 1 0
AT21->NULL : 1 2901.76 1450.88 1 0
AT24->AT31 : 1 2819.52 1367.04 1 0
AT16->AT22 : 1 2620.64 1174 1 0
AT23->AT28 : 1 1690.56 1174 1 0
NULL->AT23 : 1 1502.72 1024 1 0
AT19->AT2 : 1 1331.2 1228.8 1 0
NULL->AT2 : 1 1167.36 1024 1 0
AT26->NULL : 1 386.16 1206.75 1 0
NULL->AT26 : 1 386.16 1024 1 0
AT31->AT29 : 1 298.88 1281.6 1 0
AT28->AT16 : 1 281.76 939.2 1 0
AT29->NULL : 1 213.44 1600.8 1 0
NULL->AT29 : 1 213.44 1024 1 0
AT22->AT21->AT24 : 1 7659.52 2223.04 1 0
AT22->AT21->AT23 : 1 6428.16 1539.52 1 0
AT2->AT22->AT21 : 1 6092.8 1768 1 0
AT22->AT21->AT26 : 1 5814.64 1712.44 1 0
AT21->AT24->AT31 : 1 5553.6 2734.08 1 0
AT16->AT22->AT21 : 1 5522.4 2161 1 0
AT21->AT23->AT28 : 1 4424.64 1857.52 1 0
AT19->AT2->AT22 : 1 3522.56 2140.8 1 0
AT24->AT31->AT29 : 1 3032.96 2648.64 1 0
AT28->AT16->AT22 : 1 2808.48 2113.2 1 0
AT23->AT28->AT16 : 1 1784.48 2113.2 1 0
AT2->AT22->AT21->AT24 : 1 8826.88 3135.04 1 0
AT22->AT21->AT24->AT31 : 1 7744.96 3590.08 1 0
AT2->AT22->AT21->AT23 : 1 7595.52 2451.52 1 0
AT22->AT21->AT23->AT28 : 1 6616 2713.52 1 0
AT19->AT2->AT22->AT21 : 1 6256.64 2996.8 1 0
AT16->AT22->AT21->AT26 : 1 5908.56 2886.44 1 0
AT21->AT24->AT31->AT29 : 1 5767.04 4015.68 1 0
AT28->AT16->AT22->AT21 : 1 5710.24 3100.2 1 0
AT21->AT23->AT28->AT16 : 1 4518.56 2796.72 1 0
AT23->AT28->AT16->AT22 : 1 4311.2 3287.2 1 0
AT19->AT2->AT22->AT21->AT24 : 1 8990.72 4363.84 1 0
AT2->AT22->AT21->AT24->AT31 : 1 8912.32 4502.08 1 0
AT22->AT21->AT24->AT31->AT29 : 1 7958.4 4871.68 1 0
AT2->AT22->AT21->AT23->AT28 : 1 7783.36 3625.52 1 0
AT19->AT2->AT22->AT21->AT23 : 1 7759.36 3680.32 1 0
AT23->AT28->AT16->AT22->AT21 : 1 7212.96 4274.2 1 0
AT21->AT23->AT28->AT16->AT22 : 1 7045.28 3970.72 1 0
AT22->AT21->AT23->AT28->AT16 : 1 6709.92 3652.72 1 0
AT28->AT16->AT22->AT21->AT26 : 1 6096.4 3825.64 1 0
AT21->AT23->AT28->AT16->AT22->AT21 : 1 9947.04 4957.72 1 0
AT22->AT21->AT23->AT28->AT16->AT22 : 1 9236.64 4826.72 1 0
AT2->AT22->AT21->AT24->AT31->AT29 : 1 9125.76 5783.68 1 0
AT19->AT2->AT22->AT21->AT24->AT31 : 1 9076.16 5730.88 1 0
AT19->AT2->AT22->AT21->AT23->AT28 : 1 7947.2 4854.32 1 0
AT2->AT22->AT21->AT23->AT28->AT16 : 1 7877.28 4564.72 1 0
AT23->AT28->AT16->AT22->AT21->AT26 : 1 7599.12 4999.64 1 0
AT22->AT21->AT23->AT28->AT16->AT22->AT21 : 1 12138.4 5813.72 1 0
AT2->AT22->AT21->AT23->AT28->AT16->AT22 : 1 10404 5738.72 1 0
AT21->AT23->AT28->AT16->AT22->AT21->AT26 : 1 10333.2 5683.16 1 0
AT19->AT2->AT22->AT21->AT24->AT31->AT29 : 1 9289.6 7012.48 1 0
AT19->AT2->AT22->AT21->AT23->AT28->AT16 : 1 8041.12 5793.52 1 0
AT2->AT22->AT21->AT23->AT28->AT16->AT22->AT21 : 1 13305.8 6725.72 1 0
AT22->AT21->AT23->AT28->AT16->AT22->AT21->AT26 : 1 12524.6 6539.16 1 0
AT19->AT2->AT22->AT21->AT23->AT28->AT16->AT22 : 1 10567.8 6967.52 1 0
AT2->AT22->AT21->AT23->AT28->AT16->AT22->AT21->AT26 : 1 13691.9 7451.16 1 0
AT19->AT2->AT22->AT21->AT23->AT28->AT16->AT22->AT21 : 1 13469.6 7954.52 1 0
AT19->AT2->AT22->AT21->AT23->AT28->AT16->AT22->AT21->AT26 : 1 13855.8 8679.96 1 0
