Profile Result: 
AT18 : 1 767.2 0 1 0
AT20 : 1 3515.73 0 1 0
AT21 : 1 2999.47 0 1 0
AT22 : 2 5567.25 0 1 0
AT23 : 1 1569.07 0 1 0
AT25 : 1 409.6 0 1 0
AT26 : 1 424.533 0 1 0
AT29 : 6 1251.73 0 1 0
AT39 : 1 219.733 0 1 0
NULL : 5 0 0 1 0
AT29->AT29 : 5 2030.93 7628 1 0
NULL->AT29 : 4 902.934 4096 1 0
NULL->NULL : 4 0 4301.94 1 0
AT22->NULL : 3 8412.37 3498.76 1 0
NULL->AT22 : 2 5567.25 2048 1 0
AT39->AT29 : 2 855.466 2526.93 1 0
NULL->AT25 : 2 819.2 2048 1 0
AT22->AT21 : 1 5721.6 1063.33 1 0
AT21->AT23 : 1 4568.54 749.867 1 0
AT20->AT26 : 1 3940.26 878.933 1 0
AT21->AT18 : 1 3766.67 1499.73 1 0
AT39->AT20 : 1 3735.46 1757.87 1 0
AT18->AT22 : 1 3612.32 1534.4 1 0
AT26->AT22 : 1 3146.66 1326.67 1 0
NULL->AT21 : 1 2999.47 1024 1 0
AT23->AT18 : 1 2336.27 1225.83 1 0
NULL->AT23 : 1 1569.07 1024 1 0
AT18->NULL : 1 767.2 1198.75 1 0
AT25->AT29 : 1 580.267 819.2 1 0
AT29->AT39 : 1 454.4 1760 1 0
NULL->AT26 : 1 424.533 1024 1 0
NULL->AT39 : 1 219.733 1024 1 0
AT29->AT39->AT29 : 2 1324.8 6046.93 1 0
AT39->AT29->AT29 : 2 1243.2 5646.93 1 0
AT29->AT29->AT29 : 2 1240.53 5944 1 0
AT22->AT21->AT23 : 1 7290.67 1813.2 1 0
AT20->AT26->AT22 : 1 6662.39 2205.6 1 0
AT21->AT18->AT22 : 1 6611.79 3034.13 1 0
AT22->AT21->AT18 : 1 6488.8 2563.06 1 0
AT26->AT22->AT21 : 1 6146.13 2390 1 0
AT21->AT23->AT18 : 1 5335.74 1975.7 1 0
AT23->AT18->AT22 : 1 5181.39 2760.23 1 0
AT39->AT20->AT26 : 1 4160 2636.8 1 0
AT29->AT39->AT20 : 1 3970.13 3517.87 1 0
AT25->AT29->AT29 : 1 793.6 2099.2 1 0
AT29->AT29->AT39 : 1 667.733 3360 1 0
AT29->AT29->AT39->AT29 : 2 1751.47 9246.93 1 0
AT29->AT39->AT29->AT29 : 2 1712.53 9166.93 1 0
AT20->AT26->AT22->AT21 : 1 9661.86 3268.93 1 0
AT22->AT21->AT18->AT22 : 1 9333.92 4097.46 1 0
AT21->AT23->AT18->AT22 : 1 8180.86 3510.1 1 0
AT22->AT21->AT23->AT18 : 1 8057.87 3039.03 1 0
AT26->AT22->AT21->AT23 : 1 7715.2 3139.87 1 0
AT26->AT22->AT21->AT18 : 1 6913.33 3889.73 1 0
AT39->AT20->AT26->AT22 : 1 6882.13 3963.47 1 0
AT29->AT39->AT20->AT26 : 1 4394.66 4396.8 1 0
AT29->AT29->AT39->AT20 : 1 4183.46 5117.87 1 0
AT25->AT29->AT29->AT29 : 1 1028.27 3699.2 1 0
AT29->AT29->AT29->AT29 : 1 856.534 4664 1 0
AT39->AT29->AT29->AT29 : 1 841.6 4712 1 0
AT29->AT29->AT29->AT39 : 1 838.4 4640 1 0
AT29->AT29->AT39->AT29->AT29 : 2 2139.2 12366.9 1 0
AT29->AT29->AT29->AT39->AT29 : 2 2092.8 11806.9 1 0
AT20->AT26->AT22->AT21->AT23 : 1 11230.9 4018.8 1 0
AT22->AT21->AT23->AT18->AT22 : 1 10903 4573.43 1 0
AT20->AT26->AT22->AT21->AT18 : 1 10429.1 4768.66 1 0
AT39->AT20->AT26->AT22->AT21 : 1 9881.6 5026.8 1 0
AT26->AT22->AT21->AT18->AT22 : 1 9758.45 5424.13 1 0
AT26->AT22->AT21->AT23->AT18 : 1 8482.4 4365.7 1 0
AT29->AT39->AT20->AT26->AT22 : 1 7116.79 5723.47 1 0
AT29->AT29->AT39->AT20->AT26 : 1 4608 5996.8 1 0
AT29->AT29->AT29->AT39->AT20 : 1 4354.13 6397.87 1 0
AT25->AT29->AT29->AT29->AT39 : 1 1248 5459.2 1 0
AT29->AT39->AT29->AT29->AT29 : 1 1076.27 6472 1 0
AT39->AT29->AT29->AT29->AT29 : 1 1076.27 6312 1 0
AT29->AT29->AT29->AT29->AT39 : 1 1076.27 6424 1 0
AT25->AT29->AT29->AT29->AT39->AT29 : 2 2912 13445.3 1 0
AT20->AT26->AT22->AT21->AT18->AT22 : 1 13274.2 6303.06 1 0
AT20->AT26->AT22->AT21->AT23->AT18 : 1 11998.1 5244.63 1 0
AT39->AT20->AT26->AT22->AT21->AT23 : 1 11450.7 5776.67 1 0
AT26->AT22->AT21->AT23->AT18->AT22 : 1 11327.5 5900.1 1 0
AT39->AT20->AT26->AT22->AT21->AT18 : 1 10648.8 6526.53 1 0
AT29->AT39->AT20->AT26->AT22->AT21 : 1 10116.3 6786.8 1 0
AT29->AT29->AT39->AT20->AT26->AT22 : 1 7330.13 7323.47 1 0
AT29->AT29->AT29->AT39->AT20->AT26 : 1 4778.66 7276.8 1 0
AT25->AT29->AT29->AT29->AT39->AT20 : 1 4763.73 7217.07 1 0
AT29->AT29->AT29->AT29->AT39->AT20 : 1 4592 8181.87 1 0
AT29->AT29->AT29->AT29->AT39->AT29 : 1 1254.4 7302.93 1 0
AT29->AT29->AT29->AT39->AT29->AT29 : 1 1233.6 6854.93 1 0
AT20->AT26->AT22->AT21->AT23->AT18->AT22 : 1 14843.3 6779.03 1 0
AT39->AT20->AT26->AT22->AT21->AT18->AT22 : 1 13493.9 8060.93 1 0
AT39->AT20->AT26->AT22->AT21->AT23->AT18 : 1 12217.9 7002.5 1 0
AT29->AT39->AT20->AT26->AT22->AT21->AT23 : 1 11685.3 7536.67 1 0
AT29->AT39->AT20->AT26->AT22->AT21->AT18 : 1 10883.5 8286.53 1 0
AT29->AT29->AT39->AT20->AT26->AT22->AT21 : 1 10329.6 8386.8 1 0
AT29->AT29->AT29->AT39->AT20->AT26->AT22 : 1 7500.79 8603.47 1 0
AT25->AT29->AT29->AT29->AT39->AT20->AT26 : 1 5188.26 8096 1 0
AT29->AT29->AT29->AT29->AT39->AT20->AT26 : 1 5016.53 9060.8 1 0
AT25->AT29->AT29->AT29->AT39->AT29->AT29 : 1 1643.2 7674.13 1 0
AT29->AT29->AT29->AT29->AT39->AT29->AT29 : 1 1471.47 8638.93 1 0
AT39->AT20->AT26->AT22->AT21->AT23->AT18->AT22 : 1 15063 8536.9 1 0
AT29->AT39->AT20->AT26->AT22->AT21->AT18->AT22 : 1 13728.6 9820.93 1 0
AT29->AT39->AT20->AT26->AT22->AT21->AT23->AT18 : 1 12452.5 8762.5 1 0
AT29->AT29->AT39->AT20->AT26->AT22->AT21->AT23 : 1 11898.7 9136.67 1 0
AT29->AT29->AT39->AT20->AT26->AT22->AT21->AT18 : 1 11096.8 9886.53 1 0
AT29->AT29->AT29->AT39->AT20->AT26->AT22->AT21 : 1 10500.3 9666.8 1 0
AT25->AT29->AT29->AT29->AT39->AT20->AT26->AT22 : 1 7910.39 9422.67 1 0
AT29->AT29->AT29->AT29->AT39->AT20->AT26->AT22 : 1 7738.66 10387.5 1 0
AT29->AT39->AT20->AT26->AT22->AT21->AT23->AT18->AT22 : 1 15297.7 10296.9 1 0
AT29->AT29->AT39->AT20->AT26->AT22->AT21->AT18->AT22 : 1 13941.9 11420.9 1 0
AT29->AT29->AT39->AT20->AT26->AT22->AT21->AT23->AT18 : 1 12665.9 10362.5 1 0
AT29->AT29->AT29->AT39->AT20->AT26->AT22->AT21->AT23 : 1 12069.3 10416.7 1 0
AT29->AT29->AT29->AT39->AT20->AT26->AT22->AT21->AT18 : 1 11267.5 11166.5 1 0
AT25->AT29->AT29->AT29->AT39->AT20->AT26->AT22->AT21 : 1 10909.9 10486 1 0
AT29->AT29->AT29->AT29->AT39->AT20->AT26->AT22->AT21 : 1 10738.1 11450.8 1 0
AT29->AT29->AT39->AT20->AT26->AT22->AT21->AT23->AT18->AT22 : 1 15511 11896.9 1 0
AT29->AT29->AT29->AT39->AT20->AT26->AT22->AT21->AT18->AT22 : 1 14112.6 12700.9 1 0
AT29->AT29->AT29->AT39->AT20->AT26->AT22->AT21->AT23->AT18 : 1 12836.5 11642.5 1 0
AT25->AT29->AT29->AT29->AT39->AT20->AT26->AT22->AT21->AT23 : 1 12478.9 11235.9 1 0
AT29->AT29->AT29->AT29->AT39->AT20->AT26->AT22->AT21->AT23 : 1 12307.2 12200.7 1 0
AT25->AT29->AT29->AT29->AT39->AT20->AT26->AT22->AT21->AT18 : 1 11677.1 11985.7 1 0
AT29->AT29->AT29->AT29->AT39->AT20->AT26->AT22->AT21->AT18 : 1 11505.3 12950.5 1 0
AT29->AT29->AT29->AT39->AT20->AT26->AT22->AT21->AT23->AT18->AT22 : 1 15681.7 13176.9 1 0
AT25->AT29->AT29->AT29->AT39->AT20->AT26->AT22->AT21->AT18->AT22 : 1 14522.2 13520.1 1 0
AT29->AT29->AT29->AT29->AT39->AT20->AT26->AT22->AT21->AT18->AT22 : 1 14350.5 14484.9 1 0
AT25->AT29->AT29->AT29->AT39->AT20->AT26->AT22->AT21->AT23->AT18 : 1 13246.1 12461.7 1 0
AT29->AT29->AT29->AT29->AT39->AT20->AT26->AT22->AT21->AT23->AT18 : 1 13074.4 13426.5 1 0
AT25->AT29->AT29->AT29->AT39->AT20->AT26->AT22->AT21->AT23->AT18->AT22 : 1 16091.3 13996.1 1 0
AT29->AT29->AT29->AT29->AT39->AT20->AT26->AT22->AT21->AT23->AT18->AT22 : 1 15919.5 14960.9 1 0
