Profile Result: 
AT13 : 1 83.2 0 1 0
AT15 : 2 5324.8 0 1 0
AT18 : 1 732.8 0 1 0
AT19 : 1 178.36 0 1 0
AT21 : 1 2816 0 1 0
AT22 : 2 5131.52 0 1 0
AT23 : 1 1523.2 0 1 0
NULL : 3 0 0 1 0
AT13->AT15 : 2 5491.2 1331.2 1 0
AT22->NULL : 2 5131.52 2405.4 1 0
NULL->AT22 : 2 5131.52 2048 1 0
NULL->AT13 : 2 166.4 2048 1 0
NULL->NULL : 2 0 2219.77 1 0
AT22->AT21 : 1 5171.2 920 1 0
AT15->AT22 : 1 5017.6 1040 1 0
AT21->AT23 : 1 4339.2 704 1 0
AT21->AT18 : 1 3548.8 1408 1 0
AT18->AT22 : 1 3509.12 1465.6 1 0
AT22->AT19 : 1 2954.68 1084.5 1 0
NULL->AT21 : 1 2816 1024 1 0
AT15->NULL : 1 2662.4 1040 1 0
AT23->AT18 : 1 2256 1190 1 0
NULL->AT23 : 1 1523.2 1024 1 0
AT18->AT19 : 1 911.16 1145 1 0
AT19->NULL : 1 178.36 1337.7 1 0
AT15->AT22->AT21 : 1 7833.6 1960 1 0
AT22->AT21->AT23 : 1 6694.4 1624 1 0
AT21->AT18->AT22 : 1 6325.12 2873.6 1 0
AT22->AT21->AT18 : 1 5904 2328 1 0
AT13->AT15->AT22 : 1 5100.8 1705.6 1 0
AT21->AT23->AT18 : 1 5072 1894 1 0
AT23->AT18->AT22 : 1 5032.32 2655.6 1 0
AT21->AT18->AT19 : 1 3727.16 2553 1 0
AT18->AT22->AT19 : 1 3687.48 2550.1 1 0
AT23->AT18->AT19 : 1 2434.36 2335 1 0
AT15->AT22->AT21->AT23 : 1 9356.8 2664 1 0
AT22->AT21->AT18->AT22 : 1 8680.32 3793.6 1 0
AT15->AT22->AT21->AT18 : 1 8566.4 3368 1 0
AT13->AT15->AT22->AT21 : 1 7916.8 2625.6 1 0
AT21->AT23->AT18->AT22 : 1 7848.32 3359.6 1 0
AT22->AT21->AT23->AT18 : 1 7427.2 2814 1 0
AT21->AT18->AT22->AT19 : 1 6503.48 3958.1 1 0
AT22->AT21->AT18->AT19 : 1 6082.36 3473 1 0
AT21->AT23->AT18->AT19 : 1 5250.36 3039 1 0
AT23->AT18->AT22->AT19 : 1 5210.68 3740.1 1 0
AT15->AT22->AT21->AT18->AT22 : 1 11342.7 4833.6 1 0
AT22->AT21->AT23->AT18->AT22 : 1 10203.5 4279.6 1 0
AT15->AT22->AT21->AT23->AT18 : 1 10089.6 3854 1 0
AT13->AT15->AT22->AT21->AT23 : 1 9440 3329.6 1 0
AT22->AT21->AT18->AT22->AT19 : 1 8858.68 4878.1 1 0
AT15->AT22->AT21->AT18->AT19 : 1 8744.76 4513 1 0
AT13->AT15->AT22->AT21->AT18 : 1 8649.6 4033.6 1 0
AT21->AT23->AT18->AT22->AT19 : 1 8026.68 4444.1 1 0
AT22->AT21->AT23->AT18->AT19 : 1 7605.56 3959 1 0
AT15->AT22->AT21->AT23->AT18->AT22 : 1 12865.9 5319.6 1 0
AT15->AT22->AT21->AT18->AT22->AT19 : 1 11521.1 5918.1 1 0
AT13->AT15->AT22->AT21->AT18->AT22 : 1 11425.9 5499.2 1 0
AT22->AT21->AT23->AT18->AT22->AT19 : 1 10381.9 5364.1 1 0
AT15->AT22->AT21->AT23->AT18->AT19 : 1 10268 4999 1 0
AT13->AT15->AT22->AT21->AT23->AT18 : 1 10172.8 4519.6 1 0
AT13->AT15->AT22->AT21->AT18->AT19 : 1 8827.96 5178.6 1 0
AT15->AT22->AT21->AT23->AT18->AT22->AT19 : 1 13044.3 6404.1 1 0
AT13->AT15->AT22->AT21->AT23->AT18->AT22 : 1 12949.1 5985.2 1 0
AT13->AT15->AT22->AT21->AT18->AT22->AT19 : 1 11604.3 6583.7 1 0
AT13->AT15->AT22->AT21->AT23->AT18->AT19 : 1 10351.2 5664.6 1 0
AT13->AT15->AT22->AT21->AT23->AT18->AT22->AT19 : 1 13127.5 7069.7 1 0
