Profile Result: 
AT19 : 1 170.24 0 1 0
AT21 : 1 2949.12 0 1 0
AT22 : 1 2826.24 0 1 0
AT23 : 1 1556.48 0 1 0
AT24 : 1 2949.12 0 1 0
AT26 : 1 450.56 0 1 0
AT28 : 1 194.56 0 1 0
AT29 : 2 458.24 0 1 0
AT31 : 1 92.16 0 1 0
NULL : 4 0 0 1 0
NULL->NULL : 3 0 3510.4 1 0
NULL->AT21 : 2 5898.24 2048 1 0
NULL->AT29 : 2 458.24 2048 1 0
AT21->AT24 : 1 5898.24 1474.56 1 0
AT21->AT23 : 1 4505.6 737.28 1 0
AT26->AT22 : 1 3276.8 1408 1 0
AT24->AT31 : 1 3041.28 1474.56 1 0
AT22->AT19 : 1 2996.48 1104 1 0
AT22->NULL : 1 2826.24 1324.8 1 0
NULL->AT22 : 1 2826.24 1024 1 0
AT23->AT28 : 1 1751.04 1216 1 0
NULL->AT23 : 1 1556.48 1024 1 0
AT28->AT26 : 1 645.12 972.8 1 0
AT29->AT29 : 1 458.24 1651.2 1 0
NULL->AT26 : 1 450.56 1024 1 0
AT31->AT29 : 1 312.32 1382.4 1 0
AT29->NULL : 1 238.08 1785.6 1 0
AT19->NULL : 1 170.24 1276.8 1 0
NULL->AT19 : 1 170.24 1024 1 0
AT21->AT24->AT31 : 1 5990.4 2949.12 1 0
AT21->AT23->AT28 : 1 4700.16 1953.28 1 0
AT28->AT26->AT22 : 1 3471.36 2380.8 1 0
AT26->AT22->AT19 : 1 3447.04 2512 1 0
AT24->AT31->AT29 : 1 3261.44 2856.96 1 0
AT23->AT28->AT26 : 1 2201.6 2188.8 1 0
AT31->AT29->AT29 : 1 550.4 3033.6 1 0
AT21->AT24->AT31->AT29 : 1 6210.56 4331.52 1 0
AT21->AT23->AT28->AT26 : 1 5150.72 2926.08 1 0
AT23->AT28->AT26->AT22 : 1 5027.84 3596.8 1 0
AT28->AT26->AT22->AT19 : 1 3641.6 3484.8 1 0
AT24->AT31->AT29->AT29 : 1 3499.52 4508.16 1 0
AT21->AT23->AT28->AT26->AT22 : 1 7976.96 4334.08 1 0
AT21->AT24->AT31->AT29->AT29 : 1 6448.64 5982.72 1 0
AT23->AT28->AT26->AT22->AT19 : 1 5198.08 4700.8 1 0
AT21->AT23->AT28->AT26->AT22->AT19 : 1 8147.2 5438.08 1 0
