Profile Result: 
AT8 : 1 64 0 1 0
AT16 : 1 72.96 0 1 0
AT18 : 1 669.44 0 1 0
AT19 : 1 165.6 0 1 0
AT20 : 2 4725.76 0 1 0
AT21 : 1 2734.08 0 1 0
AT22 : 1 2191.36 0 1 0
AT26 : 1 375.68 0 1 0
AT29 : 4 920.8 0 1 0
AT35 : 1 145.92 0 1 0
NULL : 6 0 0 1 0
NULL->NULL : 5 0 5392.71 1 0
NULL->AT29 : 4 920.8 4096 1 0
AT29->AT29 : 3 1391.52 5037.6 1 0
AT22->AT21 : 1 4925.44 856 1 0
AT21->AT18 : 1 3403.52 1367.04 1 0
AT18->AT20 : 1 3347.2 1338.88 1 0
AT21->AT26 : 1 3109.76 683.52 1 0
NULL->AT21 : 1 2734.08 1024 1 0
AT20->NULL : 1 2677.76 669.44 1 0
AT16->AT22 : 1 2264.32 912 1 0
AT22->NULL : 1 2191.36 1027.2 1 0
NULL->AT22 : 1 2191.36 1024 1 0
AT20->AT8 : 1 2112 512 1 0
NULL->AT20 : 1 2048 1024 1 0
AT18->AT19 : 1 835.04 1046 1 0
NULL->AT18 : 1 669.44 1024 1 0
AT26->NULL : 1 375.68 1174 1 0
NULL->AT26 : 1 375.68 1024 1 0
AT35->AT29 : 1 346.88 1094.4 1 0
AT29->NULL : 1 249.12 1868.4 1 0
AT35->AT16 : 1 218.88 729.6 1 0
AT8->AT35 : 1 209.92 512 1 0
AT19->NULL : 1 165.6 1242 1 0
NULL->AT19 : 1 165.6 1024 1 0
NULL->AT35 : 1 145.92 1024 1 0
NULL->AT8 : 1 64 1024 1 0
AT29->AT29->AT29 : 2 1391.52 6751.2 1 0
AT21->AT18->AT20 : 1 6081.28 2705.92 1 0
AT22->AT21->AT18 : 1 5594.88 2223.04 1 0
AT22->AT21->AT26 : 1 5301.12 1539.52 1 0
AT16->AT22->AT21 : 1 4998.4 1768 1 0
AT21->AT18->AT19 : 1 3569.12 2413.04 1 0
AT35->AT16->AT22 : 1 2410.24 1641.6 1 0
AT20->AT8->AT35 : 1 2257.92 1024 1 0
AT35->AT29->AT29 : 1 575.36 2601.6 1 0
AT8->AT35->AT29 : 1 410.88 1606.4 1 0
AT8->AT35->AT16 : 1 282.88 1241.6 1 0
AT22->AT21->AT18->AT20 : 1 8272.64 3561.92 1 0
AT22->AT21->AT18->AT19 : 1 5760.48 3269.04 1 0
AT16->AT22->AT21->AT18 : 1 5667.84 3135.04 1 0
AT16->AT22->AT21->AT26 : 1 5374.08 2451.52 1 0
AT35->AT16->AT22->AT21 : 1 5144.32 2497.6 1 0
AT8->AT35->AT16->AT22 : 1 2474.24 2153.6 1 0
AT20->AT8->AT35->AT29 : 1 2458.88 2118.4 1 0
AT20->AT8->AT35->AT16 : 1 2330.88 1753.6 1 0
AT29->AT29->AT29->AT29 : 1 920.8 5037.6 1 0
AT35->AT29->AT29->AT29 : 1 817.6 4315.2 1 0
AT8->AT35->AT29->AT29 : 1 639.36 3113.6 1 0
AT16->AT22->AT21->AT18->AT20 : 1 8345.6 4473.92 1 0
AT16->AT22->AT21->AT18->AT19 : 1 5833.44 4181.04 1 0
AT35->AT16->AT22->AT21->AT18 : 1 5813.76 3864.64 1 0
AT35->AT16->AT22->AT21->AT26 : 1 5520 3181.12 1 0
AT8->AT35->AT16->AT22->AT21 : 1 5208.32 3009.6 1 0
AT20->AT8->AT35->AT16->AT22 : 1 4522.24 2665.6 1 0
AT20->AT8->AT35->AT29->AT29 : 1 2687.36 3625.6 1 0
AT35->AT29->AT29->AT29->AT29 : 1 1066.72 6132 1 0
AT8->AT35->AT29->AT29->AT29 : 1 881.6 4827.2 1 0
AT35->AT16->AT22->AT21->AT18->AT20 : 1 8491.52 5203.52 1 0
AT20->AT8->AT35->AT16->AT22->AT21 : 1 7256.32 3521.6 1 0
AT35->AT16->AT22->AT21->AT18->AT19 : 1 5979.36 4910.64 1 0
AT8->AT35->AT16->AT22->AT21->AT18 : 1 5877.76 4376.64 1 0
AT8->AT35->AT16->AT22->AT21->AT26 : 1 5584 3693.12 1 0
AT20->AT8->AT35->AT29->AT29->AT29 : 1 2929.6 5339.2 1 0
AT8->AT35->AT29->AT29->AT29->AT29 : 1 1130.72 6644 1 0
AT8->AT35->AT16->AT22->AT21->AT18->AT20 : 1 8555.52 5715.52 1 0
AT20->AT8->AT35->AT16->AT22->AT21->AT18 : 1 7925.76 4888.64 1 0
AT20->AT8->AT35->AT16->AT22->AT21->AT26 : 1 7632 4205.12 1 0
AT8->AT35->AT16->AT22->AT21->AT18->AT19 : 1 6043.36 5422.64 1 0
AT20->AT8->AT35->AT29->AT29->AT29->AT29 : 1 3178.72 7156 1 0
AT20->AT8->AT35->AT16->AT22->AT21->AT18->AT20 : 1 10603.5 6227.52 1 0
AT20->AT8->AT35->AT16->AT22->AT21->AT18->AT19 : 1 8091.36 5934.64 1 0
