Profile Result: 
AT19 : 2 356 0 1 0
AT22 : 2 6149.12 0 1 0
AT23 : 1 1843.2 0 1 0
AT26 : 1 499.2 0 1 0
AT29 : 3 673.067 0 1 0
AT35 : 1 243.2 0 1 0
AT39 : 1 227.2 0 1 0
NULL : 6 0 0 1 0
NULL->NULL : 5 0 5954.9 1 0
NULL->AT29 : 3 673.067 3072 1 0
AT22->AT19 : 2 6505.12 2402 1 0
AT22->NULL : 2 6149.12 2882.4 1 0
NULL->AT22 : 2 6149.12 2048 1 0
NULL->AT23 : 2 3686.4 2048 1 0
AT39->AT29 : 2 877.867 2612.8 1 0
AT29->NULL : 2 423.467 3176 1 0
AT19->NULL : 2 356 2670 1 0
NULL->AT19 : 2 356 2048 1 0
AT26->AT22 : 1 3520 1560 1 0
AT39->AT22 : 1 3355.52 1817.6 1 0
AT23->AT35 : 1 2086.4 1440 1 0
AT35->AT26 : 1 742.4 1216 1 0
NULL->AT26 : 1 499.2 1024 1 0
AT35->AT29 : 1 492.8 1824 1 0
AT29->AT39 : 1 476.8 1872 1 0
NULL->AT35 : 1 243.2 1024 1 0
NULL->AT39 : 1 227.2 1024 1 0
AT29->AT39->AT29 : 2 1377.07 6356.8 1 0
AT35->AT26->AT22 : 1 3763.2 2776 1 0
AT26->AT22->AT19 : 1 3696.32 2740 1 0
AT29->AT39->AT22 : 1 3605.12 3689.6 1 0
AT39->AT22->AT19 : 1 3535.2 3039.6 1 0
AT23->AT35->AT26 : 1 2585.6 2656 1 0
AT23->AT35->AT29 : 1 2336 3264 1 0
AT35->AT29->AT39 : 1 720 3696 1 0
AT35->AT29->AT39->AT29 : 2 1863.47 10004.8 1 0
AT23->AT35->AT26->AT22 : 1 5606.4 4216 1 0
AT35->AT26->AT22->AT19 : 1 3939.52 3956 1 0
AT35->AT29->AT39->AT22 : 1 3848.32 5513.6 1 0
AT29->AT39->AT22->AT19 : 1 3784.8 4911.6 1 0
AT23->AT35->AT29->AT39 : 1 2563.2 5136 1 0
AT23->AT35->AT29->AT39->AT29 : 2 5549.87 12884.8 1 0
AT23->AT35->AT26->AT22->AT19 : 1 5782.72 5396 1 0
AT23->AT35->AT29->AT39->AT22 : 1 5691.52 6953.6 1 0
AT35->AT29->AT39->AT22->AT19 : 1 4028 6735.6 1 0
AT23->AT35->AT29->AT39->AT22->AT19 : 1 5871.2 8175.6 1 0
