Profile Result: 
AT18 : 1 711.68 0 1 0
AT21 : 1 3072 0 1 0
AT22 : 2 5601.28 0 1 0
AT26 : 1 460.8 0 1 0
NULL : 3 0 0 1 0
AT22->NULL : 3 8335.36 3480 1 0
NULL->AT22 : 2 5601.28 2048 1 0
NULL->NULL : 2 0 2225.4 1 0
AT22->AT21 : 1 5939.2 1120 1 0
AT21->AT18 : 1 3783.68 1536 1 0
AT21->AT26 : 1 3532.8 768 1 0
AT18->AT22 : 1 3445.76 1423.36 1 0
AT26->AT22 : 1 3328 1440 1 0
NULL->AT21 : 1 3072 1024 1 0
AT18->NULL : 1 711.68 1112 1 0
NULL->AT18 : 1 711.68 1024 1 0
NULL->AT26 : 1 460.8 1024 1 0
AT22->AT21->AT18 : 1 6650.88 2656 1 0
AT21->AT18->AT22 : 1 6517.76 2959.36 1 0
AT26->AT22->AT21 : 1 6400 2560 1 0
AT22->AT21->AT26 : 1 6400 1888 1 0
AT21->AT26->AT22 : 1 6400 2208 1 0
AT22->AT21->AT18->AT22 : 1 9384.96 4079.36 1 0
AT26->AT22->AT21->AT18 : 1 7111.68 4096 1 0
AT26->AT22->AT21->AT18->AT22 : 1 9845.76 5519.36 1 0
