Profile Result: 
AT9 : 1 1472 0 1 0
AT21 : 1 3110.4 0 1 0
AT24 : 2 5158.4 0 1 0
AT26 : 1 399.2 0 1 0
AT29 : 3 656 0 1 0
AT31 : 1 64 0 1 0
NULL : 3 0 0 1 0
NULL->AT29 : 3 656 3072 1 0
AT29->AT29 : 2 880 3120 1 0
NULL->NULL : 2 0 2425.35 1 0
AT21->AT24 : 1 6220.8 1555.2 1 0
AT9->AT21 : 1 4582.4 1150 1 0
AT21->AT26 : 1 3509.6 777.6 1 0
AT24->NULL : 1 3110.4 1555.2 1 0
NULL->AT21 : 1 3110.4 1024 1 0
AT24->AT31 : 1 2112 1024 1 0
NULL->AT24 : 1 2048 1024 1 0
AT29->AT9 : 1 1712 1800 1 0
NULL->AT9 : 1 1472 1024 1 0
AT26->NULL : 1 399.2 1247.5 1 0
NULL->AT26 : 1 399.2 1024 1 0
AT31->AT29 : 1 256 960 1 0
AT9->AT21->AT24 : 1 7692.8 2705.2 1 0
AT9->AT21->AT26 : 1 4981.6 1927.6 1 0
AT29->AT9->AT21 : 1 4822.4 2950 1 0
AT24->AT31->AT29 : 1 2304 1984 1 0
AT29->AT29->AT9 : 1 1936 3480 1 0
AT29->AT29->AT29 : 1 656 3120 1 0
AT31->AT29->AT29 : 1 480 2400 1 0
AT29->AT9->AT21->AT24 : 1 7932.8 4505.2 1 0
AT29->AT9->AT21->AT26 : 1 5221.6 3727.6 1 0
AT29->AT29->AT9->AT21 : 1 5046.4 4630 1 0
AT24->AT31->AT29->AT29 : 1 2528 3424 1 0
AT29->AT29->AT29->AT9 : 1 2128 4920 1 0
AT31->AT29->AT29->AT29 : 1 720 4080 1 0
AT29->AT29->AT9->AT21->AT24 : 1 8156.8 6185.2 1 0
AT29->AT29->AT9->AT21->AT26 : 1 5445.6 5407.6 1 0
AT29->AT29->AT29->AT9->AT21 : 1 5238.4 6070 1 0
AT24->AT31->AT29->AT29->AT29 : 1 2768 5104 1 0
AT31->AT29->AT29->AT29->AT9 : 1 2192 5880 1 0
AT29->AT29->AT29->AT9->AT21->AT24 : 1 8348.8 7625.2 1 0
AT29->AT29->AT29->AT9->AT21->AT26 : 1 5637.6 6847.6 1 0
AT31->AT29->AT29->AT29->AT9->AT21 : 1 5302.4 7030 1 0
AT24->AT31->AT29->AT29->AT29->AT9 : 1 4240 6904 1 0
AT31->AT29->AT29->AT29->AT9->AT21->AT24 : 1 8412.8 8585.2 1 0
AT24->AT31->AT29->AT29->AT29->AT9->AT21 : 1 7350.4 8054 1 0
AT31->AT29->AT29->AT29->AT9->AT21->AT26 : 1 5701.6 7807.6 1 0
AT24->AT31->AT29->AT29->AT29->AT9->AT21->AT24 : 1 10460.8 9609.2 1 0
AT24->AT31->AT29->AT29->AT29->AT9->AT21->AT26 : 1 7749.6 8831.6 1 0
