Profile Result: 
AT18 : 2 1331.2 0 1 0
AT20 : 1 2785.28 0 1 0
AT21 : 1 2949.12 0 1 0
AT22 : 1 2826.24 0 1 0
AT23 : 1 1515.52 0 1 0
AT26 : 1 389.12 0 1 0
NULL : 3 0 0 1 0
AT22->NULL : 2 5652.48 2208 1 0
NULL->AT18 : 2 1331.2 2048 1 0
NULL->NULL : 2 0 2164.27 1 0
AT20->AT23 : 1 4300.8 696.32 1 0
AT21->AT18 : 1 3645.44 1474.56 1 0
AT18->AT21 : 1 3645.44 1088 1 0
AT18->AT20 : 1 3481.6 1392.64 1 0
AT18->AT22 : 1 3461.12 1269.76 1 0
AT21->AT26 : 1 3338.24 737.28 1 0
AT26->AT22 : 1 3215.36 1216 1 0
NULL->AT21 : 1 2949.12 1024 1 0
AT23->AT18 : 1 2150.4 1184 1 0
NULL->AT23 : 1 1515.52 1024 1 0
AT18->NULL : 1 634.88 992 1 0
NULL->AT26 : 1 389.12 1024 1 0
AT21->AT18->AT20 : 1 6430.72 2867.2 1 0
AT21->AT26->AT22 : 1 6164.48 1953.28 1 0
AT18->AT20->AT23 : 1 4997.12 2088.96 1 0
AT23->AT18->AT22 : 1 4976.64 2453.76 1 0
AT20->AT23->AT18 : 1 4935.68 1880.32 1 0
AT18->AT21->AT26 : 1 4034.56 1825.28 1 0
AT21->AT18->AT20->AT23 : 1 7946.24 3563.52 1 0
AT20->AT23->AT18->AT22 : 1 7761.92 3150.08 1 0
AT18->AT21->AT26->AT22 : 1 6860.8 3041.28 1 0
AT18->AT20->AT23->AT18 : 1 5632 3272.96 1 0
AT21->AT18->AT20->AT23->AT18 : 1 8581.12 4747.52 1 0
AT18->AT20->AT23->AT18->AT22 : 1 8458.24 4542.72 1 0
AT21->AT18->AT20->AT23->AT18->AT22 : 1 11407.4 6017.28 1 0
