Profile Result: 
AT13 : 1 97.28 0 1 0
AT21 : 1 2949.12 0 1 0
AT24 : 1 2949.12 0 1 0
AT26 : 2 789.902 0 1 0
AT27 : 1 80.64 0 1 0
AT28 : 2 306.062 0 1 0
AT29 : 1 148.907 0 1 0
AT30 : 1 579.129 0 1 0
AT37 : 1 2580.48 0 1 0
NULL : 5 0 0 1 0
NULL->NULL : 4 0 4209.27 1 0
NULL->AT30 : 2 1158.26 2048 1 0
AT26->NULL : 2 789.902 2468.44 1 0
NULL->AT26 : 2 789.902 2048 1 0
AT21->AT24 : 1 5898.24 1474.56 1 0
AT30->AT21 : 1 3528.25 904.889 1 0
AT21->AT26 : 1 3338.24 737.28 1 0
AT24->AT13 : 1 3046.4 1474.56 1 0
NULL->AT21 : 1 2949.12 1024 1 0
AT37->AT28 : 1 2741.76 1008 1 0
AT13->AT37 : 1 2677.76 778.24 1 0
AT37->AT27 : 1 2661.12 806.4 1 0
NULL->AT37 : 1 2580.48 1024 1 0
AT28->AT30 : 1 740.409 806.4 1 0
AT30->AT28 : 1 723.911 904.889 1 0
AT28->AT26 : 1 545.564 723.911 1 0
AT27->AT29 : 1 229.547 645.12 1 0
AT29->NULL : 1 148.907 1116.8 1 0
NULL->AT29 : 1 148.907 1024 1 0
AT13->NULL : 1 97.28 778.24 1 0
NULL->AT13 : 1 97.28 1024 1 0
AT27->NULL : 1 80.64 1290.24 1 0
AT30->AT21->AT24 : 1 6477.37 2379.45 1 0
AT21->AT24->AT13 : 1 5995.52 2949.12 1 0
AT24->AT13->AT37 : 1 5626.88 2252.8 1 0
AT30->AT21->AT26 : 1 3917.37 1642.17 1 0
AT28->AT30->AT21 : 1 3689.53 1711.29 1 0
AT37->AT28->AT30 : 1 3320.89 1814.4 1 0
AT13->AT37->AT28 : 1 2839.04 1786.24 1 0
AT37->AT27->AT29 : 1 2810.03 1451.52 1 0
AT13->AT37->AT27 : 1 2758.4 1584.64 1 0
AT30->AT28->AT26 : 1 1124.69 1628.8 1 0
AT28->AT30->AT28 : 1 885.191 1711.29 1 0
AT21->AT24->AT13->AT37 : 1 8576 3727.36 1 0
AT28->AT30->AT21->AT24 : 1 6638.65 3185.85 1 0
AT30->AT21->AT24->AT13 : 1 6574.65 3854.01 1 0
AT37->AT28->AT30->AT21 : 1 6270.01 2719.29 1 0
AT24->AT13->AT37->AT28 : 1 5788.16 3260.8 1 0
AT24->AT13->AT37->AT27 : 1 5707.52 3059.2 1 0
AT28->AT30->AT21->AT26 : 1 4078.65 2448.57 1 0
AT37->AT28->AT30->AT28 : 1 3465.67 2719.29 1 0
AT13->AT37->AT28->AT30 : 1 3418.17 2592.64 1 0
AT13->AT37->AT27->AT29 : 1 2907.31 2229.76 1 0
AT28->AT30->AT28->AT26 : 1 1285.97 2435.2 1 0
AT37->AT28->AT30->AT21->AT24 : 1 9219.13 4193.85 1 0
AT30->AT21->AT24->AT13->AT37 : 1 9155.13 4632.25 1 0
AT21->AT24->AT13->AT37->AT28 : 1 8737.28 4735.36 1 0
AT21->AT24->AT13->AT37->AT27 : 1 8656.64 4533.76 1 0
AT28->AT30->AT21->AT24->AT13 : 1 6735.93 4660.41 1 0
AT37->AT28->AT30->AT21->AT26 : 1 6659.13 3456.57 1 0
AT13->AT37->AT28->AT30->AT21 : 1 6367.29 3497.53 1 0
AT24->AT13->AT37->AT28->AT30 : 1 6367.29 4067.2 1 0
AT24->AT13->AT37->AT27->AT29 : 1 5856.43 3704.32 1 0
AT37->AT28->AT30->AT28->AT26 : 1 3866.45 3443.2 1 0
AT13->AT37->AT28->AT30->AT28 : 1 3562.95 3497.53 1 0
AT21->AT24->AT13->AT37->AT28->AT30 : 1 9316.41 5541.76 1 0
AT37->AT28->AT30->AT21->AT24->AT13 : 1 9316.41 5668.41 1 0
AT24->AT13->AT37->AT28->AT30->AT21 : 1 9316.41 4972.09 1 0
AT13->AT37->AT28->AT30->AT21->AT24 : 1 9316.41 4972.09 1 0
AT28->AT30->AT21->AT24->AT13->AT37 : 1 9316.41 5438.65 1 0
AT30->AT21->AT24->AT13->AT37->AT28 : 1 9316.41 5640.25 1 0
AT30->AT21->AT24->AT13->AT37->AT27 : 1 9235.77 5438.65 1 0
AT21->AT24->AT13->AT37->AT27->AT29 : 1 8805.55 5178.88 1 0
AT13->AT37->AT28->AT30->AT21->AT26 : 1 6756.41 4234.81 1 0
AT24->AT13->AT37->AT28->AT30->AT28 : 1 6512.07 4972.09 1 0
AT13->AT37->AT28->AT30->AT28->AT26 : 1 3963.73 4221.44 1 0
AT24->AT13->AT37->AT28->AT30->AT21->AT26 : 1 9705.53 5709.37 1 0
AT21->AT24->AT13->AT37->AT28->AT30->AT28 : 1 9461.19 6446.65 1 0
AT28->AT30->AT21->AT24->AT13->AT37->AT27 : 1 9397.05 6245.05 1 0
AT30->AT21->AT24->AT13->AT37->AT27->AT29 : 1 9384.68 6083.77 1 0
AT24->AT13->AT37->AT28->AT30->AT28->AT26 : 1 6912.85 5696 1 0
AT21->AT24->AT13->AT37->AT28->AT30->AT28->AT26 : 1 9861.97 7170.56 1 0
AT28->AT30->AT21->AT24->AT13->AT37->AT27->AT29 : 1 9545.96 6890.17 1 0
