Profile Result: 
AT13 : 1 97.28 0 1 0
AT18 : 1 645.12 0 1 0
AT19 : 1 160.107 0 1 0
AT21 : 2 5877.76 0 1 0
AT22 : 2 4717.22 0 1 0
AT23 : 1 1556.48 0 1 0
AT24 : 1 2949.12 0 1 0
AT27 : 1 74.4533 0 1 0
AT29 : 3 569.76 0 1 0
AT32 : 1 1191.25 0 1 0
NULL : 6 0 0 1 0
NULL->NULL : 5 0 5159.54 1 0
NULL->AT29 : 3 569.76 3072 1 0
NULL->AT21 : 2 5877.76 2048 1 0
AT22->NULL : 2 4717.22 2211.2 1 0
NULL->AT22 : 2 4717.22 2048 1 0
AT29->AT29 : 2 769.12 2565.6 1 0
AT13->NULL : 2 194.56 1556.48 1 0
AT21->AT24 : 1 5898.24 1474.56 1 0
AT22->AT21 : 1 5164.37 865.333 1 0
AT21->AT23 : 1 4505.6 737.28 1 0
AT18->AT21 : 1 3573.76 1008 1 0
AT21->AT18 : 1 3573.76 1464.32 1 0
AT32->AT22 : 1 3406.5 930.667 1 0
AT24->AT13 : 1 3046.4 1474.56 1 0
AT21->NULL : 1 2928.64 732.16 1 0
AT22->AT19 : 1 2662.08 977.333 1 0
AT27->AT22 : 1 2576.42 1191.25 1 0
AT23->AT18 : 1 2201.6 1216 1 0
AT18->AT32 : 1 1836.37 1290.24 1 0
NULL->AT23 : 1 1556.48 1024 1 0
AT32->AT27 : 1 1265.7 744.533 1 0
NULL->AT32 : 1 1191.25 1024 1 0
AT29->NULL : 1 227.68 1707.6 1 0
AT27->AT29 : 1 217.173 595.627 1 0
AT19->NULL : 1 160.107 1200.8 1 0
NULL->AT19 : 1 160.107 1024 1 0
NULL->AT13 : 1 97.28 1024 1 0
AT22->AT21->AT24 : 1 8113.49 2339.89 1 0
AT22->AT21->AT23 : 1 6720.85 1602.61 1 0
AT32->AT22->AT21 : 1 6355.62 1796 1 0
AT21->AT24->AT13 : 1 5995.52 2949.12 1 0
AT21->AT23->AT18 : 1 5150.72 1953.28 1 0
AT23->AT18->AT21 : 1 5130.24 2224 1 0
AT21->AT18->AT32 : 1 4765.01 2754.56 1 0
AT18->AT32->AT22 : 1 4051.62 2220.91 1 0
AT32->AT27->AT22 : 1 3767.67 1935.78 1 0
AT23->AT18->AT32 : 1 3392.85 2506.24 1 0
AT27->AT22->AT19 : 1 2736.53 2168.58 1 0
AT18->AT32->AT27 : 1 1910.82 2034.77 1 0
AT32->AT27->AT29 : 1 1408.42 1340.16 1 0
AT29->AT29->AT29 : 1 569.76 2565.6 1 0
AT27->AT29->AT29 : 1 416.533 1666.03 1 0
AT32->AT22->AT21->AT24 : 1 9304.74 3270.56 1 0
AT22->AT21->AT24->AT13 : 1 8210.77 3814.45 1 0
AT21->AT23->AT18->AT21 : 1 8079.36 2961.28 1 0
AT32->AT22->AT21->AT23 : 1 7912.1 2533.28 1 0
AT22->AT21->AT23->AT18 : 1 7365.97 2818.61 1 0
AT18->AT32->AT22->AT21 : 1 7000.74 3086.24 1 0
AT21->AT18->AT32->AT22 : 1 6980.26 3685.23 1 0
AT21->AT23->AT18->AT32 : 1 6341.97 3243.52 1 0
AT23->AT18->AT32->AT22 : 1 5608.1 3436.91 1 0
AT21->AT18->AT32->AT27 : 1 4839.46 3499.09 1 0
AT18->AT32->AT27->AT22 : 1 4412.79 3226.02 1 0
AT32->AT27->AT22->AT19 : 1 3927.78 2913.12 1 0
AT23->AT18->AT32->AT27 : 1 3467.3 3250.77 1 0
AT18->AT32->AT27->AT29 : 1 2053.54 2630.4 1 0
AT32->AT27->AT29->AT29 : 1 1607.78 2410.56 1 0
AT27->AT29->AT29->AT29 : 1 644.213 3161.23 1 0
AT22->AT21->AT23->AT18->AT21 : 1 10294.6 3826.61 1 0
AT18->AT32->AT22->AT21->AT24 : 1 9949.86 4560.8 1 0
AT21->AT18->AT32->AT22->AT21 : 1 9929.38 4550.56 1 0
AT32->AT22->AT21->AT24->AT13 : 1 9402.02 4745.12 1 0
AT21->AT23->AT18->AT32->AT22 : 1 8557.22 4174.19 1 0
AT23->AT18->AT32->AT22->AT21 : 1 8557.22 4302.24 1 0
AT32->AT22->AT21->AT23->AT18 : 1 8557.22 3749.28 1 0
AT22->AT21->AT23->AT18->AT32 : 1 8557.22 4108.85 1 0
AT18->AT32->AT22->AT21->AT23 : 1 8557.22 3823.52 1 0
AT21->AT18->AT32->AT27->AT22 : 1 7341.43 4690.34 1 0
AT21->AT23->AT18->AT32->AT27 : 1 6416.42 3988.05 1 0
AT23->AT18->AT32->AT27->AT22 : 1 5969.27 4442.02 1 0
AT21->AT18->AT32->AT27->AT29 : 1 4982.18 4094.72 1 0
AT18->AT32->AT27->AT22->AT19 : 1 4572.9 4203.36 1 0
AT23->AT18->AT32->AT27->AT29 : 1 3610.02 3846.4 1 0
AT18->AT32->AT27->AT29->AT29 : 1 2252.9 3700.8 1 0
AT32->AT27->AT29->AT29->AT29 : 1 1835.46 3905.76 1 0
AT21->AT18->AT32->AT22->AT21->AT24 : 1 12878.5 6025.12 1 0
AT23->AT18->AT32->AT22->AT21->AT24 : 1 11506.3 5776.8 1 0
AT32->AT22->AT21->AT23->AT18->AT21 : 1 11485.9 4757.28 1 0
AT21->AT18->AT32->AT22->AT21->AT23 : 1 11485.9 5287.84 1 0
AT18->AT32->AT22->AT21->AT24->AT13 : 1 10047.1 6035.36 1 0
AT21->AT23->AT18->AT32->AT27->AT22 : 1 8918.39 5179.3 1 0
AT22->AT21->AT23->AT18->AT32->AT27 : 1 8631.67 4853.39 1 0
AT21->AT18->AT32->AT27->AT22->AT19 : 1 7501.54 5667.68 1 0
AT21->AT23->AT18->AT32->AT27->AT29 : 1 6559.14 4583.68 1 0
AT23->AT18->AT32->AT27->AT22->AT19 : 1 6129.38 5419.36 1 0
AT21->AT18->AT32->AT27->AT29->AT29 : 1 5181.54 5165.12 1 0
AT23->AT18->AT32->AT27->AT29->AT29 : 1 3809.38 4916.8 1 0
AT18->AT32->AT27->AT29->AT29->AT29 : 1 2480.58 5196 1 0
AT21->AT18->AT32->AT22->AT21->AT24->AT13 : 1 12975.8 7499.68 1 0
AT23->AT18->AT32->AT22->AT21->AT24->AT13 : 1 11603.6 7251.36 1 0
AT22->AT21->AT23->AT18->AT32->AT27->AT22 : 1 11133.6 6044.64 1 0
AT21->AT23->AT18->AT32->AT27->AT22->AT19 : 1 9078.5 6156.64 1 0
AT22->AT21->AT23->AT18->AT32->AT27->AT29 : 1 8774.39 5449.01 1 0
AT21->AT23->AT18->AT32->AT27->AT29->AT29 : 1 6758.5 5654.08 1 0
AT21->AT18->AT32->AT27->AT29->AT29->AT29 : 1 5409.22 6660.32 1 0
AT23->AT18->AT32->AT27->AT29->AT29->AT29 : 1 4037.06 6412 1 0
AT22->AT21->AT23->AT18->AT32->AT27->AT22->AT19 : 1 11293.8 7021.97 1 0
AT22->AT21->AT23->AT18->AT32->AT27->AT29->AT29 : 1 8973.75 6519.41 1 0
AT21->AT23->AT18->AT32->AT27->AT29->AT29->AT29 : 1 6986.18 7149.28 1 0
AT22->AT21->AT23->AT18->AT32->AT27->AT29->AT29->AT29 : 1 9201.43 8014.61 1 0
