Profile Result: 
AT17 : 1 291.84 0 1 0
AT18 : 1 583.68 0 1 0
AT19 : 1 157.76 0 1 0
AT21 : 2 5716.48 0 1 0
AT22 : 2 4971.52 0 1 0
AT24 : 1 2805.76 0 1 0
AT26 : 2 730.88 0 1 0
AT29 : 2 451.52 0 1 0
AT31 : 1 87.68 0 1 0
NULL : 6 0 0 1 0
NULL->NULL : 5 0 5340.36 1 0
AT21->NULL : 2 5821.44 1455.36 1 0
NULL->AT21 : 2 5716.48 2048 1 0
AT26->AT22 : 2 5702.4 2284 1 0
AT22->NULL : 2 4971.52 2330.4 1 0
NULL->AT22 : 2 4971.52 2048 1 0
NULL->AT18 : 2 1167.36 2048 1 0
NULL->AT26 : 2 730.88 2048 1 0
NULL->AT29 : 2 451.52 2048 1 0
AT21->AT24 : 1 5611.52 1402.88 1 0
AT22->AT21 : 1 5455.36 994 1 0
AT18->AT21 : 1 3389.44 912 1 0
AT21->AT26 : 1 3185.92 701.44 1 0
AT24->AT31 : 1 2893.44 1402.88 1 0
AT22->AT19 : 1 2584.64 948 1 0
AT18->AT17 : 1 875.52 1167.36 1 0
AT17->AT26 : 1 642.56 583.68 1 0
AT29->AT29 : 1 451.52 1617.6 1 0
AT31->AT29 : 1 303.36 1315.2 1 0
AT17->NULL : 1 291.84 583.68 1 0
AT29->NULL : 1 235.84 1768.8 1 0
AT19->NULL : 1 157.76 1183.2 1 0
NULL->AT19 : 1 157.76 1024 1 0
AT18->AT21->AT24 : 1 6195.2 2314.88 1 0
AT26->AT22->AT21 : 1 5835.52 2182 1 0
AT21->AT26->AT22 : 1 5730.56 1889.44 1 0
AT21->AT24->AT31 : 1 5699.2 2805.76 1 0
AT18->AT21->AT26 : 1 3769.6 1613.44 1 0
AT24->AT31->AT29 : 1 3109.12 2718.08 1 0
AT17->AT26->AT22 : 1 3069.44 1679.68 1 0
AT26->AT22->AT19 : 1 2935.36 2044 1 0
AT18->AT17->AT26 : 1 1226.24 1751.04 1 0
AT31->AT29->AT29 : 1 539.2 2932.8 1 0
AT21->AT26->AT22->AT21 : 1 8641.28 2883.44 1 0
AT18->AT21->AT26->AT22 : 1 6314.24 2801.44 1 0
AT18->AT21->AT24->AT31 : 1 6282.88 3717.76 1 0
AT21->AT24->AT31->AT29 : 1 5914.88 4120.96 1 0
AT18->AT17->AT26->AT22 : 1 3653.12 2847.04 1 0
AT24->AT31->AT29->AT29 : 1 3344.96 4335.68 1 0
AT17->AT26->AT22->AT19 : 1 3227.2 2627.68 1 0
AT18->AT21->AT26->AT22->AT21 : 1 9224.96 3795.44 1 0
AT18->AT21->AT24->AT31->AT29 : 1 6498.56 5032.96 1 0
AT21->AT24->AT31->AT29->AT29 : 1 6150.72 5738.56 1 0
AT18->AT17->AT26->AT22->AT19 : 1 3810.88 3795.04 1 0
AT18->AT21->AT24->AT31->AT29->AT29 : 1 6734.4 6650.56 1 0
