Profile Result: 
AT14 : 1 921.6 0 1 0
AT17 : 1 381.44 0 1 0
AT18 : 1 762.88 0 1 0
AT21 : 2 6645.76 0 1 0
AT24 : 1 3686.4 0 1 0
AT25 : 1 409.6 0 1 0
AT26 : 1 422.4 0 1 0
AT31 : 1 115.2 0 1 0
NULL : 4 0 0 1 0
NULL->NULL : 3 0 3235.02 1 0
NULL->AT21 : 2 6645.76 2048 1 0
AT21->NULL : 2 6328.32 1582.08 1 0
NULL->AT25 : 2 819.2 2048 1 0
AT17->NULL : 2 762.88 1525.76 1 0
AT14->AT24 : 1 4608 1843.2 1 0
AT14->AT21 : 1 4403.2 1440 1 0
AT21->AT18 : 1 4244.48 1740.8 1 0
AT18->AT21 : 1 3927.04 1192 1 0
AT21->AT26 : 1 3904 870.4 1 0
AT24->AT31 : 1 3801.6 1843.2 1 0
AT25->AT14 : 1 1331.2 819.2 1 0
AT18->AT17 : 1 1144.32 1525.76 1 0
NULL->AT14 : 1 921.6 1024 1 0
NULL->AT18 : 1 762.88 1024 1 0
AT26->NULL : 1 422.4 1320 1 0
NULL->AT26 : 1 422.4 1024 1 0
AT31->NULL : 1 115.2 1728 1 0
AT21->AT18->AT21 : 1 7408.64 2932.8 1 0
AT14->AT21->AT18 : 1 5166.08 3180.8 1 0
AT25->AT14->AT24 : 1 5017.6 2662.4 1 0
AT14->AT21->AT26 : 1 4825.6 2310.4 1 0
AT25->AT14->AT21 : 1 4812.8 2259.2 1 0
AT14->AT24->AT31 : 1 4723.2 3686.4 1 0
AT21->AT18->AT17 : 1 4625.92 3266.56 1 0
AT14->AT21->AT18->AT21 : 1 8330.24 4372.8 1 0
AT25->AT14->AT21->AT18 : 1 5575.68 4000 1 0
AT14->AT21->AT18->AT17 : 1 5547.52 4706.56 1 0
AT25->AT14->AT21->AT26 : 1 5235.2 3129.6 1 0
AT25->AT14->AT24->AT31 : 1 5132.8 4505.6 1 0
AT25->AT14->AT21->AT18->AT21 : 1 8739.84 5192 1 0
AT25->AT14->AT21->AT18->AT17 : 1 5957.12 5525.76 1 0
