Profile Result: 
AT2 : 1 1187.84 0 1 0
AT18 : 2 1390.08 0 1 0
AT19 : 2 322.56 0 1 0
AT21 : 2 5877.76 0 1 0
AT22 : 3 7495.68 0 1 0
AT26 : 2 776.96 0 1 0
AT27 : 1 77.4933 0 1 0
AT32 : 1 1239.89 0 1 0
NULL : 6 0 0 1 0
NULL->NULL : 5 0 5237.13 1 0
AT21->AT18 : 2 7267.84 2938.88 1 0
AT21->AT26 : 2 6654.72 1469.44 1 0
AT26->AT22 : 2 6060.8 2428 1 0
NULL->AT21 : 2 5877.76 2048 1 0
AT22->AT19 : 2 5222.4 1920 1 0
AT22->NULL : 2 4792.32 2246.4 1 0
NULL->AT22 : 2 4792.32 2048 1 0
NULL->AT18 : 2 1390.08 2048 1 0
NULL->AT26 : 2 776.96 2048 1 0
AT19->NULL : 2 322.56 2419.2 1 0
AT27->NULL : 2 154.987 1239.89 1 0
AT22->AT21 : 1 5509.12 1008 1 0
AT22->AT2 : 1 3891.2 1267.2 1 0
AT18->AT21 : 1 3642.88 1084 1 0
AT18->AT22 : 1 3399.68 1392.64 1 0
AT2->AT22 : 1 3399.68 928 1 0
AT18->AT32 : 1 1933.65 1387.52 1 0
AT32->AT27 : 1 1317.38 774.933 1 0
AT32->NULL : 1 1239.89 968.667 1 0
NULL->AT32 : 1 1239.89 1024 1 0
NULL->AT2 : 1 1187.84 1024 1 0
AT18->AT19 : 1 865.28 1088 1 0
NULL->AT19 : 1 168.96 1024 1 0
AT21->AT26->AT22 : 2 11938.6 3897.44 1 0
AT21->AT18->AT21 : 1 6571.52 2548.32 1 0
AT21->AT18->AT22 : 1 6348.8 2867.2 1 0
AT22->AT21->AT18 : 1 6202.88 2472.32 1 0
AT22->AT2->AT22 : 1 6103.04 2195.2 1 0
AT26->AT22->AT21 : 1 5898.24 2224 1 0
AT22->AT21->AT26 : 1 5896.96 1740.16 1 0
AT21->AT18->AT32 : 1 4862.29 2851.84 1 0
AT18->AT22->AT2 : 1 4587.52 2659.84 1 0
AT18->AT21->AT18 : 1 4339.2 2558.56 1 0
AT26->AT22->AT2 : 1 4279.04 2479.2 1 0
AT18->AT21->AT26 : 1 4032 1821.28 1 0
AT21->AT18->AT19 : 1 3814.4 2562.56 1 0
AT18->AT22->AT19 : 1 3553.28 2448.64 1 0
AT2->AT22->AT19 : 1 3553.28 1792 1 0
AT26->AT22->AT19 : 1 3244.8 2268 1 0
AT18->AT32->AT27 : 1 2011.14 2162.45 1 0
AT22->AT21->AT18->AT21 : 1 9152 3556.32 1 0
AT21->AT26->AT22->AT21 : 1 8847.36 2961.28 1 0
AT22->AT21->AT26->AT22 : 1 8600.32 2952.16 1 0
AT21->AT18->AT22->AT2 : 1 7536.64 4134.4 1 0
AT22->AT21->AT18->AT32 : 1 7442.77 3859.84 1 0
AT21->AT18->AT21->AT18 : 1 7267.84 4022.88 1 0
AT21->AT26->AT22->AT2 : 1 7207.68 3211.36 1 0
AT18->AT21->AT18->AT22 : 1 7042.56 3951.2 1 0
AT21->AT18->AT21->AT26 : 1 6960.64 3285.6 1 0
AT18->AT22->AT2->AT22 : 1 6799.36 3587.84 1 0
AT18->AT21->AT26->AT22 : 1 6612.48 3037.28 1 0
AT26->AT22->AT21->AT18 : 1 6592 3688.32 1 0
AT21->AT18->AT22->AT19 : 1 6502.4 3923.2 1 0
AT26->AT22->AT2->AT22 : 1 6490.88 3407.2 1 0
AT26->AT22->AT21->AT26 : 1 6286.08 2956.16 1 0
AT22->AT2->AT22->AT19 : 1 6256.64 3059.2 1 0
AT21->AT26->AT22->AT19 : 1 6173.44 3000.16 1 0
AT21->AT18->AT32->AT27 : 1 4939.78 3626.77 1 0
AT18->AT21->AT18->AT19 : 1 4508.16 3646.56 1 0
AT21->AT18->AT21->AT18->AT22 : 1 9971.2 5415.52 1 0
AT22->AT21->AT18->AT21->AT18 : 1 9848.32 5030.88 1 0
AT22->AT21->AT26->AT22->AT2 : 1 9788.16 4219.36 1 0
AT21->AT18->AT22->AT2->AT22 : 1 9748.48 5062.4 1 0
AT22->AT21->AT18->AT21->AT26 : 1 9541.12 4293.6 1 0
AT21->AT26->AT22->AT21->AT18 : 1 9541.12 4425.6 1 0
AT26->AT22->AT21->AT18->AT21 : 1 9541.12 4772.32 1 0
AT21->AT18->AT21->AT26->AT22 : 1 9541.12 4501.6 1 0
AT18->AT21->AT26->AT22->AT21 : 1 9541.12 4045.28 1 0
AT21->AT26->AT22->AT2->AT22 : 1 9419.52 4139.36 1 0
AT21->AT26->AT22->AT21->AT26 : 1 9235.2 3693.44 1 0
AT26->AT22->AT21->AT26->AT22 : 1 8989.44 4168.16 1 0
AT22->AT21->AT26->AT22->AT19 : 1 8753.92 4008.16 1 0
AT18->AT21->AT18->AT22->AT2 : 1 8230.4 5218.4 1 0
AT26->AT22->AT21->AT18->AT32 : 1 7831.89 5075.84 1 0
AT22->AT21->AT18->AT32->AT27 : 1 7520.26 4634.77 1 0
AT21->AT18->AT21->AT18->AT19 : 1 7436.8 5110.88 1 0
AT18->AT21->AT18->AT22->AT19 : 1 7196.16 5007.2 1 0
AT18->AT22->AT2->AT22->AT19 : 1 6952.96 4451.84 1 0
AT26->AT22->AT2->AT22->AT19 : 1 6644.48 4271.2 1 0
AT22->AT21->AT18->AT21->AT18->AT22 : 1 12551.7 6423.52 1 0
AT22->AT21->AT26->AT22->AT2->AT22 : 1 12000 5147.36 1 0
AT21->AT26->AT22->AT21->AT26->AT22 : 1 11938.6 4905.44 1 0
AT21->AT18->AT21->AT18->AT22->AT2 : 1 11159 6682.72 1 0
AT21->AT26->AT22->AT21->AT18->AT32 : 1 10781 5813.12 1 0
AT18->AT21->AT18->AT22->AT2->AT22 : 1 10442.2 6146.4 1 0
AT26->AT22->AT21->AT18->AT21->AT18 : 1 10237.4 6246.88 1 0
AT26->AT22->AT21->AT26->AT22->AT2 : 1 10177.3 5435.36 1 0
AT21->AT18->AT21->AT18->AT22->AT19 : 1 10124.8 6471.52 1 0
AT22->AT21->AT18->AT21->AT18->AT19 : 1 10017.3 6118.88 1 0
AT18->AT21->AT26->AT22->AT21->AT26 : 1 9928.96 4777.44 1 0
AT21->AT18->AT22->AT2->AT22->AT19 : 1 9902.08 5926.4 1 0
AT21->AT26->AT22->AT2->AT22->AT19 : 1 9573.12 5003.36 1 0
AT26->AT22->AT21->AT26->AT22->AT19 : 1 9143.04 5224.16 1 0
AT26->AT22->AT21->AT18->AT32->AT27 : 1 7909.38 5850.77 1 0
AT22->AT21->AT18->AT21->AT18->AT22->AT2 : 1 13739.5 7690.72 1 0
AT21->AT18->AT21->AT18->AT22->AT2->AT22 : 1 13370.9 7610.72 1 0
AT21->AT26->AT22->AT21->AT26->AT22->AT2 : 1 13126.4 6172.64 1 0
AT26->AT22->AT21->AT18->AT21->AT18->AT22 : 1 12940.8 7639.52 1 0
AT22->AT21->AT18->AT21->AT18->AT22->AT19 : 1 12705.3 7479.52 1 0
AT18->AT21->AT26->AT22->AT21->AT26->AT22 : 1 12632.3 5989.44 1 0
AT26->AT22->AT21->AT26->AT22->AT2->AT22 : 1 12389.1 6363.36 1 0
AT22->AT21->AT26->AT22->AT2->AT22->AT19 : 1 12153.6 6011.36 1 0
AT21->AT26->AT22->AT21->AT26->AT22->AT19 : 1 12092.2 5961.44 1 0
AT21->AT26->AT22->AT21->AT18->AT32->AT27 : 1 10858.5 6588.05 1 0
AT18->AT21->AT18->AT22->AT2->AT22->AT19 : 1 10595.8 7010.4 1 0
AT26->AT22->AT21->AT18->AT21->AT18->AT19 : 1 10406.4 7334.88 1 0
AT22->AT21->AT18->AT21->AT18->AT22->AT2->AT22 : 1 15951.4 8618.72 1 0
AT21->AT26->AT22->AT21->AT26->AT22->AT2->AT22 : 1 15338.2 7100.64 1 0
AT26->AT22->AT21->AT18->AT21->AT18->AT22->AT2 : 1 14128.6 8906.72 1 0
AT18->AT21->AT26->AT22->AT21->AT26->AT22->AT2 : 1 13820.2 7256.64 1 0
AT21->AT18->AT21->AT18->AT22->AT2->AT22->AT19 : 1 13524.5 8474.72 1 0
AT26->AT22->AT21->AT18->AT21->AT18->AT22->AT19 : 1 13094.4 8695.52 1 0
AT18->AT21->AT26->AT22->AT21->AT26->AT22->AT19 : 1 12785.9 7045.44 1 0
AT26->AT22->AT21->AT26->AT22->AT2->AT22->AT19 : 1 12542.7 7227.36 1 0
AT26->AT22->AT21->AT18->AT21->AT18->AT22->AT2->AT22 : 1 16340.5 9834.72 1 0
AT22->AT21->AT18->AT21->AT18->AT22->AT2->AT22->AT19 : 1 16105 9482.72 1 0
AT18->AT21->AT26->AT22->AT21->AT26->AT22->AT2->AT22 : 1 16032 8184.64 1 0
AT21->AT26->AT22->AT21->AT26->AT22->AT2->AT22->AT19 : 1 15491.8 7964.64 1 0
AT26->AT22->AT21->AT18->AT21->AT18->AT22->AT2->AT22->AT19 : 1 16494.1 10698.7 1 0
AT18->AT21->AT26->AT22->AT21->AT26->AT22->AT2->AT22->AT19 : 1 16185.6 9048.64 1 0
