Profile Result: 
AT20 : 1 2048 0 1 0
AT21 : 1 2816 0 1 0
AT22 : 1 2355.2 0 1 0
AT23 : 1 1523.2 0 1 0
AT24 : 1 2816 0 1 0
AT26 : 2 779.2 0 1 0
AT28 : 1 190.4 0 1 0
NULL : 3 0 0 1 0
NULL->AT26 : 2 779.2 2048 1 0
NULL->NULL : 2 0 2326.33 1 0
AT21->AT24 : 1 5632 1408 1 0
AT22->AT21 : 1 5171.2 920 1 0
AT21->AT23 : 1 4339.2 704 1 0
AT24->NULL : 1 2816 1408 1 0
NULL->AT21 : 1 2816 1024 1 0
AT26->AT22 : 1 2688 1040 1 0
AT20->AT26 : 1 2380.8 512 1 0
AT22->NULL : 1 2355.2 1104 1 0
NULL->AT22 : 1 2355.2 1024 1 0
NULL->AT20 : 1 2048 1024 1 0
AT23->AT28 : 1 1713.6 1190 1 0
NULL->AT23 : 1 1523.2 1024 1 0
AT28->AT26 : 1 636.8 952 1 0
AT26->NULL : 1 446.4 1395 1 0
AT22->AT21->AT24 : 1 7987.2 2328 1 0
AT22->AT21->AT23 : 1 6694.4 1624 1 0
AT26->AT22->AT21 : 1 5504 1960 1 0
AT20->AT26->AT22 : 1 4736 1552 1 0
AT21->AT23->AT28 : 1 4529.6 1894 1 0
AT23->AT28->AT26 : 1 2160 2142 1 0
AT26->AT22->AT21->AT24 : 1 8320 3368 1 0
AT20->AT26->AT22->AT21 : 1 7552 2472 1 0
AT26->AT22->AT21->AT23 : 1 7027.2 2664 1 0
AT22->AT21->AT23->AT28 : 1 6884.8 2814 1 0
AT21->AT23->AT28->AT26 : 1 4976 2846 1 0
AT20->AT26->AT22->AT21->AT24 : 1 10368 3880 1 0
AT20->AT26->AT22->AT21->AT23 : 1 9075.2 3176 1 0
AT22->AT21->AT23->AT28->AT26 : 1 7331.2 3766 1 0
AT26->AT22->AT21->AT23->AT28 : 1 7217.6 3854 1 0
AT20->AT26->AT22->AT21->AT23->AT28 : 1 9265.6 4366 1 0
AT26->AT22->AT21->AT23->AT28->AT26 : 1 7664 4806 1 0
AT20->AT26->AT22->AT21->AT23->AT28->AT26 : 1 9712 5318 1 0
