Profile Result: 
AT18 : 1 678.4 0 1 0
AT19 : 1 166.72 0 1 0
AT20 : 1 2713.6 0 1 0
AT21 : 1 2805.76 0 1 0
AT22 : 1 2334.72 0 1 0
AT23 : 1 1497.6 0 1 0
AT26 : 1 380.16 0 1 0
AT28 : 1 187.2 0 1 0
AT44 : 1 2334.72 0 1 0
NULL : 3 0 0 1 0
NULL->NULL : 2 0 2117.6 1 0
AT22->AT21 : 1 5140.48 912 1 0
AT22->AT44 : 1 4669.44 1094.4 1 0
AT20->AT23 : 1 4211.2 678.4 1 0
AT21->AT18 : 1 3484.16 1402.88 1 0
AT18->AT20 : 1 3392 1356.8 1 0
AT21->AT26 : 1 3185.92 701.44 1 0
NULL->AT21 : 1 2805.76 1024 1 0
AT26->AT22 : 1 2714.88 1188 1 0
AT44->NULL : 1 2334.72 1094.4 1 0
NULL->AT22 : 1 2334.72 1024 1 0
AT23->AT28 : 1 1684.8 1170 1 0
NULL->AT23 : 1 1497.6 1024 1 0
AT18->AT19 : 1 845.12 1060 1 0
NULL->AT18 : 1 678.4 1024 1 0
NULL->AT26 : 1 380.16 1024 1 0
AT28->NULL : 1 187.2 936 1 0
AT19->NULL : 1 166.72 1250.4 1 0
NULL->AT19 : 1 166.72 1024 1 0
AT21->AT18->AT20 : 1 6197.76 2759.68 1 0
AT22->AT21->AT18 : 1 5818.88 2314.88 1 0
AT22->AT21->AT26 : 1 5520.64 1613.44 1 0
AT21->AT26->AT22 : 1 5520.64 1889.44 1 0
AT26->AT22->AT21 : 1 5520.64 2100 1 0
AT26->AT22->AT44 : 1 5049.6 2282.4 1 0
AT18->AT20->AT23 : 1 4889.6 2035.2 1 0
AT20->AT23->AT28 : 1 4398.4 1848.4 1 0
AT21->AT18->AT19 : 1 3650.88 2462.88 1 0
AT22->AT21->AT18->AT20 : 1 8532.48 3671.68 1 0
AT21->AT26->AT22->AT44 : 1 7855.36 2983.84 1 0
AT21->AT18->AT20->AT23 : 1 7695.36 3438.08 1 0
AT26->AT22->AT21->AT18 : 1 6199.04 3502.88 1 0
AT22->AT21->AT18->AT19 : 1 5985.6 3374.88 1 0
AT18->AT20->AT23->AT28 : 1 5076.8 3205.2 1 0
AT22->AT21->AT18->AT20->AT23 : 1 10030.1 4350.08 1 0
AT26->AT22->AT21->AT18->AT20 : 1 8912.64 4859.68 1 0
AT21->AT18->AT20->AT23->AT28 : 1 7882.56 4608.08 1 0
AT26->AT22->AT21->AT18->AT19 : 1 6365.76 4562.88 1 0
AT26->AT22->AT21->AT18->AT20->AT23 : 1 10410.2 5538.08 1 0
AT22->AT21->AT18->AT20->AT23->AT28 : 1 10217.3 5520.08 1 0
AT26->AT22->AT21->AT18->AT20->AT23->AT28 : 1 10597.4 6708.08 1 0
