Profile Result: 
AT18 : 1 778.4 0 1 0
AT21 : 3 9326.4 0 1 0
AT22 : 2 5708.8 0 1 0
AT23 : 2 3171.2 0 1 0
AT24 : 1 3072 0 1 0
AT26 : 2 915.2 0 1 0
AT28 : 1 198.4 0 1 0
AT31 : 1 96 0 1 0
AT34 : 1 1597.6 0 1 0
NULL : 5 0 0 1 0
NULL->NULL : 4 0 4679.6 1 0
NULL->AT21 : 3 9326.4 3072 1 0
AT22->AT21 : 2 11840 2230 1 0
AT21->AT23 : 2 9302.4 1532.8 1 0
AT26->AT22 : 2 6624 2860 1 0
AT22->NULL : 2 5708.8 2676 1 0
AT34->NULL : 2 3195.2 1597.6 1 0
NULL->AT23 : 2 3171.2 2048 1 0
NULL->AT26 : 2 915.2 2048 1 0
AT21->AT24 : 1 6144 1536 1 0
AT21->AT34 : 1 4792.8 1597.6 1 0
AT18->AT21 : 1 3973.6 1216.25 1 0
AT21->AT18 : 1 3837.6 1529.6 1 0
AT21->AT26 : 1 3656 798.8 1 0
AT18->AT22 : 1 3645.6 1556.8 1 0
AT24->AT31 : 1 3168 1536 1 0
NULL->AT22 : 1 2841.6 1024 1 0
AT23->AT18 : 1 2362.4 1237.5 1 0
AT23->AT28 : 1 1785.6 1240 1 0
AT28->AT26 : 1 652.8 992 1 0
AT31->NULL : 1 96 1440 1 0
AT22->AT21->AT23 : 2 15011.2 3762.8 1 0
AT26->AT22->AT21 : 2 12755.2 5090 1 0
AT22->AT21->AT24 : 1 9011.2 2656 1 0
AT21->AT18->AT21 : 1 7032.8 2745.85 1 0
AT18->AT22->AT21 : 1 6717.6 2676.8 1 0
AT21->AT18->AT22 : 1 6704.8 3086.4 1 0
AT22->AT21->AT18 : 1 6679.2 2639.6 1 0
AT21->AT26->AT22 : 1 6523.2 2238.8 1 0
AT21->AT24->AT31 : 1 6240 3072 1 0
AT18->AT21->AT34 : 1 5571.2 2813.85 1 0
AT23->AT18->AT21 : 1 5557.6 2453.75 1 0
AT21->AT23->AT18 : 1 5421.6 2002.3 1 0
AT23->AT18->AT22 : 1 5229.6 2794.3 1 0
AT21->AT23->AT28 : 1 4857.6 2008 1 0
AT18->AT21->AT26 : 1 4434.4 2015.05 1 0
AT28->AT26->AT22 : 1 3494.4 2412 1 0
AT23->AT28->AT26 : 1 2240 2232 1 0
AT26->AT22->AT21->AT23 : 2 15926.4 6622.8 1 0
AT22->AT21->AT18->AT21 : 1 9874.4 3855.85 1 0
AT18->AT22->AT21->AT24 : 1 9789.6 4212.8 1 0
AT21->AT18->AT22->AT21 : 1 9776.8 4206.4 1 0
AT21->AT26->AT22->AT21 : 1 9595.2 3358.8 1 0
AT22->AT21->AT18->AT22 : 1 9546.4 4196.4 1 0
AT26->AT22->AT21->AT24 : 1 9472 4096 1 0
AT22->AT21->AT24->AT31 : 1 9107.2 4192 1 0
AT21->AT18->AT21->AT34 : 1 8630.4 4343.45 1 0
AT21->AT23->AT18->AT21 : 1 8616.8 3218.55 1 0
AT18->AT22->AT21->AT23 : 1 8304.8 3444.8 1 0
AT23->AT18->AT22->AT21 : 1 8301.6 3914.3 1 0
AT21->AT23->AT18->AT22 : 1 8288.8 3559.1 1 0
AT22->AT21->AT23->AT18 : 1 8263.2 3112.3 1 0
AT22->AT21->AT23->AT28 : 1 7724.8 3128 1 0
AT21->AT18->AT21->AT26 : 1 7493.6 3544.65 1 0
AT18->AT21->AT26->AT22 : 1 7301.6 3455.05 1 0
AT23->AT18->AT21->AT34 : 1 7155.2 4051.35 1 0
AT26->AT22->AT21->AT18 : 1 7133.6 4059.6 1 0
AT28->AT26->AT22->AT21 : 1 6553.6 3522 1 0
AT23->AT18->AT21->AT26 : 1 6018.4 3252.55 1 0
AT21->AT23->AT28->AT26 : 1 5312 3000 1 0
AT23->AT28->AT26->AT22 : 1 5081.6 3652 1 0
AT21->AT18->AT22->AT21->AT24 : 1 12848.8 5742.4 1 0
AT21->AT26->AT22->AT21->AT24 : 1 12667.2 4894.8 1 0
AT22->AT21->AT18->AT22->AT21 : 1 12618.4 5316.4 1 0
AT22->AT21->AT18->AT21->AT34 : 1 11472 5453.45 1 0
AT22->AT21->AT23->AT18->AT21 : 1 11458.4 4328.55 1 0
AT23->AT18->AT22->AT21->AT24 : 1 11373.6 5450.3 1 0
AT21->AT18->AT22->AT21->AT23 : 1 11364 4974.4 1 0
AT21->AT23->AT18->AT22->AT21 : 1 11360.8 4679.1 1 0
AT21->AT26->AT22->AT21->AT23 : 1 11182.4 4126.8 1 0
AT22->AT21->AT23->AT18->AT22 : 1 11130.4 4669.1 1 0
AT18->AT21->AT26->AT22->AT21 : 1 10373.6 4575.05 1 0
AT21->AT18->AT21->AT26->AT22 : 1 10360.8 4984.65 1 0
AT22->AT21->AT18->AT21->AT26 : 1 10335.2 4654.65 1 0
AT26->AT22->AT21->AT18->AT21 : 1 10328.8 5275.85 1 0
AT21->AT23->AT18->AT21->AT34 : 1 10214.4 4816.15 1 0
AT26->AT22->AT21->AT18->AT22 : 1 10000.8 5616.4 1 0
AT23->AT18->AT22->AT21->AT23 : 1 9888.8 4682.3 1 0
AT18->AT22->AT21->AT24->AT31 : 1 9885.6 5748.8 1 0
AT26->AT22->AT21->AT24->AT31 : 1 9568 5632 1 0
AT21->AT23->AT18->AT21->AT26 : 1 9077.6 4017.35 1 0
AT23->AT18->AT21->AT26->AT22 : 1 8885.6 4692.55 1 0
AT26->AT22->AT21->AT23->AT18 : 1 8717.6 4532.3 1 0
AT18->AT22->AT21->AT23->AT28 : 1 8503.2 4684.8 1 0
AT26->AT22->AT21->AT23->AT28 : 1 8185.6 4568 1 0
AT22->AT21->AT23->AT28->AT26 : 1 8179.2 4120 1 0
AT21->AT23->AT28->AT26->AT22 : 1 8153.6 4420 1 0
AT23->AT28->AT26->AT22->AT21 : 1 8140.8 4762 1 0
AT28->AT26->AT22->AT21->AT23 : 1 8137.6 4286.8 1 0
AT28->AT26->AT22->AT21->AT18 : 1 7332 5051.6 1 0
AT22->AT21->AT18->AT22->AT21->AT24 : 1 15690.4 6852.4 1 0
AT21->AT23->AT18->AT22->AT21->AT24 : 1 14432.8 6215.1 1 0
AT22->AT21->AT18->AT22->AT21->AT23 : 1 14205.6 6084.4 1 0
AT22->AT21->AT23->AT18->AT22->AT21 : 1 14202.4 5789.1 1 0
AT18->AT21->AT26->AT22->AT21->AT24 : 1 13445.6 6111.05 1 0
AT21->AT18->AT21->AT26->AT22->AT21 : 1 13432.8 6104.65 1 0
AT22->AT21->AT18->AT21->AT26->AT22 : 1 13202.4 6094.65 1 0
AT26->AT22->AT21->AT18->AT22->AT21 : 1 13072.8 6736.4 1 0
AT22->AT21->AT23->AT18->AT21->AT34 : 1 13056 5926.15 1 0
AT21->AT23->AT18->AT22->AT21->AT23 : 1 12948 5447.1 1 0
AT21->AT18->AT22->AT21->AT24->AT31 : 1 12944.8 7278.4 1 0
AT21->AT26->AT22->AT21->AT24->AT31 : 1 12763.2 6430.8 1 0
AT18->AT21->AT26->AT22->AT21->AT23 : 1 11960.8 5343.05 1 0
AT23->AT18->AT21->AT26->AT22->AT21 : 1 11957.6 5812.55 1 0
AT21->AT23->AT18->AT21->AT26->AT22 : 1 11944.8 5457.35 1 0
AT26->AT22->AT21->AT18->AT21->AT34 : 1 11926.4 6873.45 1 0
AT22->AT21->AT23->AT18->AT21->AT26 : 1 11919.2 5127.35 1 0
AT26->AT22->AT21->AT23->AT18->AT21 : 1 11912.8 5748.55 1 0
AT26->AT22->AT21->AT23->AT18->AT22 : 1 11584.8 6089.1 1 0
AT21->AT18->AT22->AT21->AT23->AT28 : 1 11562.4 6214.4 1 0
AT23->AT18->AT22->AT21->AT24->AT31 : 1 11469.6 6986.3 1 0
AT21->AT26->AT22->AT21->AT23->AT28 : 1 11380.8 5366.8 1 0
AT21->AT23->AT28->AT26->AT22->AT21 : 1 11212.8 5530 1 0
AT22->AT21->AT23->AT28->AT26->AT22 : 1 11020.8 5540 1 0
AT26->AT22->AT21->AT18->AT21->AT26 : 1 10789.6 6074.65 1 0
AT28->AT26->AT22->AT21->AT18->AT21 : 1 10527.2 6267.85 1 0
AT28->AT26->AT22->AT21->AT18->AT22 : 1 10199.2 6608.4 1 0
AT23->AT18->AT22->AT21->AT23->AT28 : 1 10087.2 5922.3 1 0
AT23->AT28->AT26->AT22->AT21->AT23 : 1 9724.8 5526.8 1 0
AT18->AT22->AT21->AT23->AT28->AT26 : 1 8957.6 5676.8 1 0
AT23->AT28->AT26->AT22->AT21->AT18 : 1 8919.2 6291.6 1 0
AT28->AT26->AT22->AT21->AT23->AT18 : 1 8916 5524.3 1 0
AT26->AT22->AT21->AT23->AT28->AT26 : 1 8640 5560 1 0
AT22->AT21->AT23->AT18->AT22->AT21->AT24 : 1 17274.4 7325.1 1 0
AT21->AT18->AT21->AT26->AT22->AT21->AT24 : 1 16504.8 7640.65 1 0
AT22->AT21->AT18->AT21->AT26->AT22->AT21 : 1 16274.4 7214.65 1 0
AT26->AT22->AT21->AT18->AT22->AT21->AT24 : 1 16144.8 8272.4 1 0
AT22->AT21->AT23->AT18->AT22->AT21->AT23 : 1 15789.6 6557.1 1 0
AT22->AT21->AT18->AT22->AT21->AT24->AT31 : 1 15786.4 8388.4 1 0
AT23->AT18->AT21->AT26->AT22->AT21->AT24 : 1 15029.6 7348.55 1 0
AT21->AT18->AT21->AT26->AT22->AT21->AT23 : 1 15020 6872.65 1 0
AT21->AT23->AT18->AT21->AT26->AT22->AT21 : 1 15016.8 6577.35 1 0
AT22->AT21->AT23->AT18->AT21->AT26->AT22 : 1 14786.4 6567.35 1 0
AT26->AT22->AT21->AT18->AT22->AT21->AT23 : 1 14660 7504.4 1 0
AT26->AT22->AT21->AT23->AT18->AT22->AT21 : 1 14656.8 7209.1 1 0
AT21->AT23->AT18->AT22->AT21->AT24->AT31 : 1 14528.8 7751.1 1 0
AT22->AT21->AT18->AT22->AT21->AT23->AT28 : 1 14404 7324.4 1 0
AT22->AT21->AT23->AT28->AT26->AT22->AT21 : 1 14080 6650 1 0
AT26->AT22->AT21->AT18->AT21->AT26->AT22 : 1 13656.8 7514.65 1 0
AT23->AT18->AT21->AT26->AT22->AT21->AT23 : 1 13544.8 6580.55 1 0
AT18->AT21->AT26->AT22->AT21->AT24->AT31 : 1 13541.6 7647.05 1 0
AT26->AT22->AT21->AT23->AT18->AT21->AT34 : 1 13510.4 7346.15 1 0
AT28->AT26->AT22->AT21->AT18->AT22->AT21 : 1 13271.2 7728.4 1 0
AT21->AT23->AT18->AT22->AT21->AT23->AT28 : 1 13146.4 6687.1 1 0
AT21->AT23->AT28->AT26->AT22->AT21->AT23 : 1 12796.8 6294.8 1 0
AT26->AT22->AT21->AT23->AT18->AT21->AT26 : 1 12373.6 6547.35 1 0
AT18->AT21->AT26->AT22->AT21->AT23->AT28 : 1 12159.2 6583.05 1 0
AT28->AT26->AT22->AT21->AT18->AT21->AT34 : 1 12124.8 7865.45 1 0
AT23->AT28->AT26->AT22->AT21->AT18->AT21 : 1 12114.4 7507.85 1 0
AT28->AT26->AT22->AT21->AT23->AT18->AT21 : 1 12111.2 6740.55 1 0
AT21->AT18->AT22->AT21->AT23->AT28->AT26 : 1 12016.8 7206.4 1 0
AT21->AT23->AT28->AT26->AT22->AT21->AT18 : 1 11991.2 7059.6 1 0
AT21->AT26->AT22->AT21->AT23->AT28->AT26 : 1 11835.2 6358.8 1 0
AT18->AT22->AT21->AT23->AT28->AT26->AT22 : 1 11799.2 7096.8 1 0
AT23->AT28->AT26->AT22->AT21->AT18->AT22 : 1 11786.4 7848.4 1 0
AT28->AT26->AT22->AT21->AT23->AT18->AT22 : 1 11783.2 7081.1 1 0
AT26->AT22->AT21->AT23->AT28->AT26->AT22 : 1 11481.6 6980 1 0
AT28->AT26->AT22->AT21->AT18->AT21->AT26 : 1 10988 7066.65 1 0
AT23->AT18->AT22->AT21->AT23->AT28->AT26 : 1 10541.6 6914.3 1 0
AT23->AT28->AT26->AT22->AT21->AT23->AT18 : 1 10503.2 6764.3 1 0
AT22->AT21->AT18->AT21->AT26->AT22->AT21->AT24 : 1 19346.4 8750.65 1 0
AT21->AT23->AT18->AT21->AT26->AT22->AT21->AT24 : 1 18088.8 8113.35 1 0
AT22->AT21->AT18->AT21->AT26->AT22->AT21->AT23 : 1 17861.6 7982.65 1 0
AT22->AT21->AT23->AT18->AT21->AT26->AT22->AT21 : 1 17858.4 7687.35 1 0
AT26->AT22->AT21->AT23->AT18->AT22->AT21->AT24 : 1 17728.8 8745.1 1 0
AT22->AT21->AT23->AT18->AT22->AT21->AT24->AT31 : 1 17370.4 8861.1 1 0
AT26->AT22->AT21->AT18->AT21->AT26->AT22->AT21 : 1 16728.8 8634.65 1 0
AT21->AT23->AT18->AT21->AT26->AT22->AT21->AT23 : 1 16604 7345.35 1 0
AT21->AT18->AT21->AT26->AT22->AT21->AT24->AT31 : 1 16600.8 9176.65 1 0
AT28->AT26->AT22->AT21->AT18->AT22->AT21->AT24 : 1 16343.2 9264.4 1 0
AT26->AT22->AT21->AT23->AT18->AT22->AT21->AT23 : 1 16244 7977.1 1 0
AT26->AT22->AT21->AT18->AT22->AT21->AT24->AT31 : 1 16240.8 9808.4 1 0
AT22->AT21->AT23->AT18->AT22->AT21->AT23->AT28 : 1 15988 7797.1 1 0
AT22->AT21->AT23->AT28->AT26->AT22->AT21->AT23 : 1 15664 7414.8 1 0
AT26->AT22->AT21->AT23->AT18->AT21->AT26->AT22 : 1 15240.8 7987.35 1 0
AT21->AT18->AT21->AT26->AT22->AT21->AT23->AT28 : 1 15218.4 8112.65 1 0
AT21->AT23->AT28->AT26->AT22->AT21->AT18->AT21 : 1 15186.4 8275.85 1 0
AT23->AT18->AT21->AT26->AT22->AT21->AT24->AT31 : 1 15125.6 8884.55 1 0
AT23->AT28->AT26->AT22->AT21->AT18->AT22->AT21 : 1 14858.4 8968.4 1 0
AT18->AT22->AT21->AT23->AT28->AT26->AT22->AT21 : 1 14858.4 8206.8 1 0
AT22->AT21->AT23->AT28->AT26->AT22->AT21->AT18 : 1 14858.4 8179.6 1 0
AT28->AT26->AT22->AT21->AT18->AT22->AT21->AT23 : 1 14858.4 8496.4 1 0
AT26->AT22->AT21->AT18->AT22->AT21->AT23->AT28 : 1 14858.4 8744.4 1 0
AT21->AT18->AT22->AT21->AT23->AT28->AT26->AT22 : 1 14858.4 8626.4 1 0
AT21->AT23->AT28->AT26->AT22->AT21->AT18->AT22 : 1 14858.4 8616.4 1 0
AT22->AT21->AT18->AT22->AT21->AT23->AT28->AT26 : 1 14858.4 8316.4 1 0
AT28->AT26->AT22->AT21->AT23->AT18->AT22->AT21 : 1 14855.2 8201.1 1 0
AT21->AT26->AT22->AT21->AT23->AT28->AT26->AT22 : 1 14676.8 7778.8 1 0
AT26->AT22->AT21->AT23->AT28->AT26->AT22->AT21 : 1 14540.8 8090 1 0
AT28->AT26->AT22->AT21->AT18->AT21->AT26->AT22 : 1 13855.2 8506.65 1 0
AT23->AT18->AT21->AT26->AT22->AT21->AT23->AT28 : 1 13743.2 7820.55 1 0
AT23->AT28->AT26->AT22->AT21->AT18->AT21->AT34 : 1 13712 9105.45 1 0
AT28->AT26->AT22->AT21->AT23->AT18->AT21->AT34 : 1 13708.8 8338.15 1 0
AT23->AT28->AT26->AT22->AT21->AT23->AT18->AT21 : 1 13698.4 7980.55 1 0
AT21->AT23->AT18->AT22->AT21->AT23->AT28->AT26 : 1 13600.8 7679.1 1 0
AT21->AT23->AT28->AT26->AT22->AT21->AT23->AT18 : 1 13575.2 7532.3 1 0
AT23->AT18->AT22->AT21->AT23->AT28->AT26->AT22 : 1 13383.2 8334.3 1 0
AT23->AT28->AT26->AT22->AT21->AT23->AT18->AT22 : 1 13370.4 8321.1 1 0
AT18->AT21->AT26->AT22->AT21->AT23->AT28->AT26 : 1 12613.6 7575.05 1 0
AT23->AT28->AT26->AT22->AT21->AT18->AT21->AT26 : 1 12575.2 8306.65 1 0
AT28->AT26->AT22->AT21->AT23->AT18->AT21->AT26 : 1 12572 7539.35 1 0
AT22->AT21->AT23->AT18->AT21->AT26->AT22->AT21->AT24 : 1 20930.4 9223.35 1 0
AT26->AT22->AT21->AT18->AT21->AT26->AT22->AT21->AT24 : 1 19800.8 10170.7 1 0
AT22->AT21->AT23->AT18->AT21->AT26->AT22->AT21->AT23 : 1 19445.6 8455.35 1 0
AT22->AT21->AT18->AT21->AT26->AT22->AT21->AT24->AT31 : 1 19442.4 10286.6 1 0
AT26->AT22->AT21->AT18->AT21->AT26->AT22->AT21->AT23 : 1 18316 9402.65 1 0
AT26->AT22->AT21->AT23->AT18->AT21->AT26->AT22->AT21 : 1 18312.8 9107.35 1 0
AT21->AT23->AT18->AT21->AT26->AT22->AT21->AT24->AT31 : 1 18184.8 9649.35 1 0
AT22->AT21->AT18->AT21->AT26->AT22->AT21->AT23->AT28 : 1 18060 9222.65 1 0
AT22->AT21->AT23->AT28->AT26->AT22->AT21->AT18->AT21 : 1 18053.6 9395.85 1 0
AT23->AT28->AT26->AT22->AT21->AT18->AT22->AT21->AT24 : 1 17930.4 10504.4 1 0
AT28->AT26->AT22->AT21->AT23->AT18->AT22->AT21->AT24 : 1 17927.2 9737.1 1 0
AT26->AT22->AT21->AT23->AT18->AT22->AT21->AT24->AT31 : 1 17824.8 10281.1 1 0
AT21->AT26->AT22->AT21->AT23->AT28->AT26->AT22->AT21 : 1 17736 8888.8 1 0
AT28->AT26->AT22->AT21->AT18->AT21->AT26->AT22->AT21 : 1 16927.2 9626.65 1 0
AT21->AT23->AT18->AT21->AT26->AT22->AT21->AT23->AT28 : 1 16802.4 8585.35 1 0
AT21->AT23->AT28->AT26->AT22->AT21->AT18->AT21->AT34 : 1 16784 9873.45 1 0
AT21->AT23->AT28->AT26->AT22->AT21->AT23->AT18->AT21 : 1 16770.4 8748.55 1 0
AT22->AT21->AT23->AT28->AT26->AT22->AT21->AT23->AT18 : 1 16442.4 8652.3 1 0
AT28->AT26->AT22->AT21->AT23->AT18->AT22->AT21->AT23 : 1 16442.4 8969.1 1 0
AT26->AT22->AT21->AT23->AT18->AT22->AT21->AT23->AT28 : 1 16442.4 9217.1 1 0
AT23->AT18->AT22->AT21->AT23->AT28->AT26->AT22->AT21 : 1 16442.4 9444.3 1 0
AT18->AT22->AT21->AT23->AT28->AT26->AT22->AT21->AT23 : 1 16442.4 8971.6 1 0
AT21->AT23->AT28->AT26->AT22->AT21->AT23->AT18->AT22 : 1 16442.4 9089.1 1 0
AT23->AT28->AT26->AT22->AT21->AT23->AT18->AT22->AT21 : 1 16442.4 9441.1 1 0
AT22->AT21->AT23->AT18->AT22->AT21->AT23->AT28->AT26 : 1 16442.4 8789.1 1 0
AT21->AT23->AT18->AT22->AT21->AT23->AT28->AT26->AT22 : 1 16442.4 9099.1 1 0
AT28->AT26->AT22->AT21->AT18->AT22->AT21->AT24->AT31 : 1 16439.2 10800.4 1 0
AT26->AT22->AT21->AT23->AT28->AT26->AT22->AT21->AT23 : 1 16124.8 8854.8 1 0
AT21->AT18->AT21->AT26->AT22->AT21->AT23->AT28->AT26 : 1 15672.8 9104.65 1 0
AT21->AT23->AT28->AT26->AT22->AT21->AT18->AT21->AT26 : 1 15647.2 9074.65 1 0
AT18->AT21->AT26->AT22->AT21->AT23->AT28->AT26->AT22 : 1 15455.2 8995.05 1 0
AT23->AT28->AT26->AT22->AT21->AT18->AT21->AT26->AT22 : 1 15442.4 9746.65 1 0
AT28->AT26->AT22->AT21->AT23->AT18->AT21->AT26->AT22 : 1 15439.2 8979.35 1 0
AT26->AT22->AT21->AT23->AT28->AT26->AT22->AT21->AT18 : 1 15319.2 9619.6 1 0
AT23->AT28->AT26->AT22->AT21->AT23->AT18->AT21->AT34 : 1 15296 9578.15 1 0
AT23->AT18->AT21->AT26->AT22->AT21->AT23->AT28->AT26 : 1 14197.6 8812.55 1 0
AT23->AT28->AT26->AT22->AT21->AT23->AT18->AT21->AT26 : 1 14159.2 8779.35 1 0
AT26->AT22->AT21->AT23->AT18->AT21->AT26->AT22->AT21->AT24 : 1 21384.8 10643.4 1 0
AT22->AT21->AT23->AT18->AT21->AT26->AT22->AT21->AT24->AT31 : 1 21026.4 10759.4 1 0
AT28->AT26->AT22->AT21->AT18->AT21->AT26->AT22->AT21->AT24 : 1 19999.2 11162.7 1 0
AT26->AT22->AT21->AT23->AT18->AT21->AT26->AT22->AT21->AT23 : 1 19900 9875.35 1 0
AT26->AT22->AT21->AT18->AT21->AT26->AT22->AT21->AT24->AT31 : 1 19896.8 11706.7 1 0
AT22->AT21->AT23->AT28->AT26->AT22->AT21->AT18->AT21->AT34 : 1 19651.2 10993.5 1 0
AT22->AT21->AT23->AT18->AT21->AT26->AT22->AT21->AT23->AT28 : 1 19644 9695.35 1 0
AT22->AT21->AT23->AT28->AT26->AT22->AT21->AT23->AT18->AT21 : 1 19637.6 9868.55 1 0
AT23->AT28->AT26->AT22->AT21->AT23->AT18->AT22->AT21->AT24 : 1 19514.4 10977.1 1 0
AT21->AT26->AT22->AT21->AT23->AT28->AT26->AT22->AT21->AT23 : 1 19320 9653.6 1 0
AT23->AT28->AT26->AT22->AT21->AT18->AT21->AT26->AT22->AT21 : 1 18514.4 10866.6 1 0
AT26->AT22->AT21->AT18->AT21->AT26->AT22->AT21->AT23->AT28 : 1 18514.4 10642.7 1 0
AT22->AT21->AT18->AT21->AT26->AT22->AT21->AT23->AT28->AT26 : 1 18514.4 10214.6 1 0
AT21->AT26->AT22->AT21->AT23->AT28->AT26->AT22->AT21->AT18 : 1 18514.4 10418.4 1 0
AT26->AT22->AT21->AT23->AT28->AT26->AT22->AT21->AT18->AT21 : 1 18514.4 10835.9 1 0
AT22->AT21->AT23->AT28->AT26->AT22->AT21->AT18->AT21->AT26 : 1 18514.4 10194.6 1 0
AT21->AT23->AT28->AT26->AT22->AT21->AT18->AT21->AT26->AT22 : 1 18514.4 10514.6 1 0
AT28->AT26->AT22->AT21->AT18->AT21->AT26->AT22->AT21->AT23 : 1 18514.4 10394.7 1 0
AT21->AT18->AT21->AT26->AT22->AT21->AT23->AT28->AT26->AT22 : 1 18514.4 10524.6 1 0
AT18->AT21->AT26->AT22->AT21->AT23->AT28->AT26->AT22->AT21 : 1 18514.4 10105 1 0
AT28->AT26->AT22->AT21->AT23->AT18->AT21->AT26->AT22->AT21 : 1 18511.2 10099.4 1 0
AT21->AT23->AT28->AT26->AT22->AT21->AT23->AT18->AT21->AT34 : 1 18368 10346.1 1 0
AT23->AT28->AT26->AT22->AT21->AT18->AT22->AT21->AT24->AT31 : 1 18026.4 12040.4 1 0
AT28->AT26->AT22->AT21->AT23->AT18->AT22->AT21->AT24->AT31 : 1 18023.2 11273.1 1 0
AT21->AT23->AT18->AT21->AT26->AT22->AT21->AT23->AT28->AT26 : 1 17256.8 9577.35 1 0
AT21->AT23->AT28->AT26->AT22->AT21->AT23->AT18->AT21->AT26 : 1 17231.2 9547.35 1 0
AT23->AT18->AT21->AT26->AT22->AT21->AT23->AT28->AT26->AT22 : 1 17039.2 10232.5 1 0
AT23->AT28->AT26->AT22->AT21->AT23->AT18->AT21->AT26->AT22 : 1 17026.4 10219.4 1 0
AT26->AT22->AT21->AT23->AT28->AT26->AT22->AT21->AT23->AT18 : 1 16903.2 10092.3 1 0
AT23->AT28->AT26->AT22->AT21->AT18->AT21->AT26->AT22->AT21->AT24 : 1 21586.4 12402.6 1 0
AT28->AT26->AT22->AT21->AT23->AT18->AT21->AT26->AT22->AT21->AT24 : 1 21583.2 11635.4 1 0
AT26->AT22->AT21->AT23->AT18->AT21->AT26->AT22->AT21->AT24->AT31 : 1 21480.8 12179.4 1 0
AT22->AT21->AT23->AT28->AT26->AT22->AT21->AT23->AT18->AT21->AT34 : 1 21235.2 11466.1 1 0
AT26->AT22->AT21->AT23->AT28->AT26->AT22->AT21->AT18->AT21->AT34 : 1 20112 12433.5 1 0
AT26->AT22->AT21->AT23->AT28->AT26->AT22->AT21->AT23->AT18->AT21 : 1 20098.4 11308.5 1 0
AT22->AT21->AT23->AT28->AT26->AT22->AT21->AT23->AT18->AT21->AT26 : 1 20098.4 10667.3 1 0
AT28->AT26->AT22->AT21->AT23->AT18->AT21->AT26->AT22->AT21->AT23 : 1 20098.4 10867.4 1 0
AT26->AT22->AT21->AT23->AT18->AT21->AT26->AT22->AT21->AT23->AT28 : 1 20098.4 11115.4 1 0
AT22->AT21->AT23->AT18->AT21->AT26->AT22->AT21->AT23->AT28->AT26 : 1 20098.4 10687.4 1 0
AT21->AT23->AT18->AT21->AT26->AT22->AT21->AT23->AT28->AT26->AT22 : 1 20098.4 10997.4 1 0
AT23->AT18->AT21->AT26->AT22->AT21->AT23->AT28->AT26->AT22->AT21 : 1 20098.4 11342.5 1 0
AT21->AT26->AT22->AT21->AT23->AT28->AT26->AT22->AT21->AT23->AT18 : 1 20098.4 10891.1 1 0
AT21->AT23->AT28->AT26->AT22->AT21->AT23->AT18->AT21->AT26->AT22 : 1 20098.4 10987.3 1 0
AT23->AT28->AT26->AT22->AT21->AT23->AT18->AT21->AT26->AT22->AT21 : 1 20098.4 11339.4 1 0
AT18->AT21->AT26->AT22->AT21->AT23->AT28->AT26->AT22->AT21->AT23 : 1 20098.4 10869.8 1 0
AT28->AT26->AT22->AT21->AT18->AT21->AT26->AT22->AT21->AT24->AT31 : 1 20095.2 12698.7 1 0
AT23->AT28->AT26->AT22->AT21->AT23->AT18->AT22->AT21->AT24->AT31 : 1 19610.4 12513.1 1 0
AT23->AT28->AT26->AT22->AT21->AT23->AT18->AT21->AT26->AT22->AT21->AT24 : 1 23170.4 12875.4 1 0
AT26->AT22->AT21->AT23->AT28->AT26->AT22->AT21->AT23->AT18->AT21->AT34 : 1 21696 12906.1 1 0
AT23->AT28->AT26->AT22->AT21->AT18->AT21->AT26->AT22->AT21->AT24->AT31 : 1 21682.4 13938.6 1 0
AT28->AT26->AT22->AT21->AT23->AT18->AT21->AT26->AT22->AT21->AT24->AT31 : 1 21679.2 13171.4 1 0
AT23->AT28->AT26->AT22->AT21->AT23->AT18->AT21->AT26->AT22->AT21->AT24->AT31 : 1 23266.4 14411.4 1 0
