Profile Result: 
AT18 : 1 512 0 1 0
AT19 : 1 136.96 0 1 0
AT22 : 2 4669.44 0 1 0
AT27 : 1 64 0 1 0
AT29 : 2 326.4 0 1 0
AT34 : 1 1024 0 1 0
AT37 : 1 2048 0 1 0
NULL : 3 0 0 1 0
AT22->NULL : 3 7004.16 2918.4 1 0
AT34->AT37 : 2 6144 1024 1 0
NULL->AT22 : 2 4669.44 2048 1 0
AT29->AT29 : 2 652.8 2448 1 0
NULL->NULL : 2 0 2056 1 0
AT18->AT22 : 1 2846.72 1024 1 0
AT37->AT18 : 1 2560 800 1 0
AT22->AT19 : 1 2471.68 912 1 0
AT27->AT22 : 1 2398.72 1024 1 0
AT37->AT27 : 1 2112 640 1 0
NULL->AT34 : 1 1024 1024 1 0
AT18->AT19 : 1 648.96 800 1 0
NULL->AT18 : 1 512 1024 1 0
AT27->AT29 : 1 196.267 512 1 0
NULL->AT29 : 1 194.133 1024 1 0
AT19->NULL : 1 136.96 1027.2 1 0
AT34->AT37->AT18 : 2 7168 2624 1 0
AT34->AT37->AT27 : 2 6272 2304 1 0
AT37->AT18->AT22 : 1 4894.72 1824 1 0
AT37->AT27->AT22 : 1 4446.72 1664 1 0
AT18->AT22->AT19 : 1 2983.68 1936 1 0
AT37->AT18->AT19 : 1 2696.96 1600 1 0
AT37->AT27->AT29 : 1 2244.27 1152 1 0
AT27->AT29->AT29 : 1 390.4 1504 1 0
AT34->AT37->AT18->AT22 : 2 11837.4 4672 1 0
AT34->AT37->AT27->AT22 : 2 10941.4 4352 1 0
AT34->AT37->AT18->AT19 : 2 7441.92 4224 1 0
AT34->AT37->AT27->AT29 : 2 6536.53 3328 1 0
AT37->AT18->AT22->AT19 : 1 5031.68 2736 1 0
AT37->AT27->AT29->AT29 : 1 2438.4 2144 1 0
AT34->AT37->AT18->AT22->AT19 : 2 12111.4 6496 1 0
AT34->AT37->AT27->AT29->AT29 : 2 6924.8 5312 1 0
