Profile Result: 
AT8 : 1 68.8 0 1 0
AT15 : 1 2201.6 0 1 0
AT18 : 1 588.8 0 1 0
AT19 : 1 155.52 0 1 0
AT20 : 2 4403.2 0 1 0
AT22 : 1 2124.8 0 1 0
AT23 : 1 1331.2 0 1 0
NULL : 3 0 0 1 0
NULL->NULL : 2 0 2105.2 1 0
AT15->AT22 : 1 4326.4 860 1 0
AT20->AT23 : 1 3379.2 512 1 0
AT18->AT20 : 1 2944 1177.6 1 0
AT20->AT8 : 1 2424 588.8 1 0
AT22->AT19 : 1 2280.32 830 1 0
AT8->AT15 : 1 2270.4 550.4 1 0
AT22->NULL : 1 2124.8 996 1 0
NULL->AT22 : 1 2124.8 1024 1 0
NULL->AT20 : 1 2048 1024 1 0
AT23->AT18 : 1 1920 1040 1 0
NULL->AT23 : 1 1331.2 1024 1 0
AT18->AT19 : 1 744.32 920 1 0
NULL->AT18 : 1 588.8 1024 1 0
AT19->NULL : 1 155.52 1166.4 1 0
NULL->AT8 : 1 68.8 1024 1 0
AT20->AT8->AT15 : 1 4625.6 1139.2 1 0
AT15->AT22->AT19 : 1 4481.92 1690 1 0
AT8->AT15->AT22 : 1 4395.2 1410.4 1 0
AT23->AT18->AT20 : 1 4275.2 2217.6 1 0
AT20->AT23->AT18 : 1 3968 1552 1 0
AT18->AT20->AT8 : 1 3012.8 1766.4 1 0
AT23->AT18->AT19 : 1 2075.52 1960 1 0
AT20->AT8->AT15->AT22 : 1 6750.4 1999.2 1 0
AT20->AT23->AT18->AT20 : 1 6323.2 2729.6 1 0
AT18->AT20->AT8->AT15 : 1 5214.4 2316.8 1 0
AT8->AT15->AT22->AT19 : 1 4550.72 2240.4 1 0
AT23->AT18->AT20->AT8 : 1 4344 2806.4 1 0
AT20->AT23->AT18->AT19 : 1 4123.52 2472 1 0
AT18->AT20->AT8->AT15->AT22 : 1 7339.2 3176.8 1 0
AT20->AT8->AT15->AT22->AT19 : 1 6905.92 2829.2 1 0
AT23->AT18->AT20->AT8->AT15 : 1 6545.6 3356.8 1 0
AT20->AT23->AT18->AT20->AT8 : 1 6392 3318.4 1 0
AT23->AT18->AT20->AT8->AT15->AT22 : 1 8670.4 4216.8 1 0
AT20->AT23->AT18->AT20->AT8->AT15 : 1 8593.6 3868.8 1 0
AT18->AT20->AT8->AT15->AT22->AT19 : 1 7494.72 4006.8 1 0
AT20->AT23->AT18->AT20->AT8->AT15->AT22 : 1 10718.4 4728.8 1 0
AT23->AT18->AT20->AT8->AT15->AT22->AT19 : 1 8825.92 5046.8 1 0
AT20->AT23->AT18->AT20->AT8->AT15->AT22->AT19 : 1 10873.9 5558.8 1 0
