Profile Result: 
AT18 : 1 716.8 0 1 0
AT21 : 1 3072 0 1 0
AT22 : 1 2744.32 0 1 0
AT23 : 1 1843.2 0 1 0
AT24 : 1 3072 0 1 0
AT26 : 1 396.8 0 1 0
NULL : 3 0 0 1 0
AT22->NULL : 2 5488.64 2144 1 0
NULL->AT23 : 2 3686.4 2048 1 0
NULL->NULL : 2 0 2322.13 1 0
AT21->AT24 : 1 6144 1536 1 0
AT18->AT21 : 1 3788.8 1120 1 0
AT21->AT26 : 1 3468.8 768 1 0
AT18->AT22 : 1 3461.12 1433.6 1 0
AT26->AT22 : 1 3141.12 1240 1 0
AT24->NULL : 1 3072 1536 1 0
NULL->AT21 : 1 3072 1024 1 0
AT23->AT18 : 1 2560 1440 1 0
NULL->AT18 : 1 716.8 1024 1 0
NULL->AT26 : 1 396.8 1024 1 0
AT18->AT21->AT24 : 1 6860.8 2656 1 0
AT21->AT26->AT22 : 1 6213.12 2008 1 0
AT23->AT18->AT21 : 1 5632 2560 1 0
AT23->AT18->AT22 : 1 5304.32 2873.6 1 0
AT18->AT21->AT26 : 1 4185.6 1888 1 0
AT23->AT18->AT21->AT24 : 1 8704 4096 1 0
AT18->AT21->AT26->AT22 : 1 6929.92 3128 1 0
AT23->AT18->AT21->AT26 : 1 6028.8 3328 1 0
AT23->AT18->AT21->AT26->AT22 : 1 8773.12 4568 1 0
