Profile Result: 
AT9 : 1 1297.07 0 1 0
AT21 : 1 2935.47 0 1 0
AT23 : 1 1553.07 0 1 0
AT24 : 1 2935.47 0 1 0
AT29 : 1 196.267 0 1 0
NULL : 3 0 0 1 0
NULL->AT29 : 2 392.534 2048 1 0
NULL->NULL : 2 0 2364.53 1 0
AT21->AT24 : 1 5870.94 1467.73 1 0
AT21->AT23 : 1 4488.54 733.867 1 0
AT9->AT21 : 1 4232.54 1013.33 1 0
AT24->NULL : 1 2935.47 1467.73 1 0
NULL->AT21 : 1 2935.47 1024 1 0
AT23->NULL : 1 1553.07 1213.33 1 0
NULL->AT23 : 1 1553.07 1024 1 0
AT29->AT9 : 1 1493.34 1472 1 0
NULL->AT9 : 1 1297.07 1024 1 0
AT9->AT21->AT24 : 1 7168.01 2481.06 1 0
AT9->AT21->AT23 : 1 5785.61 1747.2 1 0
AT29->AT9->AT21 : 1 4428.81 2485.33 1 0
AT29->AT9->AT21->AT24 : 1 7364.28 3953.06 1 0
AT29->AT9->AT21->AT23 : 1 5981.88 3219.2 1 0
