Profile Result: 
AT24 : 1 2048 0 1 0
AT29 : 6 1410 0 1 0
AT31 : 1 64 0 1 0
NULL : 2 0 0 1 0
NULL->AT29 : 6 1410 6144 1 0
AT29->AT29 : 5 2374 8670 1 0
AT24->AT31 : 1 2112 1024 1 0
NULL->AT24 : 1 2048 1024 1 0
AT31->AT29 : 1 256 960 1 0
AT29->NULL : 1 254 1905 1 0
NULL->NULL : 1 0 1024 1 0
AT29->AT29->AT29 : 4 2862 14010 1 0
AT24->AT31->AT29 : 1 2304 1984 1 0
AT31->AT29->AT29 : 1 480 2400 1 0
AT29->AT29->AT29->AT29 : 3 2862 15810 1 0
AT24->AT31->AT29->AT29 : 1 2528 3424 1 0
AT31->AT29->AT29->AT29 : 1 720 4080 1 0
AT29->AT29->AT29->AT29->AT29 : 2 2374 14010 1 0
AT24->AT31->AT29->AT29->AT29 : 1 2768 5104 1 0
AT31->AT29->AT29->AT29->AT29 : 1 968 5880 1 0
AT24->AT31->AT29->AT29->AT29->AT29 : 1 3016 6904 1 0
AT29->AT29->AT29->AT29->AT29->AT29 : 1 1410 8670 1 0
AT31->AT29->AT29->AT29->AT29->AT29 : 1 1220 7740 1 0
AT24->AT31->AT29->AT29->AT29->AT29->AT29 : 1 3268 8764 1 0
AT31->AT29->AT29->AT29->AT29->AT29->AT29 : 1 1474 9630 1 0
AT24->AT31->AT29->AT29->AT29->AT29->AT29->AT29 : 1 3522 10654 1 0
