Profile Result: 
AT18 : 1 583.68 0 1 0
AT21 : 1 2805.76 0 1 0
AT22 : 1 2153.81 0 1 0
AT27 : 1 70.6133 0 1 0
AT32 : 1 1129.81 0 1 0
AT34 : 1 1402.88 0 1 0
NULL : 4 0 0 1 0
NULL->NULL : 3 0 2839.8 1 0
AT22->NULL : 2 4307.62 1850.93 1 0
AT34->NULL : 2 2805.76 1402.88 1 0
NULL->AT18 : 2 1167.36 2048 1 0
AT27->NULL : 2 141.227 1129.81 1 0
AT21->AT34 : 1 4208.64 1402.88 1 0
AT18->AT21 : 1 3389.44 912 1 0
AT32->AT22 : 1 3283.62 882.667 1 0
AT21->NULL : 1 2805.76 701.44 1 0
NULL->AT21 : 1 2805.76 1024 1 0
NULL->AT22 : 1 2153.81 1024 1 0
AT18->AT32 : 1 1713.49 1167.36 1 0
AT32->AT27 : 1 1200.42 706.133 1 0
NULL->AT32 : 1 1129.81 1024 1 0
AT18->AT21->AT34 : 1 4792.32 2314.88 1 0
AT18->AT32->AT22 : 1 3867.3 2050.03 1 0
AT18->AT32->AT27 : 1 1784.1 1873.49 1 0
