Profile Result: 
AT15 : 1 2116.27 0 1 0
AT17 : 1 264.533 0 1 0
AT19 : 1 146.987 0 1 0
AT21 : 1 2679.47 0 1 0
AT22 : 3 6536.53 0 1 0
AT24 : 1 2679.47 0 1 0
AT26 : 2 709.334 0 1 0
AT27 : 1 66.1333 0 1 0
AT29 : 2 329.6 0 1 0
AT31 : 1 83.7333 0 1 0
AT32 : 1 1058.13 0 1 0
NULL : 5 0 0 1 0
NULL->NULL : 4 0 4203.5 1 0
AT22->NULL : 3 6536.53 3064 1 0
NULL->AT22 : 3 6536.53 3072 1 0
AT22->AT19 : 2 4748.37 1740 1 0
NULL->AT32 : 2 2116.26 2048 1 0
NULL->AT26 : 2 709.334 2048 1 0
AT29->AT29 : 2 659.2 2472 1 0
AT21->AT24 : 1 5358.94 1339.73 1 0
AT22->AT21 : 1 4761.6 813.333 1 0
AT15->AT22 : 1 4198.4 826.667 1 0
AT32->AT22 : 1 3140.26 826.667 1 0
AT21->AT26 : 1 3051.74 669.867 1 0
AT24->AT31 : 1 2763.2 1339.73 1 0
AT26->AT22 : 1 2709.34 1053.33 1 0
NULL->AT21 : 1 2679.47 1024 1 0
AT17->AT15 : 1 2380.8 529.067 1 0
AT32->AT27 : 1 1124.26 661.333 1 0
AT17->AT26 : 1 601.6 529.067 1 0
AT26->NULL : 1 372.267 1163.33 1 0
AT27->AT17 : 1 330.666 1058.13 1 0
AT27->AT29 : 1 200.533 529.067 1 0
NULL->AT29 : 1 195.2 1024 1 0
AT19->NULL : 1 146.987 1102.4 1 0
AT31->NULL : 1 83.7333 1256 1 0
AT22->AT21->AT24 : 1 7441.07 2153.06 1 0
AT15->AT22->AT21 : 1 6877.87 1640 1 0
AT21->AT24->AT31 : 1 5442.67 2679.46 1 0
AT22->AT21->AT26 : 1 5133.87 1483.2 1 0
AT17->AT15->AT22 : 1 4462.93 1355.73 1 0
AT32->AT22->AT19 : 1 3287.25 1640 1 0
AT17->AT26->AT22 : 1 2973.87 1582.4 1 0
AT26->AT22->AT19 : 1 2856.32 1980 1 0
AT27->AT17->AT15 : 1 2446.94 1587.2 1 0
AT32->AT27->AT17 : 1 1388.8 1719.46 1 0
AT32->AT27->AT29 : 1 1258.66 1190.4 1 0
AT27->AT17->AT26 : 1 667.733 1587.2 1 0
AT27->AT29->AT29 : 1 395.733 1537.07 1 0
AT15->AT22->AT21->AT24 : 1 9557.34 2979.73 1 0
AT22->AT21->AT24->AT31 : 1 7524.8 3492.79 1 0
AT15->AT22->AT21->AT26 : 1 7250.14 2309.87 1 0
AT17->AT15->AT22->AT21 : 1 7142.4 2169.07 1 0
AT27->AT17->AT15->AT22 : 1 4529.07 2413.86 1 0
AT32->AT27->AT17->AT15 : 1 3505.07 2248.53 1 0
AT17->AT26->AT22->AT19 : 1 3120.86 2509.06 1 0
AT27->AT17->AT26->AT22 : 1 3040 2640.53 1 0
AT32->AT27->AT17->AT26 : 1 1725.86 2248.53 1 0
AT32->AT27->AT29->AT29 : 1 1453.86 2198.4 1 0
AT17->AT15->AT22->AT21->AT24 : 1 9821.87 3508.8 1 0
AT15->AT22->AT21->AT24->AT31 : 1 9641.07 4319.46 1 0
AT17->AT15->AT22->AT21->AT26 : 1 7514.67 2838.93 1 0
AT27->AT17->AT15->AT22->AT21 : 1 7208.54 3227.2 1 0
AT32->AT27->AT17->AT15->AT22 : 1 5587.2 3075.2 1 0
AT32->AT27->AT17->AT26->AT22 : 1 4098.13 3301.86 1 0
AT27->AT17->AT26->AT22->AT19 : 1 3186.99 3567.19 1 0
AT17->AT15->AT22->AT21->AT24->AT31 : 1 9905.61 4848.53 1 0
AT27->AT17->AT15->AT22->AT21->AT24 : 1 9888.01 4566.93 1 0
AT32->AT27->AT17->AT15->AT22->AT21 : 1 8266.67 3888.53 1 0
AT27->AT17->AT15->AT22->AT21->AT26 : 1 7580.8 3897.06 1 0
AT32->AT27->AT17->AT26->AT22->AT19 : 1 4245.12 4228.53 1 0
AT32->AT27->AT17->AT15->AT22->AT21->AT24 : 1 10946.1 5228.26 1 0
AT27->AT17->AT15->AT22->AT21->AT24->AT31 : 1 9971.74 5906.66 1 0
AT32->AT27->AT17->AT15->AT22->AT21->AT26 : 1 8638.93 4558.4 1 0
AT32->AT27->AT17->AT15->AT22->AT21->AT24->AT31 : 1 11029.9 6567.99 1 0
