Profile Result: 
AT18 : 1 696.32 0 1 0
AT21 : 2 5939.2 0 1 0
AT22 : 2 5283.84 0 1 0
AT26 : 1 389.12 0 1 0
NULL : 4 0 0 1 0
AT22->NULL : 3 7864.32 3484.8 1 0
NULL->NULL : 3 0 3309.04 1 0
AT21->NULL : 2 5980.16 1495.04 1 0
NULL->AT21 : 2 5939.2 2048 1 0
NULL->AT22 : 2 5283.84 2048 1 0
AT22->AT21 : 1 5693.44 1056 1 0
AT21->AT18 : 1 3645.44 1474.56 1 0
AT18->AT21 : 1 3645.44 1088 1 0
AT18->AT22 : 1 3399.68 1392.64 1 0
AT21->AT26 : 1 3338.24 737.28 1 0
AT26->AT22 : 1 2969.6 1216 1 0
NULL->AT18 : 1 696.32 1024 1 0
NULL->AT26 : 1 389.12 1024 1 0
AT18->AT22->AT21 : 1 6389.76 2448.64 1 0
AT21->AT18->AT22 : 1 6348.8 2867.2 1 0
AT21->AT26->AT22 : 1 5918.72 1953.28 1 0
AT18->AT21->AT26 : 1 4034.56 1825.28 1 0
AT21->AT18->AT22->AT21 : 1 9338.88 3923.2 1 0
AT18->AT21->AT26->AT22 : 1 6615.04 3041.28 1 0
