Profile Result: 
AT9 : 1 1365.33 0 1 0
AT13 : 1 98.1333 0 1 0
AT21 : 1 3003.73 0 1 0
AT23 : 1 1570.13 0 1 0
AT24 : 1 3003.73 0 1 0
AT25 : 1 409.6 0 1 0
AT29 : 2 384 0 1 0
NULL : 4 0 0 1 0
NULL->NULL : 3 0 2980.27 1 0
NULL->AT25 : 2 819.2 2048 1 0
NULL->AT29 : 2 384 2048 1 0
AT13->NULL : 2 196.267 1570.13 1 0
AT21->AT24 : 1 6007.46 1501.87 1 0
AT21->AT23 : 1 4573.86 750.933 1 0
AT9->AT21 : 1 4369.06 1066.67 1 0
AT24->AT13 : 1 3101.86 1501.87 1 0
NULL->AT21 : 1 3003.73 1024 1 0
AT29->AT9 : 1 1578.66 1600 1 0
AT23->NULL : 1 1570.13 1226.67 1 0
NULL->AT23 : 1 1570.13 1024 1 0
NULL->AT9 : 1 1365.33 1024 1 0
AT25->AT29 : 1 580.267 819.2 1 0
AT29->AT29 : 1 384 1280 1 0
NULL->AT13 : 1 98.1333 1024 1 0
AT9->AT21->AT24 : 1 7372.79 2568.54 1 0
AT21->AT24->AT13 : 1 6105.59 3003.74 1 0
AT9->AT21->AT23 : 1 5939.19 1817.6 1 0
AT29->AT9->AT21 : 1 4582.39 2666.67 1 0
AT29->AT29->AT9 : 1 1749.33 2880 1 0
AT25->AT29->AT29 : 1 793.6 2099.2 1 0
AT29->AT9->AT21->AT24 : 1 7586.12 4168.54 1 0
AT9->AT21->AT24->AT13 : 1 7470.92 4070.41 1 0
AT29->AT9->AT21->AT23 : 1 6152.52 3417.6 1 0
AT29->AT29->AT9->AT21 : 1 4753.06 3946.67 1 0
AT25->AT29->AT29->AT9 : 1 2158.93 3699.2 1 0
AT29->AT29->AT9->AT21->AT24 : 1 7756.79 5448.54 1 0
AT29->AT9->AT21->AT24->AT13 : 1 7684.26 5670.41 1 0
AT29->AT29->AT9->AT21->AT23 : 1 6323.19 4697.6 1 0
AT25->AT29->AT29->AT9->AT21 : 1 5162.66 4765.87 1 0
AT25->AT29->AT29->AT9->AT21->AT24 : 1 8166.39 6267.74 1 0
AT29->AT29->AT9->AT21->AT24->AT13 : 1 7854.92 6950.41 1 0
AT25->AT29->AT29->AT9->AT21->AT23 : 1 6732.79 5516.8 1 0
AT25->AT29->AT29->AT9->AT21->AT24->AT13 : 1 8264.52 7769.61 1 0
