Profile Result: 
AT18 : 1 684.8 0 1 0
AT20 : 2 4787.2 0 1 0
AT21 : 1 3008 0 1 0
AT23 : 2 2902.4 0 1 0
AT26 : 1 376 0 1 0
NULL : 3 0 0 1 0
NULL->AT23 : 2 2902.4 2048 1 0
NULL->NULL : 2 0 2225.25 1 0
AT21->AT23 : 1 4579.2 752 1 0
AT18->AT21 : 1 3692.8 1070 1 0
AT21->AT18 : 1 3692.8 1504 1 0
AT18->AT20 : 1 3424 1369.6 1 0
AT20->AT23 : 1 3379.2 512 1 0
AT20->AT26 : 1 3115.2 684.8 1 0
NULL->AT21 : 1 3008 1024 1 0
NULL->AT20 : 1 2048 1024 1 0
AT23->AT18 : 1 2016 1040 1 0
AT23->NULL : 1 1571.2 1227.5 1 0
AT26->NULL : 1 376 1175 1 0
NULL->AT26 : 1 376 1024 1 0
AT21->AT18->AT20 : 1 6432 2873.6 1 0
AT18->AT21->AT23 : 1 5264 1822 1 0
AT23->AT18->AT21 : 1 5024 2110 1 0
AT23->AT18->AT20 : 1 4755.2 2409.6 1 0
AT20->AT23->AT18 : 1 4064 1552 1 0
AT18->AT20->AT26 : 1 3800 2054.4 1 0
AT20->AT23->AT18->AT21 : 1 7072 2622 1 0
AT21->AT18->AT20->AT26 : 1 6808 3558.4 1 0
AT20->AT23->AT18->AT20 : 1 6803.2 2921.6 1 0
AT23->AT18->AT21->AT23 : 1 6595.2 2862 1 0
AT23->AT18->AT20->AT26 : 1 5131.2 3094.4 1 0
AT20->AT23->AT18->AT21->AT23 : 1 8643.2 3374 1 0
AT20->AT23->AT18->AT20->AT26 : 1 7179.2 3606.4 1 0
