Profile Result: 
AT16 : 2 200 0 1 0
AT18 : 1 697.6 0 1 0
AT21 : 1 2969.6 0 1 0
AT22 : 2 5248 0 1 0
AT23 : 1 1561.6 0 1 0
AT24 : 1 2969.6 0 1 0
AT28 : 1 195.2 0 1 0
AT37 : 1 3532.8 0 1 0
NULL : 4 0 0 1 0
AT22->NULL : 3 7833.6 3470 1 0
NULL->NULL : 3 0 3349.14 1 0
AT16->AT22 : 2 5448 2500 1 0
NULL->AT22 : 2 5248 2048 1 0
AT18->NULL : 2 1395.2 2180 1 0
AT24->AT37 : 1 6502.4 1484.8 1 0
AT21->AT24 : 1 5939.2 1484.8 1 0
AT22->AT21 : 1 5632 1040 1 0
AT21->AT23 : 1 4531.2 742.4 1 0
AT37->AT18 : 1 4230.4 1380 1 0
AT37->NULL : 1 3532.8 1104 1 0
NULL->AT37 : 1 3532.8 1024 1 0
NULL->AT21 : 1 2969.6 1024 1 0
AT23->AT28 : 1 1756.8 1220 1 0
NULL->AT23 : 1 1561.6 1024 1 0
NULL->AT18 : 1 697.6 1024 1 0
AT28->AT16 : 1 292.8 976 1 0
NULL->AT16 : 1 102.4 1024 1 0
AT21->AT24->AT37 : 1 9472 2969.6 1 0
AT22->AT21->AT24 : 1 8601.6 2524.8 1 0
AT24->AT37->AT18 : 1 7200 2864.8 1 0
AT22->AT21->AT23 : 1 7193.6 1782.4 1 0
AT16->AT22->AT21 : 1 5734.4 2320 1 0
AT21->AT23->AT28 : 1 4726.4 1962.4 1 0
AT28->AT16->AT22 : 1 2878.4 2196 1 0
AT23->AT28->AT16 : 1 1854.4 2196 1 0
AT22->AT21->AT24->AT37 : 1 12134.4 4009.6 1 0
AT21->AT24->AT37->AT18 : 1 10169.6 4349.6 1 0
AT16->AT22->AT21->AT24 : 1 8704 3804.8 1 0
AT22->AT21->AT23->AT28 : 1 7388.8 3002.4 1 0
AT16->AT22->AT21->AT23 : 1 7296 3062.4 1 0
AT21->AT23->AT28->AT16 : 1 4824 2938.4 1 0
AT23->AT28->AT16->AT22 : 1 4440 3416 1 0
AT22->AT21->AT24->AT37->AT18 : 1 12832 5389.6 1 0
AT16->AT22->AT21->AT24->AT37 : 1 12236.8 5289.6 1 0
AT16->AT22->AT21->AT23->AT28 : 1 7491.2 4282.4 1 0
AT22->AT21->AT23->AT28->AT16 : 1 7486.4 3978.4 1 0
AT21->AT23->AT28->AT16->AT22 : 1 7409.6 4158.4 1 0
AT16->AT22->AT21->AT24->AT37->AT18 : 1 12934.4 6669.6 1 0
AT22->AT21->AT23->AT28->AT16->AT22 : 1 10072 5198.4 1 0
AT16->AT22->AT21->AT23->AT28->AT16 : 1 7588.8 5258.4 1 0
AT16->AT22->AT21->AT23->AT28->AT16->AT22 : 1 10174.4 6478.4 1 0
