Profile Result: 
AT16 : 1 83.9111 0 1 0
AT19 : 1 165.831 0 1 0
AT21 : 1 2821.69 0 1 0
AT22 : 1 2366.58 0 1 0
AT23 : 1 1843.2 0 1 0
AT28 : 2 398.222 0 1 0
AT30 : 1 671.289 0 1 0
NULL : 3 0 0 1 0
AT21->NULL : 2 5643.38 1410.84 1 0
NULL->AT23 : 2 3686.4 2048 1 0
NULL->AT30 : 2 1342.58 2048 1 0
NULL->NULL : 2 0 2141.33 1 0
AT22->AT21 : 1 5188.27 924.444 1 0
NULL->AT21 : 1 2821.69 1024 1 0
AT16->AT22 : 1 2450.49 1048.89 1 0
AT22->NULL : 1 2366.58 1109.33 1 0
NULL->AT22 : 1 2366.58 1024 1 0
AT23->AT28 : 1 2073.6 1440 1 0
AT28->AT30 : 1 901.689 1152 1 0
AT30->AT28 : 1 839.111 1048.89 1 0
AT30->AT19 : 1 837.12 1048.89 1 0
AT28->AT16 : 1 251.733 839.111 1 0
AT19->NULL : 1 165.831 1243.73 1 0
NULL->AT19 : 1 165.831 1024 1 0
AT16->AT22->AT21 : 1 5272.18 1973.33 1 0
AT23->AT28->AT30 : 1 2744.89 2592 1 0
AT28->AT16->AT22 : 1 2618.31 1888 1 0
AT28->AT30->AT28 : 1 1069.51 2200.89 1 0
AT28->AT30->AT19 : 1 1067.52 2200.89 1 0
AT30->AT28->AT16 : 1 923.022 1888 1 0
AT28->AT16->AT22->AT21 : 1 5440 2812.45 1 0
AT30->AT28->AT16->AT22 : 1 3289.6 2936.89 1 0
AT23->AT28->AT30->AT28 : 1 2912.71 3640.89 1 0
AT23->AT28->AT30->AT19 : 1 2910.72 3640.89 1 0
AT28->AT30->AT28->AT16 : 1 1153.42 3040 1 0
AT30->AT28->AT16->AT22->AT21 : 1 6111.29 3861.34 1 0
AT28->AT30->AT28->AT16->AT22 : 1 3520 4088.89 1 0
AT23->AT28->AT30->AT28->AT16 : 1 2996.62 4480 1 0
AT28->AT30->AT28->AT16->AT22->AT21 : 1 6341.69 5013.34 1 0
AT23->AT28->AT30->AT28->AT16->AT22 : 1 5363.2 5528.89 1 0
AT23->AT28->AT30->AT28->AT16->AT22->AT21 : 1 8184.89 6453.34 1 0
