Profile Result: 
AT2 : 1 1254.4 0 1 0
AT19 : 2 327.84 0 1 0
AT22 : 2 5248 0 1 0
AT23 : 1 1843.2 0 1 0
AT26 : 1 486.4 0 1 0
AT28 : 1 230.4 0 1 0
AT44 : 2 5073.92 0 1 0
NULL : 4 0 0 1 0
NULL->NULL : 3 0 3223.6 1 0
AT22->AT19 : 2 5575.84 2050 1 0
NULL->AT22 : 2 5248 2048 1 0
AT44->NULL : 2 5073.92 2378.4 1 0
NULL->AT23 : 2 3686.4 2048 1 0
NULL->AT19 : 2 327.84 2048 1 0
AT22->AT44 : 1 4556.8 1068 1 0
AT22->AT2 : 1 4224 1392 1 0
AT2->AT22 : 1 3532.8 980 1 0
AT26->AT22 : 1 3456 1520 1 0
AT19->AT44 : 1 2970.24 1310.4 1 0
AT23->AT28 : 1 2073.6 1440 1 0
NULL->AT2 : 1 1254.4 1024 1 0
AT28->AT26 : 1 716.8 1152 1 0
NULL->AT26 : 1 486.4 1024 1 0
AT19->NULL : 1 153.12 1148.4 1 0
AT22->AT2->AT22 : 1 6502.4 2372 1 0
AT22->AT19->AT44 : 1 5939.84 2470.4 1 0
AT2->AT22->AT44 : 1 5811.2 2048 1 0
AT26->AT22->AT2 : 1 4710.4 2912 1 0
AT28->AT26->AT22 : 1 3686.4 2672 1 0
AT2->AT22->AT19 : 1 3685.92 1870 1 0
AT26->AT22->AT19 : 1 3630.72 2680 1 0
AT23->AT28->AT26 : 1 2560 2592 1 0
AT22->AT2->AT22->AT44 : 1 8780.8 3440 1 0
AT26->AT22->AT2->AT22 : 1 6988.8 3892 1 0
AT22->AT2->AT22->AT19 : 1 6655.52 3262 1 0
AT26->AT22->AT19->AT44 : 1 6426.24 3990.4 1 0
AT23->AT28->AT26->AT22 : 1 5529.6 4112 1 0
AT28->AT26->AT22->AT2 : 1 4940.8 4064 1 0
AT28->AT26->AT22->AT19 : 1 3861.12 3832 1 0
AT26->AT22->AT2->AT22->AT44 : 1 9267.2 4960 1 0
AT28->AT26->AT22->AT2->AT22 : 1 7219.2 5044 1 0
AT26->AT22->AT2->AT22->AT19 : 1 7141.92 4782 1 0
AT23->AT28->AT26->AT22->AT2 : 1 6784 5504 1 0
AT28->AT26->AT22->AT19->AT44 : 1 6656.64 5142.4 1 0
AT23->AT28->AT26->AT22->AT19 : 1 5704.32 5272 1 0
AT28->AT26->AT22->AT2->AT22->AT44 : 1 9497.6 6112 1 0
AT23->AT28->AT26->AT22->AT2->AT22 : 1 9062.4 6484 1 0
AT23->AT28->AT26->AT22->AT19->AT44 : 1 8499.84 6582.4 1 0
AT28->AT26->AT22->AT2->AT22->AT19 : 1 7372.32 5934 1 0
AT23->AT28->AT26->AT22->AT2->AT22->AT44 : 1 11340.8 7552 1 0
AT23->AT28->AT26->AT22->AT2->AT22->AT19 : 1 9215.52 7374 1 0
