Profile Result: 
AT14 : 1 931.04 0 1 0
AT15 : 1 4096 0 1 0
AT16 : 1 86.24 0 1 0
AT17 : 2 781.28 0 1 0
AT18 : 2 1517.68 0 1 0
AT21 : 1 3174.4 0 1 0
AT22 : 1 3072 0 1 0
AT26 : 1 403.2 0 1 0
AT29 : 1 214.24 0 1 0
AT35 : 1 172.48 0 1 0
AT39 : 1 209.52 0 1 0
NULL : 6 0 0 1 0
NULL->NULL : 5 0 5554.53 1 0
AT17->NULL : 3 1200.32 2400.64 1 0
AT18->NULL : 2 1517.68 2371.38 1 0
NULL->AT18 : 2 1517.68 2048 1 0
AT15->AT22 : 1 7168 1600 1 0
AT22->AT21 : 1 6246.4 1200 1 0
NULL->AT15 : 1 4096 1024 1 0
AT21->AT18 : 1 3898.88 1587.2 1 0
AT18->AT22 : 1 3865.2 1586.4 1 0
AT21->AT26 : 1 3577.6 793.6 1 0
NULL->AT21 : 1 3174.4 1024 1 0
AT22->NULL : 1 3072 1440 1 0
AT14->AT18 : 1 1724.24 1862.08 1 0
AT39->AT14 : 1 1140.56 838.08 1 0
AT18->AT17 : 1 1086.72 1448.96 1 0
AT14->NULL : 1 931.04 1454.75 1 0
NULL->AT14 : 1 931.04 1024 1 0
AT39->AT17 : 1 628.56 1676.16 1 0
AT17->AT35 : 1 534.72 724.48 1 0
AT29->AT39 : 1 423.76 1606.8 1 0
AT26->NULL : 1 403.2 1260 1 0
NULL->AT26 : 1 403.2 1024 1 0
AT35->AT29 : 1 386.72 1293.6 1 0
AT35->AT16 : 1 258.72 862.4 1 0
NULL->AT29 : 1 214.24 1024 1 0
AT39->NULL : 1 209.52 1571.4 1 0
NULL->AT39 : 1 209.52 1024 1 0
NULL->AT35 : 1 172.48 1024 1 0
AT16->NULL : 1 86.24 1078 1 0
AT15->AT22->AT21 : 1 10342.4 2800 1 0
AT18->AT22->AT21 : 1 7039.6 2786.4 1 0
AT22->AT21->AT18 : 1 6970.88 2787.2 1 0
AT22->AT21->AT26 : 1 6649.6 1993.6 1 0
AT14->AT18->AT22 : 1 4796.24 3448.48 1 0
AT21->AT18->AT17 : 1 4261.12 3036.16 1 0
AT39->AT14->AT18 : 1 1933.76 2700.16 1 0
AT29->AT39->AT14 : 1 1354.8 2444.88 1 0
AT18->AT17->AT35 : 1 1259.2 2173.44 1 0
AT29->AT39->AT17 : 1 842.8 3282.96 1 0
AT17->AT35->AT29 : 1 748.96 2018.08 1 0
AT17->AT35->AT16 : 1 620.96 1586.88 1 0
AT35->AT29->AT39 : 1 596.24 2900.4 1 0
AT15->AT22->AT21->AT18 : 1 11066.9 4387.2 1 0
AT15->AT22->AT21->AT26 : 1 10745.6 3593.6 1 0
AT14->AT18->AT22->AT21 : 1 7970.64 4648.48 1 0
AT18->AT22->AT21->AT18 : 1 7764.08 4373.6 1 0
AT18->AT22->AT21->AT26 : 1 7442.8 3580 1 0
AT22->AT21->AT18->AT17 : 1 7333.12 4236.16 1 0
AT39->AT14->AT18->AT22 : 1 5005.76 4286.56 1 0
AT21->AT18->AT17->AT35 : 1 4433.6 3760.64 1 0
AT29->AT39->AT14->AT18 : 1 2148 4306.96 1 0
AT35->AT29->AT39->AT14 : 1 1527.28 3738.48 1 0
AT18->AT17->AT35->AT29 : 1 1473.44 3467.04 1 0
AT18->AT17->AT35->AT16 : 1 1345.44 3035.84 1 0
AT35->AT29->AT39->AT17 : 1 1015.28 4576.56 1 0
AT17->AT35->AT29->AT39 : 1 958.48 3624.88 1 0
AT15->AT22->AT21->AT18->AT17 : 1 11429.1 5836.16 1 0
AT14->AT18->AT22->AT21->AT18 : 1 8695.12 6235.68 1 0
AT14->AT18->AT22->AT21->AT26 : 1 8373.84 5442.08 1 0
AT39->AT14->AT18->AT22->AT21 : 1 8180.16 5486.56 1 0
AT18->AT22->AT21->AT18->AT17 : 1 8126.32 5822.56 1 0
AT22->AT21->AT18->AT17->AT35 : 1 7505.6 4960.64 1 0
AT29->AT39->AT14->AT18->AT22 : 1 5220 5893.36 1 0
AT21->AT18->AT17->AT35->AT29 : 1 4647.84 5054.24 1 0
AT21->AT18->AT17->AT35->AT16 : 1 4519.84 4623.04 1 0
AT35->AT29->AT39->AT14->AT18 : 1 2320.48 5600.56 1 0
AT17->AT35->AT29->AT39->AT14 : 1 1889.52 4462.96 1 0
AT18->AT17->AT35->AT29->AT39 : 1 1682.96 5073.84 1 0
AT17->AT35->AT29->AT39->AT17 : 1 1377.52 5301.04 1 0
AT15->AT22->AT21->AT18->AT17->AT35 : 1 11601.6 6560.64 1 0
AT14->AT18->AT22->AT21->AT18->AT17 : 1 9057.36 7684.64 1 0
AT39->AT14->AT18->AT22->AT21->AT18 : 1 8904.64 7073.76 1 0
AT39->AT14->AT18->AT22->AT21->AT26 : 1 8583.36 6280.16 1 0
AT29->AT39->AT14->AT18->AT22->AT21 : 1 8394.4 7093.36 1 0
AT18->AT22->AT21->AT18->AT17->AT35 : 1 8298.8 6547.04 1 0
AT22->AT21->AT18->AT17->AT35->AT29 : 1 7719.84 6254.24 1 0
AT22->AT21->AT18->AT17->AT35->AT16 : 1 7591.84 5823.04 1 0
AT35->AT29->AT39->AT14->AT18->AT22 : 1 5392.48 7186.96 1 0
AT21->AT18->AT17->AT35->AT29->AT39 : 1 4857.36 6661.04 1 0
AT17->AT35->AT29->AT39->AT14->AT18 : 1 2682.72 6325.04 1 0
AT18->AT17->AT35->AT29->AT39->AT14 : 1 2614 5911.92 1 0
AT18->AT17->AT35->AT29->AT39->AT17 : 1 2102 6750 1 0
AT15->AT22->AT21->AT18->AT17->AT35->AT29 : 1 11815.8 7854.24 1 0
AT15->AT22->AT21->AT18->AT17->AT35->AT16 : 1 11687.8 7423.04 1 0
AT39->AT14->AT18->AT22->AT21->AT18->AT17 : 1 9266.88 8522.72 1 0
AT14->AT18->AT22->AT21->AT18->AT17->AT35 : 1 9229.84 8409.12 1 0
AT29->AT39->AT14->AT18->AT22->AT21->AT18 : 1 9118.88 8680.56 1 0
AT29->AT39->AT14->AT18->AT22->AT21->AT26 : 1 8797.6 7886.96 1 0
AT35->AT29->AT39->AT14->AT18->AT22->AT21 : 1 8566.88 8386.96 1 0
AT18->AT22->AT21->AT18->AT17->AT35->AT29 : 1 8513.04 7840.64 1 0
AT18->AT22->AT21->AT18->AT17->AT35->AT16 : 1 8385.04 7409.44 1 0
AT22->AT21->AT18->AT17->AT35->AT29->AT39 : 1 7929.36 7861.04 1 0
AT21->AT18->AT17->AT35->AT29->AT39->AT14 : 1 5788.4 7499.12 1 0
AT17->AT35->AT29->AT39->AT14->AT18->AT22 : 1 5754.72 7911.44 1 0
AT21->AT18->AT17->AT35->AT29->AT39->AT17 : 1 5276.4 8337.2 1 0
AT18->AT17->AT35->AT29->AT39->AT14->AT18 : 1 3407.2 7774 1 0
AT15->AT22->AT21->AT18->AT17->AT35->AT29->AT39 : 1 12025.4 9461.04 1 0
AT29->AT39->AT14->AT18->AT22->AT21->AT18->AT17 : 1 9481.12 10129.5 1 0
AT14->AT18->AT22->AT21->AT18->AT17->AT35->AT29 : 1 9444.08 9702.72 1 0
AT39->AT14->AT18->AT22->AT21->AT18->AT17->AT35 : 1 9439.36 9247.2 1 0
AT14->AT18->AT22->AT21->AT18->AT17->AT35->AT16 : 1 9316.08 9271.52 1 0
AT35->AT29->AT39->AT14->AT18->AT22->AT21->AT18 : 1 9291.36 9974.16 1 0
AT35->AT29->AT39->AT14->AT18->AT22->AT21->AT26 : 1 8970.08 9180.56 1 0
AT17->AT35->AT29->AT39->AT14->AT18->AT22->AT21 : 1 8929.12 9111.44 1 0
AT22->AT21->AT18->AT17->AT35->AT29->AT39->AT14 : 1 8860.4 8699.12 1 0
AT18->AT22->AT21->AT18->AT17->AT35->AT29->AT39 : 1 8722.56 9447.44 1 0
AT22->AT21->AT18->AT17->AT35->AT29->AT39->AT17 : 1 8348.4 9537.2 1 0
AT21->AT18->AT17->AT35->AT29->AT39->AT14->AT18 : 1 6581.6 9361.2 1 0
AT18->AT17->AT35->AT29->AT39->AT14->AT18->AT22 : 1 6479.2 9360.4 1 0
AT15->AT22->AT21->AT18->AT17->AT35->AT29->AT39->AT14 : 1 12956.4 10299.1 1 0
AT15->AT22->AT21->AT18->AT17->AT35->AT29->AT39->AT17 : 1 12444.4 11137.2 1 0
AT18->AT17->AT35->AT29->AT39->AT14->AT18->AT22->AT21 : 1 9653.6 10560.4 1 0
AT17->AT35->AT29->AT39->AT14->AT18->AT22->AT21->AT18 : 1 9653.6 10698.6 1 0
AT22->AT21->AT18->AT17->AT35->AT29->AT39->AT14->AT18 : 1 9653.6 10561.2 1 0
AT21->AT18->AT17->AT35->AT29->AT39->AT14->AT18->AT22 : 1 9653.6 10947.6 1 0
AT35->AT29->AT39->AT14->AT18->AT22->AT21->AT18->AT17 : 1 9653.6 11423.1 1 0
AT29->AT39->AT14->AT18->AT22->AT21->AT18->AT17->AT35 : 1 9653.6 10854 1 0
AT39->AT14->AT18->AT22->AT21->AT18->AT17->AT35->AT29 : 1 9653.6 10540.8 1 0
AT14->AT18->AT22->AT21->AT18->AT17->AT35->AT29->AT39 : 1 9653.6 11309.5 1 0
AT18->AT22->AT21->AT18->AT17->AT35->AT29->AT39->AT14 : 1 9653.6 10285.5 1 0
AT39->AT14->AT18->AT22->AT21->AT18->AT17->AT35->AT16 : 1 9525.6 10109.6 1 0
AT17->AT35->AT29->AT39->AT14->AT18->AT22->AT21->AT26 : 1 9332.32 9905.04 1 0
AT18->AT22->AT21->AT18->AT17->AT35->AT29->AT39->AT17 : 1 9141.6 11123.6 1 0
AT15->AT22->AT21->AT18->AT17->AT35->AT29->AT39->AT14->AT18 : 1 13749.6 12161.2 1 0
AT14->AT18->AT22->AT21->AT18->AT17->AT35->AT29->AT39->AT17 : 1 10072.6 12985.7 1 0
AT18->AT17->AT35->AT29->AT39->AT14->AT18->AT22->AT21->AT26 : 1 10056.8 11354 1 0
AT29->AT39->AT14->AT18->AT22->AT21->AT18->AT17->AT35->AT16 : 1 9739.84 11716.4 1 0
