Profile Result: 
AT16 : 1 102.4 0 1 0
AT18 : 1 698.88 0 1 0
AT21 : 2 6005.76 0 1 0
AT22 : 3 7956.48 0 1 0
AT26 : 1 390.4 0 1 0
NULL : 5 0 0 1 0
AT22->NULL : 5 13250.6 5586 1 0
NULL->NULL : 4 0 4353.28 1 0
NULL->AT22 : 3 7956.48 3072 1 0
AT21->NULL : 2 6072.32 1518.08 1 0
NULL->AT21 : 2 6005.76 2048 1 0
AT22->AT21 : 1 5632 1040 1 0
AT18->AT21 : 1 3735.04 1092 1 0
AT21->AT18 : 1 3668.48 1484.8 1 0
AT18->AT22 : 1 3407.36 1397.76 1 0
AT21->AT26 : 1 3360 742.4 1 0
AT26->AT22 : 1 2976 1220 1 0
AT16->AT22 : 1 2764.8 1280 1 0
NULL->AT18 : 1 698.88 1024 1 0
NULL->AT26 : 1 390.4 1024 1 0
NULL->AT16 : 1 102.4 1024 1 0
AT21->AT18->AT21 : 1 6704.64 2576.8 1 0
AT21->AT18->AT22 : 1 6376.96 2882.56 1 0
AT22->AT21->AT18 : 1 6330.88 2524.8 1 0
AT22->AT21->AT26 : 1 6022.4 1782.4 1 0
AT21->AT26->AT22 : 1 5945.6 1962.4 1 0
AT16->AT22->AT21 : 1 5734.4 2320 1 0
AT22->AT21->AT18->AT21 : 1 9367.04 3616.8 1 0
AT22->AT21->AT18->AT22 : 1 9039.36 3922.56 1 0
AT22->AT21->AT26->AT22 : 1 8608 3002.4 1 0
AT16->AT22->AT21->AT18 : 1 6433.28 3804.8 1 0
AT16->AT22->AT21->AT26 : 1 6124.8 3062.4 1 0
AT16->AT22->AT21->AT18->AT21 : 1 9469.44 4896.8 1 0
AT16->AT22->AT21->AT18->AT22 : 1 9141.76 5202.56 1 0
AT16->AT22->AT21->AT26->AT22 : 1 8710.4 4282.4 1 0
