Profile Result: 
AT21 : 1 2990.08 0 1 0
AT22 : 2 5021.01 0 1 0
AT23 : 1 1566.72 0 1 0
AT26 : 1 419.84 0 1 0
AT27 : 1 80.8533 0 1 0
AT28 : 1 163.84 0 1 0
AT32 : 1 1293.65 0 1 0
AT42 : 1 1495.04 0 1 0
NULL : 4 0 0 1 0
AT22->NULL : 3 7338.66 3258.93 1 0
NULL->NULL : 3 0 3121.14 1 0
AT22->AT21 : 1 5693.44 1056 1 0
AT21->AT23 : 1 4556.8 747.52 1 0
AT21->AT42 : 1 4485.12 1495.04 1 0
AT32->AT22 : 1 3611.3 1010.67 1 0
AT26->AT22 : 1 3123.2 1312 1 0
NULL->AT21 : 1 2990.08 1024 1 0
AT42->AT32 : 1 2788.69 1495.04 1 0
AT27->AT22 : 1 2784.21 1293.65 1 0
NULL->AT22 : 1 2317.65 1024 1 0
AT23->NULL : 1 1566.72 1224 1 0
NULL->AT23 : 1 1566.72 1024 1 0
AT32->AT27 : 1 1374.5 808.533 1 0
NULL->AT32 : 1 1293.65 1024 1 0
AT28->AT26 : 1 583.68 819.2 1 0
NULL->AT26 : 1 419.84 1024 1 0
NULL->AT28 : 1 163.84 1024 1 0
AT27->NULL : 1 80.8533 646.827 1 0
AT22->AT21->AT23 : 1 7260.16 1803.52 1 0
AT22->AT21->AT42 : 1 7188.48 2551.04 1 0
AT26->AT22->AT21 : 1 6113.28 2368 1 0
AT21->AT42->AT32 : 1 5778.77 2990.08 1 0
AT27->AT22->AT21 : 1 5774.29 2349.65 1 0
AT42->AT32->AT22 : 1 5106.34 2505.71 1 0
AT32->AT27->AT22 : 1 4077.86 2102.18 1 0
AT28->AT26->AT22 : 1 3287.04 2131.2 1 0
AT42->AT32->AT27 : 1 2869.54 2303.57 1 0
AT22->AT21->AT42->AT32 : 1 8482.13 4046.08 1 0
AT21->AT42->AT32->AT22 : 1 8096.42 4000.75 1 0
AT26->AT22->AT21->AT23 : 1 7680 3115.52 1 0
AT26->AT22->AT21->AT42 : 1 7608.32 3863.04 1 0
AT27->AT22->AT21->AT23 : 1 7341.01 3097.17 1 0
AT27->AT22->AT21->AT42 : 1 7269.33 3844.69 1 0
AT32->AT27->AT22->AT21 : 1 7067.94 3158.18 1 0
AT28->AT26->AT22->AT21 : 1 6277.12 3187.2 1 0
AT21->AT42->AT32->AT27 : 1 5859.62 3798.61 1 0
AT42->AT32->AT27->AT22 : 1 5572.9 3597.22 1 0
AT22->AT21->AT42->AT32->AT22 : 1 10799.8 5056.75 1 0
AT26->AT22->AT21->AT42->AT32 : 1 8901.97 5358.08 1 0
AT32->AT27->AT22->AT21->AT23 : 1 8634.66 3905.7 1 0
AT22->AT21->AT42->AT32->AT27 : 1 8562.98 4854.61 1 0
AT21->AT42->AT32->AT27->AT22 : 1 8562.98 5092.26 1 0
AT42->AT32->AT27->AT22->AT21 : 1 8562.98 4653.22 1 0
AT32->AT27->AT22->AT21->AT42 : 1 8562.98 4653.22 1 0
AT27->AT22->AT21->AT42->AT32 : 1 8562.98 5339.73 1 0
AT28->AT26->AT22->AT21->AT23 : 1 7843.84 3934.72 1 0
AT28->AT26->AT22->AT21->AT42 : 1 7772.16 4682.24 1 0
AT26->AT22->AT21->AT42->AT32->AT22 : 1 11219.6 6368.75 1 0
AT27->AT22->AT21->AT42->AT32->AT22 : 1 10880.6 6350.4 1 0
AT42->AT32->AT27->AT22->AT21->AT23 : 1 10129.7 5400.74 1 0
AT28->AT26->AT22->AT21->AT42->AT32 : 1 9065.81 6177.28 1 0
AT26->AT22->AT21->AT42->AT32->AT27 : 1 8982.82 6166.61 1 0
AT28->AT26->AT22->AT21->AT42->AT32->AT22 : 1 11383.5 7187.95 1 0
AT28->AT26->AT22->AT21->AT42->AT32->AT27 : 1 9146.66 6985.81 1 0
