Profile Result: 
AT18 : 2 1365.55 0 1 0
AT19 : 1 161.564 0 1 0
AT21 : 1 3077.69 0 1 0
AT22 : 3 8231.11 0 1 0
AT23 : 1 1588.62 0 1 0
AT26 : 1 463.644 0 1 0
AT30 : 1 637.156 0 1 0
AT35 : 1 207.644 0 1 0
NULL : 7 0 0 1 0
NULL->NULL : 6 0 6910.18 1 0
AT22->NULL : 5 13583.6 5531.01 1 0
NULL->AT22 : 3 8231.11 3072 1 0
NULL->AT30 : 3 1911.47 3072 1 0
AT18->AT22 : 2 6718.08 2731.09 1 0
NULL->AT18 : 2 1365.55 2048 1 0
AT22->AT21 : 1 5956.27 1124.44 1 0
AT21->AT23 : 1 4666.31 769.422 1 0
AT21->AT18 : 1 3790.08 1538.84 1 0
AT26->AT22 : 1 3342.22 1448.89 1 0
NULL->AT21 : 1 3077.69 1024 1 0
AT23->AT18 : 1 2241.78 1241.11 1 0
NULL->AT23 : 1 1588.62 1024 1 0
AT18->AT19 : 1 873.955 1113.11 1 0
AT30->AT35 : 1 844.8 995.556 1 0
AT30->AT19 : 1 798.72 995.556 1 0
AT35->AT26 : 1 671.288 1038.22 1 0
AT18->NULL : 1 653.156 1020.56 1 0
NULL->AT26 : 1 463.644 1024 1 0
AT35->NULL : 1 207.644 1557.33 1 0
NULL->AT35 : 1 207.644 1024 1 0
AT19->NULL : 1 161.564 1211.73 1 0
AT22->AT21->AT23 : 1 7544.89 1893.86 1 0
AT22->AT21->AT18 : 1 6668.66 2663.28 1 0
AT21->AT18->AT22 : 1 6525.58 2963.62 1 0
AT26->AT22->AT21 : 1 6419.91 2573.33 1 0
AT21->AT23->AT18 : 1 5319.47 2010.53 1 0
AT23->AT18->AT22 : 1 4858.81 2547.42 1 0
AT21->AT18->AT19 : 1 3951.64 2651.95 1 0
AT35->AT26->AT22 : 1 3549.87 2487.11 1 0
AT30->AT35->AT26 : 1 1308.44 2033.78 1 0
AT22->AT21->AT18->AT22 : 1 9404.16 4088.06 1 0
AT22->AT21->AT23->AT18 : 1 8198.05 3134.97 1 0
AT26->AT22->AT21->AT23 : 1 8008.53 3342.75 1 0
AT21->AT23->AT18->AT22 : 1 7936.5 3316.84 1 0
AT26->AT22->AT21->AT18 : 1 7132.31 4112.17 1 0
AT22->AT21->AT18->AT19 : 1 6830.23 3776.39 1 0
AT35->AT26->AT22->AT21 : 1 6627.56 3611.55 1 0
AT30->AT35->AT26->AT22 : 1 4187.02 3482.67 1 0
AT22->AT21->AT23->AT18->AT22 : 1 10815.1 4441.28 1 0
AT26->AT22->AT21->AT18->AT22 : 1 9867.81 5536.95 1 0
AT26->AT22->AT21->AT23->AT18 : 1 8661.69 4583.86 1 0
AT35->AT26->AT22->AT21->AT23 : 1 8216.18 4380.97 1 0
AT35->AT26->AT22->AT21->AT18 : 1 7339.95 5150.39 1 0
AT26->AT22->AT21->AT18->AT19 : 1 7293.87 5225.28 1 0
AT30->AT35->AT26->AT22->AT21 : 1 7264.71 4607.11 1 0
AT26->AT22->AT21->AT23->AT18->AT22 : 1 11278.7 5890.17 1 0
AT35->AT26->AT22->AT21->AT18->AT22 : 1 10075.4 6575.17 1 0
AT35->AT26->AT22->AT21->AT23->AT18 : 1 8869.33 5622.08 1 0
AT30->AT35->AT26->AT22->AT21->AT23 : 1 8853.33 5376.53 1 0
AT30->AT35->AT26->AT22->AT21->AT18 : 1 7977.1 6145.95 1 0
AT35->AT26->AT22->AT21->AT18->AT19 : 1 7501.51 6263.5 1 0
AT35->AT26->AT22->AT21->AT23->AT18->AT22 : 1 11486.4 6928.39 1 0
AT30->AT35->AT26->AT22->AT21->AT18->AT22 : 1 10712.6 7570.73 1 0
AT30->AT35->AT26->AT22->AT21->AT23->AT18 : 1 9506.49 6617.64 1 0
AT30->AT35->AT26->AT22->AT21->AT18->AT19 : 1 8138.67 7259.06 1 0
AT30->AT35->AT26->AT22->AT21->AT23->AT18->AT22 : 1 12123.5 7923.95 1 0
