Profile Result: 
AT2 : 1 1228.8 0 1 0
AT5 : 1 76.8 0 1 0
AT11 : 1 179.2 0 1 0
AT19 : 1 171.52 0 1 0
AT21 : 1 2539.52 0 1 0
AT22 : 1 2867.2 0 1 0
AT24 : 2 5406.72 0 1 0
AT26 : 1 460.8 0 1 0
AT29 : 1 157.867 0 1 0
AT44 : 2 5611.52 0 1 0
NULL : 3 0 0 1 0
NULL->NULL : 2 0 2270.72 1 0
AT22->AT44 : 1 5734.4 1344 1 0
AT21->AT24 : 1 5079.04 1269.76 1 0
AT44->AT2 : 1 4096 1344 1 0
AT24->AT2 : 1 4096 1433.6 1 0
AT26->AT22 : 1 3328 1440 1 0
AT11->AT24 : 1 3046.4 1433.6 1 0
AT22->AT19 : 1 3038.72 1120 1 0
AT21->AT26 : 1 3000.32 634.88 1 0
AT19->AT44 : 1 2915.84 1286.4 1 0
NULL->AT22 : 1 2867.2 1024 1 0
AT44->NULL : 1 2744.32 1286.4 1 0
AT5->AT21 : 1 2616.32 768 1 0
AT24->NULL : 1 2539.52 1269.76 1 0
NULL->AT21 : 1 2539.52 1024 1 0
AT2->AT5 : 1 1305.6 960 1 0
NULL->AT26 : 1 460.8 1024 1 0
AT11->AT29 : 1 337.067 716.8 1 0
AT5->AT11 : 1 256 768 1 0
NULL->AT11 : 1 179.2 1024 1 0
NULL->AT19 : 1 171.52 1024 1 0
AT29->NULL : 1 157.867 1184 1 0
NULL->AT29 : 1 157.867 1024 1 0
AT22->AT44->AT2 : 1 6963.2 2688 1 0
AT26->AT22->AT44 : 1 6195.2 2784 1 0
AT21->AT26->AT22 : 1 5867.52 2074.88 1 0
AT22->AT19->AT44 : 1 5783.04 2406.4 1 0
AT5->AT21->AT24 : 1 5155.84 2037.76 1 0
AT11->AT24->AT2 : 1 4275.2 2867.2 1 0
AT44->AT2->AT5 : 1 4172.8 2304 1 0
AT24->AT2->AT5 : 1 4172.8 2393.6 1 0
AT2->AT5->AT21 : 1 3845.12 1728 1 0
AT26->AT22->AT19 : 1 3499.52 2560 1 0
AT5->AT11->AT24 : 1 3123.2 2201.6 1 0
AT5->AT21->AT26 : 1 3077.12 1402.88 1 0
AT2->AT5->AT11 : 1 1484.8 1728 1 0
AT5->AT11->AT29 : 1 413.867 1484.8 1 0
AT21->AT26->AT22->AT44 : 1 8734.72 3418.88 1 0
AT26->AT22->AT44->AT2 : 1 7424 4128 1 0
AT22->AT44->AT2->AT5 : 1 7040 3648 1 0
AT44->AT2->AT5->AT21 : 1 6712.32 3072 1 0
AT24->AT2->AT5->AT21 : 1 6712.32 3161.6 1 0
AT2->AT5->AT21->AT24 : 1 6384.64 2997.76 1 0
AT26->AT22->AT19->AT44 : 1 6243.84 3846.4 1 0
AT21->AT26->AT22->AT19 : 1 6039.04 3194.88 1 0
AT5->AT21->AT26->AT22 : 1 5944.32 2842.88 1 0
AT44->AT2->AT5->AT11 : 1 4352 3072 1 0
AT2->AT5->AT11->AT24 : 1 4352 3161.6 1 0
AT5->AT11->AT24->AT2 : 1 4352 3635.2 1 0
AT11->AT24->AT2->AT5 : 1 4352 3827.2 1 0
AT24->AT2->AT5->AT11 : 1 4352 3161.6 1 0
AT2->AT5->AT21->AT26 : 1 4305.92 2362.88 1 0
AT2->AT5->AT11->AT29 : 1 1642.67 2444.8 1 0
AT21->AT26->AT22->AT44->AT2 : 1 9963.52 4762.88 1 0
AT22->AT44->AT2->AT5->AT21 : 1 9579.52 4416 1 0
AT44->AT2->AT5->AT21->AT24 : 1 9251.84 4341.76 1 0
AT24->AT2->AT5->AT21->AT24 : 1 9251.84 4431.36 1 0
AT5->AT21->AT26->AT22->AT44 : 1 8811.52 4186.88 1 0
AT21->AT26->AT22->AT19->AT44 : 1 8783.36 4481.28 1 0
AT26->AT22->AT44->AT2->AT5 : 1 7500.8 5088 1 0
AT22->AT44->AT2->AT5->AT11 : 1 7219.2 4416 1 0
AT44->AT2->AT5->AT11->AT24 : 1 7219.2 4505.6 1 0
AT44->AT2->AT5->AT21->AT26 : 1 7173.12 3706.88 1 0
AT2->AT5->AT21->AT26->AT22 : 1 7173.12 3802.88 1 0
AT24->AT2->AT5->AT21->AT26 : 1 7173.12 3796.48 1 0
AT11->AT24->AT2->AT5->AT21 : 1 6891.52 4595.2 1 0
AT5->AT21->AT26->AT22->AT19 : 1 6115.84 3962.88 1 0
AT44->AT2->AT5->AT11->AT29 : 1 4509.87 3788.8 1 0
AT24->AT2->AT5->AT11->AT29 : 1 4509.87 3878.4 1 0
AT22->AT44->AT2->AT5->AT21->AT24 : 1 12119 5685.76 1 0
AT22->AT44->AT2->AT5->AT11->AT24 : 1 10086.4 5849.6 1 0
AT26->AT22->AT44->AT2->AT5->AT21 : 1 10040.3 5856 1 0
AT22->AT44->AT2->AT5->AT21->AT26 : 1 10040.3 5050.88 1 0
AT44->AT2->AT5->AT21->AT26->AT22 : 1 10040.3 5146.88 1 0
AT2->AT5->AT21->AT26->AT22->AT44 : 1 10040.3 5146.88 1 0
AT5->AT21->AT26->AT22->AT44->AT2 : 1 10040.3 5530.88 1 0
AT24->AT2->AT5->AT21->AT26->AT22 : 1 10040.3 5236.48 1 0
AT21->AT26->AT22->AT44->AT2->AT5 : 1 10040.3 5722.88 1 0
AT11->AT24->AT2->AT5->AT21->AT24 : 1 9431.04 5864.96 1 0
AT5->AT21->AT26->AT22->AT19->AT44 : 1 8860.16 5249.28 1 0
AT26->AT22->AT44->AT2->AT5->AT11 : 1 7680 5856 1 0
AT22->AT44->AT2->AT5->AT11->AT29 : 1 7377.07 5132.8 1 0
AT11->AT24->AT2->AT5->AT21->AT26 : 1 7352.32 5230.08 1 0
AT2->AT5->AT21->AT26->AT22->AT19 : 1 7344.64 4922.88 1 0
AT24->AT2->AT5->AT21->AT26->AT22->AT44 : 1 12907.5 6580.48 1 0
AT26->AT22->AT44->AT2->AT5->AT21->AT24 : 1 12579.8 7125.76 1 0
AT26->AT22->AT44->AT2->AT5->AT11->AT24 : 1 10547.2 7289.6 1 0
AT11->AT24->AT2->AT5->AT21->AT26->AT22 : 1 10219.5 6670.08 1 0
AT21->AT26->AT22->AT44->AT2->AT5->AT11 : 1 10219.5 6490.88 1 0
AT44->AT2->AT5->AT21->AT26->AT22->AT19 : 1 10211.8 6266.88 1 0
AT24->AT2->AT5->AT21->AT26->AT22->AT19 : 1 10211.8 6356.48 1 0
AT2->AT5->AT21->AT26->AT22->AT19->AT44 : 1 10089 6209.28 1 0
AT26->AT22->AT44->AT2->AT5->AT11->AT29 : 1 7837.87 6572.8 1 0
AT11->AT24->AT2->AT5->AT21->AT26->AT22->AT44 : 1 13086.7 8014.08 1 0
AT21->AT26->AT22->AT44->AT2->AT5->AT11->AT24 : 1 13086.7 7924.48 1 0
AT44->AT2->AT5->AT21->AT26->AT22->AT19->AT44 : 1 12956.2 7553.28 1 0
AT24->AT2->AT5->AT21->AT26->AT22->AT19->AT44 : 1 12956.2 7642.88 1 0
AT11->AT24->AT2->AT5->AT21->AT26->AT22->AT19 : 1 10391 7790.08 1 0
AT21->AT26->AT22->AT44->AT2->AT5->AT11->AT29 : 1 10377.4 7207.68 1 0
AT11->AT24->AT2->AT5->AT21->AT26->AT22->AT19->AT44 : 1 13135.4 9076.48 1 0
