Profile Result: 
AT16 : 1 115.2 0 1 0
AT22 : 2 5969.92 0 1 0
AT29 : 1 243.2 0 1 0
AT33 : 1 102.4 0 1 0
AT35 : 1 230.4 0 1 0
AT39 : 1 224 0 1 0
NULL : 4 0 0 1 0
AT22->NULL : 4 11939.8 4664 1 0
NULL->NULL : 3 0 3650.6 1 0
NULL->AT22 : 2 5969.92 2048 1 0
AT39->AT22 : 1 3326.72 1792 1 0
AT16->AT22 : 1 2982.4 1440 1 0
AT35->AT29 : 1 473.6 1728 1 0
AT29->AT39 : 1 467.2 1824 1 0
AT39->AT29 : 1 467.2 896 1 0
AT35->AT16 : 1 345.6 1152 1 0
AT33->AT35 : 1 332.8 1280 1 0
NULL->AT35 : 1 230.4 1024 1 0
AT39->NULL : 1 224 1680 1 0
NULL->AT39 : 1 224 1024 1 0
NULL->AT33 : 1 102.4 1024 1 0
AT29->AT39->AT22 : 1 3569.92 3616 1 0
AT35->AT16->AT22 : 1 3212.8 2592 1 0
AT35->AT29->AT39 : 1 697.6 3552 1 0
AT33->AT35->AT29 : 1 576 3008 1 0
AT33->AT35->AT16 : 1 448 2432 1 0
AT35->AT29->AT39->AT22 : 1 3800.32 5344 1 0
AT33->AT35->AT16->AT22 : 1 3315.2 3872 1 0
AT33->AT35->AT29->AT39 : 1 800 4832 1 0
AT33->AT35->AT29->AT39->AT22 : 1 3902.72 6624 1 0
