Profile Result: 
AT14 : 1 921.6 0 1 0
AT19 : 1 197.12 0 1 0
AT24 : 1 3686.4 0 1 0
AT25 : 1 409.6 0 1 0
AT29 : 6 1510.8 0 1 0
AT31 : 1 115.2 0 1 0
NULL : 4 0 0 1 0
NULL->AT29 : 6 1510.8 6144 1 0
AT29->AT29 : 5 2522.8 9414 1 0
NULL->NULL : 3 0 3745.7 1 0
NULL->AT25 : 2 819.2 2048 1 0
AT14->AT24 : 1 4608 1843.2 1 0
AT24->AT31 : 1 3801.6 1843.2 1 0
AT25->AT14 : 1 1331.2 819.2 1 0
AT14->AT19 : 1 1118.72 1440 1 0
NULL->AT14 : 1 921.6 1024 1 0
AT31->AT29 : 1 358.4 1728 1 0
AT29->NULL : 1 255.6 1917 1 0
AT19->NULL : 1 197.12 1478.4 1 0
NULL->AT19 : 1 197.12 1024 1 0
AT29->AT29->AT29 : 4 3030 15090 1 0
AT25->AT14->AT24 : 1 5017.6 2662.4 1 0
AT14->AT24->AT31 : 1 4723.2 3686.4 1 0
AT24->AT31->AT29 : 1 4044.8 3571.2 1 0
AT25->AT14->AT19 : 1 1528.32 2259.2 1 0
AT31->AT29->AT29 : 1 608 3552 1 0
AT29->AT29->AT29->AT29 : 3 3030 16986 1 0
AT25->AT14->AT24->AT31 : 1 5132.8 4505.6 1 0
AT14->AT24->AT31->AT29 : 1 4966.4 5414.4 1 0
AT24->AT31->AT29->AT29 : 1 4294.4 5395.2 1 0
AT31->AT29->AT29->AT29 : 1 860.8 5424 1 0
AT29->AT29->AT29->AT29->AT29 : 2 2522.8 15090 1 0
AT25->AT14->AT24->AT31->AT29 : 1 5376 6233.6 1 0
AT14->AT24->AT31->AT29->AT29 : 1 5216 7238.4 1 0
AT24->AT31->AT29->AT29->AT29 : 1 4547.2 7267.2 1 0
AT31->AT29->AT29->AT29->AT29 : 1 1115.2 7320 1 0
AT25->AT14->AT24->AT31->AT29->AT29 : 1 5625.6 8057.6 1 0
AT14->AT24->AT31->AT29->AT29->AT29 : 1 5468.8 9110.4 1 0
AT24->AT31->AT29->AT29->AT29->AT29 : 1 4801.6 9163.2 1 0
AT29->AT29->AT29->AT29->AT29->AT29 : 1 1510.8 9414 1 0
AT31->AT29->AT29->AT29->AT29->AT29 : 1 1370.4 9228 1 0
AT25->AT14->AT24->AT31->AT29->AT29->AT29 : 1 5878.4 9929.6 1 0
AT14->AT24->AT31->AT29->AT29->AT29->AT29 : 1 5723.2 11006.4 1 0
AT24->AT31->AT29->AT29->AT29->AT29->AT29 : 1 5056.8 11071.2 1 0
AT31->AT29->AT29->AT29->AT29->AT29->AT29 : 1 1626 11142 1 0
AT25->AT14->AT24->AT31->AT29->AT29->AT29->AT29 : 1 6132.8 11825.6 1 0
AT14->AT24->AT31->AT29->AT29->AT29->AT29->AT29 : 1 5978.4 12914.4 1 0
AT24->AT31->AT29->AT29->AT29->AT29->AT29->AT29 : 1 5312.4 12985.2 1 0
AT25->AT14->AT24->AT31->AT29->AT29->AT29->AT29->AT29 : 1 6388 13733.6 1 0
AT14->AT24->AT31->AT29->AT29->AT29->AT29->AT29->AT29 : 1 6234 14828.4 1 0
AT25->AT14->AT24->AT31->AT29->AT29->AT29->AT29->AT29->AT29 : 1 6643.6 15647.6 1 0
