Profile Result: 
AT13 : 1 99.2 0 1 0
AT15 : 1 3174.4 0 1 0
AT16 : 2 205.76 0 1 0
AT21 : 1 3072 0 1 0
AT22 : 2 5478.4 0 1 0
AT23 : 1 1843.2 0 1 0
AT24 : 1 3072 0 1 0
AT26 : 1 396.8 0 1 0
AT28 : 1 230.4 0 1 0
AT35 : 1 181.12 0 1 0
NULL : 5 0 0 1 0
NULL->NULL : 4 0 4534.66 1 0
AT22->NULL : 3 8089.6 3384 1 0
NULL->AT22 : 2 5478.4 2048 1 0
NULL->AT23 : 2 3686.4 2048 1 0
AT21->AT24 : 1 6144 1536 1 0
AT22->AT21 : 1 5939.2 1120 1 0
AT21->AT26 : 1 3468.8 768 1 0
AT13->AT15 : 1 3273.6 793.6 1 0
AT15->NULL : 1 3174.4 1240 1 0
AT24->AT13 : 1 3171.2 1536 1 0
NULL->AT21 : 1 3072 1024 1 0
AT26->AT22 : 1 3008 1240 1 0
AT16->AT22 : 1 2982.4 1440 1 0
AT23->AT28 : 1 2073.6 1440 1 0
NULL->AT26 : 1 396.8 1024 1 0
AT28->AT16 : 1 345.6 1152 1 0
AT13->AT35 : 1 280.32 793.6 1 0
AT35->AT16 : 1 271.68 905.6 1 0
AT35->NULL : 1 181.12 1358.4 1 0
NULL->AT35 : 1 181.12 1024 1 0
NULL->AT13 : 1 99.2 1024 1 0
AT16->NULL : 1 90.56 1132 1 0
AT22->AT21->AT24 : 1 9011.2 2656 1 0
AT24->AT13->AT15 : 1 6345.6 2329.6 1 0
AT22->AT21->AT26 : 1 6336 1888 1 0
AT21->AT24->AT13 : 1 6243.2 3072 1 0
AT21->AT26->AT22 : 1 6080 2008 1 0
AT16->AT22->AT21 : 1 6054.4 2560 1 0
AT24->AT13->AT35 : 1 3352.32 2329.6 1 0
AT28->AT16->AT22 : 1 3212.8 2592 1 0
AT23->AT28->AT16 : 1 2188.8 2592 1 0
AT13->AT35->AT16 : 1 370.88 1699.2 1 0
AT21->AT24->AT13->AT15 : 1 9417.6 3865.6 1 0
AT16->AT22->AT21->AT24 : 1 9126.4 4096 1 0
AT22->AT21->AT24->AT13 : 1 9110.4 4192 1 0
AT22->AT21->AT26->AT22 : 1 8947.2 3128 1 0
AT16->AT22->AT21->AT26 : 1 6451.2 3328 1 0
AT21->AT24->AT13->AT35 : 1 6424.32 3865.6 1 0
AT28->AT16->AT22->AT21 : 1 6284.8 3712 1 0
AT23->AT28->AT16->AT22 : 1 5056 4032 1 0
AT24->AT13->AT35->AT16 : 1 3442.88 3235.2 1 0
AT22->AT21->AT24->AT13->AT15 : 1 12284.8 4985.6 1 0
AT28->AT16->AT22->AT21->AT24 : 1 9356.8 5248 1 0
AT22->AT21->AT24->AT13->AT35 : 1 9291.52 4985.6 1 0
AT16->AT22->AT21->AT24->AT13 : 1 9225.6 5632 1 0
AT16->AT22->AT21->AT26->AT22 : 1 9062.4 4568 1 0
AT23->AT28->AT16->AT22->AT21 : 1 8128 5152 1 0
AT28->AT16->AT22->AT21->AT26 : 1 6681.6 4480 1 0
AT21->AT24->AT13->AT35->AT16 : 1 6514.88 4771.2 1 0
AT16->AT22->AT21->AT24->AT13->AT15 : 1 12400 6425.6 1 0
AT23->AT28->AT16->AT22->AT21->AT24 : 1 11200 6688 1 0
AT28->AT16->AT22->AT21->AT24->AT13 : 1 9456 6784 1 0
AT16->AT22->AT21->AT24->AT13->AT35 : 1 9406.72 6425.6 1 0
AT22->AT21->AT24->AT13->AT35->AT16 : 1 9382.08 5891.2 1 0
AT28->AT16->AT22->AT21->AT26->AT22 : 1 9292.8 5720 1 0
AT23->AT28->AT16->AT22->AT21->AT26 : 1 8524.8 5920 1 0
AT28->AT16->AT22->AT21->AT24->AT13->AT15 : 1 12630.4 7577.6 1 0
AT23->AT28->AT16->AT22->AT21->AT24->AT13 : 1 11299.2 8224 1 0
AT23->AT28->AT16->AT22->AT21->AT26->AT22 : 1 11136 7160 1 0
AT28->AT16->AT22->AT21->AT24->AT13->AT35 : 1 9637.12 7577.6 1 0
AT16->AT22->AT21->AT24->AT13->AT35->AT16 : 1 9497.28 7331.2 1 0
AT23->AT28->AT16->AT22->AT21->AT24->AT13->AT15 : 1 14473.6 9017.6 1 0
AT23->AT28->AT16->AT22->AT21->AT24->AT13->AT35 : 1 11480.3 9017.6 1 0
AT28->AT16->AT22->AT21->AT24->AT13->AT35->AT16 : 1 9727.68 8483.2 1 0
AT23->AT28->AT16->AT22->AT21->AT24->AT13->AT35->AT16 : 1 11570.9 9923.2 1 0
