Profile Result: 
AT18 : 1 716.8 0 1 0
AT20 : 1 2867.2 0 1 0
AT21 : 2 6118.4 0 1 0
AT22 : 1 2816 0 1 0
AT23 : 2 3379.2 0 1 0
AT26 : 3 1240 0 1 0
AT28 : 1 192 0 1 0
AT34 : 1 1536 0 1 0
NULL : 5 0 0 1 0
NULL->NULL : 4 0 4436.75 1 0
NULL->AT23 : 3 5222.4 3072 1 0
NULL->AT26 : 3 1240 3072 1 0
AT21->AT26 : 2 6910.4 1529.6 1 0
NULL->AT21 : 2 6118.4 2048 1 0
AT34->NULL : 2 3072 1536 1 0
AT26->NULL : 2 792 2475 1 0
AT22->AT21 : 1 5862.4 1100 1 0
AT21->AT34 : 1 4608 1536 1 0
AT20->AT23 : 1 4403.2 716.8 1 0
AT18->AT21 : 1 3788.8 1120 1 0
AT21->AT18 : 1 3763.2 1523.2 1 0
AT18->AT20 : 1 3584 1433.6 1 0
AT26->AT22 : 1 3264 1400 1 0
AT22->NULL : 1 2816 1320 1 0
NULL->AT22 : 1 2816 1024 1 0
AT23->AT18 : 1 2560 1440 1 0
AT23->AT28 : 1 1728 1200 1 0
AT28->AT26 : 1 640 960 1 0
AT21->AT18->AT21 : 1 6835.2 2643.2 1 0
AT21->AT18->AT20 : 1 6630.4 2956.8 1 0
AT22->AT21->AT18 : 1 6579.2 2623.2 1 0
AT26->AT22->AT21 : 1 6310.4 2500 1 0
AT22->AT21->AT26 : 1 6257.6 1861.6 1 0
AT23->AT18->AT21 : 1 5632 2560 1 0
AT23->AT18->AT20 : 1 5427.2 2873.6 1 0
AT18->AT21->AT34 : 1 5324.8 2656 1 0
AT18->AT20->AT23 : 1 5120 2150.4 1 0
AT20->AT23->AT28 : 1 4595.2 1916.8 1 0
AT18->AT21->AT26 : 1 4185.6 1888 1 0
AT28->AT26->AT22 : 1 3456 2360 1 0
AT23->AT28->AT26 : 1 2176 2160 1 0
AT22->AT21->AT18->AT21 : 1 9651.2 3743.2 1 0
AT22->AT21->AT18->AT20 : 1 9446.4 4056.8 1 0
AT21->AT18->AT21->AT34 : 1 8371.2 4179.2 1 0
AT21->AT18->AT20->AT23 : 1 8166.4 3673.6 1 0
AT21->AT18->AT21->AT26 : 1 7232 3411.2 1 0
AT23->AT18->AT21->AT34 : 1 7168 4096 1 0
AT26->AT22->AT21->AT18 : 1 7027.2 4023.2 1 0
AT23->AT18->AT20->AT23 : 1 6963.2 3590.4 1 0
AT26->AT22->AT21->AT26 : 1 6705.6 3261.6 1 0
AT28->AT26->AT22->AT21 : 1 6502.4 3460 1 0
AT23->AT18->AT21->AT26 : 1 6028.8 3328 1 0
AT18->AT20->AT23->AT28 : 1 5312 3350.4 1 0
AT20->AT23->AT28->AT26 : 1 5043.2 2876.8 1 0
AT23->AT28->AT26->AT22 : 1 4992 3560 1 0
AT22->AT21->AT18->AT21->AT34 : 1 11187.2 5279.2 1 0
AT22->AT21->AT18->AT20->AT23 : 1 10982.4 4773.6 1 0
AT26->AT22->AT21->AT18->AT21 : 1 10099.2 5143.2 1 0
AT22->AT21->AT18->AT21->AT26 : 1 10048 4511.2 1 0
AT26->AT22->AT21->AT18->AT20 : 1 9894.4 5456.8 1 0
AT21->AT18->AT20->AT23->AT28 : 1 8358.4 4873.6 1 0
AT23->AT28->AT26->AT22->AT21 : 1 8038.4 4660 1 0
AT20->AT23->AT28->AT26->AT22 : 1 7859.2 4276.8 1 0
AT28->AT26->AT22->AT21->AT18 : 1 7219.2 4983.2 1 0
AT23->AT18->AT20->AT23->AT28 : 1 7155.2 4790.4 1 0
AT28->AT26->AT22->AT21->AT26 : 1 6897.6 4221.6 1 0
AT18->AT20->AT23->AT28->AT26 : 1 5760 4310.4 1 0
AT26->AT22->AT21->AT18->AT21->AT34 : 1 11635.2 6679.2 1 0
AT26->AT22->AT21->AT18->AT20->AT23 : 1 11430.4 6173.6 1 0
AT22->AT21->AT18->AT20->AT23->AT28 : 1 11174.4 5973.6 1 0
AT20->AT23->AT28->AT26->AT22->AT21 : 1 10905.6 5376.8 1 0
AT26->AT22->AT21->AT18->AT21->AT26 : 1 10496 5911.2 1 0
AT28->AT26->AT22->AT21->AT18->AT21 : 1 10291.2 6103.2 1 0
AT28->AT26->AT22->AT21->AT18->AT20 : 1 10086.4 6416.8 1 0
AT21->AT18->AT20->AT23->AT28->AT26 : 1 8806.4 5833.6 1 0
AT23->AT28->AT26->AT22->AT21->AT18 : 1 8755.2 6183.2 1 0
AT18->AT20->AT23->AT28->AT26->AT22 : 1 8576 5710.4 1 0
AT23->AT28->AT26->AT22->AT21->AT26 : 1 8433.6 5421.6 1 0
AT23->AT18->AT20->AT23->AT28->AT26 : 1 7603.2 5750.4 1 0
AT28->AT26->AT22->AT21->AT18->AT21->AT34 : 1 11827.2 7639.2 1 0
AT23->AT28->AT26->AT22->AT21->AT18->AT21 : 1 11827.2 7303.2 1 0
AT18->AT20->AT23->AT28->AT26->AT22->AT21 : 1 11622.4 6810.4 1 0
AT20->AT23->AT28->AT26->AT22->AT21->AT18 : 1 11622.4 6900 1 0
AT28->AT26->AT22->AT21->AT18->AT20->AT23 : 1 11622.4 7133.6 1 0
AT26->AT22->AT21->AT18->AT20->AT23->AT28 : 1 11622.4 7373.6 1 0
AT22->AT21->AT18->AT20->AT23->AT28->AT26 : 1 11622.4 6933.6 1 0
AT21->AT18->AT20->AT23->AT28->AT26->AT22 : 1 11622.4 7233.6 1 0
AT23->AT28->AT26->AT22->AT21->AT18->AT20 : 1 11622.4 7616.8 1 0
AT20->AT23->AT28->AT26->AT22->AT21->AT26 : 1 11300.8 6138.4 1 0
AT28->AT26->AT22->AT21->AT18->AT21->AT26 : 1 10688 6871.2 1 0
AT23->AT18->AT20->AT23->AT28->AT26->AT22 : 1 10419.2 7150.4 1 0
AT20->AT23->AT28->AT26->AT22->AT21->AT18->AT21 : 1 14694.4 8020 1 0
AT23->AT18->AT20->AT23->AT28->AT26->AT22->AT21 : 1 13465.6 8250.4 1 0
AT23->AT28->AT26->AT22->AT21->AT18->AT21->AT34 : 1 13363.2 8839.2 1 0
AT23->AT28->AT26->AT22->AT21->AT18->AT21->AT26 : 1 12224 8071.2 1 0
AT18->AT20->AT23->AT28->AT26->AT22->AT21->AT26 : 1 12017.6 7572 1 0
AT20->AT23->AT28->AT26->AT22->AT21->AT18->AT21->AT34 : 1 16230.4 9556 1 0
AT20->AT23->AT28->AT26->AT22->AT21->AT18->AT21->AT26 : 1 15091.2 8788 1 0
AT23->AT18->AT20->AT23->AT28->AT26->AT22->AT21->AT26 : 1 13860.8 9012 1 0
