Profile Result: 
AT17 : 1 359.04 0 1 0
AT18 : 1 718.08 0 1 0
AT21 : 1 3123.2 0 1 0
AT22 : 1 2969.6 0 1 0
AT23 : 1 1843.2 0 1 0
AT26 : 3 1270.72 0 1 0
AT28 : 1 230.4 0 1 0
NULL : 5 0 0 1 0
NULL->NULL : 4 0 4411.52 1 0
NULL->AT26 : 3 1270.72 3072 1 0
NULL->AT23 : 2 3686.4 2048 1 0
AT26->NULL : 2 784.32 2451 1 0
AT22->AT21 : 1 6092.8 1160 1 0
AT21->AT18 : 1 3841.28 1561.6 1 0
AT21->AT26 : 1 3523.2 780.8 1 0
AT26->AT22 : 1 3456 1520 1 0
NULL->AT21 : 1 3123.2 1024 1 0
AT22->NULL : 1 2969.6 1392 1 0
NULL->AT22 : 1 2969.6 1024 1 0
AT23->AT28 : 1 2073.6 1440 1 0
AT18->AT17 : 1 1077.12 1436.16 1 0
AT17->AT26 : 1 743.36 718.08 1 0
AT18->NULL : 1 718.08 1122 1 0
NULL->AT18 : 1 718.08 1024 1 0
AT28->AT26 : 1 716.8 1152 1 0
AT17->NULL : 1 359.04 718.08 1 0
AT22->AT21->AT18 : 1 6810.88 2721.6 1 0
AT26->AT22->AT21 : 1 6579.2 2680 1 0
AT22->AT21->AT26 : 1 6492.8 1940.8 1 0
AT21->AT18->AT17 : 1 4200.32 2997.76 1 0
AT28->AT26->AT22 : 1 3686.4 2672 1 0
AT23->AT28->AT26 : 1 2560 2592 1 0
AT18->AT17->AT26 : 1 1461.44 2154.24 1 0
AT26->AT22->AT21->AT18 : 1 7297.28 4241.6 1 0
AT22->AT21->AT18->AT17 : 1 7169.92 4157.76 1 0
AT26->AT22->AT21->AT26 : 1 6979.2 3460.8 1 0
AT28->AT26->AT22->AT21 : 1 6809.6 3832 1 0
AT23->AT28->AT26->AT22 : 1 5529.6 4112 1 0
AT21->AT18->AT17->AT26 : 1 4584.64 3715.84 1 0
AT23->AT28->AT26->AT22->AT21 : 1 8652.8 5272 1 0
AT26->AT22->AT21->AT18->AT17 : 1 7656.32 5677.76 1 0
AT22->AT21->AT18->AT17->AT26 : 1 7554.24 4875.84 1 0
AT28->AT26->AT22->AT21->AT18 : 1 7527.68 5393.6 1 0
AT28->AT26->AT22->AT21->AT26 : 1 7209.6 4612.8 1 0
AT23->AT28->AT26->AT22->AT21->AT18 : 1 9370.88 6833.6 1 0
AT23->AT28->AT26->AT22->AT21->AT26 : 1 9052.8 6052.8 1 0
AT26->AT22->AT21->AT18->AT17->AT26 : 1 8040.64 6395.84 1 0
AT28->AT26->AT22->AT21->AT18->AT17 : 1 7886.72 6829.76 1 0
AT23->AT28->AT26->AT22->AT21->AT18->AT17 : 1 9729.92 8269.76 1 0
AT28->AT26->AT22->AT21->AT18->AT17->AT26 : 1 8271.04 7547.84 1 0
AT23->AT28->AT26->AT22->AT21->AT18->AT17->AT26 : 1 10114.2 8987.84 1 0
