Profile Result: 
AT21 : 1 2976.43 0 1 0
AT22 : 2 5065.38 0 1 0
AT23 : 1 1563.31 0 1 0
AT24 : 1 2976.43 0 1 0
AT27 : 2 187.733 0 1 0
AT28 : 1 195.413 0 1 0
AT29 : 3 537.6 0 1 0
AT32 : 1 1365.33 0 1 0
NULL : 4 0 0 1 0
AT22->NULL : 3 7454.71 3307.73 1 0
AT29->AT29 : 3 1075.2 4032 1 0
NULL->NULL : 3 0 3287.66 1 0
NULL->AT22 : 2 5065.38 2048 1 0
AT27->AT29 : 2 512 1501.87 1 0
AT21->AT24 : 1 5952.86 1488.21 1 0
AT22->AT21 : 1 5652.48 1045.33 1 0
AT21->AT23 : 1 4539.74 744.107 1 0
AT32->AT22 : 1 3754.66 1066.67 1 0
AT24->NULL : 1 2976.43 1488.21 1 0
NULL->AT21 : 1 2976.43 1024 1 0
AT27->AT22 : 1 2761.38 1365.33 1 0
AT23->AT28 : 1 1758.72 1221.33 1 0
NULL->AT23 : 1 1563.31 1024 1 0
AT27->AT32 : 1 1467.73 1638.4 1 0
AT32->AT27 : 1 1450.66 853.333 1 0
NULL->AT32 : 1 1365.33 1024 1 0
NULL->AT29 : 1 213.333 1024 1 0
AT28->NULL : 1 195.413 977.067 1 0
NULL->AT27 : 1 102.4 1024 1 0
AT29->AT29->AT29 : 3 1612.8 8064 1 0
AT27->AT29->AT29 : 2 896 3933.87 1 0
AT22->AT21->AT24 : 1 8628.91 2533.54 1 0
AT22->AT21->AT23 : 1 7215.79 1789.44 1 0
AT27->AT22->AT21 : 1 5737.81 2410.66 1 0
AT21->AT23->AT28 : 1 4735.15 1965.44 1 0
AT32->AT27->AT22 : 1 4126.71 2218.66 1 0
AT27->AT32->AT22 : 1 3857.06 2705.07 1 0
AT32->AT27->AT29 : 1 1604.26 1536 1 0
AT27->AT32->AT27 : 1 1553.06 2491.73 1 0
AT27->AT29->AT29->AT29 : 2 1262.93 6813.87 1 0
AT27->AT22->AT21->AT24 : 1 8714.24 3898.87 1 0
AT22->AT21->AT23->AT28 : 1 7411.2 3010.77 1 0
AT27->AT22->AT21->AT23 : 1 7301.12 3154.77 1 0
AT32->AT27->AT22->AT21 : 1 7103.14 3263.99 1 0
AT27->AT32->AT27->AT22 : 1 4229.11 3857.06 1 0
AT32->AT27->AT29->AT29 : 1 1774.93 2688 1 0
AT27->AT32->AT27->AT29 : 1 1706.66 3174.4 1 0
AT32->AT27->AT22->AT21->AT24 : 1 10079.6 4752.2 1 0
AT32->AT27->AT22->AT21->AT23 : 1 8666.45 4008.1 1 0
AT27->AT22->AT21->AT23->AT28 : 1 7496.54 4376.1 1 0
AT27->AT32->AT27->AT22->AT21 : 1 7205.54 4902.39 1 0
AT32->AT27->AT29->AT29->AT29 : 1 1988.26 3968 1 0
AT27->AT32->AT27->AT29->AT29 : 1 1877.33 4326.4 1 0
AT27->AT32->AT27->AT22->AT21->AT24 : 1 10182 6390.6 1 0
AT32->AT27->AT22->AT21->AT23->AT28 : 1 8861.87 5229.43 1 0
AT27->AT32->AT27->AT22->AT21->AT23 : 1 8768.85 5646.5 1 0
AT27->AT32->AT27->AT29->AT29->AT29 : 1 2090.66 5606.4 1 0
AT27->AT32->AT27->AT22->AT21->AT23->AT28 : 1 8964.27 6867.83 1 0
