Profile Result: 
AT22 : 1 2449.07 0 1 0
AT25 : 1 409.6 0 1 0
AT29 : 5 1034.67 0 1 0
AT32 : 1 1425.07 0 1 0
AT39 : 1 219.733 0 1 0
NULL : 4 0 0 1 0
AT29->AT29 : 4 1596.8 6000 1 0
NULL->AT29 : 3 685.867 3072 1 0
NULL->NULL : 3 0 3046.44 1 0
AT22->NULL : 2 4898.14 1913.33 1 0
AT39->AT29 : 2 855.466 2526.93 1 0
NULL->AT25 : 2 819.2 2048 1 0
AT32->AT22 : 1 3874.14 1113.33 1 0
NULL->AT22 : 1 2449.07 1024 1 0
AT39->AT32 : 1 1644.8 1757.87 1 0
AT32->NULL : 1 1425.07 890.667 1 0
NULL->AT32 : 1 1425.07 1024 1 0
AT25->AT29 : 1 580.267 819.2 1 0
AT29->AT39 : 1 454.4 1760 1 0
NULL->AT39 : 1 219.733 1024 1 0
AT29->AT29->AT29 : 3 1767.47 8616 1 0
AT29->AT39->AT29 : 2 1324.8 6046.93 1 0
AT39->AT29->AT29 : 2 1204.27 5646.93 1 0
AT39->AT32->AT22 : 1 4093.87 2871.2 1 0
AT29->AT39->AT32 : 1 1879.47 3517.87 1 0
AT25->AT29->AT29 : 1 793.6 2099.2 1 0
AT29->AT29->AT39 : 1 667.733 3360 1 0
AT29->AT29->AT39->AT29 : 2 1751.47 9246.93 1 0
AT29->AT39->AT29->AT29 : 2 1673.6 9166.93 1 0
AT29->AT29->AT29->AT29 : 2 1596.8 8616 1 0
AT39->AT29->AT29->AT29 : 2 1588.27 8262.93 1 0
AT29->AT39->AT32->AT22 : 1 4328.54 4631.2 1 0
AT29->AT29->AT39->AT32 : 1 2092.8 5117.87 1 0
AT25->AT29->AT29->AT29 : 1 1028.27 3699.2 1 0
AT29->AT29->AT29->AT39 : 1 838.4 4640 1 0
AT29->AT29->AT39->AT29->AT29 : 2 2100.27 12366.9 1 0
AT29->AT29->AT29->AT39->AT29 : 2 2092.8 11806.9 1 0
AT29->AT39->AT29->AT29->AT29 : 2 2057.6 11782.9 1 0
AT39->AT29->AT29->AT29->AT29 : 2 2036.27 11142.9 1 0
AT29->AT29->AT39->AT32->AT22 : 1 4541.87 6231.2 1 0
AT29->AT29->AT29->AT39->AT32 : 1 2263.47 6397.87 1 0
AT25->AT29->AT29->AT29->AT39 : 1 1248 5459.2 1 0
AT29->AT29->AT29->AT29->AT29 : 1 1034.67 6000 1 0
AT29->AT29->AT29->AT29->AT39 : 1 1016.53 5976 1 0
AT25->AT29->AT29->AT29->AT39->AT29 : 2 2912 13445.3 1 0
AT29->AT29->AT29->AT39->AT32->AT22 : 1 4712.54 7511.2 1 0
AT25->AT29->AT29->AT29->AT39->AT32 : 1 2673.07 7217.07 1 0
AT29->AT29->AT29->AT29->AT39->AT32 : 1 2441.6 7733.87 1 0
AT29->AT29->AT29->AT39->AT29->AT29 : 1 1254.4 8072 1 0
AT29->AT39->AT29->AT29->AT29->AT29 : 1 1254.4 7808 1 0
AT39->AT29->AT29->AT29->AT29->AT29 : 1 1254.4 7648 1 0
AT29->AT29->AT29->AT29->AT39->AT29 : 1 1254.4 7624 1 0
AT29->AT29->AT39->AT29->AT29->AT29 : 1 1254.4 8128 1 0
AT29->AT29->AT29->AT29->AT29->AT39 : 1 1254.4 7760 1 0
AT25->AT29->AT29->AT29->AT39->AT32->AT22 : 1 5122.14 8330.4 1 0
AT29->AT29->AT29->AT29->AT39->AT32->AT22 : 1 4890.67 8847.2 1 0
AT29->AT29->AT29->AT29->AT29->AT39->AT32 : 1 2679.47 9517.87 1 0
AT25->AT29->AT29->AT29->AT39->AT29->AT29 : 1 1664 8891.2 1 0
AT29->AT29->AT29->AT29->AT29->AT39->AT32->AT22 : 1 5128.54 10631.2 1 0
