Profile Result: 
AT16 : 1 81.92 0 1 0
AT21 : 1 2805.76 0 1 0
AT22 : 2 4879.36 0 1 0
AT26 : 1 380.16 0 1 0
AT28 : 1 163.84 0 1 0
AT29 : 1 215.68 0 1 0
AT31 : 1 87.68 0 1 0
AT34 : 1 1402.88 0 1 0
NULL : 4 0 0 1 0
AT22->NULL : 3 7424 3082.4 1 0
NULL->NULL : 3 0 3097.5 1 0
NULL->AT22 : 2 4879.36 2048 1 0
AT22->AT21 : 1 5140.48 912 1 0
AT21->AT34 : 1 4208.64 1402.88 1 0
AT21->AT26 : 1 3185.92 701.44 1 0
AT26->AT22 : 1 2924.8 1188 1 0
NULL->AT21 : 1 2805.76 1024 1 0
AT16->AT22 : 1 2416.64 1024 1 0
AT34->AT31 : 1 1490.56 1402.88 1 0
AT34->NULL : 1 1402.88 701.44 1 0
NULL->AT26 : 1 380.16 1024 1 0
AT31->AT29 : 1 303.36 1315.2 1 0
AT28->AT16 : 1 245.76 819.2 1 0
AT29->NULL : 1 215.68 1617.6 1 0
NULL->AT29 : 1 215.68 1024 1 0
NULL->AT28 : 1 163.84 1024 1 0
AT22->AT21->AT34 : 1 6543.36 2314.88 1 0
AT21->AT26->AT22 : 1 5730.56 1889.44 1 0
AT22->AT21->AT26 : 1 5520.64 1613.44 1 0
AT16->AT22->AT21 : 1 5222.4 1936 1 0
AT21->AT34->AT31 : 1 4296.32 2805.76 1 0
AT28->AT16->AT22 : 1 2580.48 1843.2 1 0
AT34->AT31->AT29 : 1 1706.24 2718.08 1 0
AT22->AT21->AT26->AT22 : 1 8065.28 2801.44 1 0
AT22->AT21->AT34->AT31 : 1 6631.04 3717.76 1 0
AT16->AT22->AT21->AT34 : 1 6625.28 3338.88 1 0
AT16->AT22->AT21->AT26 : 1 5602.56 2637.44 1 0
AT28->AT16->AT22->AT21 : 1 5386.24 2755.2 1 0
AT21->AT34->AT31->AT29 : 1 4512 4120.96 1 0
AT16->AT22->AT21->AT26->AT22 : 1 8147.2 3825.44 1 0
AT22->AT21->AT34->AT31->AT29 : 1 6846.72 5032.96 1 0
AT28->AT16->AT22->AT21->AT34 : 1 6789.12 4158.08 1 0
AT16->AT22->AT21->AT34->AT31 : 1 6712.96 4741.76 1 0
AT28->AT16->AT22->AT21->AT26 : 1 5766.4 3456.64 1 0
AT28->AT16->AT22->AT21->AT26->AT22 : 1 8311.04 4644.64 1 0
AT16->AT22->AT21->AT34->AT31->AT29 : 1 6928.64 6056.96 1 0
AT28->AT16->AT22->AT21->AT34->AT31 : 1 6876.8 5560.96 1 0
AT28->AT16->AT22->AT21->AT34->AT31->AT29 : 1 7092.48 6876.16 1 0
