Profile Result: 
AT14 : 1 921.6 0 1 0
AT21 : 2 6594.56 0 1 0
AT22 : 2 5570.56 0 1 0
AT26 : 2 821.76 0 1 0
AT27 : 1 102.4 0 1 0
NULL : 4 0 0 1 0
AT22->NULL : 3 8192 3430.4 1 0
NULL->NULL : 3 0 4014.94 1 0
AT21->AT26 : 2 7416.32 1648.64 1 0
AT21->NULL : 2 6594.56 3297.28 1 0
NULL->AT21 : 2 6594.56 2048 1 0
AT26->AT22 : 2 6392.32 2568 1 0
NULL->AT26 : 2 821.76 2048 1 0
AT22->AT21 : 1 6062.08 1152 1 0
AT14->AT21 : 1 4403.2 1440 1 0
AT27->AT22 : 1 3051.52 1638.4 1 0
NULL->AT22 : 1 2621.44 1024 1 0
AT27->AT14 : 1 1024 819.2 1 0
AT14->NULL : 1 921.6 1843.2 1 0
NULL->AT14 : 1 921.6 1024 1 0
NULL->AT27 : 1 102.4 1024 1 0
AT21->AT26->AT22 : 2 12986.9 4216.64 1 0
AT26->AT22->AT21 : 1 6484.48 2472 1 0
AT22->AT21->AT26 : 1 6461.44 1930.24 1 0
AT27->AT22->AT21 : 1 6164.48 2790.4 1 0
AT14->AT21->AT26 : 1 4825.6 2310.4 1 0
AT27->AT14->AT21 : 1 4505.6 2259.2 1 0
AT21->AT26->AT22->AT21 : 1 9966.08 3342.4 1 0
AT22->AT21->AT26->AT22 : 1 9082.88 3178.24 1 0
AT14->AT21->AT26->AT22 : 1 7774.72 3630.4 1 0
AT26->AT22->AT21->AT26 : 1 6883.84 3250.24 1 0
AT27->AT22->AT21->AT26 : 1 6563.84 3568.64 1 0
AT27->AT14->AT21->AT26 : 1 4928 3129.6 1 0
AT14->AT21->AT26->AT22->AT21 : 1 10887.7 4782.4 1 0
AT21->AT26->AT22->AT21->AT26 : 1 10365.4 4120.64 1 0
AT26->AT22->AT21->AT26->AT22 : 1 9505.28 4498.24 1 0
AT27->AT22->AT21->AT26->AT22 : 1 9185.28 4816.64 1 0
AT27->AT14->AT21->AT26->AT22 : 1 7877.12 4449.6 1 0
AT21->AT26->AT22->AT21->AT26->AT22 : 1 12986.9 5368.64 1 0
AT14->AT21->AT26->AT22->AT21->AT26 : 1 11287 5560.64 1 0
AT27->AT14->AT21->AT26->AT22->AT21 : 1 10990.1 5601.6 1 0
AT14->AT21->AT26->AT22->AT21->AT26->AT22 : 1 13908.5 6808.64 1 0
AT27->AT14->AT21->AT26->AT22->AT21->AT26 : 1 11389.4 6379.84 1 0
AT27->AT14->AT21->AT26->AT22->AT21->AT26->AT22 : 1 14010.9 7627.84 1 0
