Profile Result: 
AT21 : 1 2805.76 0 1 0
AT22 : 1 2334.72 0 1 0
AT23 : 1 1520.64 0 1 0
AT24 : 1 2805.76 0 1 0
AT26 : 1 446.08 0 1 0
AT28 : 1 190.08 0 1 0
NULL : 3 0 0 1 0
NULL->AT22 : 2 4669.44 2048 1 0
NULL->NULL : 2 0 2321.09 1 0
AT21->AT24 : 1 5611.52 1402.88 1 0
AT22->AT21 : 1 5140.48 912 1 0
AT21->AT23 : 1 4326.4 701.44 1 0
AT24->NULL : 1 2805.76 1402.88 1 0
NULL->AT21 : 1 2805.76 1024 1 0
AT22->NULL : 1 2334.72 1094.4 1 0
AT23->AT28 : 1 1710.72 1188 1 0
NULL->AT23 : 1 1520.64 1024 1 0
AT28->AT26 : 1 636.16 950.4 1 0
AT26->NULL : 1 446.08 1394 1 0
NULL->AT26 : 1 446.08 1024 1 0
AT22->AT21->AT24 : 1 7946.24 2314.88 1 0
AT22->AT21->AT23 : 1 6661.12 1613.44 1 0
AT21->AT23->AT28 : 1 4516.48 1889.44 1 0
AT23->AT28->AT26 : 1 2156.8 2138.4 1 0
AT22->AT21->AT23->AT28 : 1 6851.2 2801.44 1 0
AT21->AT23->AT28->AT26 : 1 4962.56 2839.84 1 0
AT22->AT21->AT23->AT28->AT26 : 1 7297.28 3751.84 1 0
