Profile Result: 
AT11 : 1 204.8 0 1 0
AT13 : 1 102.4 0 1 0
AT15 : 2 6553.6 0 1 0
AT24 : 1 3276.8 0 1 0
AT29 : 2 441.6 0 1 0
NULL : 2 0 0 1 0
AT13->AT15 : 2 6758.4 1638.4 1 0
AT15->NULL : 2 6553.6 2560 1 0
AT29->AT29 : 2 883.2 3312 1 0
NULL->AT11 : 2 409.6 2048 1 0
AT11->AT24 : 1 3481.6 1638.4 1 0
AT24->AT13 : 1 3379.2 1638.4 1 0
AT11->AT29 : 1 413.867 819.2 1 0
NULL->AT29 : 1 232.533 1024 1 0
NULL->AT13 : 1 102.4 1024 1 0
NULL->NULL : 1 0 1280 1 0
AT24->AT13->AT15 : 2 13312 4915.2 1 0
AT11->AT24->AT13 : 1 3584 3276.8 1 0
AT11->AT29->AT29 : 1 646.4 2387.2 1 0
AT11->AT24->AT13->AT15 : 2 13721.6 8192 1 0
