Profile Result: 
AT20 : 1 2116.27 0 1 0
AT21 : 1 2679.47 0 1 0
AT22 : 1 2082.13 0 1 0
AT23 : 1 1348.27 0 1 0
AT27 : 1 66.1333 0 1 0
AT28 : 1 168.533 0 1 0
AT29 : 2 329.6 0 1 0
AT30 : 1 588.8 0 1 0
AT32 : 1 1058.13 0 1 0
NULL : 5 0 0 1 0
NULL->NULL : 4 0 4089.74 1 0
AT21->NULL : 2 5358.94 1339.73 1 0
NULL->AT32 : 2 2116.26 2048 1 0
AT30->NULL : 2 1177.6 1840 1 0
NULL->AT30 : 2 1177.6 2048 1 0
NULL->AT29 : 2 329.6 2048 1 0
AT22->AT21 : 1 4761.6 813.333 1 0
AT20->AT23 : 1 3464.54 529.067 1 0
AT32->AT22 : 1 3140.26 826.667 1 0
NULL->AT21 : 1 2679.47 1024 1 0
AT27->AT20 : 1 2182.4 1058.13 1 0
AT22->NULL : 1 2082.13 976 1 0
NULL->AT22 : 1 2082.13 1024 1 0
AT23->AT28 : 1 1516.8 1053.33 1 0
NULL->AT23 : 1 1348.27 1024 1 0
AT32->AT27 : 1 1124.26 661.333 1 0
AT28->AT30 : 1 757.333 842.667 1 0
AT29->AT29 : 1 329.6 1008 1 0
AT27->AT29 : 1 200.533 529.067 1 0
AT29->NULL : 1 195.2 1464 1 0
AT32->AT22->AT21 : 1 5819.73 1640 1 0
AT20->AT23->AT28 : 1 3633.07 1582.4 1 0
AT27->AT20->AT23 : 1 3530.67 1587.2 1 0
AT32->AT27->AT20 : 1 3240.53 1719.46 1 0
AT23->AT28->AT30 : 1 2105.6 1896 1 0
AT32->AT27->AT29 : 1 1258.66 1190.4 1 0
AT27->AT29->AT29 : 1 395.733 1537.07 1 0
AT32->AT27->AT20->AT23 : 1 4588.8 2248.53 1 0
AT20->AT23->AT28->AT30 : 1 4221.87 2425.06 1 0
AT27->AT20->AT23->AT28 : 1 3699.21 2640.53 1 0
AT32->AT27->AT29->AT29 : 1 1453.86 2198.4 1 0
AT32->AT27->AT20->AT23->AT28 : 1 4757.34 3301.86 1 0
AT27->AT20->AT23->AT28->AT30 : 1 4288.01 3483.19 1 0
AT32->AT27->AT20->AT23->AT28->AT30 : 1 5346.14 4144.53 1 0
