Profile Result: 
AT2 : 1 1187.84 0 1 0
AT18 : 1 670.72 0 1 0
AT19 : 1 166.4 0 1 0
AT21 : 1 2744.32 0 1 0
AT22 : 2 4915.2 0 1 0
AT26 : 2 796.16 0 1 0
AT28 : 1 163.84 0 1 0
AT44 : 2 5365.76 0 1 0
NULL : 4 0 0 1 0
NULL->NULL : 3 0 3248.56 1 0
NULL->AT22 : 2 4915.2 2048 1 0
NULL->AT26 : 2 796.16 2048 1 0
AT22->AT44 : 1 5406.72 1267.2 1 0
AT22->AT21 : 1 4956.16 864 1 0
AT44->AT2 : 1 3891.2 1267.2 1 0
AT21->AT18 : 1 3415.04 1372.16 1 0
AT2->AT22 : 1 3399.68 928 1 0
AT26->AT22 : 1 3123.2 1312 1 0
AT21->AT26 : 1 3120.64 686.08 1 0
AT22->AT19 : 1 2869.76 1056 1 0
AT19->AT44 : 1 2828.8 1248 1 0
NULL->AT21 : 1 2744.32 1024 1 0
AT44->NULL : 1 2662.4 1248 1 0
AT22->NULL : 1 2211.84 1036.8 1 0
NULL->AT2 : 1 1187.84 1024 1 0
AT18->AT19 : 1 837.12 1048 1 0
AT18->NULL : 1 670.72 1341.44 1 0
NULL->AT18 : 1 670.72 1024 1 0
AT28->AT26 : 1 583.68 819.2 1 0
AT26->NULL : 1 376.32 1176 1 0
NULL->AT28 : 1 163.84 1024 1 0
AT22->AT44->AT2 : 1 6594.56 2534.4 1 0
AT2->AT22->AT21 : 1 6144 1792 1 0
AT44->AT2->AT22 : 1 6103.04 2195.2 1 0
AT26->AT22->AT44 : 1 5826.56 2579.2 1 0
AT22->AT21->AT18 : 1 5626.88 2236.16 1 0
AT22->AT19->AT44 : 1 5532.16 2304 1 0
AT22->AT21->AT26 : 1 5332.48 1550.08 1 0
AT21->AT18->AT19 : 1 3581.44 2420.16 1 0
AT18->AT19->AT44 : 1 3499.52 2296 1 0
AT26->AT22->AT19 : 1 3289.6 2368 1 0
AT28->AT26->AT22 : 1 3287.04 2131.2 1 0
AT44->AT2->AT22->AT21 : 1 8847.36 3059.2 1 0
AT22->AT44->AT2->AT22 : 1 8806.4 3462.4 1 0
AT26->AT22->AT44->AT2 : 1 7014.4 3846.4 1 0
AT2->AT22->AT21->AT18 : 1 6814.72 3164.16 1 0
AT2->AT22->AT21->AT26 : 1 6520.32 2478.08 1 0
AT21->AT18->AT19->AT44 : 1 6243.84 3668.16 1 0
AT28->AT26->AT22->AT44 : 1 5990.4 3398.4 1 0
AT26->AT22->AT19->AT44 : 1 5952 3616 1 0
AT22->AT21->AT18->AT19 : 1 5793.28 3284.16 1 0
AT28->AT26->AT22->AT19 : 1 3453.44 3187.2 1 0
AT22->AT44->AT2->AT22->AT21 : 1 11550.7 4326.4 1 0
AT44->AT2->AT22->AT21->AT18 : 1 9518.08 4431.36 1 0
AT26->AT22->AT44->AT2->AT22 : 1 9226.24 4774.4 1 0
AT44->AT2->AT22->AT21->AT26 : 1 9223.68 3745.28 1 0
AT22->AT21->AT18->AT19->AT44 : 1 8455.68 4532.16 1 0
AT28->AT26->AT22->AT44->AT2 : 1 7178.24 4665.6 1 0
AT2->AT22->AT21->AT18->AT19 : 1 6981.12 4212.16 1 0
AT28->AT26->AT22->AT19->AT44 : 1 6115.84 4435.2 1 0
AT22->AT44->AT2->AT22->AT21->AT18 : 1 12221.4 5698.56 1 0
AT26->AT22->AT44->AT2->AT22->AT21 : 1 11970.6 5638.4 1 0
AT22->AT44->AT2->AT22->AT21->AT26 : 1 11927 5012.48 1 0
AT44->AT2->AT22->AT21->AT18->AT19 : 1 9684.48 5479.36 1 0
AT2->AT22->AT21->AT18->AT19->AT44 : 1 9643.52 5460.16 1 0
AT28->AT26->AT22->AT44->AT2->AT22 : 1 9390.08 5593.6 1 0
AT26->AT22->AT44->AT2->AT22->AT21->AT18 : 1 12641.3 7010.56 1 0
AT22->AT44->AT2->AT22->AT21->AT18->AT19 : 1 12387.8 6746.56 1 0
AT26->AT22->AT44->AT2->AT22->AT21->AT26 : 1 12346.9 6324.48 1 0
AT44->AT2->AT22->AT21->AT18->AT19->AT44 : 1 12346.9 6727.36 1 0
AT28->AT26->AT22->AT44->AT2->AT22->AT21 : 1 12134.4 6457.6 1 0
AT22->AT44->AT2->AT22->AT21->AT18->AT19->AT44 : 1 15050.2 7994.56 1 0
AT26->AT22->AT44->AT2->AT22->AT21->AT18->AT19 : 1 12807.7 8058.56 1 0
AT28->AT26->AT22->AT44->AT2->AT22->AT21->AT18 : 1 12805.1 7829.76 1 0
AT28->AT26->AT22->AT44->AT2->AT22->AT21->AT26 : 1 12510.7 7143.68 1 0
AT26->AT22->AT44->AT2->AT22->AT21->AT18->AT19->AT44 : 1 15470.1 9306.56 1 0
AT28->AT26->AT22->AT44->AT2->AT22->AT21->AT18->AT19 : 1 12971.5 8877.76 1 0
AT28->AT26->AT22->AT44->AT2->AT22->AT21->AT18->AT19->AT44 : 1 15633.9 10125.8 1 0
