Profile Result: 
AT19 : 1 161.564 0 1 0
AT21 : 1 2980.98 0 1 0
AT22 : 2 5273.6 0 1 0
AT24 : 1 2980.98 0 1 0
AT26 : 2 806.4 0 1 0
AT28 : 1 159.289 0 1 0
AT29 : 1 221.156 0 1 0
AT30 : 1 637.156 0 1 0
AT31 : 1 93.1556 0 1 0
NULL : 4 0 0 1 0
NULL->AT30 : 3 1911.47 3072 1 0
NULL->NULL : 3 0 3383.6 1 0
AT26->AT22 : 2 6080 2520 1 0
AT22->NULL : 2 5273.6 2472 1 0
NULL->AT22 : 2 5273.6 2048 1 0
NULL->AT26 : 2 806.4 2048 1 0
AT21->AT24 : 1 5961.96 1490.49 1 0
AT22->AT21 : 1 5666.14 1048.89 1 0
AT21->AT26 : 1 3372.09 745.244 1 0
AT24->AT31 : 1 3074.14 1490.49 1 0
NULL->AT21 : 1 2980.98 1024 1 0
AT22->AT19 : 1 2750 1011.11 1 0
AT30->AT19 : 1 798.72 995.556 1 0
AT30->AT28 : 1 796.445 995.556 1 0
AT28->AT26 : 1 574.578 796.444 1 0
AT31->AT29 : 1 314.312 1397.33 1 0
AT29->NULL : 1 221.156 1658.67 1 0
NULL->AT29 : 1 221.156 1024 1 0
AT19->NULL : 1 161.564 1211.73 1 0
AT22->AT21->AT24 : 1 8647.12 2539.38 1 0
AT26->AT22->AT21 : 1 6081.43 2346.67 1 0
AT22->AT21->AT26 : 1 6057.25 1794.13 1 0
AT21->AT24->AT31 : 1 6055.12 2980.98 1 0
AT21->AT26->AT22 : 1 5960.53 1967.46 1 0
AT24->AT31->AT29 : 1 3295.29 2887.82 1 0
AT28->AT26->AT22 : 1 3259.74 2094.22 1 0
AT26->AT22->AT19 : 1 3141.11 2233.33 1 0
AT30->AT28->AT26 : 1 1211.73 1792 1 0
AT26->AT22->AT21->AT24 : 1 9062.41 3837.16 1 0
AT22->AT21->AT24->AT31 : 1 8740.28 4029.87 1 0
AT22->AT21->AT26->AT22 : 1 8645.69 3016.35 1 0
AT26->AT22->AT21->AT26 : 1 6472.54 3091.91 1 0
AT21->AT24->AT31->AT29 : 1 6276.27 4378.31 1 0
AT28->AT26->AT22->AT21 : 1 6240.72 3143.11 1 0
AT21->AT26->AT22->AT19 : 1 6122.1 2978.57 1 0
AT30->AT28->AT26->AT22 : 1 3896.89 3089.78 1 0
AT28->AT26->AT22->AT21->AT24 : 1 9221.7 4633.6 1 0
AT26->AT22->AT21->AT24->AT31 : 1 9155.56 5327.65 1 0
AT26->AT22->AT21->AT26->AT22 : 1 9060.98 4314.13 1 0
AT22->AT21->AT24->AT31->AT29 : 1 8961.43 5427.2 1 0
AT22->AT21->AT26->AT22->AT19 : 1 8807.25 4027.46 1 0
AT30->AT28->AT26->AT22->AT21 : 1 6877.87 4138.67 1 0
AT28->AT26->AT22->AT21->AT26 : 1 6631.83 3888.36 1 0
AT30->AT28->AT26->AT22->AT21->AT24 : 1 9858.85 5629.16 1 0
AT26->AT22->AT21->AT24->AT31->AT29 : 1 9376.72 6724.98 1 0
AT28->AT26->AT22->AT21->AT24->AT31 : 1 9314.85 6124.09 1 0
AT26->AT22->AT21->AT26->AT22->AT19 : 1 9222.54 5325.24 1 0
AT28->AT26->AT22->AT21->AT26->AT22 : 1 9220.27 5110.58 1 0
AT30->AT28->AT26->AT22->AT21->AT26 : 1 7268.98 4883.91 1 0
AT30->AT28->AT26->AT22->AT21->AT24->AT31 : 1 9952.01 7119.65 1 0
AT30->AT28->AT26->AT22->AT21->AT26->AT22 : 1 9857.42 6106.13 1 0
AT28->AT26->AT22->AT21->AT24->AT31->AT29 : 1 9536.01 7521.42 1 0
AT28->AT26->AT22->AT21->AT26->AT22->AT19 : 1 9381.83 6121.69 1 0
AT30->AT28->AT26->AT22->AT21->AT24->AT31->AT29 : 1 10173.2 8516.98 1 0
AT30->AT28->AT26->AT22->AT21->AT26->AT22->AT19 : 1 10019 7117.24 1 0
