Profile Result: 
AT9 : 1 1528.53 0 1 0
AT18 : 1 723.547 0 1 0
AT20 : 1 2894.19 0 1 0
AT21 : 1 3166.93 0 1 0
AT23 : 1 1542.75 0 1 0
AT26 : 1 402.733 0 1 0
AT29 : 6 1418.4 0 1 0
NULL : 5 0 0 1 0
NULL->AT29 : 7 1614.67 7168 1 0
AT29->AT29 : 5 2386.4 8732 1 0
NULL->NULL : 4 0 4270.12 1 0
AT9->AT21 : 1 4695.46 1194.17 1 0
AT20->AT23 : 1 4436.94 723.547 1 0
AT21->AT18 : 1 3890.48 1583.47 1 0
AT18->AT20 : 1 3617.74 1447.09 1 0
AT21->AT26 : 1 3569.66 791.733 1 0
NULL->AT21 : 1 3166.93 1024 1 0
AT29->AT9 : 1 1782.66 1906 1 0
AT23->NULL : 1 1542.75 1205.27 1 0
NULL->AT23 : 1 1542.75 1024 1 0
NULL->AT9 : 1 1528.53 1024 1 0
AT18->NULL : 1 723.547 1130.54 1 0
NULL->AT18 : 1 723.547 1024 1 0
AT26->NULL : 1 402.733 1258.54 1 0
NULL->AT26 : 1 402.733 1024 1 0
AT29->AT29->AT29 : 4 2876 14100 1 0
AT21->AT18->AT20 : 1 6784.67 3030.56 1 0
AT9->AT21->AT18 : 1 5419.01 2777.64 1 0
AT18->AT20->AT23 : 1 5160.49 2170.64 1 0
AT9->AT21->AT26 : 1 5098.19 1985.9 1 0
AT29->AT9->AT21 : 1 4949.59 3100.17 1 0
AT29->AT29->AT9 : 1 2034.93 3798 1 0
AT29->AT29->AT29->AT29 : 3 2876 15908 1 0
AT21->AT18->AT20->AT23 : 1 8327.42 3754.11 1 0
AT9->AT21->AT18->AT20 : 1 8313.2 4224.73 1 0
AT29->AT9->AT21->AT18 : 1 5673.14 4683.64 1 0
AT29->AT9->AT21->AT26 : 1 5352.33 3891.9 1 0
AT29->AT29->AT9->AT21 : 1 5201.86 4992.17 1 0
AT29->AT29->AT29->AT9 : 1 2283.46 5662 1 0
AT29->AT29->AT29->AT29->AT29 : 2 2386.4 14100 1 0
AT9->AT21->AT18->AT20->AT23 : 1 9855.95 4948.28 1 0
AT29->AT9->AT21->AT18->AT20 : 1 8567.33 6130.73 1 0
AT29->AT29->AT9->AT21->AT18 : 1 5925.41 6575.64 1 0
AT29->AT29->AT9->AT21->AT26 : 1 5604.59 5783.9 1 0
AT29->AT29->AT29->AT9->AT21 : 1 5450.39 6856.17 1 0
AT29->AT29->AT29->AT29->AT9 : 1 2524.53 7470 1 0
AT29->AT9->AT21->AT18->AT20->AT23 : 1 10110.1 6854.28 1 0
AT29->AT29->AT9->AT21->AT18->AT20 : 1 8819.6 8022.73 1 0
AT29->AT29->AT29->AT9->AT21->AT18 : 1 6173.94 8439.64 1 0
AT29->AT29->AT29->AT9->AT21->AT26 : 1 5853.13 7647.9 1 0
AT29->AT29->AT29->AT29->AT9->AT21 : 1 5691.46 8664.17 1 0
AT29->AT29->AT29->AT29->AT29->AT9 : 1 2750.66 9166 1 0
AT29->AT29->AT29->AT29->AT29->AT29 : 1 1418.4 8732 1 0
AT29->AT29->AT9->AT21->AT18->AT20->AT23 : 1 10362.3 8746.28 1 0
AT29->AT29->AT29->AT9->AT21->AT18->AT20 : 1 9068.13 9886.73 1 0
AT29->AT29->AT29->AT29->AT9->AT21->AT18 : 1 6415.01 10247.6 1 0
AT29->AT29->AT29->AT29->AT9->AT21->AT26 : 1 6094.19 9455.9 1 0
AT29->AT29->AT29->AT29->AT29->AT9->AT21 : 1 5917.59 10360.2 1 0
AT29->AT29->AT29->AT29->AT29->AT29->AT9 : 1 2946.93 10638 1 0
AT29->AT29->AT29->AT9->AT21->AT18->AT20->AT23 : 1 10610.9 10610.3 1 0
AT29->AT29->AT29->AT29->AT9->AT21->AT18->AT20 : 1 9309.2 11694.7 1 0
AT29->AT29->AT29->AT29->AT29->AT9->AT21->AT18 : 1 6641.14 11943.6 1 0
AT29->AT29->AT29->AT29->AT29->AT9->AT21->AT26 : 1 6320.33 11151.9 1 0
AT29->AT29->AT29->AT29->AT29->AT29->AT9->AT21 : 1 6113.86 11832.2 1 0
AT29->AT29->AT29->AT29->AT9->AT21->AT18->AT20->AT23 : 1 10851.9 12418.3 1 0
AT29->AT29->AT29->AT29->AT29->AT9->AT21->AT18->AT20 : 1 9535.33 13390.7 1 0
AT29->AT29->AT29->AT29->AT29->AT29->AT9->AT21->AT18 : 1 6837.41 13415.6 1 0
AT29->AT29->AT29->AT29->AT29->AT29->AT9->AT21->AT26 : 1 6516.59 12623.9 1 0
AT29->AT29->AT29->AT29->AT29->AT9->AT21->AT18->AT20->AT23 : 1 11078.1 14114.3 1 0
AT29->AT29->AT29->AT29->AT29->AT29->AT9->AT21->AT18->AT20 : 1 9731.6 14862.7 1 0
AT29->AT29->AT29->AT29->AT29->AT29->AT9->AT21->AT18->AT20->AT23 : 1 11274.3 15586.3 1 0
