Profile Result: 
AT21 : 1 3072 0 1 0
AT22 : 1 2867.2 0 1 0
AT23 : 1 1587.2 0 1 0
AT26 : 2 915.2 0 1 0
AT28 : 1 198.4 0 1 0
AT34 : 1 1536 0 1 0
NULL : 3 0 0 1 0
NULL->AT26 : 3 1376 3072 1 0
AT34->NULL : 2 3072 1536 1 0
NULL->NULL : 2 0 2291 1 0
AT22->AT21 : 1 5939.2 1120 1 0
AT21->AT23 : 1 4659.2 768 1 0
AT21->AT34 : 1 4608 1536 1 0
AT26->AT22 : 1 3328 1440 1 0
NULL->AT21 : 1 3072 1024 1 0
AT22->NULL : 1 2867.2 1344 1 0
NULL->AT22 : 1 2867.2 1024 1 0
AT23->AT28 : 1 1785.6 1240 1 0
NULL->AT23 : 1 1587.2 1024 1 0
AT28->AT26 : 1 652.8 992 1 0
AT26->NULL : 1 454.4 1420 1 0
AT22->AT21->AT23 : 1 7526.4 1888 1 0
AT22->AT21->AT34 : 1 7475.2 2656 1 0
AT26->AT22->AT21 : 1 6400 2560 1 0
AT21->AT23->AT28 : 1 4857.6 2008 1 0
AT23->AT28->AT26 : 1 2240 2232 1 0
AT26->AT22->AT21->AT23 : 1 7987.2 3328 1 0
AT26->AT22->AT21->AT34 : 1 7936 4096 1 0
AT22->AT21->AT23->AT28 : 1 7724.8 3128 1 0
AT21->AT23->AT28->AT26 : 1 5312 3000 1 0
AT26->AT22->AT21->AT23->AT28 : 1 8185.6 4568 1 0
AT22->AT21->AT23->AT28->AT26 : 1 8179.2 4120 1 0
AT26->AT22->AT21->AT23->AT28->AT26 : 1 8640 5560 1 0
