Profile Result: 
AT20 : 1 2048 0 1 0
AT21 : 1 2810.31 0 1 0
AT22 : 2 5179.74 0 1 0
AT23 : 1 1331.2 0 1 0
AT24 : 1 2810.31 0 1 0
AT26 : 2 782.933 0 1 0
AT28 : 2 312.889 0 1 0
AT30 : 1 585.956 0 1 0
NULL : 5 0 0 1 0
AT22->NULL : 4 10359.5 4046.67 1 0
NULL->NULL : 4 0 4360.96 1 0
AT26->AT22 : 2 5962.67 2446.67 1 0
NULL->AT22 : 2 5179.74 2048 1 0
NULL->AT30 : 2 1171.91 2048 1 0
NULL->AT26 : 2 782.933 2048 1 0
AT21->AT24 : 1 5620.62 1405.16 1 0
AT30->AT21 : 1 3396.27 915.556 1 0
AT20->AT23 : 1 3379.2 512 1 0
AT21->AT26 : 1 3190.75 702.578 1 0
AT24->NULL : 1 2810.31 1405.16 1 0
NULL->AT21 : 1 2810.31 1024 1 0
NULL->AT20 : 1 2048 1024 1 0
AT23->AT28 : 1 1497.6 1040 1 0
NULL->AT23 : 1 1331.2 1024 1 0
AT28->AT30 : 1 752.356 832 1 0
AT30->AT28 : 1 732.445 915.556 1 0
AT28->AT26 : 1 548.978 732.444 1 0
AT30->AT21->AT24 : 1 6206.58 2320.72 1 0
AT21->AT26->AT22 : 1 5736.53 1891.47 1 0
AT30->AT21->AT26 : 1 3776.71 1618.13 1 0
AT28->AT30->AT21 : 1 3562.67 1747.56 1 0
AT20->AT23->AT28 : 1 3545.6 1552 1 0
AT28->AT26->AT22 : 1 3182.94 1990.22 1 0
AT23->AT28->AT30 : 1 2083.56 1872 1 0
AT30->AT28->AT26 : 1 1134.93 1648 1 0
AT28->AT30->AT28 : 1 898.845 1747.56 1 0
AT28->AT30->AT21->AT24 : 1 6372.98 3152.72 1 0
AT30->AT21->AT26->AT22 : 1 6322.49 2807.02 1 0
AT23->AT28->AT30->AT21 : 1 4893.87 2787.56 1 0
AT20->AT23->AT28->AT30 : 1 4131.56 2384 1 0
AT28->AT30->AT21->AT26 : 1 3943.11 2450.13 1 0
AT30->AT28->AT26->AT22 : 1 3768.89 2905.78 1 0
AT23->AT28->AT30->AT28 : 1 2230.05 2787.56 1 0
AT28->AT30->AT28->AT26 : 1 1301.33 2480 1 0
AT23->AT28->AT30->AT21->AT24 : 1 7704.18 4192.72 1 0
AT20->AT23->AT28->AT30->AT21 : 1 6941.87 3299.56 1 0
AT28->AT30->AT21->AT26->AT22 : 1 6488.89 3639.02 1 0
AT23->AT28->AT30->AT21->AT26 : 1 5274.31 3490.13 1 0
AT20->AT23->AT28->AT30->AT28 : 1 4278.04 3299.56 1 0
AT28->AT30->AT28->AT26->AT22 : 1 3935.29 3737.78 1 0
AT23->AT28->AT30->AT28->AT26 : 1 2632.53 3520 1 0
AT20->AT23->AT28->AT30->AT21->AT24 : 1 9752.18 4704.72 1 0
AT23->AT28->AT30->AT21->AT26->AT22 : 1 7820.09 4679.02 1 0
AT20->AT23->AT28->AT30->AT21->AT26 : 1 7322.31 4002.13 1 0
AT23->AT28->AT30->AT28->AT26->AT22 : 1 5266.49 4777.78 1 0
AT20->AT23->AT28->AT30->AT28->AT26 : 1 4680.53 4032 1 0
AT20->AT23->AT28->AT30->AT21->AT26->AT22 : 1 9868.09 5191.02 1 0
AT20->AT23->AT28->AT30->AT28->AT26->AT22 : 1 7314.49 5289.78 1 0
