Profile Result: 
AT18 : 1 716.8 0 1 0
AT21 : 2 6082.56 0 1 0
AT22 : 2 5355.52 0 1 0
AT23 : 1 1843.2 0 1 0
AT26 : 1 396.8 0 1 0
NULL : 4 0 0 1 0
AT22->NULL : 3 7966.72 3326.4 1 0
NULL->NULL : 3 0 3235.72 1 0
NULL->AT21 : 2 6082.56 2048 1 0
AT21->NULL : 2 6021.12 2257.92 1 0
NULL->AT22 : 2 5355.52 2048 1 0
NULL->AT23 : 2 3686.4 2048 1 0
AT22->AT21 : 1 5754.88 1072 1 0
AT18->AT21 : 1 3788.8 1120 1 0
AT21->AT18 : 1 3788.8 1536 1 0
AT21->AT26 : 1 3468.8 768 1 0
AT18->AT22 : 1 3461.12 1433.6 1 0
AT26->AT22 : 1 3008 1240 1 0
AT23->AT18 : 1 2560 1440 1 0
NULL->AT26 : 1 396.8 1024 1 0
AT21->AT18->AT22 : 1 6533.12 2969.6 1 0
AT18->AT22->AT21 : 1 6471.68 2505.6 1 0
AT21->AT26->AT22 : 1 6080 2008 1 0
AT23->AT18->AT21 : 1 5632 2560 1 0
AT23->AT18->AT22 : 1 5304.32 2873.6 1 0
AT18->AT21->AT26 : 1 4185.6 1888 1 0
AT21->AT18->AT22->AT21 : 1 9543.68 4041.6 1 0
AT23->AT18->AT22->AT21 : 1 8314.88 3945.6 1 0
AT18->AT21->AT26->AT22 : 1 6796.8 3128 1 0
AT23->AT18->AT21->AT26 : 1 6028.8 3328 1 0
AT23->AT18->AT21->AT26->AT22 : 1 8640 4568 1 0
