Profile Result: 
AT8 : 1 112 0 1 0
AT21 : 1 3072 0 1 0
AT22 : 2 5478.4 0 1 0
AT26 : 2 857.6 0 1 0
AT34 : 1 1536 0 1 0
NULL : 4 0 0 1 0
AT22->NULL : 3 8089.6 3384 1 0
NULL->AT26 : 3 1318.4 3072 1 0
NULL->NULL : 3 0 3129 1 0
AT26->AT22 : 2 6336 2680 1 0
NULL->AT22 : 2 5478.4 2048 1 0
AT22->AT21 : 1 5939.2 1120 1 0
AT21->AT34 : 1 4608 1536 1 0
AT21->AT26 : 1 3468.8 768 1 0
NULL->AT21 : 1 3072 1024 1 0
AT34->AT8 : 1 1648 1536 1 0
AT34->NULL : 1 1536 768 1 0
AT8->NULL : 1 112 896 1 0
NULL->AT8 : 1 112 1024 1 0
AT22->AT21->AT34 : 1 7475.2 2656 1 0
AT26->AT22->AT21 : 1 6400 2560 1 0
AT22->AT21->AT26 : 1 6336 1888 1 0
AT21->AT26->AT22 : 1 6080 2008 1 0
AT21->AT34->AT8 : 1 4720 3072 1 0
AT22->AT21->AT26->AT22 : 1 8947.2 3128 1 0
AT26->AT22->AT21->AT34 : 1 7936 4096 1 0
AT22->AT21->AT34->AT8 : 1 7587.2 4192 1 0
AT26->AT22->AT21->AT26 : 1 6796.8 3328 1 0
AT26->AT22->AT21->AT26->AT22 : 1 9408 4568 1 0
AT26->AT22->AT21->AT34->AT8 : 1 8048 5632 1 0
