Profile Result: 
AT16 : 1 102.4 0 1 0
AT18 : 1 646.4 0 1 0
AT21 : 1 2969.6 0 1 0
AT22 : 1 2662.4 0 1 0
AT23 : 1 1561.6 0 1 0
AT34 : 1 1484.8 0 1 0
NULL : 4 0 0 1 0
NULL->NULL : 3 0 3214.9 1 0
AT34->NULL : 2 2969.6 2227.2 1 0
AT18->NULL : 2 1292.8 2020 1 0
AT22->AT21 : 1 5632 1040 1 0
AT21->AT23 : 1 4531.2 742.4 1 0
AT21->AT34 : 1 4454.4 1484.8 1 0
NULL->AT21 : 1 2969.6 1024 1 0
AT16->AT22 : 1 2764.8 1280 1 0
AT22->NULL : 1 2662.4 1248 1 0
NULL->AT22 : 1 2662.4 1024 1 0
AT23->AT18 : 1 2208 1220 1 0
NULL->AT23 : 1 1561.6 1024 1 0
NULL->AT18 : 1 646.4 1024 1 0
NULL->AT16 : 1 102.4 1024 1 0
AT22->AT21->AT23 : 1 7193.6 1782.4 1 0
AT22->AT21->AT34 : 1 7116.8 2524.8 1 0
AT16->AT22->AT21 : 1 5734.4 2320 1 0
AT21->AT23->AT18 : 1 5177.6 1962.4 1 0
AT22->AT21->AT23->AT18 : 1 7840 3002.4 1 0
AT16->AT22->AT21->AT23 : 1 7296 3062.4 1 0
AT16->AT22->AT21->AT34 : 1 7219.2 3804.8 1 0
AT16->AT22->AT21->AT23->AT18 : 1 7942.4 4282.4 1 0
