Profile Result: 
AT9 : 1 1472 0 1 0
AT24 : 1 2048 0 1 0
AT29 : 3 656 0 1 0
AT31 : 1 64 0 1 0
NULL : 2 0 0 1 0
NULL->AT29 : 3 656 3072 1 0
AT29->AT29 : 2 880 3120 1 0
AT24->AT31 : 1 2112 1024 1 0
NULL->AT24 : 1 2048 1024 1 0
AT29->AT9 : 1 1712 1800 1 0
AT9->NULL : 1 1472 1150 1 0
NULL->AT9 : 1 1472 1024 1 0
AT31->AT29 : 1 256 960 1 0
NULL->NULL : 1 0 1024 1 0
AT24->AT31->AT29 : 1 2304 1984 1 0
AT29->AT29->AT9 : 1 1936 3480 1 0
AT29->AT29->AT29 : 1 656 3120 1 0
AT31->AT29->AT29 : 1 480 2400 1 0
AT24->AT31->AT29->AT29 : 1 2528 3424 1 0
AT29->AT29->AT29->AT9 : 1 2128 4920 1 0
AT31->AT29->AT29->AT29 : 1 720 4080 1 0
AT24->AT31->AT29->AT29->AT29 : 1 2768 5104 1 0
AT31->AT29->AT29->AT29->AT9 : 1 2192 5880 1 0
AT24->AT31->AT29->AT29->AT29->AT9 : 1 4240 6904 1 0
