Profile Result: 
AT9 : 1 1525.33 0 1 0
AT21 : 1 3163.73 0 1 0
AT25 : 1 409.6 0 1 0
AT29 : 6 1368 0 1 0
NULL : 4 0 0 1 0
NULL->AT29 : 6 1368 6144 1 0
AT29->AT29 : 5 2312 8360 1 0
NULL->NULL : 3 0 3234.4 1 0
AT21->NULL : 2 6327.46 1581.87 1 0
NULL->AT25 : 2 819.2 2048 1 0
AT9->AT21 : 1 4689.06 1191.67 1 0
NULL->AT21 : 1 3163.73 1024 1 0
AT29->AT9 : 1 1778.66 1900 1 0
NULL->AT9 : 1 1525.33 1024 1 0
AT25->AT29 : 1 580.267 819.2 1 0
AT29->AT29->AT29 : 4 2792 13560 1 0
AT29->AT9->AT21 : 1 4942.39 3091.67 1 0
AT29->AT29->AT9 : 1 2029.33 3780 1 0
AT25->AT29->AT29 : 1 793.6 2099.2 1 0
AT29->AT29->AT29->AT29 : 3 2792 15320 1 0
AT29->AT29->AT9->AT21 : 1 5193.06 4971.67 1 0
AT29->AT29->AT29->AT9 : 1 2274.66 5620 1 0
AT25->AT29->AT29->AT29 : 1 1028.27 3699.2 1 0
AT29->AT29->AT29->AT29->AT29 : 2 2312 13560 1 0
AT29->AT29->AT29->AT9->AT21 : 1 5438.39 6811.67 1 0
AT29->AT29->AT29->AT29->AT9 : 1 2509.33 7380 1 0
AT25->AT29->AT29->AT29->AT29 : 1 1273.6 5459.2 1 0
AT29->AT29->AT29->AT29->AT9->AT21 : 1 5673.06 8571.67 1 0
AT29->AT29->AT29->AT29->AT29->AT9 : 1 2722.66 8980 1 0
AT25->AT29->AT29->AT29->AT29->AT29 : 1 1524.27 7299.2 1 0
AT29->AT29->AT29->AT29->AT29->AT29 : 1 1368 8360 1 0
AT29->AT29->AT29->AT29->AT29->AT9->AT21 : 1 5886.39 10171.7 1 0
AT29->AT29->AT29->AT29->AT29->AT29->AT9 : 1 2893.33 10260 1 0
AT25->AT29->AT29->AT29->AT29->AT29->AT29 : 1 1777.6 9179.2 1 0
AT29->AT29->AT29->AT29->AT29->AT29->AT9->AT21 : 1 6057.06 11451.7 1 0
AT25->AT29->AT29->AT29->AT29->AT29->AT29->AT9 : 1 3302.93 11079.2 1 0
AT25->AT29->AT29->AT29->AT29->AT29->AT29->AT9->AT21 : 1 6466.66 12270.9 1 0
