Profile Result: 
AT9 : 1 1521.07 0 1 0
AT21 : 1 3159.47 0 1 0
AT23 : 1 1609.07 0 1 0
AT24 : 1 3159.47 0 1 0
AT28 : 1 201.133 0 1 0
AT29 : 5 1164.27 0 1 0
AT30 : 1 632.267 0 1 0
AT31 : 1 98.7333 0 1 0
NULL : 4 0 0 1 0
NULL->AT29 : 5 1164.27 5120 1 0
AT29->AT29 : 4 1880 6840 1 0
NULL->NULL : 3 0 3035.92 1 0
AT30->NULL : 2 1264.53 1975.83 1 0
NULL->AT30 : 2 1264.53 2048 1 0
AT21->AT24 : 1 6318.94 1579.73 1 0
AT21->AT23 : 1 4768.54 789.867 1 0
AT9->AT21 : 1 4680.54 1188.33 1 0
AT24->AT31 : 1 3258.2 1579.73 1 0
NULL->AT21 : 1 3159.47 1024 1 0
AT23->AT28 : 1 1810.2 1257.08 1 0
AT29->AT9 : 1 1773.34 1892 1 0
NULL->AT23 : 1 1609.07 1024 1 0
NULL->AT9 : 1 1521.07 1024 1 0
AT28->AT30 : 1 833.4 1005.67 1 0
AT31->AT29 : 1 295 1481 1 0
AT29->AT29->AT29 : 3 2121.07 10344 1 0
AT9->AT21->AT24 : 1 7840.01 2768.06 1 0
AT21->AT24->AT31 : 1 6417.67 3159.46 1 0
AT9->AT21->AT23 : 1 6289.61 1978.2 1 0
AT21->AT23->AT28 : 1 4969.67 2046.95 1 0
AT29->AT9->AT21 : 1 4932.81 3080.33 1 0
AT24->AT31->AT29 : 1 3454.47 3060.73 1 0
AT23->AT28->AT30 : 1 2442.47 2262.75 1 0
AT29->AT29->AT9 : 1 2021.87 3756 1 0
AT31->AT29->AT29 : 1 521.133 2953 1 0
AT29->AT29->AT29->AT29 : 2 1880 10344 1 0
AT29->AT9->AT21->AT24 : 1 8092.28 4660.06 1 0
AT9->AT21->AT24->AT31 : 1 7938.74 4347.79 1 0
AT21->AT24->AT31->AT29 : 1 6613.94 4640.46 1 0
AT29->AT9->AT21->AT23 : 1 6541.88 3870.2 1 0
AT9->AT21->AT23->AT28 : 1 6490.74 3235.28 1 0
AT21->AT23->AT28->AT30 : 1 5601.94 3052.62 1 0
AT29->AT29->AT9->AT21 : 1 5181.34 4944.33 1 0
AT24->AT31->AT29->AT29 : 1 3680.6 4532.73 1 0
AT29->AT29->AT29->AT9 : 1 2262.94 5564 1 0
AT31->AT29->AT29->AT29 : 1 762.2 4649 1 0
AT29->AT29->AT9->AT21->AT24 : 1 8340.81 6524.06 1 0
AT29->AT9->AT21->AT24->AT31 : 1 8191.01 6239.79 1 0
AT9->AT21->AT24->AT31->AT29 : 1 8135.01 5828.79 1 0
AT9->AT21->AT23->AT28->AT30 : 1 7123.01 4240.95 1 0
AT21->AT24->AT31->AT29->AT29 : 1 6840.07 6112.46 1 0
AT29->AT29->AT9->AT21->AT23 : 1 6790.41 5734.2 1 0
AT29->AT9->AT21->AT23->AT28 : 1 6743.01 5127.28 1 0
AT29->AT29->AT29->AT9->AT21 : 1 5422.41 6752.33 1 0
AT24->AT31->AT29->AT29->AT29 : 1 3921.67 6228.73 1 0
AT29->AT29->AT29->AT29->AT9 : 1 2489.07 7260 1 0
AT29->AT29->AT29->AT29->AT29 : 1 1164.27 6840 1 0
AT31->AT29->AT29->AT29->AT29 : 1 1010.73 6457 1 0
AT29->AT29->AT29->AT9->AT21->AT24 : 1 8581.88 8332.06 1 0
AT29->AT29->AT9->AT21->AT24->AT31 : 1 8439.54 8103.79 1 0
AT29->AT9->AT21->AT24->AT31->AT29 : 1 8387.28 7720.79 1 0
AT9->AT21->AT24->AT31->AT29->AT29 : 1 8361.14 7300.79 1 0
AT29->AT9->AT21->AT23->AT28->AT30 : 1 7375.28 6132.95 1 0
AT21->AT24->AT31->AT29->AT29->AT29 : 1 7081.14 7808.46 1 0
AT29->AT29->AT29->AT9->AT21->AT23 : 1 7031.48 7542.2 1 0
AT29->AT29->AT9->AT21->AT23->AT28 : 1 6991.54 6991.28 1 0
AT29->AT29->AT29->AT29->AT9->AT21 : 1 5648.54 8448.33 1 0
AT24->AT31->AT29->AT29->AT29->AT29 : 1 4170.2 8036.73 1 0
AT29->AT29->AT29->AT29->AT29->AT9 : 1 2685.34 8732 1 0
AT31->AT29->AT29->AT29->AT29->AT29 : 1 1263 8321 1 0
AT29->AT29->AT29->AT29->AT9->AT21->AT24 : 1 8808.01 10028.1 1 0
AT29->AT29->AT29->AT9->AT21->AT24->AT31 : 1 8680.61 9911.79 1 0
AT29->AT29->AT9->AT21->AT24->AT31->AT29 : 1 8635.81 9584.79 1 0
AT29->AT9->AT21->AT24->AT31->AT29->AT29 : 1 8613.41 9192.79 1 0
AT9->AT21->AT24->AT31->AT29->AT29->AT29 : 1 8602.21 8996.79 1 0
AT29->AT29->AT9->AT21->AT23->AT28->AT30 : 1 7623.81 7996.95 1 0
AT21->AT24->AT31->AT29->AT29->AT29->AT29 : 1 7329.67 9616.46 1 0
AT29->AT29->AT29->AT29->AT9->AT21->AT23 : 1 7257.61 9238.2 1 0
AT29->AT29->AT29->AT9->AT21->AT23->AT28 : 1 7232.61 8799.28 1 0
AT29->AT29->AT29->AT29->AT29->AT9->AT21 : 1 5844.81 9920.33 1 0
AT24->AT31->AT29->AT29->AT29->AT29->AT29 : 1 4422.47 9900.73 1 0
AT31->AT29->AT29->AT29->AT29->AT29->AT9 : 1 2784.07 10213 1 0
AT29->AT29->AT29->AT29->AT29->AT9->AT21->AT24 : 1 9004.28 11500.1 1 0
AT29->AT29->AT29->AT29->AT9->AT21->AT24->AT31 : 1 8906.74 11607.8 1 0
AT29->AT29->AT29->AT9->AT21->AT24->AT31->AT29 : 1 8876.88 11392.8 1 0
AT29->AT29->AT9->AT21->AT24->AT31->AT29->AT29 : 1 8861.94 11056.8 1 0
AT29->AT9->AT21->AT24->AT31->AT29->AT29->AT29 : 1 8854.48 10888.8 1 0
AT9->AT21->AT24->AT31->AT29->AT29->AT29->AT29 : 1 8850.74 10804.8 1 0
AT29->AT29->AT29->AT9->AT21->AT23->AT28->AT30 : 1 7864.88 9804.95 1 0
AT21->AT24->AT31->AT29->AT29->AT29->AT29->AT29 : 1 7581.94 11480.5 1 0
AT29->AT29->AT29->AT29->AT9->AT21->AT23->AT28 : 1 7458.74 10495.3 1 0
AT29->AT29->AT29->AT29->AT29->AT9->AT21->AT23 : 1 7453.88 10710.2 1 0
AT31->AT29->AT29->AT29->AT29->AT29->AT9->AT21 : 1 5943.54 11401.3 1 0
AT24->AT31->AT29->AT29->AT29->AT29->AT29->AT9 : 1 5943.54 11792.7 1 0
AT29->AT29->AT29->AT29->AT29->AT9->AT21->AT24->AT31 : 1 9103.01 13079.8 1 0
AT21->AT24->AT31->AT29->AT29->AT29->AT29->AT29->AT9 : 1 9103.01 13372.5 1 0
AT31->AT29->AT29->AT29->AT29->AT29->AT9->AT21->AT24 : 1 9103.01 12981.1 1 0
AT29->AT29->AT29->AT29->AT9->AT21->AT24->AT31->AT29 : 1 9103.01 13088.8 1 0
AT29->AT29->AT29->AT9->AT21->AT24->AT31->AT29->AT29 : 1 9103.01 12864.8 1 0
AT29->AT29->AT9->AT21->AT24->AT31->AT29->AT29->AT29 : 1 9103.01 12752.8 1 0
AT29->AT9->AT21->AT24->AT31->AT29->AT29->AT29->AT29 : 1 9103.01 12696.8 1 0
AT9->AT21->AT24->AT31->AT29->AT29->AT29->AT29->AT29 : 1 9103.01 12668.8 1 0
AT24->AT31->AT29->AT29->AT29->AT29->AT29->AT9->AT21 : 1 9103.01 12981.1 1 0
AT29->AT29->AT29->AT29->AT9->AT21->AT23->AT28->AT30 : 1 8091.01 11500.9 1 0
AT29->AT29->AT29->AT29->AT29->AT9->AT21->AT23->AT28 : 1 7655.01 11967.3 1 0
AT31->AT29->AT29->AT29->AT29->AT29->AT9->AT21->AT23 : 1 7552.61 12191.2 1 0
AT24->AT31->AT29->AT29->AT29->AT29->AT29->AT9->AT21->AT23 : 1 10712.1 13770.9 1 0
AT29->AT29->AT29->AT29->AT29->AT9->AT21->AT23->AT28->AT30 : 1 8287.28 12972.9 1 0
AT31->AT29->AT29->AT29->AT29->AT29->AT9->AT21->AT23->AT28 : 1 7753.74 13448.3 1 0
AT24->AT31->AT29->AT29->AT29->AT29->AT29->AT9->AT21->AT23->AT28 : 1 10913.2 15028 1 0
AT31->AT29->AT29->AT29->AT29->AT29->AT9->AT21->AT23->AT28->AT30 : 1 8386.01 14453.9 1 0
AT24->AT31->AT29->AT29->AT29->AT29->AT29->AT9->AT21->AT23->AT28->AT30 : 1 11545.5 16033.7 1 0
