Profile Result: 
AT11 : 1 179.644 0 1 0
AT15 : 1 2816 0 1 0
AT20 : 1 2048 0 1 0
AT21 : 2 5690.31 0 1 0
AT22 : 1 2355.2 0 1 0
AT23 : 1 1523.2 0 1 0
AT26 : 1 332.8 0 1 0
AT28 : 2 344.889 0 1 0
AT29 : 1 158.089 0 1 0
AT30 : 1 617.956 0 1 0
AT34 : 1 1408 0 1 0
NULL : 5 0 0 1 0
NULL->NULL : 4 0 4437.37 1 0
AT21->NULL : 2 5748.62 1437.16 1 0
NULL->AT21 : 2 5690.31 2048 1 0
NULL->AT30 : 2 1235.91 2048 1 0
AT22->AT21 : 1 5171.2 920 1 0
AT21->AT23 : 1 4339.2 704 1 0
AT21->AT34 : 1 4224 1408 1 0
AT34->AT15 : 1 4224 704 1 0
AT30->AT21 : 1 3492.27 965.556 1 0
AT15->NULL : 1 2816 1100 1 0
AT26->AT22 : 1 2688 1040 1 0
AT20->AT26 : 1 2380.8 512 1 0
AT22->NULL : 1 2355.2 1104 1 0
NULL->AT22 : 1 2355.2 1024 1 0
NULL->AT20 : 1 2048 1024 1 0
AT23->AT28 : 1 1713.6 1190 1 0
NULL->AT23 : 1 1523.2 1024 1 0
AT34->NULL : 1 1408 1408 1 0
AT28->AT30 : 1 808.356 952 1 0
AT30->AT28 : 1 772.445 965.556 1 0
AT11->AT29 : 1 337.733 718.578 1 0
AT28->AT11 : 1 334.133 772.444 1 0
NULL->AT26 : 1 332.8 1024 1 0
AT11->NULL : 1 179.644 1437.16 1 0
NULL->AT11 : 1 179.644 1024 1 0
AT29->NULL : 1 158.089 1185.67 1 0
NULL->AT29 : 1 158.089 1024 1 0
AT21->AT34->AT15 : 1 7040 2112 1 0
AT22->AT21->AT23 : 1 6694.4 1624 1 0
AT22->AT21->AT34 : 1 6579.2 2328 1 0
AT26->AT22->AT21 : 1 5504 1960 1 0
AT20->AT26->AT22 : 1 4736 1552 1 0
AT21->AT23->AT28 : 1 4529.6 1894 1 0
AT28->AT30->AT21 : 1 3682.67 1917.56 1 0
AT23->AT28->AT30 : 1 2331.56 2142 1 0
AT28->AT30->AT28 : 1 962.845 1917.56 1 0
AT30->AT28->AT11 : 1 952.089 1738 1 0
AT28->AT11->AT29 : 1 492.222 1491.02 1 0
AT22->AT21->AT34->AT15 : 1 9395.2 3032 1 0
AT20->AT26->AT22->AT21 : 1 7552 2472 1 0
AT26->AT22->AT21->AT23 : 1 7027.2 2664 1 0
AT26->AT22->AT21->AT34 : 1 6912 3368 1 0
AT22->AT21->AT23->AT28 : 1 6884.8 2814 1 0
AT23->AT28->AT30->AT21 : 1 5205.87 3107.56 1 0
AT21->AT23->AT28->AT30 : 1 5147.56 2846 1 0
AT23->AT28->AT30->AT28 : 1 2486.05 3107.56 1 0
AT28->AT30->AT28->AT11 : 1 1142.49 2690 1 0
AT30->AT28->AT11->AT29 : 1 1110.18 2456.58 1 0
AT26->AT22->AT21->AT34->AT15 : 1 9728 4072 1 0
AT20->AT26->AT22->AT21->AT23 : 1 9075.2 3176 1 0
AT20->AT26->AT22->AT21->AT34 : 1 8960 3880 1 0
AT21->AT23->AT28->AT30->AT21 : 1 8021.87 3811.56 1 0
AT22->AT21->AT23->AT28->AT30 : 1 7502.76 3766 1 0
AT26->AT22->AT21->AT23->AT28 : 1 7217.6 3854 1 0
AT21->AT23->AT28->AT30->AT28 : 1 5302.04 3811.56 1 0
AT23->AT28->AT30->AT28->AT11 : 1 2665.69 3880 1 0
AT28->AT30->AT28->AT11->AT29 : 1 1300.58 3408.58 1 0
AT20->AT26->AT22->AT21->AT34->AT15 : 1 11776 4584 1 0
AT22->AT21->AT23->AT28->AT30->AT21 : 1 10377.1 4731.56 1 0
AT20->AT26->AT22->AT21->AT23->AT28 : 1 9265.6 4366 1 0
AT26->AT22->AT21->AT23->AT28->AT30 : 1 7835.56 4806 1 0
AT22->AT21->AT23->AT28->AT30->AT28 : 1 7657.24 4731.56 1 0
AT21->AT23->AT28->AT30->AT28->AT11 : 1 5481.69 4584 1 0
AT23->AT28->AT30->AT28->AT11->AT29 : 1 2823.78 4598.58 1 0
AT26->AT22->AT21->AT23->AT28->AT30->AT21 : 1 10709.9 5771.56 1 0
AT20->AT26->AT22->AT21->AT23->AT28->AT30 : 1 9883.56 5318 1 0
AT26->AT22->AT21->AT23->AT28->AT30->AT28 : 1 7990.04 5771.56 1 0
AT22->AT21->AT23->AT28->AT30->AT28->AT11 : 1 7836.89 5504 1 0
AT21->AT23->AT28->AT30->AT28->AT11->AT29 : 1 5639.78 5302.58 1 0
AT20->AT26->AT22->AT21->AT23->AT28->AT30->AT21 : 1 12757.9 6283.56 1 0
AT20->AT26->AT22->AT21->AT23->AT28->AT30->AT28 : 1 10038 6283.56 1 0
AT26->AT22->AT21->AT23->AT28->AT30->AT28->AT11 : 1 8169.69 6544 1 0
AT22->AT21->AT23->AT28->AT30->AT28->AT11->AT29 : 1 7994.98 6222.58 1 0
AT20->AT26->AT22->AT21->AT23->AT28->AT30->AT28->AT11 : 1 10217.7 7056 1 0
AT26->AT22->AT21->AT23->AT28->AT30->AT28->AT11->AT29 : 1 8327.78 7262.58 1 0
AT20->AT26->AT22->AT21->AT23->AT28->AT30->AT28->AT11->AT29 : 1 10375.8 7774.58 1 0
