Profile Result: 
AT19 : 1 161.52 0 1 0
AT20 : 1 2048 0 1 0
AT21 : 1 2816 0 1 0
AT22 : 2 4902.4 0 1 0
AT26 : 2 713.6 0 1 0
AT29 : 4 949 0 1 0
AT31 : 1 88 0 1 0
AT34 : 1 1408 0 1 0
NULL : 6 0 0 1 0
NULL->NULL : 5 0 5273.97 1 0
NULL->AT29 : 4 949 4096 1 0
AT29->AT29 : 3 1431 5235 1 0
AT26->AT22 : 2 5616 2230 1 0
AT22->NULL : 2 4902.4 2298 1 0
NULL->AT22 : 2 4902.4 2048 1 0
NULL->AT26 : 2 713.6 2048 1 0
AT22->AT21 : 1 5171.2 920 1 0
AT21->AT34 : 1 4224 1408 1 0
AT21->AT26 : 1 3196.8 704 1 0
NULL->AT21 : 1 2816 1024 1 0
AT22->AT19 : 1 2708.72 995 1 0
AT20->AT26 : 1 2380.8 512 1 0
NULL->AT20 : 1 2048 1024 1 0
AT34->AT31 : 1 1496 1408 1 0
AT34->NULL : 1 1408 704 1 0
AT31->AT29 : 1 304 1320 1 0
AT29->NULL : 1 251 1882.5 1 0
AT19->NULL : 1 161.52 1211.4 1 0
NULL->AT19 : 1 161.52 1024 1 0
AT29->AT29->AT29 : 2 1431 7005 1 0
AT22->AT21->AT34 : 1 6579.2 2328 1 0
AT21->AT26->AT22 : 1 5744 1894 1 0
AT22->AT21->AT26 : 1 5552 1624 1 0
AT26->AT22->AT21 : 1 5504 1960 1 0
AT20->AT26->AT22 : 1 4736 1552 1 0
AT21->AT34->AT31 : 1 4312 2816 1 0
AT26->AT22->AT19 : 1 3089.52 2185 1 0
AT34->AT31->AT29 : 1 1712 2728 1 0
AT31->AT29->AT29 : 1 540 2940 1 0
AT22->AT21->AT26->AT22 : 1 8099.2 2814 1 0
AT20->AT26->AT22->AT21 : 1 7552 2472 1 0
AT26->AT22->AT21->AT34 : 1 6912 3368 1 0
AT22->AT21->AT34->AT31 : 1 6667.2 3736 1 0
AT21->AT26->AT22->AT19 : 1 5905.52 2889 1 0
AT26->AT22->AT21->AT26 : 1 5884.8 2664 1 0
AT21->AT34->AT31->AT29 : 1 4528 4136 1 0
AT34->AT31->AT29->AT29 : 1 1948 4348 1 0
AT29->AT29->AT29->AT29 : 1 949 5235 1 0
AT31->AT29->AT29->AT29 : 1 786 4710 1 0
AT20->AT26->AT22->AT21->AT34 : 1 8960 3880 1 0
AT26->AT22->AT21->AT26->AT22 : 1 8432 3854 1 0
AT22->AT21->AT26->AT22->AT19 : 1 8260.72 3809 1 0
AT20->AT26->AT22->AT21->AT26 : 1 7932.8 3176 1 0
AT26->AT22->AT21->AT34->AT31 : 1 7000 4776 1 0
AT22->AT21->AT34->AT31->AT29 : 1 6883.2 5056 1 0
AT21->AT34->AT31->AT29->AT29 : 1 4764 5756 1 0
AT34->AT31->AT29->AT29->AT29 : 1 2194 6118 1 0
AT31->AT29->AT29->AT29->AT29 : 1 1037 6555 1 0
AT20->AT26->AT22->AT21->AT26->AT22 : 1 10480 4366 1 0
AT20->AT26->AT22->AT21->AT34->AT31 : 1 9048 5288 1 0
AT26->AT22->AT21->AT26->AT22->AT19 : 1 8593.52 4849 1 0
AT26->AT22->AT21->AT34->AT31->AT29 : 1 7216 6096 1 0
AT22->AT21->AT34->AT31->AT29->AT29 : 1 7119.2 6676 1 0
AT21->AT34->AT31->AT29->AT29->AT29 : 1 5010 7526 1 0
AT34->AT31->AT29->AT29->AT29->AT29 : 1 2445 7963 1 0
AT20->AT26->AT22->AT21->AT26->AT22->AT19 : 1 10641.5 5361 1 0
AT20->AT26->AT22->AT21->AT34->AT31->AT29 : 1 9264 6608 1 0
AT26->AT22->AT21->AT34->AT31->AT29->AT29 : 1 7452 7716 1 0
AT22->AT21->AT34->AT31->AT29->AT29->AT29 : 1 7365.2 8446 1 0
AT21->AT34->AT31->AT29->AT29->AT29->AT29 : 1 5261 9371 1 0
AT20->AT26->AT22->AT21->AT34->AT31->AT29->AT29 : 1 9500 8228 1 0
AT26->AT22->AT21->AT34->AT31->AT29->AT29->AT29 : 1 7698 9486 1 0
AT22->AT21->AT34->AT31->AT29->AT29->AT29->AT29 : 1 7616.2 10291 1 0
AT20->AT26->AT22->AT21->AT34->AT31->AT29->AT29->AT29 : 1 9746 9998 1 0
AT26->AT22->AT21->AT34->AT31->AT29->AT29->AT29->AT29 : 1 7949 11331 1 0
AT20->AT26->AT22->AT21->AT34->AT31->AT29->AT29->AT29->AT29 : 1 9997 11843 1 0
