Profile Result: 
AT15 : 1 4096 0 1 0
AT18 : 1 724.48 0 1 0
AT21 : 1 3174.4 0 1 0
AT22 : 3 8686.08 0 1 0
AT23 : 1 1612.8 0 1 0
AT26 : 1 457.6 0 1 0
AT28 : 1 201.6 0 1 0
NULL : 5 0 0 1 0
AT22->NULL : 5 14300.2 6041.6 1 0
NULL->NULL : 4 0 4505.49 1 0
NULL->AT22 : 3 8686.08 3072 1 0
AT15->AT22 : 1 7168 1600 1 0
AT22->AT21 : 1 6246.4 1200 1 0
AT21->AT23 : 1 4787.2 793.6 1 0
NULL->AT15 : 1 4096 1024 1 0
AT21->AT18 : 1 3898.88 1587.2 1 0
AT18->AT22 : 1 3484.16 1448.96 1 0
AT26->AT22 : 1 3312 1430 1 0
NULL->AT21 : 1 3174.4 1024 1 0
AT23->AT28 : 1 1814.4 1260 1 0
NULL->AT23 : 1 1612.8 1024 1 0
AT18->NULL : 1 724.48 1132 1 0
NULL->AT18 : 1 724.48 1024 1 0
AT28->AT26 : 1 659.2 1008 1 0
NULL->AT26 : 1 457.6 1024 1 0
AT15->AT22->AT21 : 1 10342.4 2800 1 0
AT22->AT21->AT23 : 1 7859.2 1993.6 1 0
AT22->AT21->AT18 : 1 6970.88 2787.2 1 0
AT21->AT18->AT22 : 1 6658.56 3036.16 1 0
AT21->AT23->AT28 : 1 4988.8 2053.6 1 0
AT28->AT26->AT22 : 1 3513.6 2438 1 0
AT23->AT28->AT26 : 1 2272 2268 1 0
AT15->AT22->AT21->AT23 : 1 11955.2 3593.6 1 0
AT15->AT22->AT21->AT18 : 1 11066.9 4387.2 1 0
AT22->AT21->AT18->AT22 : 1 9730.56 4236.16 1 0
AT22->AT21->AT23->AT28 : 1 8060.8 3253.6 1 0
AT21->AT23->AT28->AT26 : 1 5446.4 3061.6 1 0
AT23->AT28->AT26->AT22 : 1 5126.4 3698 1 0
AT15->AT22->AT21->AT18->AT22 : 1 13826.6 5836.16 1 0
AT15->AT22->AT21->AT23->AT28 : 1 12156.8 4853.6 1 0
AT22->AT21->AT23->AT28->AT26 : 1 8518.4 4261.6 1 0
AT21->AT23->AT28->AT26->AT22 : 1 8300.8 4491.6 1 0
AT15->AT22->AT21->AT23->AT28->AT26 : 1 12614.4 5861.6 1 0
AT22->AT21->AT23->AT28->AT26->AT22 : 1 11372.8 5691.6 1 0
AT15->AT22->AT21->AT23->AT28->AT26->AT22 : 1 15468.8 7291.6 1 0
