Profile Result: 
AT9 : 1 1194.67 0 1 0
AT18 : 1 681.813 0 1 0
AT19 : 1 167.147 0 1 0
AT21 : 2 5808.64 0 1 0
AT22 : 1 2674.35 0 1 0
AT23 : 1 1527.47 0 1 0
AT25 : 1 409.6 0 1 0
AT28 : 1 190.933 0 1 0
AT29 : 1 170.667 0 1 0
NULL : 5 0 0 1 0
NULL->NULL : 4 0 4299.48 1 0
AT21->NULL : 2 5951.14 1487.79 1 0
NULL->AT21 : 2 5808.64 2048 1 0
NULL->AT25 : 2 819.2 2048 1 0
AT22->AT21 : 1 5649.92 1044.67 1 0
AT21->AT23 : 1 4360.54 708.267 1 0
AT9->AT21 : 1 4027.74 933.333 1 0
AT21->AT18 : 1 3514.88 1416.53 1 0
AT18->AT22 : 1 3356.16 1363.63 1 0
AT22->NULL : 1 2674.35 1253.6 1 0
NULL->AT22 : 1 2674.35 1024 1 0
AT23->AT28 : 1 1718.4 1193.33 1 0
NULL->AT23 : 1 1527.47 1024 1 0
AT29->AT9 : 1 1365.34 1280 1 0
NULL->AT9 : 1 1194.67 1024 1 0
AT18->AT19 : 1 848.96 1065.33 1 0
NULL->AT18 : 1 681.813 1024 1 0
AT25->AT29 : 1 580.267 819.2 1 0
AT28->NULL : 1 190.933 954.667 1 0
NULL->AT29 : 1 170.667 1024 1 0
AT19->NULL : 1 167.147 1253.6 1 0
NULL->AT19 : 1 167.147 1024 1 0
AT18->AT22->AT21 : 1 6331.73 2408.3 1 0
AT21->AT18->AT22 : 1 6189.23 2780.16 1 0
AT9->AT21->AT23 : 1 5555.21 1641.6 1 0
AT9->AT21->AT18 : 1 4709.55 2349.86 1 0
AT21->AT23->AT28 : 1 4551.47 1901.6 1 0
AT29->AT9->AT21 : 1 4198.41 2213.33 1 0
AT21->AT18->AT19 : 1 3682.03 2481.86 1 0
AT25->AT29->AT9 : 1 1774.94 2099.2 1 0
AT21->AT18->AT22->AT21 : 1 9164.8 3824.83 1 0
AT9->AT21->AT18->AT22 : 1 7383.9 3713.49 1 0
AT9->AT21->AT23->AT28 : 1 5746.14 2834.93 1 0
AT29->AT9->AT21->AT23 : 1 5725.88 2921.6 1 0
AT29->AT9->AT21->AT18 : 1 4880.22 3629.86 1 0
AT9->AT21->AT18->AT19 : 1 4876.7 3415.19 1 0
AT25->AT29->AT9->AT21 : 1 4608.01 3032.53 1 0
AT9->AT21->AT18->AT22->AT21 : 1 10359.5 4758.16 1 0
AT29->AT9->AT21->AT18->AT22 : 1 7554.57 4993.49 1 0
AT25->AT29->AT9->AT21->AT23 : 1 6135.48 3740.8 1 0
AT29->AT9->AT21->AT23->AT28 : 1 5916.81 4114.93 1 0
AT25->AT29->AT9->AT21->AT18 : 1 5289.82 4449.06 1 0
AT29->AT9->AT21->AT18->AT19 : 1 5047.37 4695.19 1 0
AT29->AT9->AT21->AT18->AT22->AT21 : 1 10530.1 6038.16 1 0
AT25->AT29->AT9->AT21->AT18->AT22 : 1 7964.17 5812.69 1 0
AT25->AT29->AT9->AT21->AT23->AT28 : 1 6326.41 4934.13 1 0
AT25->AT29->AT9->AT21->AT18->AT19 : 1 5456.97 5514.39 1 0
AT25->AT29->AT9->AT21->AT18->AT22->AT21 : 1 10939.7 6857.36 1 0
