Profile Result: 
AT2 : 1 1167.36 0 1 0
AT17 : 1 358.72 0 1 0
AT18 : 1 717.44 0 1 0
AT19 : 2 335.44 0 1 0
AT21 : 1 2734.08 0 1 0
AT22 : 1 2191.36 0 1 0
AT23 : 2 3039.36 0 1 0
AT28 : 1 192.08 0 1 0
AT44 : 1 2621.44 0 1 0
NULL : 4 0 0 1 0
NULL->AT19 : 3 499.28 3072 1 0
NULL->NULL : 3 0 3046.01 1 0
NULL->AT23 : 2 3039.36 2048 1 0
AT22->AT21 : 1 4925.44 856 1 0
AT21->AT23 : 1 4236.8 683.52 1 0
AT44->AT2 : 1 3788.8 1228.8 1 0
AT21->AT18 : 1 3451.52 1367.04 1 0
AT2->AT22 : 1 3358.72 912 1 0
AT19->AT44 : 1 2785.28 1228.8 1 0
NULL->AT21 : 1 2734.08 1024 1 0
AT23->AT18 : 1 2220.16 1174 1 0
AT22->NULL : 1 2191.36 1027.2 1 0
NULL->AT22 : 1 2191.36 1024 1 0
AT17->AT23 : 1 1895.36 717.44 1 0
AT23->AT28 : 1 1728.72 1200.5 1 0
NULL->AT2 : 1 1167.36 1024 1 0
AT18->AT17 : 1 1076.16 1434.88 1 0
AT18->AT19 : 1 889.04 1121 1 0
AT17->NULL : 1 358.72 717.44 1 0
AT28->NULL : 1 192.08 960.4 1 0
AT19->NULL : 1 171.6 1287 1 0
AT22->AT21->AT23 : 1 6428.16 1539.52 1 0
AT2->AT22->AT21 : 1 6092.8 1768 1 0
AT44->AT2->AT22 : 1 5980.16 2140.8 1 0
AT22->AT21->AT18 : 1 5642.88 2223.04 1 0
AT21->AT23->AT18 : 1 4954.24 1857.52 1 0
AT19->AT44->AT2 : 1 3952.64 2457.6 1 0
AT21->AT18->AT17 : 1 3810.24 2801.92 1 0
AT21->AT18->AT19 : 1 3623.12 2488.04 1 0
AT18->AT17->AT23 : 1 2612.8 2152.32 1 0
AT23->AT18->AT17 : 1 2578.88 2608.88 1 0
AT23->AT18->AT19 : 1 2391.76 2295 1 0
AT17->AT23->AT28 : 1 2087.44 1917.94 1 0
AT44->AT2->AT22->AT21 : 1 8714.24 2996.8 1 0
AT2->AT22->AT21->AT23 : 1 7595.52 2451.52 1 0
AT22->AT21->AT23->AT18 : 1 7145.6 2713.52 1 0
AT2->AT22->AT21->AT18 : 1 6810.24 3135.04 1 0
AT19->AT44->AT2->AT22 : 1 6144 3369.6 1 0
AT22->AT21->AT18->AT17 : 1 6001.6 3657.92 1 0
AT22->AT21->AT18->AT19 : 1 5814.48 3344.04 1 0
AT21->AT18->AT17->AT23 : 1 5346.88 3519.36 1 0
AT21->AT23->AT18->AT17 : 1 5312.96 3292.4 1 0
AT21->AT23->AT18->AT19 : 1 5125.84 2978.52 1 0
AT23->AT18->AT17->AT23 : 1 4115.52 3326.32 1 0
AT18->AT17->AT23->AT28 : 1 2804.88 3352.82 1 0
AT44->AT2->AT22->AT21->AT23 : 1 10217 3680.32 1 0
AT44->AT2->AT22->AT21->AT18 : 1 9431.68 4363.84 1 0
AT19->AT44->AT2->AT22->AT21 : 1 8878.08 4225.6 1 0
AT2->AT22->AT21->AT23->AT18 : 1 8312.96 3625.52 1 0
AT22->AT21->AT18->AT17->AT23 : 1 7538.24 4375.36 1 0
AT22->AT21->AT23->AT18->AT17 : 1 7504.32 4148.4 1 0
AT22->AT21->AT23->AT18->AT19 : 1 7317.2 3834.52 1 0
AT2->AT22->AT21->AT18->AT17 : 1 7168.96 4569.92 1 0
AT2->AT22->AT21->AT18->AT19 : 1 6981.84 4256.04 1 0
AT21->AT23->AT18->AT17->AT23 : 1 6849.6 4009.84 1 0
AT21->AT18->AT17->AT23->AT28 : 1 5538.96 4719.86 1 0
AT23->AT18->AT17->AT23->AT28 : 1 4307.6 4526.82 1 0
AT44->AT2->AT22->AT21->AT23->AT18 : 1 10934.4 4854.32 1 0
AT19->AT44->AT2->AT22->AT21->AT23 : 1 10380.8 4909.12 1 0
AT44->AT2->AT22->AT21->AT18->AT17 : 1 9790.4 5798.72 1 0
AT44->AT2->AT22->AT21->AT18->AT19 : 1 9603.28 5484.84 1 0
AT19->AT44->AT2->AT22->AT21->AT18 : 1 9595.52 5592.64 1 0
AT22->AT21->AT23->AT18->AT17->AT23 : 1 9040.96 4865.84 1 0
AT2->AT22->AT21->AT18->AT17->AT23 : 1 8705.6 5287.36 1 0
AT2->AT22->AT21->AT23->AT18->AT17 : 1 8671.68 5060.4 1 0
AT2->AT22->AT21->AT23->AT18->AT19 : 1 8484.56 4746.52 1 0
AT22->AT21->AT18->AT17->AT23->AT28 : 1 7730.32 5575.86 1 0
AT21->AT23->AT18->AT17->AT23->AT28 : 1 7041.68 5210.34 1 0
AT44->AT2->AT22->AT21->AT18->AT17->AT23 : 1 11327 6516.16 1 0
AT44->AT2->AT22->AT21->AT23->AT18->AT17 : 1 11293.1 6289.2 1 0
AT44->AT2->AT22->AT21->AT23->AT18->AT19 : 1 11106 5975.32 1 0
AT19->AT44->AT2->AT22->AT21->AT23->AT18 : 1 11098.2 6083.12 1 0
AT2->AT22->AT21->AT23->AT18->AT17->AT23 : 1 10208.3 5777.84 1 0
AT19->AT44->AT2->AT22->AT21->AT18->AT17 : 1 9954.24 7027.52 1 0
AT19->AT44->AT2->AT22->AT21->AT18->AT19 : 1 9767.12 6713.64 1 0
AT22->AT21->AT23->AT18->AT17->AT23->AT28 : 1 9233.04 6066.34 1 0
AT2->AT22->AT21->AT18->AT17->AT23->AT28 : 1 8897.68 6487.86 1 0
AT44->AT2->AT22->AT21->AT23->AT18->AT17->AT23 : 1 12829.8 7006.64 1 0
AT44->AT2->AT22->AT21->AT18->AT17->AT23->AT28 : 1 11519.1 7716.66 1 0
AT19->AT44->AT2->AT22->AT21->AT18->AT17->AT23 : 1 11490.9 7744.96 1 0
AT19->AT44->AT2->AT22->AT21->AT23->AT18->AT17 : 1 11457 7518 1 0
AT19->AT44->AT2->AT22->AT21->AT23->AT18->AT19 : 1 11269.8 7204.12 1 0
AT2->AT22->AT21->AT23->AT18->AT17->AT23->AT28 : 1 10400.4 6978.34 1 0
AT44->AT2->AT22->AT21->AT23->AT18->AT17->AT23->AT28 : 1 13021.8 8207.14 1 0
AT19->AT44->AT2->AT22->AT21->AT23->AT18->AT17->AT23 : 1 12993.6 8235.44 1 0
AT19->AT44->AT2->AT22->AT21->AT18->AT17->AT23->AT28 : 1 11683 8945.46 1 0
AT19->AT44->AT2->AT22->AT21->AT23->AT18->AT17->AT23->AT28 : 1 13185.7 9435.94 1 0
