Profile Result: 
AT15 : 1 3072 0 1 0
AT21 : 2 6016 0 1 0
AT22 : 3 8038.4 0 1 0
AT23 : 1 1555.2 0 1 0
AT24 : 1 2944 0 1 0
AT26 : 2 857.6 0 1 0
AT29 : 1 224 0 1 0
AT31 : 1 96 0 1 0
AT34 : 1 1536 0 1 0
NULL : 5 0 0 1 0
AT22->NULL : 4 10598.4 4568 1 0
NULL->NULL : 4 0 4689.25 1 0
NULL->AT22 : 3 8038.4 3072 1 0
NULL->AT26 : 3 1318.4 3072 1 0
AT22->AT21 : 2 11494.4 2140 1 0
AT26->AT22 : 2 6336 2680 1 0
NULL->AT21 : 2 6016 2048 1 0
AT21->AT24 : 1 5888 1472 1 0
AT15->AT22 : 1 5632 1200 1 0
AT21->AT34 : 1 4608 1536 1 0
AT34->AT15 : 1 4608 768 1 0
AT21->AT23 : 1 4499.2 736 1 0
AT21->AT26 : 1 3468.8 768 1 0
AT24->NULL : 1 2944 1472 1 0
AT34->AT31 : 1 1632 1536 1 0
AT23->NULL : 1 1555.2 1215 1 0
NULL->AT23 : 1 1555.2 1024 1 0
AT31->AT29 : 1 320 1440 1 0
AT29->NULL : 1 224 1680 1 0
NULL->AT29 : 1 224 1024 1 0
AT26->AT22->AT21 : 2 12352 4820 1 0
AT22->AT21->AT24 : 1 8499.2 2492 1 0
AT21->AT34->AT15 : 1 7680 2304 1 0
AT22->AT21->AT34 : 1 7475.2 2656 1 0
AT34->AT15->AT22 : 1 7168 1968 1 0
AT22->AT21->AT23 : 1 7110.4 1756 1 0
AT22->AT21->AT26 : 1 6336 1888 1 0
AT21->AT26->AT22 : 1 6080 2008 1 0
AT21->AT34->AT31 : 1 4704 3072 1 0
AT34->AT31->AT29 : 1 1856 2976 1 0
AT22->AT21->AT34->AT15 : 1 10547.2 3424 1 0
AT21->AT34->AT15->AT22 : 1 10240 3504 1 0
AT21->AT26->AT22->AT21 : 1 9024 3028 1 0
AT22->AT21->AT26->AT22 : 1 8947.2 3128 1 0
AT26->AT22->AT21->AT24 : 1 8896 3732 1 0
AT26->AT22->AT21->AT34 : 1 7936 4096 1 0
AT22->AT21->AT34->AT31 : 1 7571.2 4192 1 0
AT26->AT22->AT21->AT23 : 1 7507.2 2996 1 0
AT26->AT22->AT21->AT26 : 1 6796.8 3328 1 0
AT21->AT34->AT31->AT29 : 1 4928 4512 1 0
AT22->AT21->AT34->AT15->AT22 : 1 13107.2 4624 1 0
AT21->AT26->AT22->AT21->AT24 : 1 11968 4500 1 0
AT22->AT21->AT26->AT22->AT21 : 1 11891.2 4148 1 0
AT26->AT22->AT21->AT34->AT15 : 1 11008 4864 1 0
AT21->AT26->AT22->AT21->AT23 : 1 10579.2 3764 1 0
AT26->AT22->AT21->AT26->AT22 : 1 9408 4568 1 0
AT26->AT22->AT21->AT34->AT31 : 1 8032 5632 1 0
AT22->AT21->AT34->AT31->AT29 : 1 7795.2 5632 1 0
AT22->AT21->AT26->AT22->AT21->AT24 : 1 14835.2 5620 1 0
AT26->AT22->AT21->AT34->AT15->AT22 : 1 13568 6064 1 0
AT22->AT21->AT26->AT22->AT21->AT23 : 1 13446.4 4884 1 0
AT26->AT22->AT21->AT26->AT22->AT21 : 1 12352 5588 1 0
AT26->AT22->AT21->AT34->AT31->AT29 : 1 8256 7072 1 0
AT26->AT22->AT21->AT26->AT22->AT21->AT24 : 1 15296 7060 1 0
AT26->AT22->AT21->AT26->AT22->AT21->AT23 : 1 13907.2 6324 1 0
