Profile Result: 
AT2 : 1 1167.36 0 1 0
AT19 : 1 163.84 0 1 0
AT21 : 2 5772.16 0 1 0
AT22 : 2 4990.72 0 1 0
AT23 : 1 1502.72 0 1 0
AT24 : 1 2734.08 0 1 0
AT26 : 1 443.84 0 1 0
AT28 : 1 187.84 0 1 0
AT31 : 1 85.44 0 1 0
AT44 : 1 2621.44 0 1 0
NULL : 4 0 0 1 0
NULL->NULL : 3 0 3333.01 1 0
AT22->AT21 : 2 10762.9 1949.5 1 0
NULL->AT21 : 2 5772.16 2048 1 0
AT22->NULL : 2 4990.72 2339.4 1 0
NULL->AT22 : 2 4990.72 2048 1 0
NULL->AT19 : 2 327.68 2048 1 0
AT21->AT24 : 1 5468.16 1367.04 1 0
AT21->AT23 : 1 4236.8 683.52 1 0
AT44->AT2 : 1 3788.8 1228.8 1 0
AT21->AT26 : 1 3481.92 759.52 1 0
AT2->AT22 : 1 3358.72 912 1 0
AT26->AT22 : 1 3243.2 1387 1 0
AT21->NULL : 1 3038.08 1519.04 1 0
AT24->AT31 : 1 2819.52 1367.04 1 0
AT19->AT44 : 1 2785.28 1228.8 1 0
AT23->AT28 : 1 1690.56 1174 1 0
NULL->AT23 : 1 1502.72 1024 1 0
NULL->AT2 : 1 1167.36 1024 1 0
AT28->AT26 : 1 631.68 939.2 1 0
AT31->NULL : 1 85.44 1281.6 1 0
AT22->AT21->AT24 : 1 7659.52 2223.04 1 0
AT22->AT21->AT23 : 1 6428.16 1539.52 1 0
AT26->AT22->AT21 : 1 6281.28 2480.5 1 0
AT22->AT21->AT26 : 1 6281.28 1853.02 1 0
AT21->AT26->AT22 : 1 6281.28 2146.52 1 0
AT2->AT22->AT21 : 1 6092.8 1768 1 0
AT44->AT2->AT22 : 1 5980.16 2140.8 1 0
AT21->AT24->AT31 : 1 5553.6 2734.08 1 0
AT21->AT23->AT28 : 1 4424.64 1857.52 1 0
AT19->AT44->AT2 : 1 3952.64 2457.6 1 0
AT28->AT26->AT22 : 1 3431.04 2326.2 1 0
AT23->AT28->AT26 : 1 2134.4 2113.2 1 0
AT2->AT22->AT21->AT24 : 1 8826.88 3135.04 1 0
AT44->AT2->AT22->AT21 : 1 8714.24 2996.8 1 0
AT22->AT21->AT24->AT31 : 1 7744.96 3590.08 1 0
AT2->AT22->AT21->AT23 : 1 7595.52 2451.52 1 0
AT22->AT21->AT23->AT28 : 1 6616 2713.52 1 0
AT28->AT26->AT22->AT21 : 1 6469.12 3419.7 1 0
AT19->AT44->AT2->AT22 : 1 6144 3369.6 1 0
AT23->AT28->AT26->AT22 : 1 4933.76 3500.2 1 0
AT21->AT23->AT28->AT26 : 1 4868.48 2796.72 1 0
AT44->AT2->AT22->AT21->AT24 : 1 11448.3 4363.84 1 0
AT44->AT2->AT22->AT21->AT23 : 1 10217 3680.32 1 0
AT2->AT22->AT21->AT24->AT31 : 1 8912.32 4502.08 1 0
AT19->AT44->AT2->AT22->AT21 : 1 8878.08 4225.6 1 0
AT23->AT28->AT26->AT22->AT21 : 1 7971.84 4593.7 1 0
AT2->AT22->AT21->AT23->AT28 : 1 7783.36 3625.52 1 0
AT21->AT23->AT28->AT26->AT22 : 1 7667.84 4183.72 1 0
AT22->AT21->AT23->AT28->AT26 : 1 7059.84 3652.72 1 0
AT19->AT44->AT2->AT22->AT21->AT24 : 1 11612.2 5592.64 1 0
AT44->AT2->AT22->AT21->AT24->AT31 : 1 11533.8 5730.88 1 0
AT21->AT23->AT28->AT26->AT22->AT21 : 1 10705.9 5277.22 1 0
AT44->AT2->AT22->AT21->AT23->AT28 : 1 10404.8 4854.32 1 0
AT19->AT44->AT2->AT22->AT21->AT23 : 1 10380.8 4909.12 1 0
AT22->AT21->AT23->AT28->AT26->AT22 : 1 9859.2 5039.72 1 0
AT2->AT22->AT21->AT23->AT28->AT26 : 1 8227.2 4564.72 1 0
AT22->AT21->AT23->AT28->AT26->AT22->AT21 : 1 12897.3 6133.22 1 0
AT19->AT44->AT2->AT22->AT21->AT24->AT31 : 1 11697.6 6959.68 1 0
AT2->AT22->AT21->AT23->AT28->AT26->AT22 : 1 11026.6 5951.72 1 0
AT44->AT2->AT22->AT21->AT23->AT28->AT26 : 1 10848.6 5793.52 1 0
AT19->AT44->AT2->AT22->AT21->AT23->AT28 : 1 10568.6 6083.12 1 0
AT2->AT22->AT21->AT23->AT28->AT26->AT22->AT21 : 1 14064.6 7045.22 1 0
AT44->AT2->AT22->AT21->AT23->AT28->AT26->AT22 : 1 13648 7180.52 1 0
AT19->AT44->AT2->AT22->AT21->AT23->AT28->AT26 : 1 11012.5 7022.32 1 0
AT44->AT2->AT22->AT21->AT23->AT28->AT26->AT22->AT21 : 1 16686.1 8274.02 1 0
AT19->AT44->AT2->AT22->AT21->AT23->AT28->AT26->AT22 : 1 13811.8 8409.32 1 0
AT19->AT44->AT2->AT22->AT21->AT23->AT28->AT26->AT22->AT21 : 1 16849.9 9502.82 1 0
