Profile Result: 
AT18 : 2 1276.32 0 1 0
AT19 : 1 154.88 0 1 0
AT21 : 2 5797.12 0 1 0
AT22 : 2 5040.64 0 1 0
AT24 : 1 2877.44 0 1 0
AT26 : 1 384.64 0 1 0
AT29 : 2 454.88 0 1 0
AT31 : 1 89.92 0 1 0
NULL : 5 0 0 1 0
NULL->NULL : 4 0 4585.6 1 0
NULL->AT18 : 3 1860 3072 1 0
AT22->AT21 : 2 10837.8 1969 1 0
NULL->AT21 : 2 5797.12 2048 1 0
AT22->NULL : 2 5040.64 2362.8 1 0
NULL->AT22 : 2 5040.64 2048 1 0
AT18->AT19 : 2 1586.08 1994.25 1 0
NULL->AT29 : 2 454.88 2048 1 0
AT21->AT24 : 1 5754.88 1438.72 1 0
AT21->AT18 : 1 3612.32 1459.84 1 0
AT21->AT26 : 1 3262.08 719.36 1 0
AT18->AT22 : 1 3061.76 1167.36 1 0
AT24->AT31 : 1 2967.36 1438.72 1 0
AT26->AT22 : 1 2947.2 1202 1 0
AT21->NULL : 1 2919.68 729.92 1 0
AT18->NULL : 1 692.64 1385.28 1 0
AT29->AT29 : 1 454.88 1634.4 1 0
NULL->AT26 : 1 384.64 1024 1 0
AT31->AT29 : 1 307.84 1348.8 1 0
AT29->NULL : 1 236.96 1777.2 1 0
AT19->NULL : 1 154.88 1161.6 1 0
AT22->AT21->AT24 : 1 8232.96 2406.72 1 0
AT22->AT21->AT18 : 1 6174.88 2460.84 1 0
AT18->AT22->AT21 : 1 5939.2 2135.36 1 0
AT26->AT22->AT21 : 1 5866.88 2203 1 0
AT21->AT24->AT31 : 1 5844.8 2877.44 1 0
AT21->AT26->AT22 : 1 5824.64 1921.36 1 0
AT22->AT21->AT26 : 1 5740.16 1687.36 1 0
AT21->AT18->AT19 : 1 3767.2 2542.09 1 0
AT24->AT31->AT29 : 1 3185.28 2787.52 1 0
AT31->AT29->AT29 : 1 544.8 2983.2 1 0
AT18->AT22->AT21->AT24 : 1 8816.64 3574.08 1 0
AT21->AT26->AT22->AT21 : 1 8744.32 2922.36 1 0
AT22->AT21->AT24->AT31 : 1 8322.88 3845.44 1 0
AT22->AT21->AT26->AT22 : 1 8302.72 2889.36 1 0
AT26->AT22->AT21->AT18 : 1 6559.52 3662.84 1 0
AT22->AT21->AT18->AT19 : 1 6329.76 3543.09 1 0
AT18->AT22->AT21->AT26 : 1 6323.84 2854.72 1 0
AT21->AT24->AT31->AT29 : 1 6062.72 4226.24 1 0
AT24->AT31->AT29->AT29 : 1 3422.24 4421.92 1 0
AT22->AT21->AT26->AT22->AT21 : 1 11222.4 3890.36 1 0
AT21->AT26->AT22->AT21->AT18 : 1 9436.96 4382.2 1 0
AT18->AT22->AT21->AT24->AT31 : 1 8906.56 5012.8 1 0
AT18->AT22->AT21->AT26->AT22 : 1 8886.4 4056.72 1 0
AT22->AT21->AT24->AT31->AT29 : 1 8540.8 5194.24 1 0
AT26->AT22->AT21->AT18->AT19 : 1 6714.4 4745.09 1 0
AT21->AT24->AT31->AT29->AT29 : 1 6299.68 5860.64 1 0
AT22->AT21->AT26->AT22->AT21->AT18 : 1 11915 5350.2 1 0
AT18->AT22->AT21->AT26->AT22->AT21 : 1 11806.1 5057.72 1 0
AT21->AT26->AT22->AT21->AT18->AT19 : 1 9591.84 5464.45 1 0
AT18->AT22->AT21->AT24->AT31->AT29 : 1 9124.48 6361.6 1 0
AT22->AT21->AT24->AT31->AT29->AT29 : 1 8777.76 6828.64 1 0
AT18->AT22->AT21->AT26->AT22->AT21->AT18 : 1 12498.7 6517.56 1 0
AT22->AT21->AT26->AT22->AT21->AT18->AT19 : 1 12069.9 6432.45 1 0
AT18->AT22->AT21->AT24->AT31->AT29->AT29 : 1 9361.44 7996 1 0
AT18->AT22->AT21->AT26->AT22->AT21->AT18->AT19 : 1 12653.6 7599.81 1 0
