Profile Result: 
AT9 : 1 1476.27 0 1 0
AT18 : 1 717.013 0 1 0
AT21 : 2 6064 0 1 0
AT22 : 2 5366.62 0 1 0
AT26 : 2 788.6 0 1 0
AT29 : 3 663.467 0 1 0
NULL : 6 0 0 1 0
NULL->NULL : 5 0 5491.95 1 0
NULL->AT29 : 4 859.734 4096 1 0
AT22->NULL : 3 8111.37 3587.77 1 0
AT21->AT26 : 2 6852.6 1516 1 0
NULL->AT21 : 2 6064 2048 1 0
NULL->AT22 : 2 5366.62 2048 1 0
AT29->AT29 : 2 889.6 3168 1 0
NULL->AT26 : 2 788.6 2048 1 0
AT22->AT21 : 1 5571.2 1024.17 1 0
AT9->AT21 : 1 4590.94 1153.33 1 0
AT21->AT18 : 1 3831.68 1557.33 1 0
AT18->AT22 : 1 3461.76 1434.03 1 0
AT26->AT22 : 1 3021.34 1248.33 1 0
AT21->NULL : 1 2949.33 1474.67 1 0
AT29->AT9 : 1 1717.34 1808 1 0
NULL->AT9 : 1 1476.27 1024 1 0
AT18->NULL : 1 717.013 1120.33 1 0
NULL->AT18 : 1 717.013 1024 1 0
AT26->NULL : 1 389.133 1216.04 1 0
AT21->AT18->AT22 : 1 6576.43 2991.36 1 0
AT21->AT26->AT22 : 1 6136.01 2027 1 0
AT26->AT22->AT21 : 1 5970.67 2272.5 1 0
AT22->AT21->AT26 : 1 5960.33 1761.5 1 0
AT9->AT21->AT18 : 1 5307.95 2710.66 1 0
AT9->AT21->AT26 : 1 4990.41 1932 1 0
AT29->AT9->AT21 : 1 4832.01 2961.33 1 0
AT29->AT29->AT9 : 1 1943.47 3504 1 0
AT29->AT29->AT29 : 1 663.467 3168 1 0
AT21->AT26->AT22->AT21 : 1 9085.34 3051.17 1 0
AT9->AT21->AT18->AT22 : 1 8052.7 4144.69 1 0
AT9->AT21->AT26->AT22 : 1 7612.28 3180.33 1 0
AT26->AT22->AT21->AT26 : 1 6359.8 3009.83 1 0
AT29->AT9->AT21->AT18 : 1 5549.02 4518.66 1 0
AT29->AT9->AT21->AT26 : 1 5231.47 3740 1 0
AT29->AT29->AT9->AT21 : 1 5058.14 4657.33 1 0
AT29->AT29->AT29->AT9 : 1 2139.74 4976 1 0
AT9->AT21->AT26->AT22->AT21 : 1 10561.6 4204.5 1 0
AT21->AT26->AT22->AT21->AT26 : 1 9474.47 3788.5 1 0
AT29->AT9->AT21->AT18->AT22 : 1 8293.77 5952.69 1 0
AT29->AT9->AT21->AT26->AT22 : 1 7853.34 4988.33 1 0
AT29->AT29->AT9->AT21->AT18 : 1 5775.15 6214.66 1 0
AT29->AT29->AT9->AT21->AT26 : 1 5457.61 5436 1 0
AT29->AT29->AT29->AT9->AT21 : 1 5254.41 6129.33 1 0
AT9->AT21->AT26->AT22->AT21->AT26 : 1 10950.7 4941.83 1 0
AT29->AT9->AT21->AT26->AT22->AT21 : 1 10802.7 6012.5 1 0
AT29->AT29->AT9->AT21->AT18->AT22 : 1 8519.9 7648.69 1 0
AT29->AT29->AT9->AT21->AT26->AT22 : 1 8079.48 6684.33 1 0
AT29->AT29->AT29->AT9->AT21->AT18 : 1 5971.42 7686.66 1 0
AT29->AT29->AT29->AT9->AT21->AT26 : 1 5653.87 6908 1 0
AT29->AT9->AT21->AT26->AT22->AT21->AT26 : 1 11191.8 6749.83 1 0
AT29->AT29->AT9->AT21->AT26->AT22->AT21 : 1 11028.8 7708.5 1 0
AT29->AT29->AT29->AT9->AT21->AT18->AT22 : 1 8716.17 9120.69 1 0
AT29->AT29->AT29->AT9->AT21->AT26->AT22 : 1 8275.74 8156.33 1 0
AT29->AT29->AT9->AT21->AT26->AT22->AT21->AT26 : 1 11417.9 8445.83 1 0
AT29->AT29->AT29->AT9->AT21->AT26->AT22->AT21 : 1 11225.1 9180.5 1 0
AT29->AT29->AT29->AT9->AT21->AT26->AT22->AT21->AT26 : 1 11614.2 9917.83 1 0
