Profile Result: 
AT17 : 1 409.6 0 1 0
AT21 : 1 2912.71 0 1 0
AT23 : 1 1638.4 0 1 0
AT27 : 1 102.4 0 1 0
AT28 : 2 364.089 0 1 0
AT29 : 2 384 0 1 0
AT30 : 1 637.156 0 1 0
NULL : 4 0 0 1 0
NULL->NULL : 3 0 2979.91 1 0
AT21->NULL : 2 5825.42 1456.36 1 0
NULL->AT30 : 2 1274.31 2048 1 0
NULL->AT29 : 2 384 2048 1 0
AT30->AT21 : 1 3549.87 995.556 1 0
NULL->AT21 : 1 2912.71 1024 1 0
AT17->AT23 : 1 2048 819.2 1 0
AT23->AT28 : 1 1843.2 1280 1 0
NULL->AT23 : 1 1638.4 1024 1 0
AT28->AT30 : 1 841.956 1024 1 0
AT30->AT28 : 1 796.445 995.556 1 0
AT27->AT17 : 1 512 1638.4 1 0
AT17->NULL : 1 409.6 819.2 1 0
AT29->AT29 : 1 384 1280 1 0
AT27->AT29 : 1 273.067 819.2 1 0
AT29->NULL : 1 213.333 1600 1 0
AT28->NULL : 1 159.289 796.444 1 0
NULL->AT27 : 1 102.4 1024 1 0
AT28->AT30->AT21 : 1 3754.67 2019.56 1 0
AT23->AT28->AT30 : 1 2480.36 2304 1 0
AT17->AT23->AT28 : 1 2252.8 2099.2 1 0
AT27->AT17->AT23 : 1 2150.4 2457.6 1 0
AT28->AT30->AT28 : 1 1001.24 2019.56 1 0
AT27->AT29->AT29 : 1 486.4 2099.2 1 0
AT23->AT28->AT30->AT21 : 1 5393.07 3299.56 1 0
AT17->AT23->AT28->AT30 : 1 2889.96 3123.2 1 0
AT23->AT28->AT30->AT28 : 1 2639.64 3299.56 1 0
AT27->AT17->AT23->AT28 : 1 2355.2 3737.6 1 0
AT17->AT23->AT28->AT30->AT21 : 1 5802.67 4118.76 1 0
AT17->AT23->AT28->AT30->AT28 : 1 3049.24 4118.76 1 0
AT27->AT17->AT23->AT28->AT30 : 1 2992.36 4761.6 1 0
AT27->AT17->AT23->AT28->AT30->AT21 : 1 5905.07 5757.16 1 0
AT27->AT17->AT23->AT28->AT30->AT28 : 1 3151.65 5757.16 1 0
