Profile Result: 
AT18 : 1 665.6 0 1 0
AT19 : 1 163.36 0 1 0
AT21 : 1 2969.6 0 1 0
AT22 : 2 5227.52 0 1 0
AT24 : 1 2969.6 0 1 0
AT26 : 1 390.4 0 1 0
AT29 : 1 220.8 0 1 0
AT31 : 1 92.8 0 1 0
AT33 : 1 102.4 0 1 0
AT44 : 1 2641.92 0 1 0
NULL : 3 0 0 1 0
AT22->AT19 : 2 5554.24 2042 1 0
NULL->AT22 : 2 5227.52 2048 1 0
NULL->NULL : 2 0 2356.9 1 0
AT21->AT24 : 1 5939.2 1484.8 1 0
AT22->AT44 : 1 5283.84 1238.4 1 0
AT18->AT21 : 1 3635.2 1040 1 0
AT21->AT26 : 1 3360 742.4 1 0
AT18->AT22 : 1 3307.52 1331.2 1 0
AT24->AT31 : 1 3062.4 1484.8 1 0
AT26->AT22 : 1 2976 1220 1 0
NULL->AT21 : 1 2969.6 1024 1 0
AT44->NULL : 1 2641.92 1238.4 1 0
AT22->NULL : 1 2585.6 1212 1 0
AT33->AT18 : 1 768 1280 1 0
NULL->AT18 : 1 665.6 1024 1 0
NULL->AT26 : 1 390.4 1024 1 0
AT31->AT29 : 1 313.6 1392 1 0
AT29->NULL : 1 220.8 1656 1 0
NULL->AT29 : 1 220.8 1024 1 0
AT19->NULL : 1 163.36 1225.2 1 0
NULL->AT33 : 1 102.4 1024 1 0
AT18->AT21->AT24 : 1 6604.8 2524.8 1 0
AT21->AT24->AT31 : 1 6032 2969.6 1 0
AT18->AT22->AT44 : 1 5949.44 2569.6 1 0
AT21->AT26->AT22 : 1 5945.6 1962.4 1 0
AT18->AT21->AT26 : 1 4025.6 1782.4 1 0
AT33->AT18->AT21 : 1 3737.6 2320 1 0
AT18->AT22->AT19 : 1 3470.88 2363.2 1 0
AT33->AT18->AT22 : 1 3409.92 2611.2 1 0
AT24->AT31->AT29 : 1 3283.2 2876.8 1 0
AT26->AT22->AT19 : 1 3139.36 2230 1 0
AT33->AT18->AT21->AT24 : 1 6707.2 3804.8 1 0
AT18->AT21->AT24->AT31 : 1 6697.6 4009.6 1 0
AT18->AT21->AT26->AT22 : 1 6611.2 3002.4 1 0
AT21->AT24->AT31->AT29 : 1 6252.8 4361.6 1 0
AT21->AT26->AT22->AT19 : 1 6108.96 2972.4 1 0
AT33->AT18->AT22->AT44 : 1 6051.84 3849.6 1 0
AT33->AT18->AT21->AT26 : 1 4128 3062.4 1 0
AT33->AT18->AT22->AT19 : 1 3573.28 3643.2 1 0
AT18->AT21->AT24->AT31->AT29 : 1 6918.4 5401.6 1 0
AT33->AT18->AT21->AT24->AT31 : 1 6800 5289.6 1 0
AT18->AT21->AT26->AT22->AT19 : 1 6774.56 4012.4 1 0
AT33->AT18->AT21->AT26->AT22 : 1 6713.6 4282.4 1 0
AT33->AT18->AT21->AT24->AT31->AT29 : 1 7020.8 6681.6 1 0
AT33->AT18->AT21->AT26->AT22->AT19 : 1 6876.96 5292.4 1 0
