Profile Result: 
AT18 : 1 711.68 0 1 0
AT21 : 1 3072 0 1 0
AT22 : 2 5712.21 0 1 0
AT26 : 2 857.6 0 1 0
AT27 : 1 78.6133 0 1 0
AT29 : 1 146.88 0 1 0
AT32 : 1 1257.81 0 1 0
NULL : 5 0 0 1 0
NULL->NULL : 4 0 4367.41 1 0
AT22->NULL : 3 8557.22 3566.66 1 0
NULL->AT26 : 3 1318.4 3072 1 0
AT26->AT22 : 2 6569.81 2680 1 0
AT22->AT21 : 1 5939.2 1120 1 0
AT21->AT18 : 1 3783.68 1536 1 0
AT21->AT26 : 1 3468.8 768 1 0
NULL->AT21 : 1 3072 1024 1 0
AT27->AT22 : 1 2923.62 1257.81 1 0
NULL->AT22 : 1 2867.2 1024 1 0
AT18->AT32 : 1 1969.49 1423.36 1 0
AT32->AT27 : 1 1336.42 786.133 1 0
AT32->NULL : 1 1257.81 982.667 1 0
NULL->AT32 : 1 1257.81 1024 1 0
AT18->NULL : 1 711.68 1112 1 0
NULL->AT18 : 1 711.68 1024 1 0
AT27->AT29 : 1 225.493 628.907 1 0
AT29->NULL : 1 146.88 1101.6 1 0
NULL->AT29 : 1 146.88 1024 1 0
AT22->AT21->AT18 : 1 6650.88 2656 1 0
AT26->AT22->AT21 : 1 6400 2560 1 0
AT22->AT21->AT26 : 1 6336 1888 1 0
AT21->AT26->AT22 : 1 6313.81 2008 1 0
AT21->AT18->AT32 : 1 5041.49 2959.36 1 0
AT32->AT27->AT22 : 1 4181.43 2043.94 1 0
AT18->AT32->AT27 : 1 2048.1 2209.49 1 0
AT32->AT27->AT29 : 1 1483.3 1415.04 1 0
AT22->AT21->AT26->AT22 : 1 9181.01 3128 1 0
AT22->AT21->AT18->AT32 : 1 7908.69 4079.36 1 0
AT26->AT22->AT21->AT18 : 1 7111.68 4096 1 0
AT26->AT22->AT21->AT26 : 1 6796.8 3328 1 0
AT21->AT18->AT32->AT27 : 1 5120.1 3745.49 1 0
AT18->AT32->AT27->AT22 : 1 4893.11 3467.3 1 0
AT18->AT32->AT27->AT29 : 1 2194.98 2838.4 1 0
AT26->AT22->AT21->AT26->AT22 : 1 9641.81 4568 1 0
AT26->AT22->AT21->AT18->AT32 : 1 8369.49 5519.36 1 0
AT22->AT21->AT18->AT32->AT27 : 1 7987.3 4865.49 1 0
AT21->AT18->AT32->AT27->AT22 : 1 7965.11 5003.3 1 0
AT21->AT18->AT32->AT27->AT29 : 1 5266.98 4374.4 1 0
AT22->AT21->AT18->AT32->AT27->AT22 : 1 10832.3 6123.3 1 0
AT26->AT22->AT21->AT18->AT32->AT27 : 1 8448.1 6305.49 1 0
AT22->AT21->AT18->AT32->AT27->AT29 : 1 8134.18 5494.4 1 0
AT26->AT22->AT21->AT18->AT32->AT27->AT22 : 1 11293.1 7563.3 1 0
AT26->AT22->AT21->AT18->AT32->AT27->AT29 : 1 8594.98 6934.4 1 0
