Profile Result: 
AT18 : 1 702.08 0 1 0
AT20 : 1 2048 0 1 0
AT21 : 1 2995.2 0 1 0
AT22 : 2 5529.81 0 1 0
AT23 : 1 1331.2 0 1 0
AT26 : 2 814.4 0 1 0
AT27 : 1 78.0133 0 1 0
AT28 : 1 166.4 0 1 0
AT29 : 2 347.42 0 1 0
AT32 : 1 1248.21 0 1 0
NULL : 5 0 0 1 0
NULL->NULL : 4 0 4423.58 1 0
AT22->NULL : 3 8346.02 3472.16 1 0
AT26->AT22 : 2 6344.21 2545 1 0
NULL->AT26 : 2 814.4 2048 1 0
NULL->AT29 : 2 347.42 2048 1 0
AT22->AT21 : 1 5708.8 1060 1 0
AT21->AT18 : 1 3697.28 1497.6 1 0
AT21->AT26 : 1 3387.2 748.8 1 0
AT20->AT23 : 1 3379.2 512 1 0
NULL->AT21 : 1 2995.2 1024 1 0
AT27->AT22 : 1 2894.22 1248.21 1 0
NULL->AT22 : 1 2713.6 1024 1 0
NULL->AT20 : 1 2048 1024 1 0
AT18->AT32 : 1 1950.29 1404.16 1 0
AT23->AT28 : 1 1497.6 1040 1 0
NULL->AT23 : 1 1331.2 1024 1 0
AT32->AT27 : 1 1326.22 780.133 1 0
AT32->NULL : 1 1248.21 975.167 1 0
NULL->AT32 : 1 1248.21 1024 1 0
AT18->NULL : 1 702.08 1097 1 0
NULL->AT18 : 1 702.08 1024 1 0
AT28->AT26 : 1 588.8 832 1 0
AT29->AT29 : 1 347.42 1097.1 1 0
AT27->AT29 : 1 224.293 624.107 1 0
AT29->NULL : 1 201.14 1508.55 1 0
AT22->AT21->AT18 : 1 6410.88 2557.6 1 0
AT21->AT26->AT22 : 1 6203.41 1973.8 1 0
AT26->AT22->AT21 : 1 6131.2 2380 1 0
AT22->AT21->AT26 : 1 6100.8 1808.8 1 0
AT21->AT18->AT32 : 1 4945.49 2901.76 1 0
AT32->AT27->AT22 : 1 4142.43 2028.34 1 0
AT20->AT23->AT28 : 1 3545.6 1552 1 0
AT28->AT26->AT22 : 1 3302.4 2152 1 0
AT18->AT32->AT27 : 1 2028.3 2184.29 1 0
AT23->AT28->AT26 : 1 1920 1872 1 0
AT32->AT27->AT29 : 1 1472.5 1404.24 1 0
AT27->AT29->AT29 : 1 425.433 1721.21 1 0
AT22->AT21->AT26->AT22 : 1 8917.01 3033.8 1 0
AT22->AT21->AT18->AT32 : 1 7659.09 3961.76 1 0
AT26->AT22->AT21->AT18 : 1 6833.28 3877.6 1 0
AT26->AT22->AT21->AT26 : 1 6523.2 3128.8 1 0
AT28->AT26->AT22->AT21 : 1 6297.6 3212 1 0
AT21->AT18->AT32->AT27 : 1 5023.5 3681.89 1 0
AT18->AT32->AT27->AT22 : 1 4844.51 3432.5 1 0
AT23->AT28->AT26->AT22 : 1 4633.6 3192 1 0
AT20->AT23->AT28->AT26 : 1 3968 2384 1 0
AT18->AT32->AT27->AT29 : 1 2174.58 2808.4 1 0
AT32->AT27->AT29->AT29 : 1 1673.64 2501.34 1 0
AT26->AT22->AT21->AT26->AT22 : 1 9339.41 4353.8 1 0
AT26->AT22->AT21->AT18->AT32 : 1 8081.49 5281.76 1 0
AT21->AT18->AT32->AT27->AT22 : 1 7839.71 4930.1 1 0
AT22->AT21->AT18->AT32->AT27 : 1 7737.1 4741.89 1 0
AT23->AT28->AT26->AT22->AT21 : 1 7628.8 4252 1 0
AT28->AT26->AT22->AT21->AT18 : 1 6999.68 4709.6 1 0
AT28->AT26->AT22->AT21->AT26 : 1 6689.6 3960.8 1 0
AT20->AT23->AT28->AT26->AT22 : 1 6681.6 3704 1 0
AT21->AT18->AT32->AT27->AT29 : 1 5169.78 4306 1 0
AT18->AT32->AT27->AT29->AT29 : 1 2375.72 3905.5 1 0
AT22->AT21->AT18->AT32->AT27->AT22 : 1 10553.3 5990.1 1 0
AT20->AT23->AT28->AT26->AT22->AT21 : 1 9676.8 4764 1 0
AT28->AT26->AT22->AT21->AT26->AT22 : 1 9505.81 5185.8 1 0
AT23->AT28->AT26->AT22->AT21->AT18 : 1 8330.88 5749.6 1 0
AT28->AT26->AT22->AT21->AT18->AT32 : 1 8247.89 6113.76 1 0
AT26->AT22->AT21->AT18->AT32->AT27 : 1 8159.5 6061.89 1 0
AT23->AT28->AT26->AT22->AT21->AT26 : 1 8020.8 5000.8 1 0
AT22->AT21->AT18->AT32->AT27->AT29 : 1 7883.38 5366 1 0
AT21->AT18->AT32->AT27->AT29->AT29 : 1 5370.92 5403.1 1 0
AT26->AT22->AT21->AT18->AT32->AT27->AT22 : 1 10975.7 7310.1 1 0
AT23->AT28->AT26->AT22->AT21->AT26->AT22 : 1 10837 6225.8 1 0
AT20->AT23->AT28->AT26->AT22->AT21->AT18 : 1 10378.9 6261.6 1 0
AT20->AT23->AT28->AT26->AT22->AT21->AT26 : 1 10068.8 5512.8 1 0
AT23->AT28->AT26->AT22->AT21->AT18->AT32 : 1 9579.09 7153.76 1 0
AT28->AT26->AT22->AT21->AT18->AT32->AT27 : 1 8325.9 6893.89 1 0
AT26->AT22->AT21->AT18->AT32->AT27->AT29 : 1 8305.78 6686 1 0
AT22->AT21->AT18->AT32->AT27->AT29->AT29 : 1 8084.52 6463.1 1 0
AT20->AT23->AT28->AT26->AT22->AT21->AT26->AT22 : 1 12885 6737.8 1 0
AT20->AT23->AT28->AT26->AT22->AT21->AT18->AT32 : 1 11627.1 7665.76 1 0
AT28->AT26->AT22->AT21->AT18->AT32->AT27->AT22 : 1 11142.1 8142.1 1 0
AT23->AT28->AT26->AT22->AT21->AT18->AT32->AT27 : 1 9657.1 7933.89 1 0
AT26->AT22->AT21->AT18->AT32->AT27->AT29->AT29 : 1 8506.92 7783.1 1 0
AT28->AT26->AT22->AT21->AT18->AT32->AT27->AT29 : 1 8472.18 7518 1 0
AT23->AT28->AT26->AT22->AT21->AT18->AT32->AT27->AT22 : 1 12473.3 9182.1 1 0
AT20->AT23->AT28->AT26->AT22->AT21->AT18->AT32->AT27 : 1 11705.1 8445.89 1 0
AT23->AT28->AT26->AT22->AT21->AT18->AT32->AT27->AT29 : 1 9803.38 8558 1 0
AT28->AT26->AT22->AT21->AT18->AT32->AT27->AT29->AT29 : 1 8673.32 8615.1 1 0
AT20->AT23->AT28->AT26->AT22->AT21->AT18->AT32->AT27->AT22 : 1 14521.3 9694.1 1 0
AT20->AT23->AT28->AT26->AT22->AT21->AT18->AT32->AT27->AT29 : 1 11851.4 9070 1 0
AT23->AT28->AT26->AT22->AT21->AT18->AT32->AT27->AT29->AT29 : 1 10004.5 9655.1 1 0
AT20->AT23->AT28->AT26->AT22->AT21->AT18->AT32->AT27->AT29->AT29 : 1 12052.5 10167.1 1 0
