Profile Result: 
AT13 : 1 99.2 0 1 0
AT16 : 1 90.56 0 1 0
AT21 : 1 3072 0 1 0
AT22 : 2 5478.4 0 1 0
AT24 : 1 3072 0 1 0
AT26 : 2 857.6 0 1 0
AT35 : 1 181.12 0 1 0
NULL : 5 0 0 1 0
NULL->NULL : 4 0 4348.66 1 0
AT22->NULL : 3 8089.6 3384 1 0
NULL->AT26 : 3 1318.4 3072 1 0
AT26->AT22 : 2 6336 2680 1 0
NULL->AT22 : 2 5478.4 2048 1 0
AT21->AT24 : 1 6144 1536 1 0
AT22->AT21 : 1 5939.2 1120 1 0
AT21->AT26 : 1 3468.8 768 1 0
AT24->AT13 : 1 3171.2 1536 1 0
NULL->AT21 : 1 3072 1024 1 0
AT13->AT35 : 1 280.32 793.6 1 0
AT35->AT16 : 1 271.68 905.6 1 0
AT35->NULL : 1 181.12 1358.4 1 0
NULL->AT35 : 1 181.12 1024 1 0
AT13->NULL : 1 99.2 793.6 1 0
NULL->AT13 : 1 99.2 1024 1 0
AT16->NULL : 1 90.56 1132 1 0
AT22->AT21->AT24 : 1 9011.2 2656 1 0
AT26->AT22->AT21 : 1 6400 2560 1 0
AT22->AT21->AT26 : 1 6336 1888 1 0
AT21->AT24->AT13 : 1 6243.2 3072 1 0
AT21->AT26->AT22 : 1 6080 2008 1 0
AT24->AT13->AT35 : 1 3352.32 2329.6 1 0
AT13->AT35->AT16 : 1 370.88 1699.2 1 0
AT26->AT22->AT21->AT24 : 1 9472 4096 1 0
AT22->AT21->AT24->AT13 : 1 9110.4 4192 1 0
AT22->AT21->AT26->AT22 : 1 8947.2 3128 1 0
AT26->AT22->AT21->AT26 : 1 6796.8 3328 1 0
AT21->AT24->AT13->AT35 : 1 6424.32 3865.6 1 0
AT24->AT13->AT35->AT16 : 1 3442.88 3235.2 1 0
AT26->AT22->AT21->AT24->AT13 : 1 9571.2 5632 1 0
AT26->AT22->AT21->AT26->AT22 : 1 9408 4568 1 0
AT22->AT21->AT24->AT13->AT35 : 1 9291.52 4985.6 1 0
AT21->AT24->AT13->AT35->AT16 : 1 6514.88 4771.2 1 0
AT26->AT22->AT21->AT24->AT13->AT35 : 1 9752.32 6425.6 1 0
AT22->AT21->AT24->AT13->AT35->AT16 : 1 9382.08 5891.2 1 0
AT26->AT22->AT21->AT24->AT13->AT35->AT16 : 1 9842.88 7331.2 1 0
