Profile Result: 
AT19 : 1 155.401 0 1 0
AT21 : 1 2980.98 0 1 0
AT22 : 1 2588.44 0 1 0
AT23 : 1 1843.2 0 1 0
AT24 : 1 2980.98 0 1 0
AT26 : 2 794.074 0 1 0
AT28 : 3 545.185 0 1 0
AT29 : 2 459.734 0 1 0
AT30 : 2 1259.14 0 1 0
AT31 : 1 93.1556 0 1 0
NULL : 5 0 0 1 0
NULL->AT30 : 4 2518.28 4096 1 0
NULL->NULL : 4 0 4428.86 1 0
NULL->AT23 : 2 3686.4 2048 1 0
AT28->AT30 : 2 1657.36 1991.11 1 0
AT30->AT28 : 2 1573.93 1967.41 1 0
NULL->AT26 : 2 794.074 2048 1 0
NULL->AT29 : 2 459.734 2048 1 0
AT21->AT24 : 1 5961.96 1490.49 1 0
AT30->AT21 : 1 3652.27 1048.89 1 0
AT21->AT26 : 1 3372.09 745.244 1 0
AT24->AT31 : 1 3074.14 1490.49 1 0
NULL->AT21 : 1 2980.98 1024 1 0
AT26->AT22 : 1 2979.55 1222.22 1 0
AT22->AT19 : 1 2743.84 1011.11 1 0
AT22->NULL : 1 2588.44 1213.33 1 0
NULL->AT22 : 1 2588.44 1024 1 0
AT23->AT28 : 1 2073.6 1440 1 0
AT30->AT19 : 1 743.253 918.519 1 0
AT28->AT26 : 1 549.926 734.815 1 0
AT29->AT29 : 1 459.734 1658.67 1 0
AT26->NULL : 1 402.963 1259.26 1 0
AT31->AT29 : 1 314.312 1397.33 1 0
AT29->NULL : 1 238.578 1789.33 1 0
AT19->NULL : 1 155.401 1165.51 1 0
AT28->AT30->AT28 : 2 1972.15 3958.52 1 0
AT30->AT21->AT24 : 1 6633.25 2539.38 1 0
AT21->AT24->AT31 : 1 6055.12 2980.98 1 0
AT21->AT26->AT22 : 1 5960.53 1967.46 1 0
AT30->AT21->AT26 : 1 4043.38 1794.13 1 0
AT28->AT30->AT21 : 1 3882.67 2200.89 1 0
AT24->AT31->AT29 : 1 3295.29 2887.82 1 0
AT26->AT22->AT19 : 1 3134.95 2233.33 1 0
AT23->AT28->AT30 : 1 2744.89 2592 1 0
AT30->AT28->AT30 : 1 1426.96 1888 1 0
AT30->AT28->AT26 : 1 1137.78 1653.33 1 0
AT28->AT30->AT19 : 1 911.075 1757.63 1 0
AT31->AT29->AT29 : 1 552.89 3056 1 0
AT28->AT30->AT21->AT24 : 1 6863.65 3691.38 1 0
AT30->AT21->AT24->AT31 : 1 6726.4 4029.87 1 0
AT30->AT21->AT26->AT22 : 1 6631.82 3016.35 1 0
AT21->AT24->AT31->AT29 : 1 6276.27 4378.31 1 0
AT21->AT26->AT22->AT19 : 1 6115.93 2978.57 1 0
AT23->AT28->AT30->AT21 : 1 5725.87 3640.89 1 0
AT28->AT30->AT21->AT26 : 1 4273.78 2946.13 1 0
AT24->AT31->AT29->AT29 : 1 3533.87 4546.49 1 0
AT23->AT28->AT30->AT28 : 1 2912.71 3640.89 1 0
AT28->AT30->AT28->AT30 : 1 1657.36 3040 1 0
AT30->AT28->AT30->AT19 : 1 1582.36 2806.52 1 0
AT30->AT28->AT30->AT28 : 1 1573.93 2806.52 1 0
AT28->AT30->AT28->AT26 : 1 1305.6 2492.45 1 0
AT23->AT28->AT30->AT21->AT24 : 1 8706.85 5131.38 1 0
AT28->AT30->AT21->AT24->AT31 : 1 6956.8 5181.87 1 0
AT30->AT21->AT24->AT31->AT29 : 1 6947.56 5427.2 1 0
AT28->AT30->AT21->AT26->AT22 : 1 6862.22 4168.35 1 0
AT30->AT21->AT26->AT22->AT19 : 1 6787.22 4027.46 1 0
AT21->AT24->AT31->AT29->AT29 : 1 6514.85 6036.98 1 0
AT23->AT28->AT30->AT21->AT26 : 1 6116.98 4386.13 1 0
AT23->AT28->AT30->AT28->AT30 : 1 3500.56 4480 1 0
AT30->AT28->AT30->AT28->AT26 : 1 1976.89 3541.34 1 0
AT28->AT30->AT28->AT30->AT19 : 1 1812.76 3958.52 1 0
AT28->AT30->AT28->AT30->AT28 : 1 1804.33 3958.52 1 0
AT23->AT28->AT30->AT21->AT24->AT31 : 1 8800 6621.87 1 0
AT23->AT28->AT30->AT21->AT26->AT22 : 1 8705.42 5608.35 1 0
AT30->AT21->AT24->AT31->AT29->AT29 : 1 7186.14 7085.87 1 0
AT28->AT30->AT21->AT24->AT31->AT29 : 1 7177.96 6579.2 1 0
AT28->AT30->AT21->AT26->AT22->AT19 : 1 7017.62 5179.46 1 0
AT23->AT28->AT30->AT28->AT30->AT19 : 1 3655.96 5398.52 1 0
AT23->AT28->AT30->AT28->AT30->AT28 : 1 3647.53 5398.52 1 0
AT28->AT30->AT28->AT30->AT28->AT26 : 1 2207.29 4693.34 1 0
AT23->AT28->AT30->AT21->AT24->AT31->AT29 : 1 9021.16 8019.2 1 0
AT23->AT28->AT30->AT21->AT26->AT22->AT19 : 1 8860.82 6619.46 1 0
AT28->AT30->AT21->AT24->AT31->AT29->AT29 : 1 7416.54 8237.87 1 0
AT23->AT28->AT30->AT28->AT30->AT28->AT26 : 1 4050.49 6133.34 1 0
AT23->AT28->AT30->AT21->AT24->AT31->AT29->AT29 : 1 9259.74 9677.87 1 0
