Profile Result: 
AT16 : 1 97.56 0 1 0
AT17 : 1 452.8 0 1 0
AT22 : 1 2910.4 0 1 0
AT23 : 1 1724.8 0 1 0
AT24 : 1 2048 0 1 0
AT26 : 1 471.6 0 1 0
AT28 : 1 215.6 0 1 0
AT29 : 5 1130.4 0 1 0
AT31 : 1 64 0 1 0
AT35 : 1 195.12 0 1 0
AT39 : 1 226.4 0 1 0
NULL : 5 0 0 1 0
NULL->AT29 : 4 904 4096 1 0
NULL->NULL : 4 0 4831.59 1 0
AT29->AT29 : 3 1368 4920 1 0
AT22->NULL : 2 5820.8 2501.13 1 0
AT39->AT29 : 2 905.6 1811.2 1 0
AT26->AT22 : 1 3382 1473.75 1 0
NULL->AT22 : 1 2910.4 1024 1 0
AT17->AT23 : 1 2177.6 905.6 1 0
AT24->AT31 : 1 2112 1024 1 0
NULL->AT24 : 1 2048 1024 1 0
AT23->AT28 : 1 1940.4 1347.5 1 0
NULL->AT23 : 1 1724.8 1024 1 0
AT28->AT26 : 1 687.2 1078 1 0
AT39->AT17 : 1 679.2 1811.2 1 0
AT17->AT35 : 1 647.92 905.6 1 0
AT29->AT39 : 1 474.4 1860 1 0
NULL->AT26 : 1 471.6 1024 1 0
AT35->AT16 : 1 292.68 975.6 1 0
AT31->AT29 : 1 256 960 1 0
AT29->NULL : 1 226.4 1698 1 0
NULL->AT39 : 1 226.4 1024 1 0
AT35->NULL : 1 195.12 1463.4 1 0
NULL->AT35 : 1 195.12 1024 1 0
AT16->NULL : 1 97.56 1219.5 1 0
AT29->AT39->AT29 : 2 1401.6 5531.2 1 0
AT29->AT29->AT29 : 2 1368 6600 1 0
AT28->AT26->AT22 : 1 3597.6 2551.75 1 0
AT23->AT28->AT26 : 1 2412 2425.5 1 0
AT39->AT17->AT23 : 1 2404 2716.8 1 0
AT17->AT23->AT28 : 1 2393.2 2253.1 1 0
AT24->AT31->AT29 : 1 2304 1984 1 0
AT29->AT39->AT17 : 1 927.2 3671.2 1 0
AT39->AT17->AT35 : 1 874.32 2716.8 1 0
AT17->AT35->AT16 : 1 745.48 1881.2 1 0
AT29->AT29->AT39 : 1 714.4 3660 1 0
AT31->AT29->AT29 : 1 480 2400 1 0
AT29->AT29->AT39->AT29 : 2 1881.6 9131.2 1 0
AT23->AT28->AT26->AT22 : 1 5322.4 3899.25 1 0
AT17->AT23->AT28->AT26 : 1 2864.8 3331.1 1 0
AT29->AT39->AT17->AT23 : 1 2652 4576.8 1 0
AT39->AT17->AT23->AT28 : 1 2619.6 4064.3 1 0
AT24->AT31->AT29->AT29 : 1 2528 3424 1 0
AT29->AT29->AT39->AT17 : 1 1167.2 5471.2 1 0
AT29->AT39->AT17->AT35 : 1 1122.32 4576.8 1 0
AT39->AT17->AT35->AT16 : 1 971.88 3692.4 1 0
AT29->AT29->AT29->AT39 : 1 938.4 5340 1 0
AT29->AT29->AT29->AT29 : 1 904 4920 1 0
AT31->AT29->AT29->AT29 : 1 720 4080 1 0
AT29->AT29->AT29->AT39->AT29 : 2 2329.6 12491.2 1 0
AT17->AT23->AT28->AT26->AT22 : 1 5775.2 4804.85 1 0
AT39->AT17->AT23->AT28->AT26 : 1 3091.2 5142.3 1 0
AT29->AT29->AT39->AT17->AT23 : 1 2892 6376.8 1 0
AT29->AT39->AT17->AT23->AT28 : 1 2867.6 5924.3 1 0
AT24->AT31->AT29->AT29->AT29 : 1 2768 5104 1 0
AT29->AT29->AT29->AT39->AT17 : 1 1391.2 7151.2 1 0
AT29->AT29->AT39->AT17->AT35 : 1 1362.32 6376.8 1 0
AT29->AT39->AT17->AT35->AT16 : 1 1219.88 5552.4 1 0
AT29->AT29->AT29->AT29->AT39 : 1 1130.4 6780 1 0
AT31->AT29->AT29->AT29->AT29 : 1 968 5880 1 0
AT29->AT29->AT29->AT29->AT39->AT29 : 2 2713.6 15371.2 1 0
AT39->AT17->AT23->AT28->AT26->AT22 : 1 6001.6 6616.05 1 0
AT29->AT39->AT17->AT23->AT28->AT26 : 1 3339.2 7002.3 1 0
AT29->AT29->AT29->AT39->AT17->AT23 : 1 3116 8056.8 1 0
AT29->AT29->AT39->AT17->AT23->AT28 : 1 3107.6 7724.3 1 0
AT24->AT31->AT29->AT29->AT29->AT29 : 1 3016 6904 1 0
AT29->AT29->AT29->AT39->AT17->AT35 : 1 1586.32 8056.8 1 0
AT29->AT29->AT29->AT29->AT39->AT17 : 1 1583.2 8591.2 1 0
AT29->AT29->AT39->AT17->AT35->AT16 : 1 1459.88 7352.4 1 0
AT31->AT29->AT29->AT29->AT29->AT39 : 1 1194.4 7740 1 0
AT31->AT29->AT29->AT29->AT29->AT39->AT29 : 2 2841.6 17291.2 1 0
AT29->AT39->AT17->AT23->AT28->AT26->AT22 : 1 6249.6 8476.05 1 0
AT29->AT29->AT39->AT17->AT23->AT28->AT26 : 1 3579.2 8802.3 1 0
AT29->AT29->AT29->AT39->AT17->AT23->AT28 : 1 3331.6 9404.3 1 0
AT29->AT29->AT29->AT29->AT39->AT17->AT23 : 1 3308 9496.8 1 0
AT24->AT31->AT29->AT29->AT29->AT29->AT39 : 1 3242.4 8764 1 0
AT29->AT29->AT29->AT29->AT39->AT17->AT35 : 1 1778.32 9496.8 1 0
AT29->AT29->AT29->AT39->AT17->AT35->AT16 : 1 1683.88 9032.4 1 0
AT31->AT29->AT29->AT29->AT29->AT39->AT17 : 1 1647.2 9551.2 1 0
AT24->AT31->AT29->AT29->AT29->AT29->AT39->AT29 : 2 6937.6 19339.2 1 0
AT29->AT29->AT39->AT17->AT23->AT28->AT26->AT22 : 1 6489.6 10276 1 0
AT29->AT29->AT29->AT39->AT17->AT23->AT28->AT26 : 1 3803.2 10482.3 1 0
AT24->AT31->AT29->AT29->AT29->AT29->AT39->AT17 : 1 3695.2 10575.2 1 0
AT29->AT29->AT29->AT29->AT39->AT17->AT23->AT28 : 1 3523.6 10844.3 1 0
AT31->AT29->AT29->AT29->AT29->AT39->AT17->AT23 : 1 3372 10456.8 1 0
AT29->AT29->AT29->AT29->AT39->AT17->AT35->AT16 : 1 1875.88 10472.4 1 0
AT31->AT29->AT29->AT29->AT29->AT39->AT17->AT35 : 1 1842.32 10456.8 1 0
AT29->AT29->AT29->AT39->AT17->AT23->AT28->AT26->AT22 : 1 6713.6 11956 1 0
AT24->AT31->AT29->AT29->AT29->AT29->AT39->AT17->AT23 : 1 5420 11480.8 1 0
AT29->AT29->AT29->AT29->AT39->AT17->AT23->AT28->AT26 : 1 3995.2 11922.3 1 0
AT24->AT31->AT29->AT29->AT29->AT29->AT39->AT17->AT35 : 1 3890.32 11480.8 1 0
AT31->AT29->AT29->AT29->AT29->AT39->AT17->AT23->AT28 : 1 3587.6 11804.3 1 0
AT31->AT29->AT29->AT29->AT29->AT39->AT17->AT35->AT16 : 1 1939.88 11432.4 1 0
AT29->AT29->AT29->AT29->AT39->AT17->AT23->AT28->AT26->AT22 : 1 6905.6 13396.1 1 0
AT24->AT31->AT29->AT29->AT29->AT29->AT39->AT17->AT23->AT28 : 1 5635.6 12828.3 1 0
AT31->AT29->AT29->AT29->AT29->AT39->AT17->AT23->AT28->AT26 : 1 4059.2 12882.3 1 0
AT24->AT31->AT29->AT29->AT29->AT29->AT39->AT17->AT35->AT16 : 1 3987.88 12456.4 1 0
AT31->AT29->AT29->AT29->AT29->AT39->AT17->AT23->AT28->AT26->AT22 : 1 6969.6 14356.1 1 0
AT24->AT31->AT29->AT29->AT29->AT29->AT39->AT17->AT23->AT28->AT26 : 1 6107.2 13906.3 1 0
AT24->AT31->AT29->AT29->AT29->AT29->AT39->AT17->AT23->AT28->AT26->AT22 : 1 9017.6 15380.1 1 0
