Profile Result: 
AT18 : 1 696.32 0 1 0
AT21 : 2 5980.16 0 1 0
AT22 : 2 5529.6 0 1 0
AT23 : 1 1556.48 0 1 0
AT26 : 3 1277.44 0 1 0
AT28 : 1 194.56 0 1 0
AT29 : 1 222.72 0 1 0
AT31 : 1 94.72 0 1 0
AT34 : 1 1515.52 0 1 0
AT35 : 1 176.64 0 1 0
NULL : 5 0 0 1 0
NULL->NULL : 4 0 4674.8 1 0
AT22->NULL : 3 8355.84 3475.2 1 0
NULL->AT26 : 3 1277.44 3072 1 0
AT26->AT22 : 2 6374.4 2640 1 0
NULL->AT21 : 2 5980.16 2048 1 0
AT22->AT21 : 1 5652.48 1056 1 0
AT21->AT34 : 1 4546.56 1515.52 1 0
AT21->AT23 : 1 4505.6 737.28 1 0
AT18->AT21 : 1 3727.36 1088 1 0
AT21->AT18 : 1 3645.44 1474.56 1 0
AT21->AT26 : 1 3425.28 757.76 1 0
AT18->AT22 : 1 3399.68 1392.64 1 0
NULL->AT22 : 1 2826.24 1024 1 0
AT23->AT28 : 1 1751.04 1216 1 0
AT34->AT35 : 1 1692.16 757.76 1 0
AT34->AT31 : 1 1610.24 1515.52 1 0
NULL->AT23 : 1 1556.48 1024 1 0
NULL->AT18 : 1 696.32 1024 1 0
AT28->AT26 : 1 645.12 972.8 1 0
AT35->AT26 : 1 609.28 883.2 1 0
AT26->NULL : 1 432.64 1352 1 0
AT31->AT29 : 1 317.44 1420.8 1 0
AT29->NULL : 1 222.72 1670.4 1 0
NULL->AT29 : 1 222.72 1024 1 0
AT35->NULL : 1 176.64 1324.8 1 0
NULL->AT35 : 1 176.64 1024 1 0
AT22->AT21->AT23 : 1 7208.96 1793.28 1 0
AT21->AT18->AT21 : 1 6676.48 2562.56 1 0
AT21->AT18->AT22 : 1 6348.8 2867.2 1 0
AT18->AT22->AT21 : 1 6348.8 2448.64 1 0
AT22->AT21->AT18 : 1 6348.8 2530.56 1 0
AT21->AT26->AT22 : 1 6128.64 1989.76 1 0
AT26->AT22->AT21 : 1 6046.72 2288 1 0
AT18->AT21->AT34 : 1 5242.88 2603.52 1 0
AT21->AT34->AT35 : 1 4723.2 2273.28 1 0
AT21->AT23->AT28 : 1 4700.16 1953.28 1 0
AT21->AT34->AT31 : 1 4641.28 3031.04 1 0
AT18->AT21->AT26 : 1 4121.6 1845.76 1 0
AT28->AT26->AT22 : 1 3471.36 2380.8 1 0
AT23->AT28->AT26 : 1 2201.6 2188.8 1 0
AT34->AT35->AT26 : 1 2124.8 1640.96 1 0
AT34->AT31->AT29 : 1 1832.96 2936.32 1 0
AT22->AT21->AT18->AT21 : 1 9379.84 3618.56 1 0
AT21->AT26->AT22->AT21 : 1 9077.76 3045.76 1 0
AT21->AT18->AT21->AT34 : 1 8192 4078.08 1 0
AT18->AT22->AT21->AT23 : 1 7905.28 3185.92 1 0
AT26->AT22->AT21->AT23 : 1 7603.2 3025.28 1 0
AT22->AT21->AT23->AT28 : 1 7403.52 3009.28 1 0
AT21->AT18->AT21->AT26 : 1 7070.72 3320.32 1 0
AT18->AT21->AT26->AT22 : 1 6824.96 3077.76 1 0
AT26->AT22->AT21->AT18 : 1 6743.04 3762.56 1 0
AT18->AT21->AT34->AT35 : 1 5419.52 3361.28 1 0
AT18->AT21->AT34->AT31 : 1 5337.6 4119.04 1 0
AT21->AT34->AT35->AT26 : 1 5155.84 3156.48 1 0
AT21->AT23->AT28->AT26 : 1 5150.72 2926.08 1 0
AT23->AT28->AT26->AT22 : 1 5027.84 3596.8 1 0
AT21->AT34->AT31->AT29 : 1 4864 4451.84 1 0
AT22->AT21->AT18->AT21->AT34 : 1 10895.4 5134.08 1 0
AT21->AT26->AT22->AT21->AT23 : 1 10634.2 3783.04 1 0
AT18->AT21->AT26->AT22->AT21 : 1 9774.08 4133.76 1 0
AT21->AT18->AT21->AT26->AT22 : 1 9774.08 4552.32 1 0
AT22->AT21->AT18->AT21->AT26 : 1 9774.08 4376.32 1 0
AT26->AT22->AT21->AT18->AT21 : 1 9774.08 4850.56 1 0
AT21->AT26->AT22->AT21->AT18 : 1 9774.08 4520.32 1 0
AT21->AT18->AT21->AT34->AT35 : 1 8368.64 4835.84 1 0
AT21->AT18->AT21->AT34->AT31 : 1 8286.72 5593.6 1 0
AT18->AT22->AT21->AT23->AT28 : 1 8099.84 4401.92 1 0
AT21->AT23->AT28->AT26->AT22 : 1 7976.96 4334.08 1 0
AT22->AT21->AT23->AT28->AT26 : 1 7854.08 3982.08 1 0
AT26->AT22->AT21->AT23->AT28 : 1 7797.76 4241.28 1 0
AT18->AT21->AT34->AT35->AT26 : 1 5852.16 4244.48 1 0
AT18->AT21->AT34->AT31->AT29 : 1 5560.32 5539.84 1 0
AT18->AT21->AT26->AT22->AT21->AT23 : 1 11330.6 4871.04 1 0
AT26->AT22->AT21->AT18->AT21->AT34 : 1 11289.6 6366.08 1 0
AT22->AT21->AT18->AT21->AT34->AT35 : 1 11072 5891.84 1 0
AT22->AT21->AT18->AT21->AT34->AT31 : 1 10990.1 6649.6 1 0
AT21->AT26->AT22->AT21->AT23->AT28 : 1 10828.8 4999.04 1 0
AT22->AT21->AT23->AT28->AT26->AT22 : 1 10680.3 5390.08 1 0
AT21->AT18->AT21->AT34->AT35->AT26 : 1 8801.28 5719.04 1 0
AT18->AT22->AT21->AT23->AT28->AT26 : 1 8550.4 5374.72 1 0
AT21->AT18->AT21->AT34->AT31->AT29 : 1 8509.44 7014.4 1 0
AT26->AT22->AT21->AT23->AT28->AT26 : 1 8248.32 5214.08 1 0
AT18->AT21->AT26->AT22->AT21->AT23->AT28 : 1 11525.1 6087.04 1 0
AT22->AT21->AT18->AT21->AT34->AT35->AT26 : 1 11504.6 6775.04 1 0
AT26->AT22->AT21->AT18->AT21->AT34->AT35 : 1 11466.2 7123.84 1 0
AT26->AT22->AT21->AT18->AT21->AT34->AT31 : 1 11384.3 7881.6 1 0
AT18->AT22->AT21->AT23->AT28->AT26->AT22 : 1 11376.6 6782.72 1 0
AT21->AT26->AT22->AT21->AT23->AT28->AT26 : 1 11279.4 5971.84 1 0
AT22->AT21->AT18->AT21->AT34->AT31->AT29 : 1 11212.8 8070.4 1 0
AT26->AT22->AT21->AT23->AT28->AT26->AT22 : 1 11074.6 6622.08 1 0
AT21->AT26->AT22->AT21->AT23->AT28->AT26->AT22 : 1 14105.6 7379.84 1 0
AT18->AT21->AT26->AT22->AT21->AT23->AT28->AT26 : 1 11975.7 7059.84 1 0
AT26->AT22->AT21->AT18->AT21->AT34->AT35->AT26 : 1 11898.9 8007.04 1 0
AT26->AT22->AT21->AT18->AT21->AT34->AT31->AT29 : 1 11607 9302.4 1 0
AT18->AT21->AT26->AT22->AT21->AT23->AT28->AT26->AT22 : 1 14801.9 8467.84 1 0
