Profile Result: 
AT15 : 1 3276.8 0 1 0
AT17 : 1 409.6 0 1 0
AT22 : 1 2662.4 0 1 0
AT26 : 1 409.6 0 1 0
AT27 : 1 102.4 0 1 0
AT29 : 2 384 0 1 0
NULL : 3 0 0 1 0
AT22->NULL : 2 5324.8 2080 1 0
NULL->AT29 : 2 384 2048 1 0
NULL->NULL : 2 0 2316 1 0
AT15->AT22 : 1 5939.2 1280 1 0
AT17->AT15 : 1 3686.4 819.2 1 0
NULL->AT22 : 1 2662.4 1024 1 0
AT17->AT26 : 1 819.2 819.2 1 0
AT27->AT17 : 1 512 1638.4 1 0
AT26->NULL : 1 409.6 1280 1 0
NULL->AT26 : 1 409.6 1024 1 0
AT29->AT29 : 1 384 1280 1 0
AT27->AT29 : 1 273.067 819.2 1 0
AT29->NULL : 1 213.333 1600 1 0
NULL->AT27 : 1 102.4 1024 1 0
AT17->AT15->AT22 : 1 6348.8 2099.2 1 0
AT27->AT17->AT15 : 1 3788.8 2457.6 1 0
AT27->AT17->AT26 : 1 921.6 2457.6 1 0
AT27->AT29->AT29 : 1 486.4 2099.2 1 0
AT27->AT17->AT15->AT22 : 1 6451.2 3737.6 1 0
