AT2: 9 10664.3 3396
AT5: 1 76.8 2496
AT8: 4 325.4 2048
AT9: 13 18725 3922.15
AT11: 3 563.644 3942.4
AT13: 10 933.76 4608
AT14: 6 5539.04 5126.4
AT15: 15 45404.2 1994.24
AT16: 19 1796.83 2304
AT17: 10 3708.85 2872.32
AT18: 55 37736 9866.44
AT19: 35 5763.61 6758.4
AT20: 20 49308.7 2112
AT21: 112 333410 12665.8
AT22: 133 349703 9298.6
AT23: 64 102586 2913.44
AT24: 51 147103 7168
AT25: 9 3686.4 2867.2
AT26: 95 39197.3 6085.24
AT27: 18 1522.01 3481.6
AT28: 53 9905.21 2138.4
AT29: 141 30700.7 4172.8
AT30: 14 8684.09 5063.11
AT31: 32 2822.35 3015.68
AT32: 12 14690.7 3536
AT33: 2 204.8 2304
AT34: 14 20480.2 3891.2
AT35: 12 2289.16 5504
AT37: 3 8161.28 3616.64
AT38: 2 409.6 2457.6
AT39: 7 1554.75 7326.4
AT42: 1 1495.04 2990.08
AT44: 10 26270.7 4756.8
NULL: 416 0 20058.4
