1.64603e+06 0.138298 0.642857 0.214286 9.72036e-06
1.63261e+06 0.131206 0.571429 0 9.80024e-06
1.41844e+06 0 1 0 1.128e-05
1.64603e+06 0.138298 0.642857 0.214286 9.72036e-06
1.64603e+06 0.138298 0.642857 0.214286 9.72036e-06
1.42853e+06 0.0070922 0.642857 0 1.12004e-05
2.66347e+07 0.946809 0.142857 0 6.0072e-07
1.41844e+06 0 1 0 1.128e-05
1.48696e+06 0.0460993 0.571429 0 1.07602e-05
2.66347e+07 0.946809 0.142857 0 6.0072e-07
3.47826e+07 0.992908 0.285714 0.285714 4.6e-07
3.47826e+07 0.992908 0.285714 0.285714 4.6e-07
2.66347e+07 0.946809 0.142857 0 6.0072e-07
3.47826e+07 0.992908 0.285714 0.285714 4.6e-07
2.66347e+07 0.946809 0.142857 0 6.0072e-07
3.47826e+07 0.992908 0.285714 0.285714 4.6e-07
1.42853e+06 0.0070922 0.642857 0 1.12004e-05
7.69112e+06 0.815603 0.571429 0 2.08032e-06
3.47826e+07 0.992908 0.285714 0.285714 4.6e-07
1.64603e+06 0.138298 0.642857 0.214286 9.72036e-06
1.41844e+06 0 1 0 1.128e-05
1.41844e+06 0 1 0 1.128e-05
1.63261e+06 0.131206 0.571429 0 9.80024e-06
2.66347e+07 0.946809 0.142857 0 6.0072e-07
2.66347e+07 0.946809 0.142857 0 6.0072e-07
7.69112e+06 0.815603 0.571429 0 2.08032e-06
1.41844e+06 0 1 0 1.128e-05
1.41844e+06 0 1 0 1.128e-05
7.69112e+06 0.815603 0.571429 0 2.08032e-06
7.69112e+06 0.815603 0.571429 0 2.08032e-06
2.66347e+07 0.946809 0.142857 0 6.0072e-07
2.66347e+07 0.946809 0.142857 0 6.0072e-07
1.63261e+06 0.131206 0.571429 0 9.80024e-06
2.66347e+07 0.946809 0.142857 0 6.0072e-07
1.64603e+06 0.138298 0.642857 0.214286 9.72036e-06
7.69112e+06 0.815603 0.571429 0 2.08032e-06
7.69112e+06 0.815603 0.571429 0 2.08032e-06
2.66347e+07 0.946809 0.142857 0 6.0072e-07
1.41844e+06 0 1 0 1.128e-05
