1.66658e+06 0.245283 0.555556 0.333333 4.80024e-06
1.63926e+06 0.232704 0.333333 0 4.88024e-06
1.25786e+06 0 1 0 6.36e-06
1.66658e+06 0.245283 0.555556 0.333333 4.80024e-06
1.66658e+06 0.245283 0.555556 0.333333 4.80024e-06
1.27384e+06 0.0125786 0.555556 0 6.28024e-06
2.85225e+07 0.955975 0.111111 0 2.8048e-07
1.25786e+06 0 1 0 6.36e-06
1.25786e+06 0 1 0 6.36e-06
2.85225e+07 0.955975 0.111111 0 2.8048e-07
2.85225e+07 0.955975 0.111111 0 2.8048e-07
2.85225e+07 0.955975 0.111111 0 2.8048e-07
3.33333e+07 0.987421 0.111111 0.111111 2.4e-07
2.85225e+07 0.955975 0.111111 0 2.8048e-07
3.33333e+07 0.987421 0.111111 0.111111 2.4e-07
2.85225e+07 0.955975 0.111111 0 2.8048e-07
1.27384e+06 0.0125786 0.555556 0 6.28024e-06
5.12794e+06 0.754717 0.777778 0.111111 1.56008e-06
2.85225e+07 0.955975 0.111111 0 2.8048e-07
1.66658e+06 0.245283 0.555556 0.333333 4.80024e-06
1.29868e+06 0.0314465 0.777778 0 6.16008e-06
1.25786e+06 0 1 0 6.36e-06
1.63926e+06 0.232704 0.333333 0 4.88024e-06
2.85225e+07 0.955975 0.111111 0 2.8048e-07
2.85225e+07 0.955975 0.111111 0 2.8048e-07
4.54525e+06 0.72327 0.777778 0 1.76008e-06
1.25786e+06 0 1 0 6.36e-06
1.25786e+06 0 1 0 6.36e-06
4.54525e+06 0.72327 0.777778 0 1.76008e-06
4.54525e+06 0.72327 0.777778 0 1.76008e-06
2.85225e+07 0.955975 0.111111 0 2.8048e-07
2.85225e+07 0.955975 0.111111 0 2.8048e-07
1.63926e+06 0.232704 0.333333 0 4.88024e-06
2.85225e+07 0.955975 0.111111 0 2.8048e-07
1.66658e+06 0.245283 0.555556 0.333333 4.80024e-06
4.54525e+06 0.72327 0.777778 0 1.76008e-06
4.54525e+06 0.72327 0.777778 0 1.76008e-06
2.85225e+07 0.955975 0.111111 0 2.8048e-07
1.25786e+06 0 1 0 6.36e-06
