3.03003e+06 0.371429 0.714286 0.214286 2.64024e-06
1.33147e+07 0.857143 0 0 6.0084e-07
2.94092e+06 0.352381 0.642857 0 2.72024e-06
3.03003e+06 0.371429 0.714286 0.214286 2.64024e-06
3.03003e+06 0.371429 0.714286 0.214286 2.64024e-06
1.94163e+06 0.0190476 0.714286 0 4.12024e-06
2.94092e+06 0.352381 0.571429 0 2.72024e-06
1.90476e+06 0 1 0 4.2e-06
3.6361e+06 0.47619 0.785714 0.285714 2.20016e-06
2.94092e+06 0.352381 0.571429 0 2.72024e-06
3.63537e+06 0.47619 0.142857 0 2.2006e-06
3.63537e+06 0.47619 0.142857 0 2.2006e-06
2.94092e+06 0.352381 0.571429 0 2.72024e-06
3.63537e+06 0.47619 0.142857 0 2.2006e-06
2.94092e+06 0.352381 0.571429 0 2.72024e-06
3.63537e+06 0.47619 0.142857 0 2.2006e-06
1.94163e+06 0.0190476 0.714286 0 4.12024e-06
1.90476e+06 0 1 0 4.2e-06
3.63537e+06 0.47619 0.142857 0 2.2006e-06
3.03003e+06 0.371429 0.714286 0.214286 2.64024e-06
1.90476e+06 0 1 0 4.2e-06
1.90476e+06 0 1 0 4.2e-06
6.44849e+06 0.704762 0.214286 0 1.2406e-06
2.94092e+06 0.352381 0.571429 0 2.72024e-06
2.94092e+06 0.352381 0.571429 0 2.72024e-06
1.90476e+06 0 1 0 4.2e-06
1.90476e+06 0 1 0 4.2e-06
1.90476e+06 0 1 0 4.2e-06
1.90476e+06 0 1 0 4.2e-06
1.90476e+06 0 1 0 4.2e-06
2.94092e+06 0.352381 0.571429 0 2.72024e-06
2.94092e+06 0.352381 0.571429 0 2.72024e-06
2.94092e+06 0.352381 0.571429 0 2.72024e-06
2.94092e+06 0.352381 0.571429 0 2.72024e-06
3.03003e+06 0.371429 0.714286 0.214286 2.64024e-06
1.90476e+06 0 1 0 4.2e-06
1.90476e+06 0 1 0 4.2e-06
2.94092e+06 0.352381 0.571429 0 2.72024e-06
1.90476e+06 0 1 0 4.2e-06
