564962 0.00561798 0.692308 0 1.41602e-05
561798 0 1 0 1.424e-05
561798 0 1 0 1.424e-05
564962 0.00561798 0.692308 0 1.41602e-05
564962 0.00561798 0.692308 0 1.41602e-05
564962 0.00561798 0.692308 0 1.41602e-05
1.15942e+07 0.969101 0.615385 0 6.9e-07
561798 0 1 0 1.424e-05
561798 0 1 0 1.424e-05
1.15942e+07 0.969101 0.615385 0 6.9e-07
1.15942e+07 0.969101 0.615385 0 6.9e-07
1.15942e+07 0.969101 0.615385 0 6.9e-07
1.15942e+07 0.983146 0.384615 0 6.9e-07
1.15942e+07 0.969101 0.615385 0 6.9e-07
1.15942e+07 0.983146 0.384615 0 6.9e-07
1.15942e+07 0.969101 0.615385 0 6.9e-07
571404 0.0168539 0.230769 0 1.40006e-05
1.15942e+07 0.994382 0.846154 0.461538 6.9e-07
1.15942e+07 0.969101 0.615385 0 6.9e-07
564962 0.00561798 0.692308 0 1.41602e-05
569794 0.0140449 0.769231 0 1.40402e-05
561798 0 1 0 1.424e-05
561798 0 1 0 1.424e-05
1.15942e+07 0.969101 0.615385 0 6.9e-07
1.15942e+07 0.969101 0.615385 0 6.9e-07
1.15942e+07 0.969101 0.615385 0 6.9e-07
561798 0 1 0 1.424e-05
561798 0 1 0 1.424e-05
1.15942e+07 0.969101 0.615385 0 6.9e-07
1.15942e+07 0.969101 0.615385 0 6.9e-07
1.15942e+07 0.969101 0.615385 0 6.9e-07
1.15942e+07 0.969101 0.615385 0 6.9e-07
561798 0 1 0 1.424e-05
1.15942e+07 0.969101 0.615385 0 6.9e-07
564962 0.00561798 0.692308 0 1.41602e-05
1.15942e+07 0.969101 0.615385 0 6.9e-07
1.15942e+07 0.969101 0.615385 0 6.9e-07
1.15942e+07 0.969101 0.615385 0 6.9e-07
561798 0 1 0 1.424e-05
