1.73895e+06 0.307229 0.25 0.25 4.60048e-06
1.55032e+06 0.222892 0.375 0 5.16024e-06
1.20482e+06 0 1 0 6.64e-06
1.57473e+06 0.23494 0.5 0.25 5.08024e-06
1.73895e+06 0.307229 0.25 0.25 4.60048e-06
1.21948e+06 0.0120482 0.625 0 6.56016e-06
1.42735e+07 0.915663 0.125 0 5.6048e-07
1.20482e+06 0 1 0 6.64e-06
1.20482e+06 0 1 0 6.64e-06
3.33333e+07 0.987952 0.125 0.125 2.4e-07
1.42735e+07 0.915663 0.125 0 5.6048e-07
1.42735e+07 0.915663 0.125 0 5.6048e-07
1.42735e+07 0.915663 0.125 0 5.6048e-07
1.42735e+07 0.915663 0.125 0 5.6048e-07
1.42735e+07 0.915663 0.125 0 5.6048e-07
1.42735e+07 0.915663 0.125 0 5.6048e-07
1.21948e+06 0.0120482 0.625 0 6.56016e-06
3.92141e+06 0.692771 0.75 0 2.04008e-06
1.42735e+07 0.915663 0.125 0 5.6048e-07
1.57473e+06 0.23494 0.5 0.25 5.08024e-06
1.20482e+06 0 1 0 6.64e-06
1.20482e+06 0 1 0 6.64e-06
1.55032e+06 0.222892 0.375 0 5.16024e-06
1.42735e+07 0.915663 0.125 0 5.6048e-07
1.42735e+07 0.915663 0.125 0 5.6048e-07
3.92141e+06 0.692771 0.75 0 2.04008e-06
1.20482e+06 0 1 0 6.64e-06
1.20482e+06 0 1 0 6.64e-06
3.92141e+06 0.692771 0.75 0 2.04008e-06
3.92141e+06 0.692771 0.75 0 2.04008e-06
1.42735e+07 0.915663 0.125 0 5.6048e-07
1.42735e+07 0.915663 0.125 0 5.6048e-07
1.55032e+06 0.222892 0.375 0 5.16024e-06
1.42735e+07 0.915663 0.125 0 5.6048e-07
1.57473e+06 0.23494 0.5 0.25 5.08024e-06
3.92141e+06 0.692771 0.75 0 2.04008e-06
3.92141e+06 0.692771 0.75 0 2.04008e-06
1.42735e+07 0.915663 0.125 0 5.6048e-07
1.29868e+06 0.0722892 0.75 0 6.16008e-06
