6.66333e+07 0.142857 0.555556 0 4.8024e-07
5.71429e+07 0 1 0 5.6e-07
5.71429e+07 0 1 0 5.6e-07
6.66333e+07 0.142857 0.555556 0 4.8024e-07
6.66333e+07 0.142857 0.555556 0 4.8024e-07
6.66333e+07 0.142857 0.555556 0 4.8024e-07
5.71429e+07 0 1 0 5.6e-07
5.71429e+07 0 1 0 5.6e-07
5.71429e+07 0 1 0 5.6e-07
5.71429e+07 0 1 0 5.6e-07
5.71429e+07 0 1 0 5.6e-07
5.71429e+07 0 1 0 5.6e-07
5.71429e+07 0 1 0 5.6e-07
5.71429e+07 0 1 0 5.6e-07
5.71429e+07 0 1 0 5.6e-07
5.71429e+07 0 1 0 5.6e-07
1e+08 1 0.222222 0.222222 3.2e-07
7.9984e+07 0.285714 0.777778 0 4.0008e-07
5.71429e+07 0 1 0 5.6e-07
6.66333e+07 0.142857 0.555556 0 4.8024e-07
5.71429e+07 0 1 0 5.6e-07
5.71429e+07 0 1 0 5.6e-07
5.71429e+07 0 1 0 5.6e-07
5.71429e+07 0 1 0 5.6e-07
5.71429e+07 0 1 0 5.6e-07
1e+08 0.571429 0.444444 0 3.2e-07
5.71429e+07 0 1 0 5.6e-07
5.71429e+07 0 1 0 5.6e-07
5.71429e+07 0 1 0 5.6e-07
5.71429e+07 0 1 0 5.6e-07
5.71429e+07 0 1 0 5.6e-07
5.71429e+07 0 1 0 5.6e-07
5.71429e+07 0 1 0 5.6e-07
5.71429e+07 0 1 0 5.6e-07
6.66333e+07 0.142857 0.555556 0 4.8024e-07
5.71429e+07 0 1 0 5.6e-07
5.71429e+07 0 1 0 5.6e-07
5.71429e+07 0 1 0 5.6e-07
5.71429e+07 0 1 0 5.6e-07
