3.12489e+06 0.132203 0.736842 0.157895 1.02404e-05
3.1007e+06 0.125424 0.684211 0 1.03202e-05
2.71186e+06 0 1 0 1.18e-05
3.12489e+06 0.132203 0.736842 0.157895 1.02404e-05
3.12489e+06 0.132203 0.736842 0.157895 1.02404e-05
2.73029e+06 0.00677966 0.736842 0 1.17204e-05
2.85531e+07 0.905085 0.368421 0 1.12072e-06
2.71186e+06 0 1 0 1.18e-05
2.83682e+06 0.0440678 0.684211 0 1.12802e-05
2.85531e+07 0.905085 0.368421 0 1.12072e-06
5.32801e+07 0.949153 0.473684 0.210526 6.006e-07
5.32801e+07 0.949153 0.473684 0.210526 6.006e-07
3.47464e+07 0.922034 0.210526 0 9.2096e-07
5.32801e+07 0.949153 0.473684 0.210526 6.006e-07
3.47464e+07 0.922034 0.210526 0 9.2096e-07
5.32801e+07 0.949153 0.473684 0.210526 6.006e-07
2.80682e+06 0.0338983 0.473684 0 1.14008e-05
1.33307e+07 0.79661 0.526316 0 2.40048e-06
5.32801e+07 0.949153 0.473684 0.210526 6.006e-07
3.12489e+06 0.132203 0.736842 0.157895 1.02404e-05
2.75858e+06 0.0169492 0.842105 0 1.16002e-05
2.71186e+06 0 1 0 1.18e-05
3.1007e+06 0.125424 0.684211 0 1.03202e-05
2.85531e+07 0.905085 0.368421 0 1.12072e-06
2.85531e+07 0.905085 0.368421 0 1.12072e-06
1.40292e+07 0.80678 0.421053 0 2.28096e-06
2.71186e+06 0 1 0 1.18e-05
2.71186e+06 0 1 0 1.18e-05
1.23062e+07 0.779661 0.684211 0 2.60032e-06
1.23062e+07 0.779661 0.684211 0 2.60032e-06
2.85531e+07 0.905085 0.368421 0 1.12072e-06
2.85531e+07 0.905085 0.368421 0 1.12072e-06
3.1007e+06 0.125424 0.684211 0 1.03202e-05
2.85531e+07 0.905085 0.368421 0 1.12072e-06
3.12489e+06 0.132203 0.736842 0.157895 1.02404e-05
1.23062e+07 0.779661 0.684211 0 2.60032e-06
1.23062e+07 0.779661 0.684211 0 2.60032e-06
2.85531e+07 0.905085 0.368421 0 1.12072e-06
2.71186e+06 0 1 0 1.18e-05
