274345 0.0507812 0.6 0.12 2.91604e-05
273596 0.0481771 0.64 0 2.92402e-05
273597 0.0481771 0.84 0 2.92401e-05
274345 0.0507812 0.6 0.12 2.91604e-05
274345 0.0507812 0.6 0.12 2.91604e-05
261095 0.00260417 0.72 0 3.06402e-05
273596 0.0481771 0.64 0 2.92402e-05
694435 0.625 0.68 0 1.15202e-05
260417 0 1 0 3.072e-05
273596 0.0481771 0.64 0 2.92402e-05
273596 0.0481771 0.64 0 2.92402e-05
273596 0.0481771 0.64 0 2.92402e-05
273596 0.0481771 0.64 0 2.92402e-05
273596 0.0481771 0.64 0 2.92402e-05
273596 0.0481771 0.64 0 2.92402e-05
273596 0.0481771 0.64 0 2.92402e-05
261095 0.00260417 0.72 0 3.06402e-05
260417 0 1 0 3.072e-05
273596 0.0481771 0.64 0 2.92402e-05
274345 0.0507812 0.6 0.12 2.91604e-05
260417 0 1 0 3.072e-05
694435 0.625 0.68 0 1.15202e-05
273596 0.0481771 0.64 0 2.92402e-05
273596 0.0481771 0.64 0 2.92402e-05
273596 0.0481771 0.64 0 2.92402e-05
260417 0 1 0 3.072e-05
664447 0.608073 0.84 0.16 1.20401e-05
2.43891e+06 0.893229 0.68 0.08 3.28016e-06
591712 0.559896 0.84 0.08 1.35201e-05
591712 0.559896 0.84 0.08 1.35201e-05
273596 0.0481771 0.64 0 2.92402e-05
273596 0.0481771 0.64 0 2.92402e-05
425521 0.388021 0.48 0.08 1.88005e-05
273596 0.0481771 0.64 0 2.92402e-05
382403 0.31901 0.6 0.2 2.09204e-05
390623 0.333333 0.84 0 2.04801e-05
260417 0 1 0 3.072e-05
273596 0.0481771 0.64 0 2.92402e-05
262466 0.0078125 0.76 0 3.04801e-05
