349631 0.0137931 0.304348 0 2.28813e-05
344828 0 1 0 2.32e-05
344828 0 1 0 2.32e-05
349631 0.0137931 0.304348 0 2.28813e-05
349631 0.0137931 0.304348 0 2.28813e-05
349631 0.0137931 0.304348 0 2.28813e-05
1.66656e+06 0.793103 0.652174 0 4.80032e-06
344828 0 1 0 2.32e-05
344828 0 1 0 2.32e-05
1.66656e+06 0.793103 0.652174 0 4.80032e-06
1.66656e+06 0.793103 0.652174 0 4.80032e-06
1.66656e+06 0.793103 0.652174 0 4.80032e-06
1.66656e+06 0.793103 0.652174 0 4.80032e-06
1.66656e+06 0.793103 0.652174 0 4.80032e-06
1.66656e+06 0.793103 0.652174 0 4.80032e-06
1.66656e+06 0.793103 0.652174 0 4.80032e-06
354590 0.0275862 0.565217 0.347826 2.25613e-05
1.66656e+06 0.793103 0.652174 0 4.80032e-06
1.66656e+06 0.793103 0.652174 0 4.80032e-06
349631 0.0137931 0.304348 0 2.28813e-05
344828 0 1 0 2.32e-05
344828 0 1 0 2.32e-05
344828 0 1 0 2.32e-05
1.66656e+06 0.793103 0.652174 0 4.80032e-06
1.66656e+06 0.793103 0.652174 0 4.80032e-06
8.69565e+06 0.986207 0.130435 0.0869565 9.2e-07
344828 0 1 0 2.32e-05
344828 0 1 0 2.32e-05
1.66656e+06 0.793103 0.652174 0 4.80032e-06
1.66656e+06 0.793103 0.652174 0 4.80032e-06
1.66656e+06 0.793103 0.652174 0 4.80032e-06
1.66656e+06 0.793103 0.652174 0 4.80032e-06
344828 0 1 0 2.32e-05
1.66656e+06 0.793103 0.652174 0 4.80032e-06
349631 0.0137931 0.304348 0 2.28813e-05
1.66656e+06 0.793103 0.652174 0 4.80032e-06
1.66656e+06 0.793103 0.652174 0 4.80032e-06
1.66656e+06 0.793103 0.652174 0 4.80032e-06
344828 0 1 0 2.32e-05
