4.07914e+06 0.109091 0.407407 0 1.9612e-06
3.63636e+06 0 1 0 2.2e-06
3.63636e+06 0 1 0 2.2e-06
4.07914e+06 0.109091 0.407407 0 1.9612e-06
4.07914e+06 0.109091 0.407407 0 1.9612e-06
4.07914e+06 0.109091 0.407407 0 1.9612e-06
3.63636e+06 0 1 0 2.2e-06
3.63636e+06 0 1 0 2.2e-06
3.63636e+06 0 1 0 2.2e-06
3.63636e+06 0 1 0 2.2e-06
3.63636e+06 0 1 0 2.2e-06
3.63636e+06 0 1 0 2.2e-06
6.66445e+06 0.454545 0.62963 0 1.2004e-06
3.63636e+06 0 1 0 2.2e-06
6.66445e+06 0.454545 0.62963 0 1.2004e-06
3.63636e+06 0 1 0 2.2e-06
4.07914e+06 0.109091 0.407407 0 1.9612e-06
6.66445e+06 0.454545 0.62963 0 1.2004e-06
3.63636e+06 0 1 0 2.2e-06
4.07914e+06 0.109091 0.407407 0 1.9612e-06
3.32889e+07 0.890909 0.703704 0.259259 2.4032e-07
3.63636e+06 0 1 0 2.2e-06
3.63636e+06 0 1 0 2.2e-06
3.63636e+06 0 1 0 2.2e-06
3.63636e+06 0 1 0 2.2e-06
3.63636e+06 0 1 0 2.2e-06
3.63636e+06 0 1 0 2.2e-06
3.63636e+06 0 1 0 2.2e-06
3.63636e+06 0 1 0 2.2e-06
3.63636e+06 0 1 0 2.2e-06
3.63636e+06 0 1 0 2.2e-06
3.63636e+06 0 1 0 2.2e-06
3.63636e+06 0 1 0 2.2e-06
3.63636e+06 0 1 0 2.2e-06
4.07914e+06 0.109091 0.407407 0 1.9612e-06
3.63636e+06 0 1 0 2.2e-06
3.63636e+06 0 1 0 2.2e-06
3.63636e+06 0 1 0 2.2e-06
3.63636e+06 0 1 0 2.2e-06
