1.13631e+06 0.231441 0.6875 0.3125 7.04036e-06
1.04162e+06 0.161572 0.5625 0 7.68036e-06
873362 0 1 0 9.16e-06
1.06378e+06 0.179039 0.6875 0.25 7.52036e-06
1.13631e+06 0.231441 0.6875 0.3125 7.04036e-06
888857 0.0174672 0.625 0 9.00032e-06
2.5969e+06 0.663755 0.4375 0 3.0806e-06
873362 0 1 0 9.16e-06
873362 0 1 0 9.16e-06
3.07593e+06 0.716157 0.3125 0 2.60084e-06
2.5969e+06 0.663755 0.4375 0 3.0806e-06
2.5969e+06 0.663755 0.4375 0 3.0806e-06
2.77708e+06 0.68559 0.375 0.0625 2.88072e-06
2.5969e+06 0.663755 0.4375 0 3.0806e-06
2.77708e+06 0.68559 0.375 0.0625 2.88072e-06
2.5969e+06 0.663755 0.4375 0 3.0806e-06
888857 0.0174672 0.625 0 9.00032e-06
1.83481e+06 0.524017 0.8125 0.0625 4.36012e-06
2.5969e+06 0.663755 0.4375 0 3.0806e-06
1.06378e+06 0.179039 0.6875 0.25 7.52036e-06
892845 0.0218341 0.8125 0 8.96012e-06
873362 0 1 0 9.16e-06
1.04162e+06 0.161572 0.5625 0 7.68036e-06
4.997e+06 0.825328 0.25 0 1.60096e-06
2.5969e+06 0.663755 0.4375 0 3.0806e-06
1.75436e+06 0.502183 0.875 0 4.56008e-06
873362 0 1 0 9.16e-06
873362 0 1 0 9.16e-06
1.75436e+06 0.502183 0.875 0 4.56008e-06
1.75436e+06 0.502183 0.875 0 4.56008e-06
2.5969e+06 0.663755 0.4375 0 3.0806e-06
2.5969e+06 0.663755 0.4375 0 3.0806e-06
1.04162e+06 0.161572 0.5625 0 7.68036e-06
2.5969e+06 0.663755 0.4375 0 3.0806e-06
1.06378e+06 0.179039 0.6875 0.25 7.52036e-06
1.75436e+06 0.502183 0.875 0 4.56008e-06
2.59723e+06 0.663755 0.6875 0 3.0802e-06
4.997e+06 0.825328 0.25 0 1.60096e-06
947854 0.0786026 0.8125 0.0625 8.44012e-06
