331670 0.0607477 0.677419 0.0967742 2.41204e-05
330575 0.0576324 0.709677 0 2.42002e-05
330577 0.0576324 0.870968 0 2.42001e-05
331670 0.0607477 0.677419 0.0967742 2.41204e-05
331670 0.0607477 0.677419 0.0967742 2.41204e-05
312498 0.00311526 0.774194 0 2.56002e-05
408151 0.23676 0.516129 0 1.96006e-05
478467 0.34891 0.870968 0 1.67201e-05
311526 0 1 0 2.568e-05
408151 0.23676 0.516129 0 1.96006e-05
408151 0.23676 0.516129 0 1.96006e-05
408151 0.23676 0.516129 0 1.96006e-05
412358 0.244548 0.516129 0.0645161 1.94006e-05
408151 0.23676 0.516129 0 1.96006e-05
412358 0.244548 0.516129 0.0645161 1.94006e-05
408151 0.23676 0.516129 0 1.96006e-05
312498 0.00311526 0.774194 0 2.56002e-05
383140 0.186916 0.806452 0.0645161 2.08801e-05
408151 0.23676 0.516129 0 1.96006e-05
331670 0.0607477 0.677419 0.0967742 2.41204e-05
313971 0.00778816 0.870968 0 2.54801e-05
478467 0.34891 0.870968 0 1.67201e-05
330575 0.0576324 0.709677 0 2.42002e-05
408151 0.23676 0.516129 0 1.96006e-05
408151 0.23676 0.516129 0 1.96006e-05
379504 0.179128 0.806452 0 2.10801e-05
1.14284e+06 0.727414 0.870968 0.129032 7.00008e-06
943387 0.669782 0.870968 0.0645161 8.48008e-06
2.06175e+06 0.84891 0.677419 0.0645161 3.8802e-06
2.06175e+06 0.84891 0.677419 0.0645161 3.8802e-06
408151 0.23676 0.516129 0 1.96006e-05
408151 0.23676 0.516129 0 1.96006e-05
581375 0.464174 0.580645 0.0645161 1.37605e-05
408151 0.23676 0.516129 0 1.96006e-05
503767 0.38162 0.677419 0.16129 1.58804e-05
379504 0.179128 0.806452 0 2.10801e-05
379504 0.179128 0.806452 0 2.10801e-05
408151 0.23676 0.516129 0 1.96006e-05
314463 0.00934579 0.741935 0 2.54402e-05
