869520 0.157509 0.7 0.3 9.20048e-06
847415 0.135531 0.55 0 9.44048e-06
732601 0 1 0 1.092e-05
869520 0.157509 0.7 0.3 9.20048e-06
869520 0.157509 0.7 0.3 9.20048e-06
760341 0.03663 0.2 0 1.05216e-05
1.65256e+06 0.556777 0.3 0 4.84096e-06
732601 0 1 0 1.092e-05
1.23452e+06 0.406593 0.7 0 6.48024e-06
1.65256e+06 0.556777 0.3 0 4.84096e-06
1.65256e+06 0.556777 0.3 0 4.84096e-06
1.65256e+06 0.556777 0.3 0 4.84096e-06
1.65256e+06 0.556777 0.3 0 4.84096e-06
1.65256e+06 0.556777 0.3 0 4.84096e-06
1.65256e+06 0.556777 0.3 0 4.84096e-06
1.65256e+06 0.556777 0.3 0 4.84096e-06
749030 0.021978 0.55 0 1.06805e-05
1.26576e+06 0.421245 0.75 0 6.32032e-06
1.65256e+06 0.556777 0.3 0 4.84096e-06
869520 0.157509 0.7 0.3 9.20048e-06
732601 0 1 0 1.092e-05
732601 0 1 0 1.092e-05
1.59962e+06 0.542125 0.25 0 5.0012e-06
1.65256e+06 0.556777 0.3 0 4.84096e-06
1.99045e+07 0.96337 0 0 4.0192e-07
1.26576e+06 0.421245 0.75 0 6.32032e-06
732601 0 1 0 1.092e-05
732601 0 1 0 1.092e-05
1.26576e+06 0.421245 0.75 0 6.32032e-06
1.26576e+06 0.421245 0.75 0 6.32032e-06
1.65256e+06 0.556777 0.3 0 4.84096e-06
1.99045e+07 0.96337 0 0 4.0192e-07
847415 0.135531 0.55 0 9.44048e-06
1.65256e+06 0.556777 0.3 0 4.84096e-06
869520 0.157509 0.7 0.3 9.20048e-06
1.26576e+06 0.421245 0.75 0 6.32032e-06
4.25242e+06 0.827839 0.45 0 1.88128e-06
1.65256e+06 0.556777 0.3 0 4.84096e-06
732601 0 1 0 1.092e-05
