970846 0.159184 0.5 0.375 8.24024e-06
961511 0.15102 0.25 0 8.32024e-06
816327 0 1 0 9.8e-06
970846 0.159184 0.5 0.375 8.24024e-06
970846 0.159184 0.5 0.375 8.24024e-06
5.40453e+06 0.84898 0.5 0.125 1.48024e-06
961511 0.15102 0.25 0 8.32024e-06
816327 0 1 0 9.8e-06
816327 0 1 0 9.8e-06
961511 0.15102 0.25 0 8.32024e-06
961511 0.15102 0.25 0 8.32024e-06
961511 0.15102 0.25 0 8.32024e-06
961511 0.15102 0.25 0 8.32024e-06
961511 0.15102 0.25 0 8.32024e-06
961511 0.15102 0.25 0 8.32024e-06
961511 0.15102 0.25 0 8.32024e-06
823025 0.00816327 0.5 0 9.72024e-06
816327 0 1 0 9.8e-06
961511 0.15102 0.25 0 8.32024e-06
1.94175e+07 1 0.5 0.5 4.12e-07
816327 0 1 0 9.8e-06
816327 0 1 0 9.8e-06
961511 0.15102 0.25 0 8.32024e-06
961511 0.15102 0.25 0 8.32024e-06
961511 0.15102 0.25 0 8.32024e-06
816327 0 1 0 9.8e-06
816327 0 1 0 9.8e-06
816327 0 1 0 9.8e-06
816327 0 1 0 9.8e-06
816327 0 1 0 9.8e-06
961511 0.15102 0.25 0 8.32024e-06
961511 0.15102 0.25 0 8.32024e-06
961511 0.15102 0.25 0 8.32024e-06
961511 0.15102 0.25 0 8.32024e-06
970846 0.159184 0.5 0.375 8.24024e-06
816327 0 1 0 9.8e-06
816327 0 1 0 9.8e-06
961511 0.15102 0.25 0 8.32024e-06
816327 0 1 0 9.8e-06
