1.282e+06 0.2 0.6 0.2 6.24024e-06
1.26577e+06 0.189744 0.5 0 6.32024e-06
1.25785e+06 0.184615 0.8 0 6.36008e-06
1.282e+06 0.2 0.6 0.2 6.24024e-06
1.282e+06 0.2 0.6 0.2 6.24024e-06
1.03625e+06 0.0102564 0.7 0 7.72016e-06
4.64987e+06 0.779487 0.3 0 1.72048e-06
1.02564e+06 0 1 0 7.8e-06
1.02564e+06 0 1 0 7.8e-06
4.64987e+06 0.779487 0.3 0 1.72048e-06
4.64987e+06 0.779487 0.3 0 1.72048e-06
4.64987e+06 0.779487 0.3 0 1.72048e-06
5.2615e+06 0.805128 0.3 0.1 1.52048e-06
4.64987e+06 0.779487 0.3 0 1.72048e-06
5.2615e+06 0.805128 0.3 0.1 1.52048e-06
4.64987e+06 0.779487 0.3 0 1.72048e-06
1.03625e+06 0.0102564 0.7 0 7.72016e-06
2.6666e+06 0.615385 0.8 0.1 3.00008e-06
4.64987e+06 0.779487 0.3 0 1.72048e-06
1.282e+06 0.2 0.6 0.2 6.24024e-06
1.05262e+06 0.025641 0.8 0 7.60008e-06
1.02564e+06 0 1 0 7.8e-06
1.26577e+06 0.189744 0.5 0 6.32024e-06
4.64987e+06 0.779487 0.3 0 1.72048e-06
4.64987e+06 0.779487 0.3 0 1.72048e-06
2.49994e+06 0.589744 0.8 0 3.20008e-06
1.02564e+06 0 1 0 7.8e-06
1.02564e+06 0 1 0 7.8e-06
2.49994e+06 0.589744 0.8 0 3.20008e-06
2.49994e+06 0.589744 0.8 0 3.20008e-06
2.84981e+07 0.964103 0.1 0 2.8072e-07
4.64987e+06 0.779487 0.3 0 1.72048e-06
1.26577e+06 0.189744 0.5 0 6.32024e-06
4.64987e+06 0.779487 0.3 0 1.72048e-06
1.282e+06 0.2 0.6 0.2 6.24024e-06
2.49994e+06 0.589744 0.8 0 3.20008e-06
2.49994e+06 0.589744 0.8 0 3.20008e-06
4.64987e+06 0.779487 0.3 0 1.72048e-06
1.02564e+06 0 1 0 7.8e-06
