4.44247e+07 0.684211 0.636364 0.0909091 7.2032e-07
3.9984e+07 0.649123 0.727273 0 8.0032e-07
1.40351e+07 0 1 0 2.28e-06
1e+08 1 0.636364 0.272727 3.2e-07
4.44247e+07 0.684211 0.636364 0.0909091 7.2032e-07
1.45433e+07 0.0350877 0.727273 0 2.20032e-06
3.9984e+07 0.649123 0.727273 0 8.0032e-07
1.40351e+07 0 1 0 2.28e-06
1.40351e+07 0 1 0 2.28e-06
3.9984e+07 0.649123 0.727273 0 8.0032e-07
3.9984e+07 0.649123 0.727273 0 8.0032e-07
3.9984e+07 0.649123 0.727273 0 8.0032e-07
3.9984e+07 0.649123 0.727273 0 8.0032e-07
3.9984e+07 0.649123 0.727273 0 8.0032e-07
3.9984e+07 0.649123 0.727273 0 8.0032e-07
3.9984e+07 0.649123 0.727273 0 8.0032e-07
1.45433e+07 0.0350877 0.727273 0 2.20032e-06
1.40351e+07 0 1 0 2.28e-06
3.9984e+07 0.649123 0.727273 0 8.0032e-07
4.44247e+07 0.684211 0.636364 0.0909091 7.2032e-07
1.40351e+07 0 1 0 2.28e-06
1.40351e+07 0 1 0 2.28e-06
3.9984e+07 0.649123 0.727273 0 8.0032e-07
3.9984e+07 0.649123 0.727273 0 8.0032e-07
3.9984e+07 0.649123 0.727273 0 8.0032e-07
1.40351e+07 0 1 0 2.28e-06
1.40351e+07 0 1 0 2.28e-06
1.40351e+07 0 1 0 2.28e-06
1.40351e+07 0 1 0 2.28e-06
1.40351e+07 0 1 0 2.28e-06
3.9984e+07 0.649123 0.727273 0 8.0032e-07
3.9984e+07 0.649123 0.727273 0 8.0032e-07
3.9984e+07 0.649123 0.727273 0 8.0032e-07
3.9984e+07 0.649123 0.727273 0 8.0032e-07
4.44247e+07 0.684211 0.636364 0.0909091 7.2032e-07
1.40351e+07 0 1 0 2.28e-06
1.40351e+07 0 1 0 2.28e-06
3.9984e+07 0.649123 0.727273 0 8.0032e-07
1.40351e+07 0 1 0 2.28e-06
