555528 0.13253 0.555556 0.333333 1.44007e-05
529084 0.0891566 0.5 0 1.51205e-05
481928 0 1 0 1.66e-05
537617 0.103614 0.666667 0.333333 1.48805e-05
555528 0.13253 0.555556 0.333333 1.44007e-05
488983 0.0144578 0.5 0 1.63605e-05
6.0551e+06 0.920482 0.166667 0 1.3212e-06
481928 0 1 0 1.66e-05
481928 0 1 0 1.66e-05
9.50751e+06 0.949398 0.0555556 0 8.4144e-07
6.0551e+06 0.920482 0.166667 0 1.3212e-06
6.0551e+06 0.920482 0.166667 0 1.3212e-06
6.0551e+06 0.920482 0.166667 0 1.3212e-06
6.0551e+06 0.920482 0.166667 0 1.3212e-06
6.0551e+06 0.920482 0.166667 0 1.3212e-06
6.0551e+06 0.920482 0.166667 0 1.3212e-06
488983 0.0144578 0.5 0 1.63605e-05
2.8569e+06 0.831325 0.666667 0 2.80024e-06
6.0551e+06 0.920482 0.166667 0 1.3212e-06
537617 0.103614 0.666667 0.333333 1.48805e-05
481928 0 1 0 1.66e-05
481928 0 1 0 1.66e-05
529084 0.0891566 0.5 0 1.51205e-05
6.0551e+06 0.920482 0.166667 0 1.3212e-06
6.0551e+06 0.920482 0.166667 0 1.3212e-06
2.8569e+06 0.831325 0.666667 0 2.80024e-06
481928 0 1 0 1.66e-05
481928 0 1 0 1.66e-05
2.8569e+06 0.831325 0.666667 0 2.80024e-06
2.8569e+06 0.831325 0.666667 0 2.80024e-06
6.0551e+06 0.920482 0.166667 0 1.3212e-06
6.0551e+06 0.920482 0.166667 0 1.3212e-06
529084 0.0891566 0.5 0 1.51205e-05
1.10889e+07 0.956627 0.0555556 0 7.2144e-07
537617 0.103614 0.666667 0.333333 1.48805e-05
3.63583e+06 0.86747 0.555556 0 2.20032e-06
2.8569e+06 0.831325 0.666667 0 2.80024e-06
6.0551e+06 0.920482 0.166667 0 1.3212e-06
515461 0.0650602 0.888889 0.0555556 1.55201e-05
