317456 0.058296 0.69697 0.0909091 2.52004e-05
316453 0.0553064 0.727273 0 2.52802e-05
316455 0.0553064 0.878788 0 2.52801e-05
317456 0.058296 0.69697 0.0909091 2.52004e-05
317456 0.058296 0.69697 0.0909091 2.52004e-05
299848 0.00298954 0.787879 0 2.66802e-05
386838 0.227205 0.606061 0 2.06805e-05
449436 0.334828 0.878788 0 1.78001e-05
298954 0 1 0 2.676e-05
386838 0.227205 0.606061 0 2.06805e-05
386838 0.227205 0.606061 0 2.06805e-05
386838 0.227205 0.606061 0 2.06805e-05
390609 0.234679 0.424242 0 2.04808e-05
386838 0.227205 0.606061 0 2.06805e-05
390609 0.234679 0.424242 0 2.04808e-05
386838 0.227205 0.606061 0 2.06805e-05
299848 0.00298954 0.787879 0 2.66802e-05
364295 0.179372 0.69697 0 2.19602e-05
386838 0.227205 0.606061 0 2.06805e-05
317456 0.058296 0.69697 0.0909091 2.52004e-05
301203 0.00747384 0.818182 0 2.65601e-05
449436 0.334828 0.878788 0 1.78001e-05
316453 0.0553064 0.727273 0 2.52802e-05
416651 0.282511 0.484848 0.0606061 1.92007e-05
386838 0.227205 0.606061 0 2.06805e-05
361010 0.171898 0.878788 0 2.21601e-05
990089 0.698057 0.878788 0.121212 8.08008e-06
836813 0.64275 0.878788 0.0606061 9.56008e-06
1.61285e+06 0.814649 0.757576 0.0606061 4.96016e-06
1.61285e+06 0.814649 0.757576 0.0606061 4.96016e-06
386838 0.227205 0.606061 0 2.06805e-05
386838 0.227205 0.606061 0 2.06805e-05
539066 0.445441 0.606061 0.0606061 1.48405e-05
386838 0.227205 0.606061 0 2.06805e-05
471688 0.366218 0.69697 0.151515 1.69604e-05
361010 0.171898 0.878788 0 2.21601e-05
386844 0.227205 0.757576 0.0606061 2.06802e-05
416651 0.282511 0.484848 0.0606061 1.92007e-05
301658 0.00896861 0.818182 0 2.65201e-05
