1.02038e+06 0.165957 0.777778 0.111111 7.84024e-06
1.01007e+06 0.157447 0.722222 0 7.92024e-06
851064 0 1 0 9.4e-06
1.02038e+06 0.165957 0.777778 0.111111 7.84024e-06
1.02038e+06 0.165957 0.777778 0.111111 7.84024e-06
873324 0.0255319 0.611111 0 9.1604e-06
2.40929e+06 0.646809 0.611111 0 3.32048e-06
851064 0 1 0 9.4e-06
851064 0 1 0 9.4e-06
2.40929e+06 0.646809 0.611111 0 3.32048e-06
2.40929e+06 0.646809 0.611111 0 3.32048e-06
2.40929e+06 0.646809 0.611111 0 3.32048e-06
2.56341e+06 0.668085 0.444444 0 3.12084e-06
2.40929e+06 0.646809 0.611111 0 3.32048e-06
2.56341e+06 0.668085 0.444444 0 3.12084e-06
2.40929e+06 0.646809 0.611111 0 3.32048e-06
858354 0.00851064 0.833333 0 9.32016e-06
1.73905e+06 0.510638 0.722222 0 4.6002e-06
2.40929e+06 0.646809 0.611111 0 3.32048e-06
1.02038e+06 0.165957 0.777778 0.111111 7.84024e-06
869554 0.0212766 0.833333 0 9.20012e-06
851064 0 1 0 9.4e-06
1.01007e+06 0.157447 0.722222 0 7.92024e-06
4.34584e+06 0.804255 0.444444 0 1.84084e-06
2.40929e+06 0.646809 0.611111 0 3.32048e-06
1.66664e+06 0.489362 0.888889 0 4.80008e-06
851064 0 1 0 9.4e-06
851064 0 1 0 9.4e-06
1.66664e+06 0.489362 0.888889 0 4.80008e-06
1.66664e+06 0.489362 0.888889 0 4.80008e-06
2.40929e+06 0.646809 0.611111 0 3.32048e-06
2.40929e+06 0.646809 0.611111 0 3.32048e-06
1.01007e+06 0.157447 0.722222 0 7.92024e-06
2.40929e+06 0.646809 0.611111 0 3.32048e-06
1.02038e+06 0.165957 0.777778 0.111111 7.84024e-06
1.66664e+06 0.489362 0.888889 0 4.80008e-06
2.40949e+06 0.646809 0.722222 0 3.3202e-06
4.34584e+06 0.804255 0.444444 0 1.84084e-06
873351 0.0255319 0.833333 0 9.16012e-06
