964602 0.00955414 0.333333 0 2.48807e-05
955414 0 1 0 2.512e-05
955414 0 1 0 2.512e-05
964602 0.00955414 0.333333 0 2.48807e-05
964602 0.00955414 0.333333 0 2.48807e-05
1.94175e+07 1 0.333333 0.333333 1.236e-06
955414 0 1 0 2.512e-05
955414 0 1 0 2.512e-05
955414 0 1 0 2.512e-05
955414 0 1 0 2.512e-05
955414 0 1 0 2.512e-05
955414 0 1 0 2.512e-05
955414 0 1 0 2.512e-05
955414 0 1 0 2.512e-05
955414 0 1 0 2.512e-05
955414 0 1 0 2.512e-05
964602 0.00955414 0.333333 0 2.48807e-05
955414 0 1 0 2.512e-05
955414 0 1 0 2.512e-05
1.94175e+07 0.993631 0.333333 0.166667 1.236e-06
955414 0 1 0 2.512e-05
955414 0 1 0 2.512e-05
955414 0 1 0 2.512e-05
955414 0 1 0 2.512e-05
955414 0 1 0 2.512e-05
955414 0 1 0 2.512e-05
955414 0 1 0 2.512e-05
955414 0 1 0 2.512e-05
955414 0 1 0 2.512e-05
955414 0 1 0 2.512e-05
955414 0 1 0 2.512e-05
955414 0 1 0 2.512e-05
955414 0 1 0 2.512e-05
955414 0 1 0 2.512e-05
964602 0.00955414 0.333333 0 2.48807e-05
955414 0 1 0 2.512e-05
955414 0 1 0 2.512e-05
955414 0 1 0 2.512e-05
955414 0 1 0 2.512e-05
