1.44921e+06 0.220339 0.636364 0.272727 5.52024e-06
1.42851e+06 0.20904 0.454545 0 5.60024e-06
1.12994e+06 0 1 0 7.08e-06
1.44921e+06 0.220339 0.636364 0.272727 5.52024e-06
1.44921e+06 0.220339 0.636364 0.272727 5.52024e-06
1.14282e+06 0.0112994 0.636364 0 7.00024e-06
2.85225e+07 0.960452 0.272727 0.0909091 2.8048e-07
1.12994e+06 0 1 0 7.08e-06
1.12994e+06 0 1 0 7.08e-06
7.99616e+06 0.858757 0.272727 0 1.00048e-06
7.99616e+06 0.858757 0.272727 0 1.00048e-06
7.99616e+06 0.858757 0.272727 0 1.00048e-06
9.994e+06 0.887006 0.272727 0.0909091 8.0048e-07
7.99616e+06 0.858757 0.272727 0 1.00048e-06
9.994e+06 0.887006 0.272727 0.0909091 8.0048e-07
7.99616e+06 0.858757 0.272727 0 1.00048e-06
1.14282e+06 0.0112994 0.636364 0 7.00024e-06
3.50865e+06 0.677966 0.818182 0.0909091 2.28008e-06
7.99616e+06 0.858757 0.272727 0 1.00048e-06
1.44921e+06 0.220339 0.636364 0.272727 5.52024e-06
1.16278e+06 0.0282486 0.818182 0 6.88008e-06
1.12994e+06 0 1 0 7.08e-06
1.42851e+06 0.20904 0.454545 0 5.60024e-06
7.99616e+06 0.858757 0.272727 0 1.00048e-06
7.99616e+06 0.858757 0.272727 0 1.00048e-06
3.2257e+06 0.649718 0.818182 0 2.48008e-06
1.12994e+06 0 1 0 7.08e-06
1.12994e+06 0 1 0 7.08e-06
3.2257e+06 0.649718 0.818182 0 2.48008e-06
3.2257e+06 0.649718 0.818182 0 2.48008e-06
7.99616e+06 0.858757 0.272727 0 1.00048e-06
7.99616e+06 0.858757 0.272727 0 1.00048e-06
1.42851e+06 0.20904 0.454545 0 5.60024e-06
7.99616e+06 0.858757 0.272727 0 1.00048e-06
1.44921e+06 0.220339 0.636364 0.272727 5.52024e-06
3.2257e+06 0.649718 0.818182 0 2.48008e-06
3.2257e+06 0.649718 0.818182 0 2.48008e-06
7.99616e+06 0.858757 0.272727 0 1.00048e-06
1.12994e+06 0 1 0 7.08e-06
