1.39128e+06 0.0635179 0.761905 0.0952381 2.30004e-05
1.38647e+06 0.0602606 0.761905 0 2.30802e-05
1.30293e+06 0 1 0 2.456e-05
1.39128e+06 0.0635179 0.761905 0.0952381 2.30004e-05
1.39128e+06 0.0635179 0.761905 0.0952381 2.30004e-05
1.31573e+06 0.00977199 0.47619 0 2.43211e-05
1.38647e+06 0.0602606 0.761905 0 2.30802e-05
9.99775e+06 0.869707 0.52381 0.047619 3.20072e-06
1.30293e+06 0 1 0 2.456e-05
1.38647e+06 0.0602606 0.761905 0 2.30802e-05
1.38647e+06 0.0602606 0.761905 0 2.30802e-05
1.38647e+06 0.0602606 0.761905 0 2.30802e-05
1.38647e+06 0.0602606 0.761905 0 2.30802e-05
1.38647e+06 0.0602606 0.761905 0 2.30802e-05
1.38647e+06 0.0602606 0.761905 0 2.30802e-05
1.38647e+06 0.0602606 0.761905 0 2.30802e-05
1.30718e+06 0.00325733 0.809524 0 2.44802e-05
1.30293e+06 0 1 0 2.456e-05
1.38647e+06 0.0602606 0.761905 0 2.30802e-05
1.39128e+06 0.0635179 0.761905 0.0952381 2.30004e-05
1.30293e+06 0 1 0 2.456e-05
8.24691e+06 0.84202 0.809524 0.0952381 3.88024e-06
1.38647e+06 0.0602606 0.761905 0 2.30802e-05
1.38647e+06 0.0602606 0.761905 0 2.30802e-05
1.38647e+06 0.0602606 0.761905 0 2.30802e-05
1.30293e+06 0 1 0 2.456e-05
2.05127e+06 0.364821 0.904762 0 1.56001e-05
5.96988e+06 0.781759 0.809524 0.047619 5.36024e-06
2.05127e+06 0.364821 0.904762 0 1.56001e-05
2.05127e+06 0.364821 0.904762 0 1.56001e-05
1.38647e+06 0.0602606 0.761905 0 2.30802e-05
1.38647e+06 0.0602606 0.761905 0 2.30802e-05
2.26621e+06 0.425081 0.666667 0 1.41205e-05
1.38647e+06 0.0602606 0.761905 0 2.30802e-05
1.39128e+06 0.0635179 0.761905 0.0952381 2.30004e-05
2.2346e+06 0.416938 0.809524 0 1.43202e-05
1.30293e+06 0 1 0 2.456e-05
1.38647e+06 0.0602606 0.761905 0 2.30802e-05
1.30293e+06 0 1 0 2.456e-05
