2.08316e+06 0.0204082 0.722222 0 3.84032e-06
3.27815e+06 0.377551 0.5 0 2.4404e-06
3.27815e+06 0.377551 0.5 0 2.4404e-06
2.08316e+06 0.0204082 0.722222 0 3.84032e-06
2.08316e+06 0.0204082 0.722222 0 3.84032e-06
2.08316e+06 0.0204082 0.722222 0 3.84032e-06
2.04082e+06 0 1 0 3.92e-06
2.04082e+06 0 1 0 3.92e-06
1.81686e+07 0.887755 0.611111 0.277778 4.4032e-07
2.04082e+06 0 1 0 3.92e-06
2.35278e+06 0.132653 0.666667 0 3.40024e-06
2.35278e+06 0.132653 0.666667 0 3.40024e-06
2.04082e+06 0 1 0 3.92e-06
2.35278e+06 0.132653 0.666667 0 3.40024e-06
2.04082e+06 0 1 0 3.92e-06
2.35278e+06 0.132653 0.666667 0 3.40024e-06
2.08316e+06 0.0204082 0.722222 0 3.84032e-06
2.04082e+06 0 1 0 3.92e-06
2.35278e+06 0.132653 0.666667 0 3.40024e-06
2.08316e+06 0.0204082 0.722222 0 3.84032e-06
2.04082e+06 0 1 0 3.92e-06
2.04082e+06 0 1 0 3.92e-06
8.32986e+06 0.755102 0.5 0.0555556 9.604e-07
2.04082e+06 0 1 0 3.92e-06
3.27858e+06 0.377551 0.888889 0 2.44008e-06
2.04082e+06 0 1 0 3.92e-06
2.04082e+06 0 1 0 3.92e-06
2.04082e+06 0 1 0 3.92e-06
2.04082e+06 0 1 0 3.92e-06
2.04082e+06 0 1 0 3.92e-06
2.04082e+06 0 1 0 3.92e-06
3.27858e+06 0.377551 0.888889 0 2.44008e-06
2.04082e+06 0 1 0 3.92e-06
2.04082e+06 0 1 0 3.92e-06
2.08316e+06 0.0204082 0.722222 0 3.84032e-06
2.04082e+06 0 1 0 3.92e-06
3.27858e+06 0.377551 0.888889 0 2.44008e-06
2.04082e+06 0 1 0 3.92e-06
2.04082e+06 0 1 0 3.92e-06
