4.19893e+07 1 0.576315 0.414873 3.072e-05
4.15029e+07 0.825402 0.535593 0.176919 3.108e-05
1.24596e+07 0.415764 0.619044 0.0763995 0.000103527
3.74756e+07 0.87469 0.436137 0.112118 3.442e-05
1.17272e+07 0.379164 0.65069 0.0346555 0.000109993
3.74756e+07 0.952663 0.458544 0.26723 3.442e-05
3.98612e+07 0.836138 0.528662 0.204643 3.236e-05
3.74756e+07 0.941927 0.451613 0.232574 3.442e-05
1.73828e+07 0.581416 0.586456 0.0204619 7.42061e-05
3.74756e+07 0.863954 0.429206 0.0774625 3.442e-05
4.19893e+07 0.914111 0.551069 0.359755 3.072e-05
3.74756e+07 0.87469 0.436137 0.112118 3.442e-05
3.27284e+07 0.778065 0.473271 0.0570007 3.94126e-05
2.20439e+07 0.670125 0.536635 0.17065 5.85155e-05
3.74756e+07 0.941927 0.451613 0.232574 3.442e-05
4.19893e+07 0.903374 0.558 0.332031 3.072e-05
4.15029e+07 0.922027 0.553908 0.259761 3.108e-05
4.19893e+07 0.989264 0.513936 0.352493 3.072e-05
3.74756e+07 0.87469 0.436137 0.112118 3.442e-05
3.94106e+07 0.856038 0.495678 0.212112 3.273e-05
4.19893e+07 0.989264 0.513936 0.352493 3.072e-05
3.74756e+07 0.87469 0.436137 0.112118 3.442e-05
3.94106e+07 0.856038 0.495678 0.212112 3.273e-05
1.70589e+07 0.573499 0.573769 0.115532 7.56152e-05
4.19893e+07 0.903374 0.558 0.332031 3.072e-05
1.47386e+07 0.506263 0.568142 0 8.75192e-05
4.19893e+07 0.903374 0.558 0.332031 3.072e-05
1.59171e+07 0.542863 0.540045 0.0435189 8.10392e-05
1.13825e+07 0.360511 0.520091 0.0395796 0.000113324
4.19893e+07 0.989264 0.513936 0.352493 3.072e-05
3.94106e+07 0.856038 0.495678 0.212112 3.273e-05
3.74756e+07 0.941927 0.451613 0.232574 3.442e-05
4.19893e+07 0.989264 0.513936 0.352493 3.072e-05
1.13825e+07 0.360511 0.520091 0.0395796 0.000113324
3.27284e+07 0.778065 0.473271 0.0570007 3.94126e-05
3.74756e+07 0.941927 0.451613 0.232574 3.442e-05
4.15029e+07 0.922027 0.553908 0.259761 3.108e-05
3.4373e+07 0.788801 0.410891 0.0570007 3.75268e-05
4.15029e+07 0.922027 0.553908 0.259761 3.108e-05
1.73828e+07 0.581416 0.586456 0.0204619 7.42061e-05
3.74756e+07 0.87469 0.436137 0.112118 3.442e-05
4.19893e+07 0.903374 0.558 0.332031 3.072e-05
3.74756e+07 0.952663 0.458544 0.26723 3.442e-05
4.15029e+07 0.825402 0.535593 0.176919 3.108e-05
3.27284e+07 0.778065 0.473271 0.0570007 3.94126e-05
3.94106e+07 0.856038 0.495678 0.212112 3.273e-05
4.19893e+07 0.989264 0.513936 0.352493 3.072e-05
3.27284e+07 0.778065 0.473271 0.0570007 3.94126e-05
4.15029e+07 0.825402 0.535593 0.176919 3.108e-05
7.28572e+06 0 1 0 0.000177046
1.01504e+07 0.282538 0.728748 0 0.00012708
2.47819e+07 0.706725 0.439228 0.179513 5.20505e-05
3.98612e+07 0.836138 0.528662 0.204643 3.236e-05
4.15029e+07 0.922027 0.553908 0.259761 3.108e-05
3.74756e+07 0.87469 0.436137 0.112118 3.442e-05
1.44277e+07 0.495527 0.630521 0 8.94051e-05
1.08658e+07 0.329875 0.704033 0.0763995 0.000118713
3.94106e+07 0.856038 0.495678 0.212112 3.273e-05
4.15029e+07 0.922027 0.553908 0.259761 3.108e-05
4.15029e+07 0.922027 0.553908 0.259761 3.108e-05
4.15029e+07 0.922027 0.553908 0.259761 3.108e-05
3.94106e+07 0.856038 0.495678 0.212112 3.273e-05
3.7885e+07 0.911291 0.491529 0.197381 3.4048e-05
4.15029e+07 0.825402 0.535593 0.176919 3.108e-05
4.15029e+07 0.922027 0.553908 0.259761 3.108e-05
3.98612e+07 0.836138 0.528662 0.204643 3.236e-05
3.74756e+07 0.952663 0.458544 0.26723 3.442e-05
4.19893e+07 0.903374 0.558 0.332031 3.072e-05
1.78398e+07 0.592152 0.593388 0.0551174 7.23053e-05
4.15029e+07 0.825402 0.535593 0.176919 3.108e-05
4.15029e+07 0.825402 0.535593 0.176919 3.108e-05
3.74756e+07 0.941927 0.451613 0.232574 3.442e-05
3.7885e+07 0.911291 0.491529 0.197381 3.4048e-05
4.19893e+07 0.903374 0.558 0.332031 3.072e-05
1.08658e+07 0.329875 0.704033 0.0763995 0.000118713
4.19893e+07 1 0.576315 0.414873 3.072e-05
1.26944e+07 0.426501 0.681424 0.138779 0.000101613
4.15029e+07 0.825402 0.535593 0.176919 3.108e-05
1.44277e+07 0.495527 0.630521 0 8.94051e-05
1.78398e+07 0.592152 0.593388 0.0551174 7.23053e-05
4.19893e+07 0.903374 0.558 0.332031 3.072e-05
4.19893e+07 0.903374 0.558 0.332031 3.072e-05
