3.97861e+07 0.68491 0.683773 0.15189 3.67566e-05
2.74024e+07 0.542477 0.559605 0.0493439 5.33675e-05
2.19925e+07 0.429608 0.662734 0.0880341 6.64954e-05
6.3649e+07 0.899439 0.636223 0.12013 2.2976e-05
2.11794e+07 0.407627 0.691892 0.0813054 6.90483e-05
3.54353e+07 0.646225 0.636223 0.0684535 4.12696e-05
6.67276e+07 0.812397 0.654435 0.186789 2.1916e-05
3.384e+07 0.62952 0.6277 0.0258383 4.32152e-05
3.56376e+07 0.647983 0.801278 0.129191 4.10353e-05
5.75567e+07 0.905264 0.588987 0.167882 2.5408e-05
2.79464e+07 0.551269 0.651206 0.0834361 5.23288e-05
6.3649e+07 0.899439 0.636223 0.12013 2.2976e-05
5.1566e+07 0.757006 0.683593 0.103353 2.83598e-05
2.15623e+07 0.418178 0.687249 0.0684535 6.78222e-05
3.52215e+07 0.644137 0.585758 0.0645284 4.15201e-05
5.90078e+07 0.787779 0.659729 0.101021 2.47832e-05
7.14062e+07 0.938125 0.683773 0.203566 2.048e-05
3.77716e+07 0.668205 0.607065 0.0751822 3.87169e-05
6.3649e+07 0.899439 0.636223 0.12013 2.2976e-05
4.9943e+07 0.749093 0.680363 0.0516766 2.92814e-05
3.77716e+07 0.668205 0.607065 0.0751822 3.87169e-05
6.3649e+07 0.899439 0.636223 0.12013 2.2976e-05
2.48824e+07 0.495879 0.680363 0 5.87726e-05
2.54267e+07 0.506429 0.850712 0.0516766 5.75143e-05
5.90078e+07 0.787779 0.659729 0.101021 2.47832e-05
2.631e+07 0.523134 0.774005 0.0516766 5.55834e-05
2.69446e+07 0.534564 0.659729 0.0493439 5.42744e-05
3.07514e+07 0.592373 0.648716 0.1518 4.75556e-05
1.6899e+07 0.257281 0.787709 0.0386901 8.65376e-05
6.02108e+07 0.92142 0.607065 0.126859 2.4288e-05
2.48824e+07 0.495879 0.680363 0 5.87726e-05
3.384e+07 0.62952 0.6277 0.0258383 4.32152e-05
6.02108e+07 0.92142 0.607065 0.126859 2.4288e-05
1.78341e+07 0.296626 0.604912 0.0386901 8.20004e-05
5.48439e+07 0.771623 0.641651 0.142043 2.66648e-05
3.384e+07 0.62952 0.6277 0.0258383 4.32152e-05
7.14062e+07 0.938125 0.683773 0.203566 2.048e-05
5.34688e+07 0.765798 0.603656 0.0516766 2.73505e-05
7.14062e+07 0.938125 0.683773 0.203566 2.048e-05
3.90828e+07 0.679415 0.615252 0.0775149 3.7418e-05
3.54353e+07 0.646225 0.636223 0.0684535 4.12696e-05
2.69446e+07 0.534564 0.659729 0.0493439 5.42744e-05
3.54353e+07 0.646225 0.636223 0.0684535 4.12696e-05
2.69446e+07 0.534564 0.659729 0.0493439 5.42744e-05
4.9943e+07 0.749093 0.680363 0.0516766 2.92814e-05
5.30117e+07 0.76371 0.638421 0.0903667 2.75864e-05
3.95009e+07 0.682822 0.565123 0.113872 3.70219e-05
4.76042e+07 0.788438 0.497566 0.0516766 3.072e-05
5.90078e+07 0.787779 0.659729 0.101021 2.47832e-05
1.83184e+07 0.31509 0.694651 0.100123 7.98321e-05
1.74732e+07 0.282009 0.646854 0 8.36938e-05
2.18384e+07 0.425541 0.678726 0.0258383 6.69646e-05
2.79464e+07 0.551269 0.651206 0.0834361 5.23288e-05
7.14062e+07 0.938125 0.683773 0.203566 2.048e-05
3.54353e+07 0.646225 0.636223 0.0684535 4.12696e-05
2.81045e+07 0.553687 0.768039 0.1518 5.20344e-05
1.74647e+07 0.28135 0.809016 0.0493439 8.37344e-05
2.56213e+07 0.510496 0.638421 0.0386901 5.70776e-05
7.14062e+07 0.938125 0.683773 0.203566 2.048e-05
3.97861e+07 0.68491 0.683773 0.15189 3.67566e-05
3.97861e+07 0.68491 0.683773 0.15189 3.67566e-05
2.56213e+07 0.510496 0.638421 0.0386901 5.70776e-05
6.02108e+07 0.929333 0.610295 0.178535 2.4288e-05
2.74024e+07 0.542477 0.559605 0.0493439 5.33675e-05
3.97861e+07 0.68491 0.683773 0.15189 3.67566e-05
6.40349e+07 0.804484 0.651206 0.135113 2.28376e-05
3.69531e+07 0.660842 0.594281 0.107144 3.95745e-05
6.33399e+07 0.802396 0.617786 0.139711 2.30881e-05
3.74114e+07 0.664688 0.809802 0.171807 3.90897e-05
5.90078e+07 0.787779 0.659729 0.101021 2.47832e-05
2.69446e+07 0.534564 0.659729 0.0493439 5.42744e-05
3.384e+07 0.62952 0.6277 0.0258383 4.32152e-05
3.77716e+07 0.668205 0.607065 0.0751822 3.87169e-05
2.93999e+07 0.573909 0.476932 0.0493439 4.97417e-05
1.84653e+07 0.320695 0.62622 0.0493439 7.91972e-05
3.97861e+07 0.68491 0.683773 0.15189 3.67566e-05
3.97861e+07 0.68491 0.678031 0.126051 3.67566e-05
5.90078e+07 0.787779 0.659729 0.101021 2.47832e-05
2.54267e+07 0.506429 0.850712 0.0516766 5.75143e-05
2.1041e+07 0.403561 0.806572 0.0684535 6.95025e-05
5.90078e+07 0.787779 0.659729 0.101021 2.47832e-05
2.93999e+07 0.573909 0.476932 0.0493439 4.97417e-05
