2.30074e+07 0.587796 0.811623 0.13421 6.1614e-05
1.81206e+07 0.476716 0.728941 0.0659254 7.82301e-05
1.5609e+07 0.392571 0.682024 0.0754532 9.08182e-05
3.86921e+07 0.755101 0.77996 0.113061 3.66375e-05
1.48252e+07 0.360151 0.787994 0.0283771 9.56199e-05
2.14367e+07 0.557626 0.77996 0.0786503 6.61287e-05
3.03063e+07 0.687219 0.792087 0.157449 4.67751e-05
2.0824e+07 0.544598 0.774284 0.0502732 6.80743e-05
1.91799e+07 0.505343 0.858502 0.0860274 7.39097e-05
3.764e+07 0.748244 0.776435 0.119095 3.76615e-05
1.83653e+07 0.483573 0.789937 0.0886271 7.71879e-05
4.97522e+07 0.85236 0.688431 0.113061 2.84928e-05
2.66376e+07 0.644021 0.811503 0.10189 5.32172e-05
1.38467e+07 0.314725 0.862027 0.0455826 0.000102377
2.0824e+07 0.544598 0.774284 0.0502732 6.80743e-05
2.85559e+07 0.66802 0.795612 0.100336 4.96423e-05
4.41301e+07 0.785271 0.811623 0.168621 3.21228e-05
2.22968e+07 0.574768 0.760544 0.0831309 6.35778e-05
3.86921e+07 0.755101 0.77996 0.113061 3.66375e-05
2.61842e+07 0.63785 0.809353 0.0674787 5.41388e-05
2.22968e+07 0.574768 0.760544 0.0831309 6.35778e-05
3.86921e+07 0.755101 0.77996 0.113061 3.66375e-05
1.69506e+07 0.440376 0.809353 0.0330677 8.363e-05
1.56832e+07 0.39495 0.891419 0.034411 9.03887e-05
2.85559e+07 0.66802 0.795612 0.100336 4.96423e-05
1.60255e+07 0.407977 0.840341 0.034411 8.84578e-05
1.79138e+07 0.470545 0.795612 0.0659254 7.91335e-05
2.52157e+07 0.624571 0.571261 0.142234 5.62181e-05
1.25335e+07 0.242901 0.851798 0 0.000113103
4.15876e+07 0.772243 0.760544 0.117542 3.40866e-05
1.69506e+07 0.440376 0.809353 0.0330677 8.363e-05
2.0824e+07 0.544598 0.774284 0.0502732 6.80743e-05
4.15876e+07 0.772243 0.760544 0.117542 3.40866e-05
1.43395e+07 0.338922 0.553651 0 9.88584e-05
2.66376e+07 0.644021 0.811503 0.10189 5.32172e-05
2.0824e+07 0.544598 0.774284 0.0502732 6.80743e-05
4.41301e+07 0.785271 0.811623 0.168621 3.21228e-05
2.71508e+07 0.650878 0.758274 0.0674787 5.22114e-05
4.41301e+07 0.785271 0.811623 0.168621 3.21228e-05
2.96366e+07 0.692453 0.548978 0.0927679 4.7832e-05
2.14367e+07 0.557626 0.77996 0.0786503 6.61287e-05
1.79138e+07 0.470545 0.795612 0.0659254 7.91335e-05
2.14367e+07 0.557626 0.77996 0.0786503 6.61287e-05
1.79138e+07 0.470545 0.795612 0.0659254 7.91335e-05
2.61842e+07 0.63785 0.809353 0.0674787 5.41388e-05
2.61842e+07 0.63785 0.809353 0.0674787 5.41388e-05
2.22968e+07 0.574768 0.760544 0.0831309 6.35778e-05
2.96198e+07 0.733872 0.511205 0.0674787 4.78592e-05
2.85559e+07 0.66802 0.795612 0.100336 4.96423e-05
1.35416e+07 0.299667 0.699702 0.0666713 0.000104683
1.46826e+07 0.3542 0.677603 0.147848 9.65486e-05
1.66086e+07 0.429126 0.685366 0.0172055 8.53522e-05
1.83653e+07 0.483573 0.789937 0.0886271 7.71879e-05
4.41301e+07 0.785271 0.811623 0.168621 3.21228e-05
2.14367e+07 0.557626 0.77996 0.0786503 6.61287e-05
2.33556e+07 0.594401 0.650717 0.142234 6.06954e-05
1.30524e+07 0.273071 0.838057 0.0328577 0.000108606
1.69506e+07 0.440376 0.809353 0.0330677 8.363e-05
4.41301e+07 0.785271 0.811623 0.168621 3.21228e-05
2.30074e+07 0.587796 0.811623 0.13421 6.1614e-05
2.30074e+07 0.587796 0.811623 0.13421 6.1614e-05
1.69506e+07 0.440376 0.809353 0.0330677 8.363e-05
4.27432e+07 0.778414 0.762695 0.151953 3.3165e-05
1.81206e+07 0.476716 0.728941 0.0659254 7.82301e-05
2.30074e+07 0.587796 0.811623 0.13421 6.1614e-05
2.97207e+07 0.681048 0.789937 0.123038 4.76967e-05
2.14367e+07 0.557626 0.77996 0.0786503 6.61287e-05
2.85559e+07 0.66802 0.795612 0.100336 4.96423e-05
2.46652e+07 0.61563 0.772648 0.114405 5.74729e-05
2.85559e+07 0.66802 0.795612 0.100336 4.96423e-05
1.79138e+07 0.470545 0.795612 0.0659254 7.91335e-05
2.0824e+07 0.544598 0.774284 0.0502732 6.80743e-05
2.22968e+07 0.574768 0.760544 0.0831309 6.35778e-05
2.18459e+07 0.566567 0.497465 0.0659254 6.48899e-05
1.50227e+07 0.369092 0.53991 0.0328577 9.43623e-05
2.30074e+07 0.587796 0.811623 0.13421 6.1614e-05
2.30006e+07 0.587796 0.750835 0.0839365 6.16322e-05
2.85559e+07 0.66802 0.795612 0.100336 4.96423e-05
1.56832e+07 0.39495 0.891419 0.034411 9.03887e-05
1.38467e+07 0.314725 0.862027 0.0455826 0.000102377
2.85559e+07 0.66802 0.795612 0.100336 4.96423e-05
2.58758e+07 0.663826 0.488239 0.107077 5.4784e-05
