3.00132e+07 0.736032 0.558893 0.126729 4.46824e-05
2.20784e+07 0.640991 0.519695 0.0735426 6.07408e-05
1.32406e+07 0.400907 0.504557 0 0.000101284
4.53061e+07 0.875055 0.601994 0.1451 2.96e-05
1.46454e+07 0.458285 0.627903 0.0949132 9.15687e-05
2.76298e+07 0.713167 0.601994 0.105958 4.85367e-05
4.1622e+07 0.814001 0.537473 0.151828 3.222e-05
2.71053e+07 0.707606 0.601994 0.105958 4.94759e-05
1.93315e+07 0.589629 0.726641 0.0978567 6.93717e-05
4.1622e+07 0.878693 0.503893 0.150628 3.222e-05
2.28215e+07 0.652615 0.595534 0.13405 5.87631e-05
4.53061e+07 0.875055 0.601994 0.1451 2.96e-05
3.60114e+07 0.780014 0.641082 0.131056 3.72399e-05
1.42557e+07 0.443505 0.637093 0.0531867 9.40719e-05
2.74816e+07 0.711746 0.501446 0.0723423 4.87985e-05
3.91666e+07 0.79782 0.595534 0.112685 3.42399e-05
4.36543e+07 0.89792 0.558893 0.165872 3.072e-05
2.88024e+07 0.72491 0.552169 0.0931139 4.65608e-05
5.60119e+07 0.880616 0.662502 0.205608 2.39424e-05
3.52037e+07 0.774955 0.638636 0.0919136 3.80943e-05
2.88024e+07 0.72491 0.552169 0.0931139 4.65608e-05
4.53061e+07 0.875055 0.601994 0.1451 2.96e-05
2.0793e+07 0.618628 0.645359 0.0863863 6.44959e-05
1.57316e+07 0.495592 0.767559 0.0391427 8.5246e-05
3.91666e+07 0.79782 0.595534 0.112685 3.42399e-05
1.60833e+07 0.506715 0.707052 0.0391427 8.33821e-05
2.68672e+07 0.705053 0.557143 0.099656 4.99144e-05
1.71015e+07 0.536154 0.688444 0.135753 7.84176e-05
1.11629e+07 0.289064 0.671709 0 0.000120136
4.36543e+07 0.886798 0.552169 0.132257 3.072e-05
2.04945e+07 0.613067 0.638636 0.0527709 6.54351e-05
2.66004e+07 0.702045 0.595271 0.0723423 5.04151e-05
4.36543e+07 0.886798 0.552169 0.132257 3.072e-05
1.13605e+07 0.301702 0.559857 0 0.000118046
3.76457e+07 0.789715 0.547257 0.131056 3.56232e-05
2.71053e+07 0.707606 0.601994 0.105958 4.94759e-05
4.36543e+07 0.89792 0.558893 0.165872 3.072e-05
3.80155e+07 0.791638 0.638636 0.152421 3.52767e-05
4.36543e+07 0.89792 0.558893 0.165872 3.072e-05
1.9686e+07 0.597208 0.612342 0.058714 6.81224e-05
2.81836e+07 0.718728 0.662502 0.166465 4.7583e-05
2.17773e+07 0.635932 0.595534 0.0735426 6.15807e-05
2.76298e+07 0.713167 0.601994 0.105958 4.85367e-05
2.17773e+07 0.635932 0.595534 0.0735426 6.15807e-05
4.36543e+07 0.844076 0.600244 0.118027 3.072e-05
4.36543e+07 0.853777 0.576788 0.153212 3.072e-05
2.98384e+07 0.734611 0.458344 0.0931139 4.49441e-05
3.72591e+07 0.787593 0.526783 0.0919136 3.59929e-05
3.91666e+07 0.79782 0.595534 0.112685 3.42399e-05
9.7911e+06 0.189286 0.791876 0.075839 0.000136967
1.12959e+07 0.297562 0.660405 0.0336153 0.000118721
1.43104e+07 0.445547 0.681093 0.040343 9.37125e-05
2.28215e+07 0.652615 0.595534 0.13405 5.87631e-05
4.36543e+07 0.89792 0.558893 0.165872 3.072e-05
2.76298e+07 0.713167 0.601994 0.105958 4.85367e-05
1.63005e+07 0.513289 0.731546 0.114982 8.22712e-05
1.13735e+07 0.302228 0.680889 0 0.000117911
2.57216e+07 0.691889 0.576788 0.114069 5.21376e-05
4.36543e+07 0.89792 0.558893 0.165872 3.072e-05
3.00132e+07 0.736032 0.558893 0.126729 4.46824e-05
3.00132e+07 0.736032 0.558893 0.126729 4.46824e-05
2.61934e+07 0.69745 0.583511 0.147684 5.11984e-05
4.36543e+07 0.891857 0.554616 0.171399 3.072e-05
2.20784e+07 0.640991 0.519695 0.0735426 6.07408e-05
3.00132e+07 0.736032 0.558893 0.126729 4.46824e-05
4.14214e+07 0.808942 0.535026 0.112685 3.2376e-05
2.85818e+07 0.722868 0.508169 0.105958 4.69201e-05
4.11075e+07 0.807521 0.501709 0.112685 3.26233e-05
1.98695e+07 0.600751 0.733364 0.131472 6.74933e-05
3.91666e+07 0.79782 0.595534 0.112685 3.42399e-05
2.17773e+07 0.635932 0.595534 0.0735426 6.15807e-05
2.66004e+07 0.702045 0.595271 0.0723423 5.04151e-05
2.88024e+07 0.72491 0.552169 0.0931139 4.65608e-05
2.25464e+07 0.64857 0.483681 0.0735426 5.94801e-05
1.15786e+07 0.314866 0.569037 0 0.000115822
3.00132e+07 0.736032 0.558893 0.126729 4.46824e-05
1.81943e+07 0.564216 0.52682 0.0336153 7.37078e-05
4.02712e+07 0.803381 0.602257 0.146301 3.33007e-05
1.59042e+07 0.501153 0.707052 0.0391427 8.43213e-05
1.40149e+07 0.433804 0.730918 0.0531867 9.56885e-05
3.91666e+07 0.79782 0.595534 0.112685 3.42399e-05
2.25464e+07 0.64857 0.483681 0.0735426 5.94801e-05
