2.13799e+07 0.646206 0.600522 0.232534 5.59296e-05
4.73319e+07 0.840559 0.488507 0.0801335 2.52635e-05
1.33373e+07 0.432751 0.457067 0.0443392 8.96559e-05
4.40658e+07 0.937025 0.426771 0.108916 2.7136e-05
1.33373e+07 0.432751 0.457067 0.0443392 8.96559e-05
2.13799e+07 0.646206 0.600522 0.232534 5.59296e-05
1.52333e+07 0.50333 0.542932 0.0376137 7.84969e-05
2.13799e+07 0.646206 0.600522 0.232534 5.59296e-05
1.04396e+07 0.274809 0.772437 0.0287827 0.000114542
1.94447e+07 0.611093 0.424032 0.110736 6.14959e-05
1.68019e+07 0.549739 0.564953 0.155099 7.11689e-05
1.88988e+07 0.599797 0.481197 0.0663964 6.32722e-05
4.76023e+07 0.845828 0.459201 0.134559 2.512e-05
1.13409e+07 0.332514 0.719704 0.181813 0.000105439
5.57729e+07 0.994731 0.582557 0.366206 2.144e-05
1.68019e+07 0.549739 0.564953 0.155099 7.11689e-05
1.88988e+07 0.599797 0.481197 0.0663964 6.32722e-05
2.13799e+07 0.646206 0.600522 0.232534 5.59296e-05
1.88988e+07 0.599797 0.481197 0.0663964 6.32722e-05
1.68019e+07 0.549739 0.564953 0.155099 7.11689e-05
2.13799e+07 0.646206 0.600522 0.232534 5.59296e-05
1.88988e+07 0.599797 0.481197 0.0663964 6.32722e-05
1.68019e+07 0.549739 0.564953 0.155099 7.11689e-05
9.76499e+06 0.224752 0.736352 0.0575653 0.000122455
1.68019e+07 0.549739 0.564953 0.155099 7.11689e-05
9.27219e+06 0.183611 0.696016 0 0.000128963
1.68019e+07 0.549739 0.564953 0.155099 7.11689e-05
9.21475e+06 0.178342 0.834173 0 0.000129767
2.69897e+07 0.719922 0.522457 0.193592 4.43046e-05
2.13799e+07 0.646206 0.600522 0.232534 5.59296e-05
1.68019e+07 0.549739 0.564953 0.155099 7.11689e-05
2.13799e+07 0.646206 0.600522 0.232534 5.59296e-05
2.13799e+07 0.646206 0.600522 0.232534 5.59296e-05
1.22595e+07 0.382693 0.576883 0.151072 9.7538e-05
4.76023e+07 0.851854 0.431342 0.124473 2.512e-05
2.13799e+07 0.646206 0.600522 0.232534 5.59296e-05
1.88988e+07 0.599797 0.481197 0.0663964 6.32722e-05
1.52333e+07 0.50333 0.542932 0.0376137 7.84969e-05
1.88988e+07 0.599797 0.481197 0.0663964 6.32722e-05
1.05134e+07 0.280078 0.63428 0.0287827 0.000113738
1.88988e+07 0.599797 0.481197 0.0663964 6.32722e-05
5.01182e+07 0.886968 0.510527 0.197619 2.3859e-05
2.13799e+07 0.646206 0.600522 0.232534 5.59296e-05
1.52333e+07 0.50333 0.542932 0.0376137 7.84969e-05
1.52333e+07 0.50333 0.542932 0.0376137 7.84969e-05
1.72356e+07 0.561035 0.601413 0.246251 6.9378e-05
2.20872e+07 0.657502 0.636983 0.323686 5.41386e-05
1.52333e+07 0.50333 0.542932 0.0376137 7.84969e-05
4.76023e+07 0.845828 0.459201 0.134559 2.512e-05
7.65855e+06 0.0112958 0.854157 0 0.000156135
1.12129e+07 0.324988 0.633532 0 0.000106642
1.1153e+07 0.321218 0.771922 0.135 0.000107215
1.52333e+07 0.50333 0.542932 0.0376137 7.84969e-05
1.88988e+07 0.599797 0.481197 0.0663964 6.32722e-05
1.88988e+07 0.599797 0.481197 0.0663964 6.32722e-05
9.21475e+06 0.178342 0.834173 0 0.000129767
1.12129e+07 0.324988 0.633532 0 0.000106642
1.72356e+07 0.561035 0.601413 0.246251 6.9378e-05
1.88988e+07 0.599797 0.481197 0.0663964 6.32722e-05
1.88988e+07 0.599797 0.481197 0.0663964 6.32722e-05
1.88988e+07 0.599797 0.481197 0.0663964 6.32722e-05
1.72356e+07 0.561035 0.601413 0.246251 6.9378e-05
1.88988e+07 0.599797 0.481197 0.0663964 6.32722e-05
1.52333e+07 0.50333 0.542932 0.0376137 7.84969e-05
4.40658e+07 0.937025 0.426771 0.108916 2.7136e-05
1.52333e+07 0.50333 0.542932 0.0376137 7.84969e-05
2.20872e+07 0.657502 0.636983 0.323686 5.41386e-05
1.72356e+07 0.561035 0.601413 0.246251 6.9378e-05
1.04396e+07 0.274809 0.772437 0.0287827 0.000114542
4.73319e+07 0.840559 0.488507 0.0801335 2.52635e-05
4.73319e+07 0.840559 0.488507 0.0801335 2.52635e-05
2.13799e+07 0.646206 0.600522 0.232534 5.59296e-05
1.88988e+07 0.599797 0.481197 0.0663964 6.32722e-05
1.68019e+07 0.549739 0.564953 0.155099 7.11689e-05
2.2389e+07 0.662217 0.579107 0.0425198 5.34089e-05
2.13799e+07 0.646206 0.600522 0.232534 5.59296e-05
1.30782e+07 0.421455 0.514231 0 9.14322e-05
1.53907e+07 0.508599 0.404775 0.0376137 7.76942e-05
9.27219e+06 0.183611 0.696016 0 0.000128963
1.04396e+07 0.274809 0.772437 0.0287827 0.000114542
1.68019e+07 0.549739 0.564953 0.155099 7.11689e-05
1.68019e+07 0.549739 0.564953 0.155099 7.11689e-05
