2.43636e+07 0.680962 0.573256 0.0831324 5.64777e-05
4.84234e+07 0.950739 0.607607 0.21672 2.8416e-05
1.63334e+07 0.523906 0.52732 0.0895607 8.42445e-05
3.78521e+07 0.834541 0.558491 0.0619392 3.6352e-05
1.55956e+07 0.501304 0.541817 0.0569171 8.82299e-05
2.27515e+07 0.65836 0.54704 0.0301326 6.04795e-05
2.47833e+07 0.686468 0.494375 0.0831324 5.55213e-05
3.06303e+07 0.74645 0.526684 0.0708451 4.49229e-05
9.51357e+06 0.181686 0.803134 0 0.000144635
2.45013e+07 0.68299 0.405216 0.0870497 5.61603e-05
2.43636e+07 0.680962 0.573256 0.0831324 5.64777e-05
2.27515e+07 0.65836 0.54704 0.0301326 6.04795e-05
3.65646e+07 0.840046 0.47961 0.0619392 3.7632e-05
9.67242e+06 0.195306 0.705236 0 0.00014226
3.73264e+07 0.853666 0.495547 0.118856 3.6864e-05
2.43636e+07 0.680962 0.573256 0.0831324 5.64777e-05
2.43636e+07 0.680962 0.573256 0.0831324 5.64777e-05
2.43636e+07 0.680962 0.573256 0.0831324 5.64777e-05
2.27515e+07 0.65836 0.54704 0.0301326 6.04795e-05
2.31402e+07 0.664155 0.541683 0.0729878 5.94637e-05
2.43636e+07 0.680962 0.573256 0.0831324 5.64777e-05
2.27515e+07 0.65836 0.54704 0.0301326 6.04795e-05
2.27515e+07 0.65836 0.54704 0.0301326 6.04795e-05
9.45102e+06 0.176181 0.882014 0 0.000145593
2.43636e+07 0.680962 0.573256 0.0831324 5.64777e-05
9.51624e+06 0.181976 0.790947 0 0.000144595
2.48098e+07 0.686757 0.567899 0.125988 5.54619e-05
9.94148e+06 0.217039 0.731251 0.0585242 0.00013841
2.4098e+07 0.677485 0.553268 0.0887237 5.71003e-05
2.43636e+07 0.680962 0.573256 0.0831324 5.64777e-05
3.13389e+07 0.752246 0.521327 0.1137 4.39071e-05
2.27515e+07 0.65836 0.54704 0.0301326 6.04795e-05
2.43636e+07 0.680962 0.573256 0.0831324 5.64777e-05
1.61901e+07 0.519849 0.427314 0.0997723 8.49905e-05
3.26153e+07 0.859171 0.416667 0.118856 4.21888e-05
2.27515e+07 0.65836 0.54704 0.0301326 6.04795e-05
2.43636e+07 0.680962 0.573256 0.0831324 5.64777e-05
2.27515e+07 0.65836 0.54704 0.0301326 6.04795e-05
2.43636e+07 0.680962 0.573256 0.0831324 5.64777e-05
9.59768e+06 0.188931 0.772867 0 0.000143368
2.27515e+07 0.65836 0.54704 0.0301326 6.04795e-05
4.68206e+07 0.857143 0.584706 0.114939 2.93888e-05
2.27515e+07 0.65836 0.54704 0.0301326 6.04795e-05
2.48098e+07 0.686757 0.567899 0.125988 5.54619e-05
2.27515e+07 0.65836 0.54704 0.0301326 6.04795e-05
2.4091e+07 0.677485 0.484097 0.0870497 5.71167e-05
2.59061e+07 0.700087 0.510312 0.14005 5.31149e-05
2.40391e+07 0.676905 0.432536 0.0729878 5.72401e-05
4.68206e+07 0.857143 0.584706 0.114939 2.93888e-05
8.08639e+06 0.0373805 0.711531 0.0381679 0.000170162
1.5397e+07 0.494929 0.495614 0 8.93683e-05
9.71704e+06 0.198783 0.842942 0.0203562 0.000141607
3.36257e+07 0.769052 0.552899 0.123845 4.09211e-05
2.43636e+07 0.680962 0.573256 0.0831324 5.64777e-05
2.31402e+07 0.664155 0.541683 0.0729878 5.94637e-05
9.66325e+06 0.194436 0.770323 0.0381679 0.000142395
1.62788e+07 0.522167 0.64919 0.139782 8.45271e-05
2.4091e+07 0.677485 0.484097 0.0870497 5.71167e-05
2.43636e+07 0.680962 0.573256 0.0831324 5.64777e-05
3.36257e+07 0.769052 0.552899 0.123845 4.09211e-05
3.36257e+07 0.769052 0.552899 0.123845 4.09211e-05
2.4091e+07 0.677485 0.484097 0.0870497 5.71167e-05
2.47833e+07 0.686468 0.494375 0.0831324 5.55213e-05
3.44445e+07 0.774558 0.555444 0.164557 3.99483e-05
4.68206e+07 0.857143 0.584706 0.114939 2.93888e-05
2.43636e+07 0.680962 0.573256 0.0831324 5.64777e-05
2.4091e+07 0.677485 0.484097 0.0870497 5.71167e-05
2.59061e+07 0.700087 0.510312 0.14005 5.31149e-05
9.51357e+06 0.181686 0.803134 0 0.000144635
4.68206e+07 0.945233 0.605062 0.176008 2.93888e-05
4.68206e+07 0.945233 0.605062 0.176008 2.93888e-05
2.27515e+07 0.65836 0.54704 0.0301326 6.04795e-05
2.48098e+07 0.686757 0.567899 0.125988 5.54619e-05
2.58462e+07 0.699507 0.458752 0.125988 5.3238e-05
2.58462e+07 0.699507 0.48721 0.107305 5.3238e-05
2.43636e+07 0.680962 0.573256 0.0831324 5.64777e-05
1.57065e+07 0.504781 0.590264 0.0326436 8.76073e-05
2.43636e+07 0.680962 0.573256 0.0831324 5.64777e-05
9.45102e+06 0.176181 0.882014 0 0.000145593
9.51624e+06 0.181976 0.790947 0 0.000144595
2.43636e+07 0.680962 0.573256 0.0831324 5.64777e-05
2.53624e+07 0.693712 0.464109 0.0831324 5.42536e-05
