3.26845e+07 0.759794 0.569114 0.125401 3.8062e-05
2.89163e+07 0.728396 0.558482 0.10202 4.3022e-05
1.25111e+07 0.370964 0.720233 0.0828579 9.94352e-05
4.20284e+07 0.854191 0.619095 0.0614482 2.96e-05
1.16557e+07 0.324697 0.747129 0.0243036 0.000106732
2.92993e+07 0.732002 0.560045 0.0787909 4.24597e-05
4.20284e+07 0.906008 0.630413 0.17395 2.96e-05
2.74194e+07 0.713528 0.560045 0.0488636 4.53708e-05
1.72951e+07 0.545031 0.790966 0.0719305 7.19302e-05
3.95687e+07 0.869728 0.589062 0.121717 3.144e-05
3.26845e+07 0.759794 0.569114 0.125401 3.8062e-05
4.20284e+07 0.854191 0.619095 0.0614482 2.96e-05
4.20284e+07 0.859742 0.621343 0.0974135 2.96e-05
1.33071e+07 0.408804 0.648779 0.0233807 9.34866e-05
2.84024e+07 0.723514 0.527763 0.0731673 4.38005e-05
4.04961e+07 0.937406 0.569114 0.161366 3.072e-05
4.20284e+07 0.900458 0.628165 0.137985 2.96e-05
3.26845e+07 0.759794 0.569114 0.125401 3.8062e-05
4.20284e+07 0.854191 0.619095 0.0614482 2.96e-05
3.80655e+07 0.89114 0.560045 0.0848289 3.26816e-05
3.26845e+07 0.759794 0.569114 0.125401 3.8062e-05
4.20284e+07 0.854191 0.619095 0.0614482 2.96e-05
2.74194e+07 0.713528 0.560045 0.0488636 4.53708e-05
1.94158e+07 0.594903 0.729668 0.0892733 6.40736e-05
4.04961e+07 0.955881 0.599041 0.206257 3.072e-05
1.70868e+07 0.539481 0.788718 0.0359653 7.2807e-05
3.26845e+07 0.759794 0.569114 0.125401 3.8062e-05
2.06748e+07 0.61988 0.618794 0.123631 6.01718e-05
1.23271e+07 0.361646 0.641317 0.0243036 0.000100919
4.04961e+07 0.937406 0.569114 0.161366 3.072e-05
2.74194e+07 0.713528 0.560045 0.0488636 4.53708e-05
2.74194e+07 0.713528 0.560045 0.0488636 4.53708e-05
4.04961e+07 0.937406 0.569114 0.161366 3.072e-05
1.28947e+07 0.390228 0.50975 0.0243036 9.64767e-05
3.95687e+07 0.869728 0.589062 0.121717 3.144e-05
2.74194e+07 0.713528 0.560045 0.0488636 4.53708e-05
4.20284e+07 0.900458 0.628165 0.137985 2.96e-05
4.20284e+07 0.854191 0.619095 0.0614482 2.96e-05
4.20284e+07 0.900458 0.628165 0.137985 2.96e-05
1.82038e+07 0.568063 0.657151 0.0359653 6.83397e-05
2.43009e+07 0.676579 0.619095 0.0254829 5.11931e-05
3.26845e+07 0.759794 0.569114 0.125401 3.8062e-05
2.74194e+07 0.713528 0.560045 0.0488636 4.53708e-05
2.83482e+07 0.722846 0.628165 0.10202 4.38843e-05
4.20284e+07 0.854191 0.619095 0.0614482 2.96e-05
3.77623e+07 0.901126 0.527763 0.109133 3.2944e-05
3.40303e+07 0.769781 0.536832 0.149704 3.65568e-05
2.99913e+07 0.882774 0.487528 0.0614482 4.148e-05
4.20284e+07 0.900458 0.628165 0.137985 2.96e-05
1.01137e+07 0.221732 0.785295 0.0696827 0.000123006
1.19796e+07 0.343293 0.647843 0 0.000103847
1.4175e+07 0.445084 0.621628 0.0413633 8.77627e-05
2.83482e+07 0.722846 0.628165 0.10202 4.38843e-05
4.20284e+07 0.900458 0.628165 0.137985 2.96e-05
2.43009e+07 0.676579 0.619095 0.0254829 5.11931e-05
1.84452e+07 0.573613 0.726833 0.105648 6.74452e-05
1.23164e+07 0.360977 0.752515 0.0585543 0.000101007
2.84024e+07 0.723514 0.527763 0.0731673 4.38005e-05
4.20284e+07 0.900458 0.628165 0.137985 2.96e-05
2.83482e+07 0.722846 0.628165 0.10202 4.38843e-05
2.83482e+07 0.722846 0.628165 0.10202 4.38843e-05
2.84024e+07 0.723514 0.527763 0.0731673 4.38005e-05
4.20284e+07 0.906008 0.630413 0.17395 2.96e-05
2.89163e+07 0.728396 0.558482 0.10202 4.3022e-05
2.83482e+07 0.722846 0.628165 0.10202 4.38843e-05
4.20284e+07 0.900458 0.628165 0.137985 2.96e-05
2.84024e+07 0.723514 0.527763 0.0731673 4.38005e-05
3.40303e+07 0.947393 0.536832 0.185669 3.65568e-05
1.72951e+07 0.545031 0.790966 0.0719305 7.19302e-05
4.20284e+07 0.900458 0.628165 0.137985 2.96e-05
2.83482e+07 0.722846 0.628165 0.10202 4.38843e-05
2.92993e+07 0.732002 0.560045 0.0787909 4.24597e-05
2.83482e+07 0.722846 0.628165 0.10202 4.38843e-05
2.83561e+07 0.788377 0.437546 0.125401 4.3872e-05
1.32845e+07 0.408034 0.59102 0.073518 9.36463e-05
3.26845e+07 0.759794 0.569114 0.125401 3.8062e-05
1.77562e+07 0.557064 0.650657 0.073518 7.00624e-05
4.20284e+07 0.900458 0.628165 0.137985 2.96e-05
1.70868e+07 0.539481 0.788718 0.0359653 7.2807e-05
1.26984e+07 0.380343 0.728864 0 9.7968e-05
4.04961e+07 0.937406 0.569114 0.161366 3.072e-05
2.83561e+07 0.788377 0.437546 0.125401 4.3872e-05
