2.28615e+07 0.586802 0.637253 0.128276 5.52207e-05
2.0454e+07 0.53827 0.503882 0.0293573 6.17206e-05
9.76746e+06 0.0316516 0.891583 0 0.000129249
4.177e+07 0.774218 0.549699 0 3.02234e-05
9.45975e+06 0 1 0 0.000133453
2.26932e+07 0.583733 0.686956 0.150381 5.56303e-05
4.14183e+07 0.814502 0.503882 0.0915258 3.048e-05
2.12401e+07 0.555151 0.686956 0.0989191 5.9436e-05
5.01155e+07 0.882601 0.560708 0.200537 2.51904e-05
4.34252e+07 0.782851 0.553585 0.0621685 2.90714e-05
2.28615e+07 0.586802 0.637253 0.128276 5.52207e-05
4.177e+07 0.774218 0.549699 0 3.02234e-05
4.34252e+07 0.782851 0.553585 0.0621685 2.90714e-05
2.12401e+07 0.555151 0.686956 0.0989191 5.9436e-05
2.12401e+07 0.555151 0.686956 0.0989191 5.9436e-05
4.35009e+07 0.863035 0.512916 0.128276 2.90208e-05
4.12451e+07 0.80587 0.499997 0.0293573 3.0608e-05
2.28615e+07 0.586802 0.637253 0.128276 5.52207e-05
4.177e+07 0.774218 0.549699 0 3.02234e-05
5.1235e+07 0.831383 0.562619 0.0989191 2.464e-05
2.28615e+07 0.586802 0.637253 0.128276 5.52207e-05
4.177e+07 0.774218 0.549699 0 3.02234e-05
2.12401e+07 0.555151 0.686956 0.0989191 5.9436e-05
5.20736e+07 0.959716 0.569742 0.288749 2.42432e-05
4.40301e+07 0.891617 0.512916 0.179738 2.8672e-05
4.177e+07 0.774218 0.549699 0 3.02234e-05
2.28615e+07 0.586802 0.637253 0.128276 5.52207e-05
4.14183e+07 0.814502 0.503882 0.0915258 3.048e-05
1.00305e+07 0.0571648 0.815081 0 0.000125859
4.35009e+07 0.863035 0.512916 0.128276 2.90208e-05
2.12401e+07 0.555151 0.686956 0.0989191 5.9436e-05
2.12401e+07 0.555151 0.686956 0.0989191 5.9436e-05
4.35009e+07 0.863035 0.512916 0.128276 2.90208e-05
1.00305e+07 0.0571648 0.815081 0 0.000125859
4.34252e+07 0.782851 0.553585 0.0621685 2.90714e-05
2.12401e+07 0.555151 0.686956 0.0989191 5.9436e-05
4.12451e+07 0.80587 0.499997 0.0293573 3.0608e-05
4.177e+07 0.774218 0.549699 0 3.02234e-05
4.12451e+07 0.80587 0.499997 0.0293573 3.0608e-05
4.177e+07 0.774218 0.549699 0 3.02234e-05
1.8824e+07 0.497986 0.674036 0 6.70648e-05
2.74276e+07 0.65586 0.561485 0.176846 4.60278e-05
2.12401e+07 0.555151 0.686956 0.0989191 5.9436e-05
2.00865e+07 0.529637 0.624334 0.0293573 6.28495e-05
4.177e+07 0.774218 0.549699 0 3.02234e-05
5.1235e+07 0.831383 0.562619 0.0989191 2.464e-05
2.28615e+07 0.586802 0.637253 0.128276 5.52207e-05
4.177e+07 0.774218 0.549699 0 3.02234e-05
4.12451e+07 0.80587 0.499997 0.0293573 3.0608e-05
1.53635e+07 0.384615 0.789534 0.151967 8.21709e-05
9.45975e+06 0 1 0 0.000133453
2.28615e+07 0.586802 0.637253 0.128276 5.52207e-05
2.00865e+07 0.529637 0.624334 0.0293573 6.28495e-05
4.12451e+07 0.80587 0.499997 0.0293573 3.0608e-05
1.8824e+07 0.497986 0.674036 0 6.70648e-05
4.34252e+07 0.782851 0.553585 0.0621685 2.90714e-05
9.76746e+06 0.0316516 0.891583 0 0.000129249
2.12401e+07 0.555151 0.686956 0.0989191 5.9436e-05
4.12451e+07 0.80587 0.499997 0.0293573 3.0608e-05
2.00865e+07 0.529637 0.624334 0.0293573 6.28495e-05
2.00865e+07 0.529637 0.624334 0.0293573 6.28495e-05
2.12401e+07 0.555151 0.686956 0.0989191 5.9436e-05
4.14183e+07 0.814502 0.503882 0.0915258 3.048e-05
2.0454e+07 0.53827 0.503882 0.0293573 6.17206e-05
2.00865e+07 0.529637 0.624334 0.0293573 6.28495e-05
4.12451e+07 0.80587 0.499997 0.0293573 3.0608e-05
2.12401e+07 0.555151 0.686956 0.0989191 5.9436e-05
4.35009e+07 0.863035 0.512916 0.128276 2.90208e-05
4.34252e+07 0.782851 0.553585 0.0621685 2.90714e-05
4.12451e+07 0.80587 0.499997 0.0293573 3.0608e-05
2.00865e+07 0.529637 0.624334 0.0293573 6.28495e-05
2.26932e+07 0.583733 0.686956 0.150381 5.56303e-05
2.00865e+07 0.529637 0.624334 0.0293573 6.28495e-05
2.28615e+07 0.586802 0.637253 0.128276 5.52207e-05
1.00624e+07 0.060234 0.788659 0 0.00012546
2.28615e+07 0.586802 0.637253 0.128276 5.52207e-05
1.42448e+07 0.336467 0.664322 0 8.86241e-05
4.12451e+07 0.80587 0.499997 0.0293573 3.0608e-05
4.177e+07 0.774218 0.549699 0 3.02234e-05
1.9951e+07 0.526568 0.571113 0 6.32765e-05
4.35009e+07 0.863035 0.512916 0.128276 2.90208e-05
2.28615e+07 0.586802 0.637253 0.128276 5.52207e-05
