1.90549e+07 0.323168 0.747942 0.0326629 7.35429e-05
1.9218e+07 0.329061 0.664605 0.0326629 7.29184e-05
1.33938e+07 0.0367587 0.871923 0 0.000104627
5.39839e+07 0.7614 0.724667 0.0653257 2.59587e-05
1.29038e+07 0 1 0 0.0001086
1.80756e+07 0.286409 0.810693 0 7.75271e-05
6.56849e+07 0.804052 0.664605 0.141001 2.13344e-05
1.80756e+07 0.286409 0.810693 0 7.75271e-05
5.53485e+07 0.767293 0.727356 0.108339 2.53187e-05
5.53485e+07 0.767293 0.727356 0.108339 2.53187e-05
1.90549e+07 0.323168 0.747942 0.0326629 7.35429e-05
6.84253e+07 0.896943 0.654352 0.113631 2.048e-05
5.53485e+07 0.767293 0.727356 0.108339 2.53187e-05
1.80756e+07 0.286409 0.810693 0 7.75271e-05
1.80756e+07 0.286409 0.810693 0 7.75271e-05
6.37718e+07 0.798158 0.661917 0.0979886 2.19744e-05
6.37718e+07 0.798158 0.661917 0.0979886 2.19744e-05
1.90549e+07 0.323168 0.747942 0.0326629 7.35429e-05
5.39839e+07 0.7614 0.724667 0.0653257 2.59587e-05
5.39839e+07 0.7614 0.724667 0.0653257 2.59587e-05
1.90549e+07 0.323168 0.747942 0.0326629 7.35429e-05
5.39839e+07 0.7614 0.724667 0.0653257 2.59587e-05
1.80756e+07 0.286409 0.810693 0 7.75271e-05
5.39839e+07 0.7614 0.724667 0.0653257 2.59587e-05
6.37718e+07 0.798158 0.661917 0.0979886 2.19744e-05
5.39839e+07 0.7614 0.724667 0.0653257 2.59587e-05
1.90549e+07 0.323168 0.747942 0.0326629 7.35429e-05
4.56169e+07 1 0.581184 0.30524 3.072e-05
1.29038e+07 0 1 0 0.0001086
6.37718e+07 0.798158 0.661917 0.0979886 2.19744e-05
1.80756e+07 0.286409 0.810693 0 7.75271e-05
1.80756e+07 0.286409 0.810693 0 7.75271e-05
6.37718e+07 0.798158 0.661917 0.0979886 2.19744e-05
1.37273e+07 0.0604052 0.755028 0 0.000102085
5.53485e+07 0.767293 0.727356 0.108339 2.53187e-05
1.80756e+07 0.286409 0.810693 0 7.75271e-05
6.37718e+07 0.798158 0.661917 0.0979886 2.19744e-05
5.39839e+07 0.7614 0.724667 0.0653257 2.59587e-05
6.37718e+07 0.798158 0.661917 0.0979886 2.19744e-05
4.65874e+07 0.957348 0.560597 0.18924 3.008e-05
1.80756e+07 0.286409 0.810693 0 7.75271e-05
1.90549e+07 0.323168 0.747942 0.0326629 7.35429e-05
1.80756e+07 0.286409 0.810693 0 7.75271e-05
1.90549e+07 0.323168 0.747942 0.0326629 7.35429e-05
5.39839e+07 0.7614 0.724667 0.0653257 2.59587e-05
5.39839e+07 0.7614 0.724667 0.0653257 2.59587e-05
1.90549e+07 0.323168 0.747942 0.0326629 7.35429e-05
4.65874e+07 0.821805 0.479696 0.0653257 3.008e-05
6.37718e+07 0.798158 0.661917 0.0979886 2.19744e-05
2.8095e+07 0.541289 0.621689 0.0833374 4.9879e-05
1.37273e+07 0.0604052 0.755028 0 0.000102085
2.38171e+07 0.458711 0.677626 0.0809683 5.8838e-05
1.90549e+07 0.323168 0.747942 0.0326629 7.35429e-05
6.37718e+07 0.798158 0.661917 0.0979886 2.19744e-05
1.80756e+07 0.286409 0.810693 0 7.75271e-05
6.84253e+07 0.963241 0.643934 0.272577 2.048e-05
1.33938e+07 0.0367587 0.871923 0 0.000104627
1.80756e+07 0.286409 0.810693 0 7.75271e-05
6.37718e+07 0.798158 0.661917 0.0979886 2.19744e-05
1.90549e+07 0.323168 0.747942 0.0326629 7.35429e-05
1.90549e+07 0.323168 0.747942 0.0326629 7.35429e-05
1.80756e+07 0.286409 0.810693 0 7.75271e-05
6.56849e+07 0.804052 0.664605 0.141001 2.13344e-05
1.9218e+07 0.329061 0.664605 0.0326629 7.29184e-05
1.90549e+07 0.323168 0.747942 0.0326629 7.35429e-05
6.37718e+07 0.798158 0.661917 0.0979886 2.19744e-05
1.80756e+07 0.286409 0.810693 0 7.75271e-05
6.37718e+07 0.798158 0.661917 0.0979886 2.19744e-05
6.84253e+07 0.902836 0.65704 0.156644 2.048e-05
6.37718e+07 0.798158 0.661917 0.0979886 2.19744e-05
1.90549e+07 0.323168 0.747942 0.0326629 7.35429e-05
1.80756e+07 0.286409 0.810693 0 7.75271e-05
1.90549e+07 0.323168 0.747942 0.0326629 7.35429e-05
2.09051e+07 0.383573 0.502971 0.0326629 6.7034e-05
1.4282e+07 0.0971639 0.626952 0 9.812e-05
1.90549e+07 0.323168 0.747942 0.0326629 7.35429e-05
2.64015e+07 0.51175 0.655246 0 5.30784e-05
6.37718e+07 0.798158 0.661917 0.0979886 2.19744e-05
5.39839e+07 0.7614 0.724667 0.0653257 2.59587e-05
1.80756e+07 0.286409 0.810693 0 7.75271e-05
6.37718e+07 0.798158 0.661917 0.0979886 2.19744e-05
2.67919e+07 0.519116 0.583872 0.156577 5.2305e-05
