2.26786e+07 0.717355 0.663517 0.127828 5.05155e-05
1.57932e+07 0.593937 0.641885 0.0209063 7.25389e-05
1.00387e+07 0.360669 0.699246 0.0236122 0.00011412
3.54491e+07 0.846514 0.60558 0.0743439 3.23173e-05
1.00387e+07 0.360669 0.699246 0.0236122 0.00011412
2.26786e+07 0.717355 0.663517 0.127828 5.05155e-05
2.66128e+07 0.75926 0.641885 0.0565313 4.30477e-05
2.26786e+07 0.717355 0.663517 0.127828 5.05155e-05
1.53531e+07 0.582074 0.762452 0.0534376 7.46183e-05
3.53668e+07 0.855489 0.575441 0.097956 3.23925e-05
1.73348e+07 0.630102 0.641065 0.080637 6.60877e-05
3.54491e+07 0.846514 0.60558 0.0743439 3.23173e-05
2.72186e+07 0.764713 0.615166 0.0921564 4.20897e-05
1.19255e+07 0.461891 0.743026 0.106922 9.60646e-05
2.34173e+07 0.726331 0.633378 0.15144 4.89219e-05
3.13041e+07 0.795425 0.641065 0.116262 3.65965e-05
3.54491e+07 0.846514 0.60558 0.0743439 3.23173e-05
2.26786e+07 0.717355 0.663517 0.127828 5.05155e-05
3.54491e+07 0.846514 0.60558 0.0743439 3.23173e-05
4.33579e+07 0.866378 0.684373 0.216687 2.64224e-05
2.26786e+07 0.717355 0.663517 0.127828 5.05155e-05
3.54491e+07 0.846514 0.60558 0.0743439 3.23173e-05
1.73348e+07 0.630102 0.641065 0.080637 6.60877e-05
1.36832e+07 0.530985 0.797938 0.0953558 8.37245e-05
3.13041e+07 0.795425 0.641065 0.116262 3.65965e-05
1.29456e+07 0.504448 0.71088 0.0712501 8.84952e-05
1.75304e+07 0.634275 0.637468 0.109417 6.53506e-05
1.35528e+07 0.52676 0.668893 0.0356251 8.45301e-05
9.29462e+06 0.309579 0.650896 0.0236122 0.000123256
3.84608e+07 0.882678 0.663517 0.163453 2.97867e-05
2.14442e+07 0.701055 0.684373 0.181062 5.34233e-05
2.26786e+07 0.717355 0.663517 0.127828 5.05155e-05
3.84608e+07 0.882678 0.663517 0.163453 2.97867e-05
9.80302e+06 0.345693 0.546214 0.0667827 0.000116864
2.76359e+07 0.768235 0.611746 0.0801435 4.1454e-05
2.26786e+07 0.717355 0.663517 0.127828 5.05155e-05
3.54491e+07 0.846514 0.60558 0.0743439 3.23173e-05
2.66128e+07 0.75926 0.641885 0.0565313 4.30477e-05
3.54491e+07 0.846514 0.60558 0.0743439 3.23173e-05
1.68429e+07 0.619467 0.605869 0.0890627 6.80181e-05
2.01051e+07 0.681191 0.60558 0.0387188 5.69815e-05
1.73348e+07 0.630102 0.641065 0.080637 6.60877e-05
2.26786e+07 0.717355 0.663517 0.127828 5.05155e-05
1.9129e+07 0.664891 0.622848 0.0901591 5.98893e-05
2.66128e+07 0.75926 0.641885 0.0565313 4.30477e-05
3.27294e+07 0.8044 0.610927 0.139874 3.50028e-05
2.34173e+07 0.726331 0.633378 0.15144 4.89219e-05
2.80789e+07 0.862153 0.521764 0.140174 4.08e-05
2.72186e+07 0.764713 0.615166 0.0921564 4.20897e-05
8.08591e+06 0.206238 0.721523 0 0.000141681
9.11924e+06 0.296379 0.671451 0 0.000125627
1.17327e+07 0.452916 0.820389 0.106922 9.76435e-05
1.57932e+07 0.593937 0.641885 0.0209063 7.25389e-05
3.54491e+07 0.846514 0.60558 0.0743439 3.23173e-05
2.03686e+07 0.685365 0.601982 0.0674992 5.62443e-05
1.35528e+07 0.52676 0.668893 0.0356251 8.45301e-05
9.65836e+06 0.335393 0.782278 0.0692528 0.000118614
1.77632e+07 0.639077 0.610927 0.104249 6.4494e-05
3.54491e+07 0.846514 0.60558 0.0743439 3.23173e-05
2.01051e+07 0.681191 0.60558 0.0387188 5.69815e-05
2.01051e+07 0.681191 0.60558 0.0387188 5.69815e-05
1.77632e+07 0.639077 0.610927 0.104249 6.4494e-05
3.54491e+07 0.846514 0.60558 0.0743439 3.23173e-05
1.57932e+07 0.593937 0.641885 0.0209063 7.25389e-05
2.01051e+07 0.681191 0.60558 0.0387188 5.69815e-05
2.66128e+07 0.75926 0.641885 0.0565313 4.30477e-05
2.34173e+07 0.726331 0.633378 0.15144 4.89219e-05
3.27294e+07 0.8044 0.610927 0.139874 3.50028e-05
1.53531e+07 0.582074 0.762452 0.0534376 7.46183e-05
2.66128e+07 0.75926 0.641885 0.0565313 4.30477e-05
1.57932e+07 0.593937 0.641885 0.0209063 7.25389e-05
2.26786e+07 0.717355 0.663517 0.127828 5.05155e-05
2.03686e+07 0.685365 0.601982 0.0674992 5.62443e-05
1.91909e+07 0.666215 0.536384 0.123808 5.96961e-05
9.17424e+06 0.300553 0.696634 0.0431706 0.000124874
2.26786e+07 0.717355 0.663517 0.127828 5.05155e-05
1.32821e+07 0.517016 0.658135 0 8.62531e-05
2.72186e+07 0.764713 0.615166 0.0921564 4.20897e-05
1.28407e+07 0.500274 0.772039 0.0712501 8.92176e-05
1.10809e+07 0.420925 0.701294 0.0178125 0.000103387
3.13041e+07 0.795425 0.641065 0.116262 3.65965e-05
1.89518e+07 0.662041 0.511201 0.080637 6.04491e-05
