4.82194e+07 0.849918 0.651893 0.0365 3.072e-05
4.42067e+07 0.665432 0.733503 0.0365 3.35085e-05
3.61646e+07 0.932633 0.506847 0.197372 4.096e-05
5.21291e+07 0.799953 0.667803 0 2.8416e-05
4.1056e+07 0.835585 0.613615 0.0562007 3.608e-05
5.21291e+07 0.799953 0.667803 0 2.8416e-05
4.42067e+07 0.665432 0.733503 0.0365 3.35085e-05
5.21291e+07 0.799953 0.667803 0 2.8416e-05
1.81756e+07 0.184486 0.91839 0 8.14995e-05
4.1056e+07 0.835585 0.613615 0.0562007 3.608e-05
4.42067e+07 0.665432 0.733503 0.0365 3.35085e-05
5.21291e+07 0.799953 0.667803 0 2.8416e-05
3.84839e+07 0.615467 0.749413 0 3.84914e-05
1.89952e+07 0.220118 0.7518 0 7.79827e-05
4.1056e+07 0.835585 0.613615 0.0562007 3.608e-05
4.42067e+07 0.665432 0.733503 0.0365 3.35085e-05
4.82194e+07 0.849918 0.651893 0.0365 3.072e-05
4.82194e+07 0.849918 0.651893 0.0365 3.072e-05
5.21291e+07 0.799953 0.667803 0 2.8416e-05
3.84839e+07 0.615467 0.749413 0 3.84914e-05
4.82194e+07 0.849918 0.651893 0.0365 3.072e-05
5.21291e+07 0.799953 0.667803 0 2.8416e-05
3.84839e+07 0.615467 0.749413 0 3.84914e-05
1.48264e+07 0 1 0 9.99099e-05
4.42067e+07 0.665432 0.733503 0.0365 3.35085e-05
1.48264e+07 0 1 0 9.99099e-05
4.42067e+07 0.665432 0.733503 0.0365 3.35085e-05
1.67759e+07 0.117332 0.617293 0 8.82995e-05
4.2384e+07 0.651099 0.695225 0.0562007 3.49495e-05
4.82194e+07 0.849918 0.651893 0.0365 3.072e-05
3.84839e+07 0.615467 0.749413 0 3.84914e-05
5.21291e+07 0.799953 0.667803 0 2.8416e-05
4.82194e+07 0.849918 0.651893 0.0365 3.072e-05
2.67344e+07 0.718466 0.401428 0.0562007 5.5408e-05
4.2384e+07 0.651099 0.695225 0.0562007 3.49495e-05
5.21291e+07 0.799953 0.667803 0 2.8416e-05
4.82194e+07 0.849918 0.651893 0.0365 3.072e-05
3.84839e+07 0.615467 0.749413 0 3.84914e-05
4.82194e+07 0.849918 0.651893 0.0365 3.072e-05
1.97877e+07 0.251854 0.624593 0 7.48595e-05
5.21291e+07 0.799953 0.667803 0 2.8416e-05
4.42067e+07 0.665432 0.733503 0.0365 3.35085e-05
5.21291e+07 0.799953 0.667803 0 2.8416e-05
4.42067e+07 0.665432 0.733503 0.0365 3.35085e-05
3.84839e+07 0.615467 0.749413 0 3.84914e-05
4.2384e+07 0.651099 0.695225 0.0562007 3.49495e-05
3.83201e+07 0.88555 0.597704 0.0927007 3.8656e-05
3.25876e+07 0.682834 0.455616 0 4.5456e-05
4.42067e+07 0.665432 0.733503 0.0365 3.35085e-05
1.6503e+07 0.103 0.539613 0 8.97596e-05
3.70696e+07 0.729917 0.535692 0.190137 3.996e-05
1.93551e+07 0.234451 0.829479 0 7.65327e-05
4.42067e+07 0.665432 0.733503 0.0365 3.35085e-05
4.82194e+07 0.849918 0.651893 0.0365 3.072e-05
5.21291e+07 0.799953 0.667803 0 2.8416e-05
1.5883e+07 0.0673674 0.706203 0 9.32634e-05
4.42067e+07 0.665432 0.733503 0.0365 3.35085e-05
4.2384e+07 0.651099 0.695225 0.0562007 3.49495e-05
4.82194e+07 0.849918 0.651893 0.0365 3.072e-05
4.82194e+07 0.849918 0.651893 0.0365 3.072e-05
4.82194e+07 0.849918 0.651893 0.0365 3.072e-05
4.2384e+07 0.651099 0.695225 0.0562007 3.49495e-05
4.82194e+07 0.849918 0.651893 0.0365 3.072e-05
4.42067e+07 0.665432 0.733503 0.0365 3.35085e-05
4.82194e+07 0.849918 0.651893 0.0365 3.072e-05
4.42067e+07 0.665432 0.733503 0.0365 3.35085e-05
4.1056e+07 0.835585 0.613615 0.0562007 3.608e-05
4.82194e+07 0.701064 0.679315 0.0927007 3.072e-05
1.81756e+07 0.184486 0.91839 0 8.14995e-05
4.42067e+07 0.665432 0.733503 0.0365 3.35085e-05
4.42067e+07 0.665432 0.733503 0.0365 3.35085e-05
5.21291e+07 0.799953 0.667803 0 2.8416e-05
4.82194e+07 0.849918 0.651893 0.0365 3.072e-05
3.02553e+07 0.732799 0.439706 0.0365 4.896e-05
3.02553e+07 0.732799 0.439706 0.0365 4.896e-05
4.82194e+07 0.849918 0.651893 0.0365 3.072e-05
4.82194e+07 0.849918 0.651893 0.0365 3.072e-05
4.42067e+07 0.665432 0.733503 0.0365 3.35085e-05
1.51906e+07 0.0243419 0.87122 0 9.75143e-05
1.81756e+07 0.184486 0.91839 0 8.14995e-05
4.42067e+07 0.665432 0.733503 0.0365 3.35085e-05
3.02553e+07 0.732799 0.439706 0.0365 4.896e-05
