9.17581e+06 0.493247 0.610016 0.122014 0.000122097
9.98118e+06 0.534138 0.619014 0.0622727 0.000112245
5.7096e+06 0.185047 0.796481 0 0.00019622
3.68921e+07 0.90636 0.580139 0.162603 3.0368e-05
5.77172e+06 0.193821 0.803218 0.0336885 0.000194108
9.17581e+06 0.493247 0.610016 0.122014 0.000122097
1.52856e+07 0.696054 0.540652 0.116419 7.32938e-05
9.01979e+06 0.484473 0.603278 0.0883251 0.000124209
1.53835e+07 0.697916 0.635429 0.21577 7.28274e-05
1.91509e+07 0.757471 0.563683 0.138633 5.85006e-05
8.05989e+06 0.423056 0.580247 0.0661111 0.000139002
1.94921e+07 0.761725 0.567644 0.127894 5.74766e-05
2.8375e+07 0.836435 0.634694 0.220384 3.94834e-05
7.48251e+06 0.37839 0.676372 0.0944503 0.000149728
1.25327e+07 0.629108 0.615773 0.123035 8.93932e-05
1.61337e+07 0.71206 0.546804 0.110539 6.9441e-05
1.94921e+07 0.761725 0.567644 0.127894 5.74766e-05
9.01979e+06 0.484473 0.603278 0.0883251 0.000124209
1.94921e+07 0.761725 0.567644 0.127894 5.74766e-05
1.61337e+07 0.71206 0.546804 0.110539 6.9441e-05
9.01979e+06 0.484473 0.603278 0.0883251 0.000124209
1.94921e+07 0.761725 0.567644 0.127894 5.74766e-05
7.94024e+06 0.414283 0.640887 0.0661111 0.000141096
1.33744e+07 0.652505 0.61855 0.187676 8.37678e-05
1.61337e+07 0.71206 0.546804 0.110539 6.9441e-05
1.10989e+07 0.581197 0.580711 0.0914694 0.000100942
7.94024e+06 0.414283 0.640887 0.0661111 0.000141096
1.08753e+07 0.572424 0.667648 0.088856 0.000103017
6.54173e+06 0.288791 0.762206 0.0347094 0.00017126
2.13178e+07 0.78225 0.509195 0.132753 5.25542e-05
7.94024e+06 0.414283 0.640887 0.0661111 0.000141096
9.01979e+06 0.484473 0.603278 0.0883251 0.000124209
2.13178e+07 0.78225 0.509195 0.132753 5.25542e-05
5.43653e+06 0.144156 0.749711 0 0.000206076
2.7614e+07 0.831915 0.613787 0.151129 4.05714e-05
9.01979e+06 0.484473 0.603278 0.0883251 0.000124209
1.94921e+07 0.761725 0.567644 0.127894 5.74766e-05
1.5062e+07 0.691535 0.537875 0.0719913 7.43818e-05
1.94921e+07 0.761725 0.567644 0.127894 5.74766e-05
1.30047e+07 0.642614 0.603741 0.113683 8.61486e-05
8.67589e+06 0.463948 0.661727 0.0834658 0.000129133
1.15393e+07 0.597203 0.59605 0.137572 9.7089e-05
9.17581e+06 0.493247 0.610016 0.122014 0.000122097
7.56313e+06 0.384984 0.692597 0.0275633 0.000148132
1.46497e+07 0.682761 0.598515 0.0719913 7.64754e-05
1.61337e+07 0.71206 0.546804 0.110539 6.9441e-05
9.01979e+06 0.484473 0.603278 0.0883251 0.000124209
1.46497e+07 0.682761 0.598515 0.0719913 7.64754e-05
2.7614e+07 0.831915 0.631917 0.175956 4.05714e-05
7.24196e+06 0.357599 0.751726 0.112377 0.000154701
5.25744e+06 0.114857 0.878517 0 0.000213096
7.37844e+06 0.369616 0.669634 0.0607618 0.00015184
7.6716e+06 0.393757 0.631958 0.0275633 0.000146037
1.94921e+07 0.761725 0.567644 0.127894 5.74766e-05
8.67589e+06 0.463948 0.661727 0.0834658 0.000129133
1.08753e+07 0.572424 0.667648 0.088856 0.000103017
5.25744e+06 0.114857 0.878517 0 0.000213096
7.94024e+06 0.414283 0.640887 0.0661111 0.000141096
1.94921e+07 0.761725 0.567644 0.127894 5.74766e-05
8.67589e+06 0.463948 0.661727 0.0834658 0.000129133
8.67589e+06 0.463948 0.661727 0.0834658 0.000129133
7.94024e+06 0.414283 0.640887 0.0661111 0.000141096
1.91509e+07 0.757471 0.563683 0.138633 5.85006e-05
7.61819e+06 0.389503 0.606518 0.0275633 0.000147061
1.18785e+07 0.608582 0.674222 0.118175 9.43165e-05
1.5062e+07 0.691535 0.537875 0.0719913 7.43818e-05
9.17581e+06 0.493247 0.610016 0.122014 0.000122097
1.61337e+07 0.71206 0.546804 0.110539 6.9441e-05
1.33345e+07 0.651388 0.636777 0.144759 8.40182e-05
2.68929e+07 0.827396 0.61101 0.106701 4.16594e-05
9.88688e+06 0.529618 0.705093 0.0622727 0.000113316
9.01979e+06 0.484473 0.603278 0.0883251 0.000124209
8.53628e+06 0.455174 0.654989 0.0497773 0.000131245
7.94024e+06 0.414283 0.640887 0.0661111 0.000141096
6.28416e+06 0.259492 0.891013 0.0347094 0.00017828
9.17581e+06 0.493247 0.610016 0.122014 0.000122097
9.14696e+06 0.491598 0.620279 0.0336885 0.000122482
1.48575e+07 0.687281 0.574994 0.119033 7.54058e-05
1.08734e+07 0.572424 0.64135 0.0914694 0.000103035
7.14671e+06 0.349091 0.728083 0.0559025 0.000156763
1.61337e+07 0.71206 0.546804 0.110539 6.9441e-05
7.94024e+06 0.414283 0.640887 0.0661111 0.000141096
