2.09419e+07 0.601871 0.537033 0.242849 5.22205e-05
1.44241e+07 0.421459 0.748342 0.126588 7.58175e-05
1.25319e+07 0.334319 0.504633 0.053682 8.72656e-05
1.74143e+07 0.521058 0.590014 0.0940791 6.27991e-05
1.66095e+07 0.497826 0.539492 0.102321 6.58417e-05
1.95184e+07 0.572849 0.497927 0.157471 5.60292e-05
1.47865e+07 0.43575 0.653178 0.126588 7.39595e-05
1.88874e+07 0.558558 0.487353 0.104602 5.79012e-05
1.24267e+07 0.328529 0.687636 0 8.80043e-05
1.73519e+07 0.519495 0.428769 0.0412104 6.3025e-05
1.62763e+07 0.487541 0.561091 0.18998 6.71895e-05
1.74143e+07 0.521058 0.590014 0.0940791 6.27991e-05
1.37342e+07 0.392437 0.709235 0.0412104 7.96261e-05
1.40743e+07 0.407339 0.551247 0.164158 7.77021e-05
1.94449e+07 0.571285 0.432478 0.1525 5.6241e-05
2.60931e+07 0.680412 0.686909 0.25129 4.19115e-05
1.85386e+07 0.550081 0.629121 0.179457 5.89905e-05
4.05901e+07 0.794743 0.618424 0.281944 2.69425e-05
1.74143e+07 0.521058 0.590014 0.0940791 6.27991e-05
1.50104e+07 0.444227 0.617148 0.104602 7.28561e-05
4.05901e+07 0.794743 0.618424 0.281944 2.69425e-05
3.06647e+07 0.728221 0.559359 0.124734 3.56631e-05
2.39194e+07 0.65139 0.647803 0.165912 4.57201e-05
1.13692e+07 0.265989 0.725343 0.0633918 9.61893e-05
1.58384e+07 0.47325 0.656254 0.18998 6.90475e-05
1.08169e+07 0.22849 0.722267 0 0.000101101
1.58384e+07 0.47325 0.656254 0.18998 6.90475e-05
1.10281e+07 0.243221 0.749173 0.0316959 9.91647e-05
1.51641e+07 0.449919 0.566293 0.109208 7.21175e-05
2.02172e+07 0.58758 0.52646 0.18998 5.40925e-05
1.50104e+07 0.444227 0.617148 0.104602 7.28561e-05
5.33984e+07 0.943959 0.579317 0.246019 2.048e-05
2.02172e+07 0.58758 0.52646 0.18998 5.40925e-05
1.10182e+07 0.242757 0.535638 0.0478981 9.92535e-05
1.40241e+07 0.405164 0.558564 0.0412104 7.79799e-05
3.55629e+07 0.76572 0.579317 0.196567 3.07511e-05
1.85386e+07 0.550081 0.629121 0.179457 5.89905e-05
1.40623e+07 0.406728 0.614072 0.0412104 7.77681e-05
1.85386e+07 0.550081 0.629121 0.179457 5.89905e-05
1.24267e+07 0.328529 0.687636 0 8.80043e-05
1.74143e+07 0.521058 0.590014 0.0940791 6.27991e-05
1.58384e+07 0.47325 0.656254 0.18998 6.90475e-05
3.78682e+07 0.780012 0.589891 0.249435 2.88791e-05
1.44241e+07 0.421459 0.748342 0.126588 7.58175e-05
1.94318e+07 0.570675 0.709235 0.0906629 5.62789e-05
1.53604e+07 0.456955 0.562273 0.1525 7.11959e-05
2.08573e+07 0.600308 0.471585 0.237878 5.24324e-05
1.37342e+07 0.392437 0.709235 0.0412104 7.96261e-05
1.44241e+07 0.421459 0.748342 0.126588 7.58175e-05
8.45521e+06 0.0127278 0.849329 0 0.00012934
1.01574e+07 0.178238 0.809384 0 0.000107665
2.1746e+07 0.616505 0.619255 0.187052 5.02897e-05
1.47865e+07 0.43575 0.653178 0.126588 7.39595e-05
1.85386e+07 0.550081 0.629121 0.179457 5.89905e-05
3.06647e+07 0.728221 0.559359 0.124734 3.56631e-05
1.06217e+07 0.214198 0.817431 0 0.000102959
1.42486e+07 0.414423 0.693134 0.053682 7.67515e-05
2.28554e+07 0.635193 0.562273 0.201953 4.78487e-05
1.85386e+07 0.550081 0.629121 0.179457 5.89905e-05
1.85386e+07 0.550081 0.629121 0.179457 5.89905e-05
1.85386e+07 0.550081 0.629121 0.179457 5.89905e-05
1.53604e+07 0.456955 0.562273 0.1525 7.11959e-05
1.79684e+07 0.535789 0.618547 0.126588 6.08625e-05
2.24579e+07 0.628622 0.656377 0.126588 4.86955e-05
1.85386e+07 0.550081 0.629121 0.179457 5.89905e-05
2.16074e+07 0.613988 0.653178 0.176041 5.06123e-05
2.01144e+07 0.585577 0.443052 0.205369 5.4369e-05
1.62286e+07 0.485977 0.601379 0.237878 6.73873e-05
1.26967e+07 0.34282 0.69821 0.0528686 8.61323e-05
1.44241e+07 0.421459 0.748342 0.126588 7.58175e-05
2.24579e+07 0.628622 0.656377 0.126588 4.86955e-05
3.16491e+07 0.736796 0.487353 0.154055 3.4554e-05
3.24255e+07 0.742952 0.587892 0.157243 3.37265e-05
1.58384e+07 0.47325 0.656254 0.18998 6.90475e-05
1.05286e+07 0.20726 0.785098 0.053682 0.00010387
2.09419e+07 0.601871 0.537033 0.242849 5.22205e-05
1.25644e+07 0.335882 0.665877 0.106551 8.70395e-05
1.44241e+07 0.421459 0.748342 0.126588 7.58175e-05
1.06217e+07 0.214198 0.817431 0 0.000102959
1.26967e+07 0.34282 0.69821 0.0528686 8.61323e-05
2.39298e+07 0.651488 0.656254 0.239433 4.57003e-05
1.58384e+07 0.47325 0.656254 0.18998 6.90475e-05
