2.709e+07 0.808333 0.652319 0.377284 4.77519e-05
1.78793e+07 0.70962 0.439903 0.185899 7.23518e-05
8.57754e+06 0.393951 0.568331 0.0710182 0.000150813
2.87979e+07 0.863771 0.450117 0.162369 4.492e-05
8.18916e+06 0.365122 0.598794 0.0307911 0.000157965
2.27267e+07 0.771525 0.587687 0.261798 5.69198e-05
2.32663e+07 0.776898 0.529863 0.247143 5.55998e-05
3.01287e+07 0.827799 0.561693 0.270678 4.29358e-05
1.40462e+07 0.630051 0.59252 0.114344 9.20958e-05
2.87979e+07 0.859653 0.446342 0.169719 4.492e-05
1.62758e+07 0.680792 0.603592 0.277702 7.94798e-05
2.87979e+07 0.863771 0.450117 0.162369 4.492e-05
1.93839e+07 0.732111 0.520656 0.131657 6.67358e-05
1.13482e+07 0.541924 0.65655 0.167766 0.000113992
2.19612e+07 0.763546 0.581529 0.231007 5.89038e-05
2.54928e+07 0.796364 0.60975 0.291211 5.07438e-05
3.1582e+07 0.900579 0.514748 0.277855 4.096e-05
2.60011e+07 0.800354 0.596895 0.32186 4.97518e-05
2.87979e+07 0.863771 0.450117 0.162369 4.492e-05
2.15975e+07 0.759556 0.594384 0.200357 5.98958e-05
2.60011e+07 0.800354 0.596895 0.32186 4.97518e-05
2.87979e+07 0.863771 0.450117 0.162369 4.492e-05
1.42757e+07 0.636004 0.594384 0.162216 9.06158e-05
1.10594e+07 0.529955 0.663247 0.106325 0.000116968
2.54928e+07 0.796364 0.60975 0.291211 5.07438e-05
1.05356e+07 0.506628 0.609026 0.0381413 0.000122784
1.58794e+07 0.672812 0.60975 0.253069 8.14638e-05
1.12809e+07 0.539318 0.540163 0.096118 0.000114672
7.03633e+06 0.260907 0.682818 0.0386578 0.000183846
4.21094e+07 0.923906 0.596895 0.360002 3.072e-05
1.73294e+07 0.700257 0.574549 0.201887 7.46478e-05
2.19612e+07 0.763546 0.581529 0.231007 5.89038e-05
4.21094e+07 0.923906 0.596895 0.360002 3.072e-05
7.03633e+06 0.260907 0.682818 0.0386578 0.000183846
1.93839e+07 0.732111 0.520656 0.131657 6.67358e-05
2.19612e+07 0.763546 0.581529 0.231007 5.89038e-05
3.1582e+07 0.900579 0.514748 0.277855 4.096e-05
1.96812e+07 0.736229 0.462848 0.0935156 6.57278e-05
3.1582e+07 0.900579 0.514748 0.277855 4.096e-05
1.39013e+07 0.62619 0.590137 0.0762031 9.30558e-05
1.99828e+07 0.740219 0.450117 0.124227 6.47358e-05
1.58794e+07 0.672812 0.60975 0.253069 8.14638e-05
2.27267e+07 0.771525 0.587687 0.261798 5.69198e-05
1.44919e+07 0.641506 0.533637 0.146228 8.92638e-05
1.9109e+07 0.72825 0.518272 0.0935156 6.76958e-05
2.15975e+07 0.759556 0.594384 0.200357 5.98958e-05
2.60011e+07 0.800354 0.596895 0.32186 4.97518e-05
1.9109e+07 0.72825 0.518272 0.0935156 6.76958e-05
2.20963e+07 0.765058 0.533637 0.184369 5.85438e-05
5.96197e+06 0.127413 0.926101 0.0381413 0.000216975
6.75106e+06 0.229601 0.743073 0 0.000191614
1.2106e+07 0.570753 0.523721 0.15681 0.000106856
1.81401e+07 0.713739 0.507644 0.210532 7.13118e-05
3.1582e+07 0.900579 0.514748 0.277855 4.096e-05
1.99828e+07 0.740219 0.450117 0.124227 6.47358e-05
1.04498e+07 0.50251 0.666834 0.0762825 0.000123792
7.08908e+06 0.266409 0.718768 0.0710182 0.000182478
1.42757e+07 0.636004 0.594384 0.162216 9.06158e-05
3.1582e+07 0.900579 0.514748 0.277855 4.096e-05
3.1582e+07 0.841281 0.494913 0.279385 4.096e-05
3.1582e+07 0.841281 0.494913 0.279385 4.096e-05
1.42757e+07 0.636004 0.594384 0.162216 9.06158e-05
3.01662e+07 0.896461 0.461708 0.260572 4.28825e-05
1.78793e+07 0.70962 0.439903 0.185899 7.23518e-05
2.32797e+07 0.777027 0.514748 0.239714 5.55678e-05
2.28714e+07 0.773037 0.527479 0.209002 5.65598e-05
2.27267e+07 0.771525 0.587687 0.261798 5.69198e-05
2.54928e+07 0.796364 0.60975 0.291211 5.07438e-05
1.43555e+07 0.638031 0.598679 0.145135 9.01118e-05
3.03835e+07 0.829311 0.513802 0.22404 4.25758e-05
1.7649e+07 0.705759 0.513802 0.185899 7.32958e-05
2.19612e+07 0.763546 0.581529 0.231007 5.89038e-05
2.24709e+07 0.769048 0.459324 0.18429 5.75678e-05
1.58794e+07 0.672812 0.60975 0.253069 8.14638e-05
7.08908e+06 0.266409 0.718768 0.0710182 0.000182478
2.709e+07 0.808333 0.652319 0.377284 4.77519e-05
1.09526e+07 0.525483 0.547472 0.126442 0.000118109
2.20963e+07 0.765058 0.533637 0.184369 5.85438e-05
1.03694e+07 0.498649 0.66445 0.0381413 0.000124752
1.06214e+07 0.510618 0.596295 0.0688529 0.000121792
2.54928e+07 0.796364 0.60975 0.291211 5.07438e-05
1.58794e+07 0.672812 0.60975 0.253069 8.14638e-05
