1.6836e+07 0.595394 0.558592 0.0716186 6.75557e-05
2.49592e+07 0.727366 0.493704 0.0949594 4.55691e-05
1.22481e+07 0.443477 0.601456 0.0788693 9.28606e-05
3.95103e+07 0.840527 0.62395 0.0841322 2.87867e-05
1.13819e+07 0.400926 0.696238 0.0491286 9.99279e-05
1.57945e+07 0.568712 0.555794 0.0229643 7.20105e-05
2.84886e+07 0.761151 0.560956 0.147273 3.99237e-05
1.5239e+07 0.552843 0.615547 0.0229643 7.46357e-05
1.01278e+07 0.326491 0.893747 0.0756542 0.000112302
2.49823e+07 0.727418 0.635913 0.147747 4.55271e-05
1.6836e+07 0.595394 0.558592 0.0716186 6.75557e-05
2.3774e+07 0.713577 0.615547 0.0607914 4.7841e-05
3.95103e+07 0.84555 0.626314 0.121959 2.87867e-05
8.21299e+06 0.169552 0.811128 0 0.000138484
2.1874e+07 0.68861 0.641952 0.0954338 5.19964e-05
2.79034e+07 0.756128 0.558592 0.109446 4.0761e-05
2.79034e+07 0.756128 0.558592 0.109446 4.0761e-05
1.6836e+07 0.595394 0.558592 0.0716186 6.75557e-05
2.3774e+07 0.713577 0.615547 0.0607914 4.7841e-05
3.106e+07 0.781019 0.536248 0.102805 3.66185e-05
1.6836e+07 0.595394 0.558592 0.0716186 6.75557e-05
2.3774e+07 0.713577 0.615547 0.0607914 4.7841e-05
1.5239e+07 0.552843 0.615547 0.0229643 7.46357e-05
1.02916e+07 0.337337 0.83163 0.0378271 0.000110514
2.98347e+07 0.771997 0.528715 0.124384 3.81224e-05
1.01101e+07 0.325436 0.827896 0.0378271 0.000112498
1.69974e+07 0.599361 0.495105 0.0716186 6.69145e-05
1.11558e+07 0.388814 0.733459 0.0945678 0.000101953
1.444e+07 0.527876 0.704641 0.0724695 7.87652e-05
2.79034e+07 0.756128 0.558592 0.109446 4.0761e-05
1.79359e+07 0.620285 0.536248 0.0649778 6.34132e-05
1.5239e+07 0.552843 0.615547 0.0229643 7.46357e-05
2.79034e+07 0.756128 0.558592 0.109446 4.0761e-05
1.18492e+07 0.424665 0.618777 0.0640668 9.59872e-05
4.41343e+07 0.854367 0.644316 0.171088 2.57707e-05
1.5239e+07 0.552843 0.615547 0.0229643 7.46357e-05
2.79034e+07 0.756128 0.558592 0.109446 4.0761e-05
2.3774e+07 0.713577 0.615547 0.0607914 4.7841e-05
2.79034e+07 0.756128 0.558592 0.109446 4.0761e-05
1.03532e+07 0.34124 0.847532 0.0378271 0.000109857
1.5239e+07 0.552843 0.615547 0.0229643 7.46357e-05
2.4516e+07 0.722344 0.566994 0.0949594 4.6393e-05
1.5239e+07 0.552843 0.615547 0.0229643 7.46357e-05
2.019e+07 0.662836 0.479293 0.113632 5.63332e-05
2.3774e+07 0.713577 0.615547 0.0607914 4.7841e-05
2.45311e+07 0.722395 0.633549 0.10992 4.63644e-05
1.72122e+07 0.604212 0.576594 0.120747 6.60792e-05
3.41322e+07 0.800791 0.522274 0.117743 3.33225e-05
3.85201e+07 0.883078 0.566994 0.132786 2.95266e-05
8.46567e+06 0.194346 0.802605 0.0378271 0.000134351
1.15918e+07 0.411881 0.634385 0 9.81184e-05
8.56019e+06 0.203285 0.774946 0.0189136 0.000132867
1.6836e+07 0.595394 0.558592 0.0716186 6.75557e-05
2.79034e+07 0.756128 0.558592 0.109446 4.0761e-05
1.5371e+07 0.55681 0.55206 0.0229643 7.39945e-05
1.04327e+07 0.346263 0.849896 0.0756542 0.000109019
1.36849e+07 0.502101 0.504155 0.0717541 8.31111e-05
1.55465e+07 0.56166 0.633549 0.072093 7.31591e-05
2.79034e+07 0.756128 0.558592 0.109446 4.0761e-05
1.6836e+07 0.595394 0.558592 0.0716186 6.75557e-05
1.6836e+07 0.595394 0.558592 0.0716186 6.75557e-05
1.55465e+07 0.56166 0.633549 0.072093 7.31591e-05
2.84886e+07 0.761151 0.560956 0.147273 3.99237e-05
1.70439e+07 0.600417 0.485301 0.0716186 6.67318e-05
2.4516e+07 0.722344 0.566994 0.0949594 4.6393e-05
2.79034e+07 0.756128 0.558592 0.109446 4.0761e-05
1.55465e+07 0.56166 0.633549 0.072093 7.31591e-05
2.89521e+07 0.764946 0.576594 0.158574 3.92845e-05
1.01278e+07 0.326491 0.893747 0.0756542 0.000112302
3.85201e+07 0.883078 0.566994 0.132786 2.95266e-05
2.4516e+07 0.722344 0.566994 0.0949594 4.6393e-05
1.57945e+07 0.568712 0.555794 0.0229643 7.20105e-05
1.69974e+07 0.599361 0.495105 0.0716186 6.69145e-05
1.7878e+07 0.619133 0.48113 0.0865567 6.36185e-05
1.70851e+07 0.601217 0.574147 0.127772 6.6571e-05
1.6836e+07 0.595394 0.558592 0.0716186 6.75557e-05
1.75167e+07 0.611263 0.477923 0.0446787 6.49305e-05
2.79034e+07 0.756128 0.558592 0.109446 4.0761e-05
1.00528e+07 0.321468 0.891382 0.0378271 0.000113139
8.32298e+06 0.18057 0.827895 0.0298761 0.000136654
2.79034e+07 0.756128 0.558592 0.109446 4.0761e-05
1.76959e+07 0.615166 0.514741 0.0716186 6.42731e-05
