3.7724e+07 0.993243 0.447418 0.233336 3.072e-05
3.09629e+07 0.947124 0.348741 0.100411 3.7428e-05
1.7002e+07 0.550807 0.519957 0.0408014 6.81613e-05
2.93774e+07 0.921362 0.317357 0.0347815 3.9448e-05
1.60825e+07 0.525044 0.53823 0 7.20583e-05
3.54614e+07 0.96748 0.416035 0.167706 3.268e-05
3.09629e+07 0.947124 0.348741 0.100411 3.7428e-05
3.61879e+07 0.974238 0.424596 0.210514 3.2024e-05
1.26595e+07 0.396317 0.709564 0 9.15423e-05
2.93774e+07 0.921362 0.317357 0.0347815 3.9448e-05
3.7724e+07 1 0.45598 0.276144 3.072e-05
2.93774e+07 0.921362 0.317357 0.0347815 3.9448e-05
2.93774e+07 0.921362 0.317357 0.0347815 3.9448e-05
1.37059e+07 0.442436 0.714749 0.0861778 8.45535e-05
3.54614e+07 0.96748 0.416035 0.167706 3.268e-05
3.7724e+07 0.993243 0.447418 0.233336 3.072e-05
3.09629e+07 0.947124 0.348741 0.100411 3.7428e-05
3.7724e+07 0.993243 0.447418 0.233336 3.072e-05
2.93774e+07 0.928119 0.325919 0.0775895 3.9448e-05
3.54614e+07 0.96748 0.416035 0.167706 3.268e-05
3.7724e+07 0.993243 0.447418 0.233336 3.072e-05
2.93774e+07 0.921362 0.317357 0.0347815 3.9448e-05
3.61879e+07 0.974238 0.424596 0.210514 3.2024e-05
1.37059e+07 0.442436 0.714749 0.0861778 8.45535e-05
3.7724e+07 0.993243 0.447418 0.233336 3.072e-05
1.26595e+07 0.396317 0.709564 0 9.15423e-05
3.7724e+07 0.993243 0.447418 0.233336 3.072e-05
1.32223e+07 0.42208 0.659345 0.0248286 8.76459e-05
1.78044e+07 0.571163 0.464552 0.0467463 6.50895e-05
3.7724e+07 0.993243 0.447418 0.233336 3.072e-05
3.54614e+07 0.96748 0.416035 0.167706 3.268e-05
3.54614e+07 0.96748 0.416035 0.167706 3.268e-05
3.7724e+07 0.993243 0.447418 0.233336 3.072e-05
1.78044e+07 0.571163 0.464552 0.0467463 6.50895e-05
2.93774e+07 0.921362 0.317357 0.0347815 3.9448e-05
3.61879e+07 0.974238 0.424596 0.210514 3.2024e-05
3.09629e+07 0.947124 0.348741 0.100411 3.7428e-05
2.93774e+07 0.928119 0.325919 0.0775895 3.9448e-05
3.09629e+07 0.947124 0.348741 0.100411 3.7428e-05
1.26595e+07 0.396317 0.709564 0 9.15423e-05
2.93774e+07 0.928119 0.325919 0.0775895 3.9448e-05
3.7724e+07 0.993243 0.447418 0.233336 3.072e-05
3.54614e+07 0.96748 0.416035 0.167706 3.268e-05
3.09629e+07 0.947124 0.348741 0.100411 3.7428e-05
2.93774e+07 0.921362 0.317357 0.0347815 3.9448e-05
3.54614e+07 0.96748 0.416035 0.167706 3.268e-05
3.7724e+07 0.993243 0.447418 0.233336 3.072e-05
2.93774e+07 0.921362 0.317357 0.0347815 3.9448e-05
3.09629e+07 0.947124 0.348741 0.100411 3.7428e-05
7.64739e+06 0 1 0 0.000151539
1.63144e+07 0.531802 0.546792 0.042808 7.10343e-05
1.4368e+07 0.468198 0.66453 0.111006 8.06571e-05
3.09629e+07 0.953881 0.357302 0.143219 3.7428e-05
3.09629e+07 0.947124 0.348741 0.100411 3.7428e-05
2.93774e+07 0.921362 0.317357 0.0347815 3.9448e-05
1.26595e+07 0.396317 0.709564 0 9.15423e-05
1.7002e+07 0.550807 0.519957 0.0408014 6.81613e-05
3.54614e+07 0.96748 0.416035 0.167706 3.268e-05
3.09629e+07 0.947124 0.348741 0.100411 3.7428e-05
3.09629e+07 0.947124 0.348741 0.100411 3.7428e-05
3.09629e+07 0.947124 0.348741 0.100411 3.7428e-05
3.61879e+07 0.974238 0.424596 0.210514 3.2024e-05
3.09629e+07 0.947124 0.348741 0.100411 3.7428e-05
3.09629e+07 0.947124 0.348741 0.100411 3.7428e-05
3.09629e+07 0.947124 0.348741 0.100411 3.7428e-05
3.09629e+07 0.947124 0.348741 0.100411 3.7428e-05
3.54614e+07 0.96748 0.416035 0.167706 3.268e-05
3.7724e+07 0.993243 0.447418 0.233336 3.072e-05
1.26595e+07 0.396317 0.709564 0 9.15423e-05
3.09629e+07 0.947124 0.348741 0.100411 3.7428e-05
3.09629e+07 0.947124 0.348741 0.100411 3.7428e-05
3.54614e+07 0.96748 0.416035 0.167706 3.268e-05
3.09629e+07 0.947124 0.348741 0.100411 3.7428e-05
3.7724e+07 0.993243 0.447418 0.233336 3.072e-05
1.7002e+07 0.550807 0.519957 0.0408014 6.81613e-05
3.7724e+07 0.993243 0.447418 0.233336 3.072e-05
1.7002e+07 0.550807 0.519957 0.0408014 6.81613e-05
3.09629e+07 0.953881 0.357302 0.143219 3.7428e-05
1.28006e+07 0.403075 0.632509 0 9.05335e-05
1.26595e+07 0.396317 0.709564 0 9.15423e-05
3.7724e+07 0.993243 0.447418 0.233336 3.072e-05
3.7724e+07 0.993243 0.447418 0.233336 3.072e-05
