1.62526e+07 0.557186 0.683278 0.116246 6.50104e-05
2.6967e+07 0.733084 0.798751 0.0808451 3.91808e-05
9.77031e+06 0.263145 0.560749 0 0.000108143
2.44554e+07 0.705577 0.832281 0.0629915 4.32048e-05
9.11696e+06 0.209577 0.868924 0 0.000115893
1.72483e+07 0.582979 0.641391 0.13099 6.12575e-05
1.31842e+07 0.453647 0.785793 0.0448499 8.01408e-05
1.54949e+07 0.535563 0.673155 0.0983927 6.81893e-05
1.00055e+07 0.28008 0.779896 0 0.000105601
1.25538e+07 0.42614 0.819322 0.0269963 8.41648e-05
1.64663e+07 0.56307 0.639625 0.116246 6.41666e-05
1.25538e+07 0.42614 0.819322 0.0269963 8.41648e-05
2.44554e+07 0.705577 0.832281 0.0629915 4.32048e-05
1.05921e+07 0.320102 0.722513 0.0357072 9.97531e-05
3.76371e+07 0.809116 0.729766 0.134388 2.80731e-05
1.62526e+07 0.557186 0.683278 0.116246 6.50104e-05
1.31842e+07 0.453647 0.785793 0.0448499 8.01408e-05
1.62526e+07 0.557186 0.683278 0.116246 6.50104e-05
1.26814e+07 0.432024 0.775669 0.0269963 8.33184e-05
1.53056e+07 0.529679 0.716808 0.0983927 6.90331e-05
1.62526e+07 0.557186 0.683278 0.116246 6.50104e-05
1.25538e+07 0.42614 0.819322 0.0269963 8.41648e-05
1.54949e+07 0.535563 0.673155 0.0983927 6.81893e-05
1.27784e+07 0.436919 0.614369 0.110195 8.26858e-05
1.84606e+07 0.610487 0.607861 0.148843 5.72349e-05
9.19825e+06 0.216563 0.896406 0 0.000114869
1.62526e+07 0.557186 0.683278 0.116246 6.50104e-05
9.71785e+06 0.258686 0.77459 0.0178536 0.000108727
1.76637e+07 0.592552 0.707953 0.0716843 5.98171e-05
1.62526e+07 0.557186 0.683278 0.116246 6.50104e-05
1.53056e+07 0.529679 0.716808 0.0983927 6.90331e-05
1.53056e+07 0.529679 0.716808 0.0983927 6.90331e-05
1.62526e+07 0.557186 0.683278 0.116246 6.50104e-05
1.07091e+07 0.327732 0.606708 0.0356892 9.86626e-05
2.44554e+07 0.705577 0.832281 0.0629915 4.32048e-05
1.54949e+07 0.535563 0.673155 0.0983927 6.81893e-05
1.31842e+07 0.453647 0.785793 0.0448499 8.01408e-05
1.26814e+07 0.432024 0.775669 0.0269963 8.33184e-05
1.31842e+07 0.453647 0.785793 0.0448499 8.01408e-05
9.37103e+06 0.231179 0.808119 0 0.000112751
1.26814e+07 0.432024 0.775669 0.0269963 8.33184e-05
3.65002e+07 0.90014 0.663509 0.194133 2.89475e-05
1.53056e+07 0.529679 0.716808 0.0983927 6.90331e-05
1.31842e+07 0.453647 0.785793 0.0448499 8.01408e-05
1.25538e+07 0.42614 0.819322 0.0269963 8.41648e-05
1.53056e+07 0.529679 0.716808 0.0983927 6.90331e-05
1.62526e+07 0.557186 0.683278 0.116246 6.50104e-05
1.28779e+07 0.440756 0.731035 0.0269963 8.20467e-05
2.6967e+07 0.733084 0.798751 0.0808451 3.91808e-05
7.81541e+06 0.078133 0.795203 0 0.000135193
9.68136e+06 0.256137 0.667348 0.0846515 0.000109137
1.10371e+07 0.347609 0.688984 0.0535608 9.57304e-05
1.33249e+07 0.459531 0.74214 0.0448499 7.92944e-05
1.31842e+07 0.453647 0.785793 0.0448499 8.01408e-05
1.25538e+07 0.42614 0.819322 0.0269963 8.41648e-05
9.37103e+06 0.231179 0.808119 0 0.000112751
9.44355e+06 0.237084 0.799687 0 0.000111885
1.53056e+07 0.529679 0.716808 0.0983927 6.90331e-05
1.31842e+07 0.453647 0.785793 0.0448499 8.01408e-05
1.31842e+07 0.453647 0.785793 0.0448499 8.01408e-05
1.31842e+07 0.453647 0.785793 0.0448499 8.01408e-05
1.54949e+07 0.535563 0.673155 0.0983927 6.81893e-05
1.31842e+07 0.453647 0.785793 0.0448499 8.01408e-05
1.31842e+07 0.453647 0.785793 0.0448499 8.01408e-05
2.6967e+07 0.733084 0.798751 0.0808451 3.91808e-05
1.31842e+07 0.453647 0.785793 0.0448499 8.01408e-05
1.53056e+07 0.529679 0.716808 0.0983927 6.90331e-05
1.62526e+07 0.557186 0.683278 0.116246 6.50104e-05
9.19825e+06 0.216563 0.896406 0 0.000114869
2.6967e+07 0.733084 0.798751 0.0808451 3.91808e-05
2.6967e+07 0.733084 0.798751 0.0808451 3.91808e-05
1.72483e+07 0.582979 0.641391 0.13099 6.12575e-05
1.31842e+07 0.453647 0.785793 0.0448499 8.01408e-05
1.6799e+07 0.571802 0.594991 0.116246 6.28959e-05
1.73076e+07 0.584437 0.583747 0.0359951 6.10477e-05
1.62526e+07 0.557186 0.683278 0.116246 6.50104e-05
1.01473e+07 0.290385 0.659076 0 0.000104125
1.33249e+07 0.459531 0.74214 0.0448499 7.92944e-05
9.40754e+06 0.234213 0.803717 0.0194014 0.000112313
9.86473e+06 0.269863 0.755795 0 0.000107108
1.62526e+07 0.557186 0.683278 0.116246 6.50104e-05
1.6799e+07 0.571802 0.594991 0.116246 6.28959e-05
