1.77084e+07 0.465076 0.751497 0.0319361 5.26455e-05
1.36417e+07 0.305423 0.815278 0 6.83393e-05
1.12778e+07 0.159653 0.872346 0 8.26636e-05
4.12358e+07 0.770499 0.751497 0.0958085 2.26082e-05
1.12778e+07 0.159653 0.872346 0 8.26636e-05
1.77084e+07 0.465076 0.751497 0.0319361 5.26455e-05
2.43399e+07 0.610846 0.815278 0.0638724 3.8302e-05
1.77084e+07 0.465076 0.751497 0.0319361 5.26455e-05
4.55208e+07 0.812148 0.629559 0.0958085 2.048e-05
4.12358e+07 0.770499 0.751497 0.0958085 2.26082e-05
1.36417e+07 0.305423 0.815278 0 6.83393e-05
4.55208e+07 0.909327 0.685266 0.141172 2.048e-05
2.49699e+07 0.620824 0.768826 0.127745 3.73357e-05
1.77084e+07 0.465076 0.751497 0.0319361 5.26455e-05
1.77084e+07 0.465076 0.751497 0.0319361 5.26455e-05
2.43399e+07 0.610846 0.815278 0.0638724 3.8302e-05
4.12358e+07 0.770499 0.751497 0.0958085 2.26082e-05
1.77084e+07 0.465076 0.751497 0.0319361 5.26455e-05
4.12358e+07 0.770499 0.751497 0.0958085 2.26082e-05
2.43399e+07 0.610846 0.815278 0.0638724 3.8302e-05
1.77084e+07 0.465076 0.751497 0.0319361 5.26455e-05
4.12358e+07 0.770499 0.751497 0.0958085 2.26082e-05
1.36417e+07 0.305423 0.815278 0 6.83393e-05
2.72366e+07 0.652495 0.693341 0.0638724 3.42285e-05
2.43399e+07 0.610846 0.815278 0.0638724 3.8302e-05
2.49699e+07 0.620824 0.768826 0.127745 3.73357e-05
1.36417e+07 0.305423 0.815278 0 6.83393e-05
4.4746e+07 0.78872 0.695155 0.177282 2.08346e-05
9.47941e+06 0 1 0 9.83465e-05
4.12358e+07 0.770499 0.751497 0.0958085 2.26082e-05
1.36417e+07 0.305423 0.815278 0 6.83393e-05
1.77084e+07 0.465076 0.751497 0.0319361 5.26455e-05
4.12358e+07 0.770499 0.751497 0.0958085 2.26082e-05
9.86124e+06 0.0390456 0.810016 0 9.45385e-05
2.43399e+07 0.610846 0.815278 0.0638724 3.8302e-05
1.77084e+07 0.465076 0.751497 0.0319361 5.26455e-05
4.12358e+07 0.770499 0.751497 0.0958085 2.26082e-05
2.43399e+07 0.610846 0.815278 0.0638724 3.8302e-05
4.12358e+07 0.770499 0.751497 0.0958085 2.26082e-05
3.25149e+07 0.958351 0.584921 0.27309 2.8672e-05
1.77084e+07 0.465076 0.751497 0.0319361 5.26455e-05
1.36417e+07 0.305423 0.815278 0 6.83393e-05
1.77084e+07 0.465076 0.751497 0.0319361 5.26455e-05
1.36417e+07 0.305423 0.815278 0 6.83393e-05
2.43399e+07 0.610846 0.815278 0.0638724 3.8302e-05
2.43399e+07 0.610846 0.815278 0.0638724 3.8302e-05
1.77084e+07 0.465076 0.751497 0.0319361 5.26455e-05
2.70254e+07 0.649892 0.625295 0.0638724 3.44959e-05
2.49699e+07 0.620824 0.768826 0.127745 3.73357e-05
1.54274e+07 0.386117 0.630013 0.0348394 6.04292e-05
9.86124e+06 0.0390456 0.810016 0 9.45385e-05
2.39027e+07 0.603904 0.685266 0.0773 3.90026e-05
1.36417e+07 0.305423 0.815278 0 6.83393e-05
4.12358e+07 0.770499 0.751497 0.0958085 2.26082e-05
1.77084e+07 0.465076 0.751497 0.0319361 5.26455e-05
4.4746e+07 0.78872 0.695155 0.177282 2.08346e-05
9.47941e+06 0 1 0 9.83465e-05
1.36417e+07 0.305423 0.815278 0 6.83393e-05
4.12358e+07 0.770499 0.751497 0.0958085 2.26082e-05
1.77084e+07 0.465076 0.751497 0.0319361 5.26455e-05
1.77084e+07 0.465076 0.751497 0.0319361 5.26455e-05
1.36417e+07 0.305423 0.815278 0 6.83393e-05
4.12358e+07 0.770499 0.751497 0.0958085 2.26082e-05
1.36417e+07 0.305423 0.815278 0 6.83393e-05
1.77084e+07 0.465076 0.751497 0.0319361 5.26455e-05
2.43399e+07 0.610846 0.815278 0.0638724 3.8302e-05
1.77084e+07 0.465076 0.751497 0.0319361 5.26455e-05
2.43399e+07 0.610846 0.815278 0.0638724 3.8302e-05
4.55208e+07 0.909327 0.685266 0.141172 2.048e-05
2.43399e+07 0.610846 0.815278 0.0638724 3.8302e-05
1.36417e+07 0.305423 0.815278 0 6.83393e-05
1.77084e+07 0.465076 0.751497 0.0319361 5.26455e-05
1.77084e+07 0.465076 0.751497 0.0319361 5.26455e-05
1.44463e+07 0.344469 0.625295 0 6.45332e-05
9.86124e+06 0.0390456 0.810016 0 9.45385e-05
1.77084e+07 0.465076 0.751497 0.0319361 5.26455e-05
1.77084e+07 0.465076 0.744601 0 5.26455e-05
2.49699e+07 0.620824 0.768826 0.127745 3.73357e-05
2.49699e+07 0.620824 0.768826 0.127745 3.73357e-05
1.77084e+07 0.465076 0.751497 0.0319361 5.26455e-05
2.43399e+07 0.610846 0.815278 0.0638724 3.8302e-05
1.83258e+07 0.483297 0.695155 0.11341 5.08719e-05
