4.94103e+07 0.889706 0.488431 0.106006 2.26133e-05
3.52839e+07 0.621296 0.716543 0.0414458 3.16669e-05
2.80573e+07 0.52398 0.510812 0 3.98231e-05
4.94103e+07 0.889706 0.488431 0.106006 2.26133e-05
3.11622e+07 0.571667 0.439079 0.0645599 3.58553e-05
4.94103e+07 0.889706 0.488431 0.106006 2.26133e-05
4.0316e+07 0.668983 0.51569 0.0414458 2.77143e-05
5.45571e+07 0.852068 0.569569 0.088471 2.048e-05
3.02728e+07 0.558621 0.661388 0 3.69087e-05
3.63714e+07 0.861878 0.411469 0.0414458 3.072e-05
4.1597e+07 0.679031 0.600335 0.126091 2.68608e-05
4.94103e+07 0.889706 0.488431 0.106006 2.26133e-05
3.52839e+07 0.621296 0.716543 0.0414458 3.16669e-05
3.75896e+07 0.706553 0.494839 0.210258 2.97244e-05
3.63714e+07 0.861878 0.411469 0.0414458 3.072e-05
3.52839e+07 0.621296 0.716543 0.0414458 3.16669e-05
4.94103e+07 0.889706 0.488431 0.106006 2.26133e-05
5.45571e+07 0.842019 0.560164 0.0414458 2.048e-05
5.45571e+07 0.899755 0.573076 0.190651 2.048e-05
3.52839e+07 0.621296 0.716543 0.0414458 3.16669e-05
5.45571e+07 0.842019 0.560164 0.0414458 2.048e-05
4.94103e+07 0.889706 0.488431 0.106006 2.26133e-05
3.62443e+07 0.631344 0.725948 0.088471 3.08277e-05
2.01981e+07 0.337898 0.817766 0 5.53185e-05
3.52839e+07 0.621296 0.716543 0.0414458 3.16669e-05
2.17524e+07 0.385585 0.616913 0 5.13657e-05
3.52839e+07 0.621296 0.716543 0.0414458 3.16669e-05
2.01981e+07 0.337898 0.817766 0 5.53185e-05
1.91893e+07 0.303256 0.66719 0 5.82267e-05
5.45571e+07 0.842019 0.560164 0.0414458 2.048e-05
3.52839e+07 0.621296 0.716543 0.0414458 3.16669e-05
5.45571e+07 0.842019 0.560164 0.0414458 2.048e-05
5.45571e+07 0.842019 0.560164 0.0414458 2.048e-05
1.91893e+07 0.303256 0.66719 0 5.82267e-05
3.72075e+07 0.641154 0.567848 0.0414458 3.00297e-05
5.45571e+07 0.852068 0.569569 0.088471 2.048e-05
4.94103e+07 0.889706 0.488431 0.106006 2.26133e-05
4.1597e+07 0.679031 0.600335 0.126091 2.68608e-05
4.94103e+07 0.889706 0.488431 0.106006 2.26133e-05
3.02728e+07 0.558621 0.661388 0 3.69087e-05
5.45571e+07 0.980142 0.532906 0.289324 2.048e-05
3.52839e+07 0.621296 0.716543 0.0414458 3.16669e-05
4.94103e+07 0.889706 0.488431 0.106006 2.26133e-05
3.52839e+07 0.621296 0.716543 0.0414458 3.16669e-05
3.52839e+07 0.621296 0.716543 0.0414458 3.16669e-05
3.72075e+07 0.641154 0.567848 0.0414458 3.00297e-05
3.63714e+07 0.861878 0.411469 0.0414458 3.072e-05
3.52839e+07 0.621296 0.716543 0.0414458 3.16669e-05
3.52839e+07 0.621296 0.716543 0.0414458 3.16669e-05
1.3648e+07 0.0198583 0.851305 0 8.18676e-05
1.89299e+07 0.293447 0.82529 0.0470251 5.90245e-05
3.02728e+07 0.558621 0.661388 0 3.69087e-05
4.1597e+07 0.679031 0.600335 0.126091 2.68608e-05
4.94103e+07 0.889706 0.488431 0.106006 2.26133e-05
4.94103e+07 0.889706 0.488431 0.106006 2.26133e-05
2.01981e+07 0.337898 0.817766 0 5.53185e-05
1.86646e+07 0.283398 0.815885 0 5.98636e-05
3.72075e+07 0.641154 0.567848 0.0414458 3.00297e-05
4.94103e+07 0.889706 0.488431 0.106006 2.26133e-05
4.94103e+07 0.889706 0.488431 0.106006 2.26133e-05
4.94103e+07 0.889706 0.488431 0.106006 2.26133e-05
3.82771e+07 0.651203 0.577253 0.088471 2.91906e-05
5.45571e+07 0.842019 0.560164 0.0414458 2.048e-05
3.52839e+07 0.621296 0.716543 0.0414458 3.16669e-05
4.94103e+07 0.889706 0.488431 0.106006 2.26133e-05
4.0316e+07 0.668983 0.51569 0.0414458 2.77143e-05
3.60791e+07 0.909565 0.339736 0.106006 3.09689e-05
3.72075e+07 0.641154 0.567848 0.0414458 3.00297e-05
3.39192e+07 0.606308 0.589654 0.0645599 3.29409e-05
3.52839e+07 0.621296 0.716543 0.0414458 3.16669e-05
3.52839e+07 0.621296 0.716543 0.0414458 3.16669e-05
5.45571e+07 0.842019 0.560164 0.0414458 2.048e-05
5.45571e+07 0.842019 0.560164 0.0414458 2.048e-05
3.52839e+07 0.621296 0.716543 0.0414458 3.16669e-05
1.86646e+07 0.283398 0.815885 0 5.98636e-05
4.94103e+07 0.889706 0.488431 0.106006 2.26133e-05
2.98018e+07 0.551809 0.587773 0.0645599 3.7492e-05
3.62443e+07 0.631344 0.725948 0.088471 3.08277e-05
2.33673e+07 0.428333 0.495604 0 4.78159e-05
4.25889e+07 0.686695 0.549484 0.163233 2.62352e-05
3.52839e+07 0.621296 0.716543 0.0414458 3.16669e-05
3.52839e+07 0.621296 0.716543 0.0414458 3.16669e-05
