3.99641e+07 0.771224 0.521539 0.222949 3.17222e-05
2.62016e+07 0.650937 0.373778 0.101371 4.83845e-05
2.00022e+07 0.542447 0.460733 0.0583398 6.33806e-05
4.92521e+07 0.953273 0.465185 0.185661 2.574e-05
1.92277e+07 0.523942 0.495241 0.0504784 6.59336e-05
3.49805e+07 0.738607 0.465185 0.124227 3.62417e-05
5.3878e+07 0.879713 0.486552 0.264623 2.353e-05
3.41071e+07 0.731899 0.465682 0.126709 3.71697e-05
2.03044e+07 0.548924 0.764158 0.153587 6.24371e-05
5.07709e+07 0.945871 0.458929 0.196618 2.497e-05
2.73684e+07 0.665741 0.493304 0.194714 4.63217e-05
4.92521e+07 0.953273 0.465185 0.185661 2.574e-05
5.3878e+07 0.832986 0.521059 0.1659 2.353e-05
1.39146e+07 0.341661 0.770414 0.0811958 9.11091e-05
3.31927e+07 0.724497 0.45509 0.0737481 3.81937e-05
4.92521e+07 0.858894 0.492808 0.162805 2.574e-05
5.3878e+07 0.985889 0.521539 0.284384 2.353e-05
3.76309e+07 0.757113 0.430678 0.132088 3.36891e-05
4.92521e+07 0.960675 0.475778 0.238622 2.574e-05
4.92521e+07 0.826278 0.51722 0.104465 2.574e-05
3.76309e+07 0.757113 0.430678 0.132088 3.36891e-05
4.92521e+07 0.953273 0.465185 0.185661 2.574e-05
2.40203e+07 0.619015 0.527812 0.0959917 5.27782e-05
1.60528e+07 0.429331 0.822448 0.0614347 7.89737e-05
4.92521e+07 0.858894 0.492808 0.162805 2.574e-05
1.64565e+07 0.443442 0.731587 0.0614347 7.70365e-05
2.57162e+07 0.644229 0.492808 0.101371 4.92977e-05
1.72352e+07 0.468656 0.685197 0.122869 7.3556e-05
1.51862e+07 0.396947 0.60871 0 8.34804e-05
4.19229e+07 0.971779 0.430678 0.193523 3.024e-05
2.35631e+07 0.611612 0.51722 0.0430308 5.38022e-05
3.31927e+07 0.724497 0.45509 0.0737481 3.81937e-05
4.19229e+07 0.971779 0.430678 0.193523 3.024e-05
1.51862e+07 0.396947 0.60871 0 8.34804e-05
5.3878e+07 0.832986 0.521059 0.1659 2.353e-05
3.41071e+07 0.731899 0.465682 0.126709 3.71697e-05
5.3878e+07 0.985889 0.521539 0.284384 2.353e-05
4.63901e+07 0.847791 0.436951 0.157426 2.7328e-05
5.3878e+07 0.985889 0.521539 0.284384 2.353e-05
2.00071e+07 0.542216 0.760319 0.0921521 6.33651e-05
3.59976e+07 0.74601 0.475778 0.177187 3.52177e-05
2.57162e+07 0.644229 0.492808 0.101371 4.92977e-05
3.49805e+07 0.738607 0.465185 0.124227 3.62417e-05
2.57162e+07 0.644229 0.492808 0.101371 4.92977e-05
4.92521e+07 0.826278 0.51722 0.104465 2.574e-05
4.92521e+07 0.826278 0.51722 0.104465 2.574e-05
3.76309e+07 0.757113 0.430678 0.132088 3.36891e-05
4.92521e+07 0.826278 0.51722 0.104465 2.574e-05
4.92521e+07 0.858894 0.492808 0.162805 2.574e-05
1.17682e+07 0.221374 0.88097 0.0614347 0.000107727
1.53748e+07 0.404349 0.619302 0.052961 8.24564e-05
1.43133e+07 0.360167 0.619227 0.0307174 8.85714e-05
2.73684e+07 0.665741 0.493304 0.194714 4.63217e-05
5.3878e+07 0.985889 0.521539 0.284384 2.353e-05
3.49805e+07 0.738607 0.465185 0.124227 3.62417e-05
1.62437e+07 0.43604 0.826288 0.122869 7.80457e-05
1.60525e+07 0.429563 0.584298 0.0583398 7.89754e-05
2.35631e+07 0.611612 0.51722 0.0430308 5.38022e-05
5.3878e+07 0.985889 0.521539 0.284384 2.353e-05
3.99641e+07 0.771224 0.521539 0.222949 3.17222e-05
3.99641e+07 0.771224 0.521539 0.222949 3.17222e-05
2.40203e+07 0.619015 0.527812 0.0959917 5.27782e-05
4.19229e+07 0.978487 0.434518 0.254957 3.024e-05
2.62016e+07 0.650937 0.373778 0.101371 4.83845e-05
3.99641e+07 0.771224 0.521539 0.222949 3.17222e-05
4.92521e+07 0.873005 0.482712 0.203188 2.574e-05
3.49805e+07 0.738607 0.465185 0.124227 3.62417e-05
4.92521e+07 0.858894 0.492808 0.162805 2.574e-05
2.09597e+07 0.563035 0.774254 0.204065 6.04851e-05
4.92521e+07 0.858894 0.492808 0.162805 2.574e-05
2.57162e+07 0.644229 0.492808 0.101371 4.92977e-05
3.31927e+07 0.724497 0.45509 0.0737481 3.81937e-05
3.76309e+07 0.757113 0.430678 0.132088 3.36891e-05
2.57162e+07 0.644229 0.492808 0.101371 4.92977e-05
1.60525e+07 0.429563 0.584298 0.0583398 7.89754e-05
3.99641e+07 0.771224 0.521539 0.222949 3.17222e-05
3.99454e+07 0.771224 0.428725 0.149201 3.17371e-05
4.92521e+07 0.866297 0.5034 0.215766 2.574e-05
1.62606e+07 0.436734 0.727119 0.0614347 7.79645e-05
1.39146e+07 0.341661 0.770414 0.0811958 9.11091e-05
4.92521e+07 0.858894 0.492808 0.162805 2.574e-05
2.57162e+07 0.644229 0.492808 0.101371 4.92977e-05
