2.1133e+07 0.517725 0.70155 0.0907776 5.6278e-05
1.90726e+07 0.465568 0.703304 0.0482194 6.23576e-05
1.33926e+07 0.238713 0.682304 0 8.8804e-05
2.56983e+07 0.603437 0.748095 0.0269403 4.62801e-05
1.47796e+07 0.309982 0.809454 0.0694685 8.04705e-05
1.98086e+07 0.485387 0.748319 0.0694985 6.00405e-05
2.83999e+07 0.641266 0.703304 0.0798648 4.18776e-05
1.98086e+07 0.485387 0.748319 0.0694985 6.00405e-05
1.75046e+07 0.417473 0.816264 0.0316454 6.79431e-05
2.70783e+07 0.623848 0.641776 0.0585858 4.39215e-05
2.1133e+07 0.517725 0.70155 0.0907776 5.6278e-05
3.76319e+07 0.72972 0.625284 0.0269403 3.1604e-05
2.60587e+07 0.608928 0.750073 0.0585858 4.56401e-05
1.47538e+07 0.308853 0.771107 0.0750052 8.06112e-05
2.03971e+07 0.500308 0.704916 0.101946 5.83082e-05
3.32103e+07 0.693422 0.638259 0.0907776 3.58117e-05
2.79724e+07 0.635775 0.701326 0.0482194 4.25176e-05
2.1133e+07 0.517725 0.70155 0.0907776 5.6278e-05
2.56983e+07 0.603437 0.748095 0.0269403 4.62801e-05
3.00529e+07 0.661085 0.685029 0.0694985 3.95743e-05
2.1133e+07 0.517725 0.70155 0.0907776 5.6278e-05
2.56983e+07 0.603437 0.748095 0.0269403 4.62801e-05
1.98086e+07 0.485387 0.748319 0.0694985 6.00405e-05
1.92206e+07 0.46963 0.75122 0.0425581 6.18773e-05
3.32103e+07 0.693422 0.638259 0.0907776 3.58117e-05
1.73413e+07 0.411982 0.814286 0 6.85831e-05
2.69028e+07 0.621331 0.658752 0.119935 4.42081e-05
2.76899e+07 0.632371 0.637042 0.138219 4.29514e-05
1.38534e+07 0.264023 0.688342 0.0324471 8.58506e-05
3.32103e+07 0.693422 0.638259 0.0907776 3.58117e-05
1.98086e+07 0.485387 0.748319 0.0694985 6.00405e-05
1.98086e+07 0.485387 0.748319 0.0694985 6.00405e-05
3.32103e+07 0.693422 0.638259 0.0907776 3.58117e-05
1.49874e+07 0.320301 0.508112 0.0324471 7.93546e-05
2.70783e+07 0.623848 0.641776 0.0585858 4.39215e-05
1.98086e+07 0.485387 0.748319 0.0694985 6.00405e-05
2.79724e+07 0.635775 0.701326 0.0482194 4.25176e-05
2.56983e+07 0.603437 0.748095 0.0269403 4.62801e-05
2.79724e+07 0.635775 0.701326 0.0482194 4.25176e-05
2.51071e+07 0.594543 0.622498 0.0556267 4.73698e-05
1.78185e+07 0.42774 0.811386 0.0269403 6.67463e-05
2.1133e+07 0.517725 0.70155 0.0907776 5.6278e-05
1.98086e+07 0.485387 0.748319 0.0694985 6.00405e-05
1.8883e+07 0.460078 0.764617 0.0482194 6.29838e-05
3.47651e+07 0.707044 0.705296 0.056098 3.42102e-05
4.61724e+07 0.779612 0.679449 0.171414 2.57583e-05
2.18041e+07 0.532646 0.658147 0.123225 5.45457e-05
2.98959e+07 0.659715 0.567864 0.0269403 3.9782e-05
2.79724e+07 0.635775 0.701326 0.0482194 4.25176e-05
1.36363e+07 0.252386 0.709494 0.061313 8.7217e-05
1.35507e+07 0.247733 0.699698 0 8.77684e-05
1.86114e+07 0.452552 0.64493 0.0638372 6.39028e-05
1.8883e+07 0.460078 0.764617 0.0482194 6.29838e-05
2.79724e+07 0.635775 0.701326 0.0482194 4.25176e-05
1.78185e+07 0.42774 0.811386 0.0269403 6.67463e-05
2.54608e+07 0.600033 0.683811 0.11694 4.67118e-05
1.31389e+07 0.223793 0.790601 0 9.05192e-05
2.57292e+07 0.603914 0.742739 0.171414 4.62245e-05
2.79724e+07 0.635775 0.701326 0.0482194 4.25176e-05
1.8883e+07 0.460078 0.764617 0.0482194 6.29838e-05
1.8883e+07 0.460078 0.764617 0.0482194 6.29838e-05
2.57292e+07 0.603914 0.742739 0.171414 4.62245e-05
2.83999e+07 0.641266 0.703304 0.0798648 4.18776e-05
1.90726e+07 0.465568 0.703304 0.0482194 6.23576e-05
1.8883e+07 0.460078 0.764617 0.0482194 6.29838e-05
2.79724e+07 0.635775 0.701326 0.0482194 4.25176e-05
2.03971e+07 0.500308 0.704916 0.101946 5.83082e-05
3.48985e+07 0.708343 0.594856 0.123225 3.40794e-05
2.23293e+07 0.543755 0.693453 0.0316454 5.32628e-05
2.79724e+07 0.635775 0.701326 0.0482194 4.25176e-05
1.8883e+07 0.460078 0.764617 0.0482194 6.29838e-05
1.98086e+07 0.485387 0.748319 0.0694985 6.00405e-05
1.8883e+07 0.460078 0.764617 0.0482194 6.29838e-05
2.38906e+07 0.574003 0.52132 0.0907776 4.9782e-05
1.41542e+07 0.280071 0.61037 0 8.4026e-05
2.1133e+07 0.517725 0.70155 0.0907776 5.6278e-05
1.69779e+07 0.39949 0.72731 0 7.0051e-05
2.79724e+07 0.635775 0.701326 0.0482194 4.25176e-05
1.73413e+07 0.411982 0.814286 0 6.85831e-05
1.33557e+07 0.236285 0.877577 0 8.90493e-05
3.32103e+07 0.693422 0.638259 0.0907776 3.58117e-05
2.96182e+07 0.700285 0.509762 0.146404 4.0155e-05
