2.30488e+07 0.659186 0.618091 0.0934752 5.07528e-05
1.71191e+07 0.540894 0.657116 0.0324543 6.83326e-05
1.41854e+07 0.445847 0.632947 0 8.24645e-05
4.89589e+07 0.859382 0.618091 0.13968 2.38933e-05
1.45297e+07 0.458991 0.640531 0.0379186 8.05103e-05
2.30488e+07 0.659186 0.618091 0.0934752 5.07528e-05
3.19361e+07 0.754233 0.588862 0.0786588 3.6629e-05
2.21942e+07 0.646043 0.610507 0.0555566 5.27069e-05
1.59043e+07 0.505539 0.819838 0.0693067 7.35518e-05
4.72503e+07 0.846238 0.610507 0.101761 2.47573e-05
1.76191e+07 0.554038 0.588862 0.0324543 6.63933e-05
4.89589e+07 0.859382 0.618091 0.13968 2.38933e-05
3.03304e+07 0.741089 0.657116 0.0786588 3.85683e-05
1.15407e+07 0.318487 0.827422 0.0610209 0.000101362
2.21942e+07 0.646043 0.610507 0.0555566 5.27069e-05
3.03304e+07 0.741089 0.657116 0.0786588 3.85683e-05
4.89589e+07 0.859382 0.618091 0.13968 2.38933e-05
2.21942e+07 0.646043 0.610507 0.0555566 5.27069e-05
4.89589e+07 0.859382 0.618091 0.13968 2.38933e-05
3.89031e+07 0.845549 0.622409 0.231526 3.00693e-05
2.21942e+07 0.646043 0.610507 0.0555566 5.27069e-05
4.89589e+07 0.859382 0.618091 0.13968 2.38933e-05
1.71191e+07 0.540894 0.657116 0.0324543 6.83326e-05
1.31176e+07 0.400391 0.866447 0.0462044 8.91774e-05
3.03304e+07 0.741089 0.657116 0.0786588 3.85683e-05
1.36954e+07 0.426161 0.600023 0.0462044 8.54145e-05
1.7592e+07 0.553521 0.543724 0.0748437 6.64955e-05
1.39554e+07 0.43655 0.788026 0.0462044 8.38238e-05
1.19273e+07 0.340699 0.72576 0 9.80771e-05
4.72503e+07 0.846238 0.610507 0.101761 2.47573e-05
2.21443e+07 0.645353 0.622409 0.185321 5.28258e-05
2.21942e+07 0.646043 0.610507 0.0555566 5.27069e-05
4.72503e+07 0.846238 0.610507 0.101761 2.47573e-05
1.28747e+07 0.389485 0.627204 0.0890178 9.08592e-05
3.03304e+07 0.741089 0.657116 0.0786588 3.85683e-05
2.21942e+07 0.646043 0.610507 0.0555566 5.27069e-05
4.89589e+07 0.859382 0.618091 0.13968 2.38933e-05
3.19361e+07 0.754233 0.588862 0.0786588 3.6629e-05
4.89589e+07 0.859382 0.618091 0.13968 2.38933e-05
1.71528e+07 0.541698 0.741418 0.0693067 6.81981e-05
2.30488e+07 0.659186 0.618091 0.0934752 5.07528e-05
1.71191e+07 0.540894 0.657116 0.0324543 6.83326e-05
2.30488e+07 0.659186 0.618091 0.0934752 5.07528e-05
2.21443e+07 0.645353 0.622409 0.185321 5.28258e-05
3.03304e+07 0.741089 0.657116 0.0786588 3.85683e-05
3.03304e+07 0.741089 0.657116 0.0786588 3.85683e-05
2.21942e+07 0.646043 0.610507 0.0555566 5.27069e-05
4.92668e+07 0.881708 0.637245 0.278154 2.3744e-05
3.03304e+07 0.741089 0.657116 0.0786588 3.85683e-05
1.02999e+07 0.236354 0.829171 0 0.000113573
1.26162e+07 0.376858 0.647339 0 9.27216e-05
1.13224e+07 0.305344 0.819838 0.0231023 0.000103316
1.76191e+07 0.554038 0.588862 0.0324543 6.63933e-05
4.89589e+07 0.859382 0.618091 0.13968 2.38933e-05
2.3914e+07 0.671813 0.504699 0.135865 4.89165e-05
1.39554e+07 0.43655 0.788026 0.0462044 8.38238e-05
1.41666e+07 0.445158 0.691054 0.152867 8.25737e-05
1.71191e+07 0.540894 0.657116 0.0324543 6.83326e-05
4.89589e+07 0.859382 0.618091 0.13968 2.38933e-05
2.30488e+07 0.659186 0.618091 0.0934752 5.07528e-05
2.30488e+07 0.659186 0.618091 0.0934752 5.07528e-05
1.71191e+07 0.540894 0.657116 0.0324543 6.83326e-05
4.72503e+07 0.846238 0.610507 0.101761 2.47573e-05
1.71191e+07 0.540894 0.657116 0.0324543 6.83326e-05
2.30488e+07 0.659186 0.618091 0.0934752 5.07528e-05
3.19361e+07 0.754233 0.588862 0.0786588 3.6629e-05
2.30488e+07 0.659186 0.618091 0.0934752 5.07528e-05
3.03304e+07 0.741089 0.657116 0.0786588 3.85683e-05
1.63384e+07 0.518683 0.827422 0.107225 7.15976e-05
3.03304e+07 0.741089 0.657116 0.0786588 3.85683e-05
1.71191e+07 0.540894 0.657116 0.0324543 6.83326e-05
2.21942e+07 0.646043 0.610507 0.0555566 5.27069e-05
2.29954e+07 0.65867 0.497115 0.097946 5.08706e-05
1.9142e+07 0.58968 0.55856 0.121472 6.11113e-05
1.28747e+07 0.389485 0.627204 0.0890178 9.08592e-05
2.30488e+07 0.659186 0.618091 0.0934752 5.07528e-05
2.3042e+07 0.659186 0.548122 0.0379186 5.07677e-05
3.03304e+07 0.741089 0.657116 0.0786588 3.85683e-05
1.31176e+07 0.400391 0.866447 0.0462044 8.91774e-05
1.17523e+07 0.331114 0.629251 0.0610209 9.95375e-05
3.03304e+07 0.741089 0.657116 0.0786588 3.85683e-05
1.85743e+07 0.577053 0.578695 0.0324543 6.29789e-05
