3.3338e+07 0.936035 0.59697 0.206107 3.39217e-05
2.84708e+07 0.748266 0.600841 0.0599045 3.97207e-05
2.21883e+07 0.677086 0.445203 0.0578974 5.09674e-05
3.14278e+07 0.81977 0.580301 0.0440872 3.59834e-05
1.96173e+07 0.634419 0.518579 0 5.76472e-05
3.3338e+07 0.906565 0.611247 0.172379 3.39217e-05
2.84708e+07 0.748266 0.600841 0.0599045 3.97207e-05
3.3338e+07 0.906565 0.611247 0.172379 3.39217e-05
1.02152e+07 0.296594 0.861434 0.0179114 0.000110705
2.72064e+07 0.830039 0.503005 0.0440872 4.15667e-05
3.24686e+07 0.835061 0.574004 0.159304 3.483e-05
3.14278e+07 0.81977 0.580301 0.0440872 3.59834e-05
2.54993e+07 0.718796 0.615119 0.0261758 4.43495e-05
1.26888e+07 0.434157 0.668242 0.131713 8.9124e-05
3.23396e+07 0.916834 0.585776 0.198291 3.49689e-05
3.24686e+07 0.835061 0.574004 0.159304 3.483e-05
3.14278e+07 0.84924 0.566023 0.0778159 3.59834e-05
3.3338e+07 0.936035 0.59697 0.206107 3.39217e-05
3.14278e+07 0.81977 0.580301 0.0440872 3.59834e-05
3.24686e+07 0.805591 0.588282 0.125575 3.483e-05
3.3338e+07 0.936035 0.59697 0.206107 3.39217e-05
3.14278e+07 0.81977 0.580301 0.0440872 3.59834e-05
3.24686e+07 0.805591 0.588282 0.125575 3.483e-05
1.00101e+07 0.282416 0.742261 0.0358226 0.000112974
3.24686e+07 0.835061 0.574004 0.159304 3.483e-05
8.93386e+06 0.19562 0.896253 0 0.000126584
3.24686e+07 0.835061 0.574004 0.159304 3.483e-05
9.27177e+06 0.22509 0.814517 0 0.00012197
1.88863e+07 0.62024 0.542561 0.0894891 5.98783e-05
3.3338e+07 0.936035 0.59697 0.206107 3.39217e-05
3.24686e+07 0.805591 0.588282 0.125575 3.483e-05
3.3338e+07 0.906565 0.611247 0.172379 3.39217e-05
3.3338e+07 0.936035 0.59697 0.206107 3.39217e-05
1.88863e+07 0.62024 0.542561 0.0894891 5.98783e-05
2.64491e+07 0.729065 0.537824 0.0261758 4.27569e-05
3.3338e+07 0.906565 0.611247 0.172379 3.39217e-05
3.14278e+07 0.84924 0.566023 0.0778159 3.59834e-05
2.54993e+07 0.718796 0.615119 0.0261758 4.43495e-05
3.14278e+07 0.84924 0.566023 0.0778159 3.59834e-05
1.02152e+07 0.296594 0.861434 0.0179114 0.000110705
2.51487e+07 0.860268 0.462437 0.0440872 4.49678e-05
3.24686e+07 0.835061 0.574004 0.159304 3.483e-05
3.3338e+07 0.906565 0.611247 0.172379 3.39217e-05
2.84708e+07 0.748266 0.600841 0.0599045 3.97207e-05
2.54993e+07 0.718796 0.615119 0.0261758 4.43495e-05
3.10287e+07 0.81586 0.562811 0.151488 3.64462e-05
2.78024e+07 0.946304 0.571498 0.232019 4.06756e-05
2.54993e+07 0.718796 0.615119 0.0261758 4.43495e-05
2.84708e+07 0.748266 0.600841 0.0599045 3.97207e-05
7.26169e+06 0.0102691 0.922705 0 0.000155732
1.54773e+07 0.536374 0.55908 0 7.30668e-05
1.22301e+07 0.412859 0.683492 0.0826258 9.24671e-05
2.84708e+07 0.748266 0.600841 0.0599045 3.97207e-05
3.14278e+07 0.84924 0.566023 0.0778159 3.59834e-05
3.14278e+07 0.81977 0.580301 0.0440872 3.59834e-05
8.93386e+06 0.19562 0.896253 0 0.000126584
1.60462e+07 0.552645 0.652237 0.0337287 7.04764e-05
3.10287e+07 0.81586 0.562811 0.151488 3.64462e-05
3.14278e+07 0.84924 0.566023 0.0778159 3.59834e-05
3.14278e+07 0.84924 0.566023 0.0778159 3.59834e-05
3.14278e+07 0.84924 0.566023 0.0778159 3.59834e-05
3.10287e+07 0.81586 0.562811 0.151488 3.64462e-05
3.14278e+07 0.84924 0.566023 0.0778159 3.59834e-05
2.84708e+07 0.748266 0.600841 0.0599045 3.97207e-05
3.14278e+07 0.84924 0.566023 0.0778159 3.59834e-05
2.84708e+07 0.748266 0.600841 0.0599045 3.97207e-05
3.23396e+07 0.916834 0.585776 0.198291 3.49689e-05
2.78024e+07 0.84533 0.548533 0.185216 4.06756e-05
1.02152e+07 0.296594 0.861434 0.0179114 0.000110705
2.84708e+07 0.748266 0.600841 0.0599045 3.97207e-05
2.84708e+07 0.748266 0.600841 0.0599045 3.97207e-05
3.3338e+07 0.906565 0.611247 0.172379 3.39217e-05
3.14278e+07 0.84924 0.566023 0.0778159 3.59834e-05
3.24686e+07 0.835061 0.574004 0.159304 3.483e-05
1.60462e+07 0.552645 0.652237 0.0337287 7.04764e-05
3.3338e+07 0.936035 0.59697 0.206107 3.39217e-05
2.07076e+07 0.653619 0.581596 0.0337287 5.46119e-05
2.84708e+07 0.748266 0.600841 0.0599045 3.97207e-05
9.56828e+06 0.249316 0.717305 0.0231755 0.000118191
1.08351e+07 0.337092 0.74357 0.0179114 0.000104372
3.24686e+07 0.835061 0.574004 0.159304 3.483e-05
3.24686e+07 0.835061 0.574004 0.159304 3.483e-05
