5.98027e+07 0.867076 0.610345 0 2.332e-05
5.98027e+07 0.867076 0.610345 0 2.332e-05
3.7749e+07 0.933073 0.280368 0.0670734 3.6944e-05
5.98027e+07 0.867076 0.610345 0 2.332e-05
5.98027e+07 0.867076 0.610345 0 2.332e-05
5.98027e+07 0.867076 0.610345 0 2.332e-05
5.98027e+07 0.867076 0.610345 0 2.332e-05
5.98027e+07 0.883807 0.621125 0.0538983 2.332e-05
2.02553e+07 0 1 0 6.88512e-05
5.98027e+07 0.867076 0.610345 0 2.332e-05
5.98027e+07 0.883807 0.621125 0.0538983 2.332e-05
5.98027e+07 0.867076 0.610345 0 2.332e-05
5.98027e+07 0.867076 0.610345 0 2.332e-05
2.02553e+07 0 1 0 6.88512e-05
5.98027e+07 0.867076 0.610345 0 2.332e-05
5.98027e+07 0.867076 0.610345 0 2.332e-05
5.98027e+07 0.867076 0.610345 0 2.332e-05
5.98027e+07 0.867076 0.610345 0 2.332e-05
5.98027e+07 0.883807 0.621125 0.0538983 2.332e-05
5.98027e+07 0.867076 0.610345 0 2.332e-05
5.98027e+07 0.867076 0.610345 0 2.332e-05
5.98027e+07 0.867076 0.610345 0 2.332e-05
5.98027e+07 0.883807 0.621125 0.0538983 2.332e-05
2.02553e+07 0 1 0 6.88512e-05
5.98027e+07 0.867076 0.610345 0 2.332e-05
2.02553e+07 0 1 0 6.88512e-05
5.98027e+07 0.867076 0.610345 0 2.332e-05
2.09883e+07 0.0353226 0.833514 0 6.64466e-05
5.98027e+07 0.867076 0.610345 0 2.332e-05
5.98027e+07 0.867076 0.610345 0 2.332e-05
5.98027e+07 0.867076 0.610345 0 2.332e-05
5.98027e+07 0.867076 0.610345 0 2.332e-05
5.98027e+07 0.867076 0.610345 0 2.332e-05
4.95241e+07 0.902398 0.44386 0 2.816e-05
5.98027e+07 0.867076 0.610345 0 2.332e-05
5.98027e+07 0.883807 0.621125 0.0538983 2.332e-05
5.98027e+07 0.867076 0.610345 0 2.332e-05
5.98027e+07 0.883807 0.621125 0.0538983 2.332e-05
5.98027e+07 0.867076 0.610345 0 2.332e-05
2.09883e+07 0.0353226 0.833514 0 6.64466e-05
5.98027e+07 0.883807 0.621125 0.0538983 2.332e-05
5.98027e+07 0.867076 0.610345 0 2.332e-05
5.98027e+07 0.867076 0.610345 0 2.332e-05
5.98027e+07 0.867076 0.610345 0 2.332e-05
5.98027e+07 0.867076 0.610345 0 2.332e-05
5.98027e+07 0.867076 0.610345 0 2.332e-05
5.98027e+07 0.867076 0.610345 0 2.332e-05
4.95241e+07 0.902398 0.44386 0 2.816e-05
5.98027e+07 0.867076 0.610345 0 2.332e-05
2.09883e+07 0.0353226 0.833514 0 6.64466e-05
5.41718e+07 1 0.553453 0.378486 2.5744e-05
2.02553e+07 0 1 0 6.88512e-05
5.98027e+07 0.883807 0.621125 0.0538983 2.332e-05
5.98027e+07 0.867076 0.610345 0 2.332e-05
5.98027e+07 0.867076 0.610345 0 2.332e-05
2.09883e+07 0.0353226 0.833514 0 6.64466e-05
5.98027e+07 0.867076 0.610345 0 2.332e-05
5.98027e+07 0.867076 0.610345 0 2.332e-05
5.98027e+07 0.867076 0.610345 0 2.332e-05
5.98027e+07 0.867076 0.610345 0 2.332e-05
5.98027e+07 0.867076 0.610345 0 2.332e-05
5.98027e+07 0.883807 0.621125 0.0538983 2.332e-05
5.98027e+07 0.867076 0.610345 0 2.332e-05
5.98027e+07 0.867076 0.610345 0 2.332e-05
5.98027e+07 0.867076 0.610345 0 2.332e-05
5.98027e+07 0.867076 0.610345 0 2.332e-05
5.98027e+07 0.867076 0.610345 0 2.332e-05
5.98027e+07 0.867076 0.610345 0 2.332e-05
2.02553e+07 0 1 0 6.88512e-05
5.98027e+07 0.867076 0.610345 0 2.332e-05
5.98027e+07 0.867076 0.610345 0 2.332e-05
5.98027e+07 0.867076 0.610345 0 2.332e-05
5.98027e+07 0.867076 0.610345 0 2.332e-05
4.95241e+07 0.902398 0.44386 0 2.816e-05
4.95241e+07 0.902398 0.44386 0 2.816e-05
5.98027e+07 0.867076 0.610345 0 2.332e-05
5.98027e+07 0.867076 0.610345 0 2.332e-05
5.98027e+07 0.883807 0.621125 0.0538983 2.332e-05
2.13145e+07 0.0501952 0.795187 0.0431186 6.54298e-05
2.02553e+07 0 1 0 6.88512e-05
5.98027e+07 0.867076 0.610345 0 2.332e-05
4.95241e+07 0.902398 0.44386 0 2.816e-05
