9.71157e+06 0.313772 0.726559 0.074911 0.000128375
9.71157e+06 0.313772 0.726559 0.074911 0.000128375
8.19954e+06 0.187141 0.7712 0.0924257 0.000152047
1.57938e+07 0.57826 0.585101 0.0458432 7.89371e-05
1.41268e+07 0.528292 0.741208 0.183927 8.82523e-05
9.37455e+06 0.28913 0.688618 0 0.00013299
1.67746e+07 0.602902 0.623042 0.120754 7.43219e-05
9.37455e+06 0.28913 0.688618 0 0.00013299
1.15888e+07 0.424934 0.76302 0.0458432 0.00010758
1.61431e+07 0.587433 0.542123 0.0862794 7.72291e-05
9.71157e+06 0.313772 0.726559 0.074911 0.000128375
1.57938e+07 0.57826 0.585101 0.0458432 7.89371e-05
1.57938e+07 0.57826 0.585101 0.0458432 7.89371e-05
7.79521e+06 0.144976 0.742687 0 0.000159934
9.49651e+06 0.298302 0.64564 0.0404362 0.000131282
1.67746e+07 0.602902 0.623042 0.120754 7.43219e-05
1.67746e+07 0.602902 0.623042 0.120754 7.43219e-05
9.71157e+06 0.313772 0.726559 0.074911 0.000128375
1.57938e+07 0.57826 0.585101 0.0458432 7.89371e-05
1.57938e+07 0.57826 0.585101 0.0458432 7.89371e-05
9.71157e+06 0.313772 0.726559 0.074911 0.000128375
1.57938e+07 0.57826 0.585101 0.0458432 7.89371e-05
9.37455e+06 0.28913 0.688618 0 0.00013299
1.15888e+07 0.424934 0.76302 0.0458432 0.00010758
1.67746e+07 0.602902 0.623042 0.120754 7.43219e-05
1.15888e+07 0.424934 0.76302 0.0458432 0.00010758
1.07376e+07 0.379483 0.591617 0.074911 0.000116108
1.22924e+07 0.458018 0.591386 0.0687647 0.000101422
7.95872e+06 0.162499 0.779103 0.0404362 0.000156648
1.67746e+07 0.602902 0.623042 0.120754 7.43219e-05
9.37455e+06 0.28913 0.688618 0 0.00013299
1.62145e+07 0.589212 0.59573 0.0485235 7.68891e-05
1.67746e+07 0.602902 0.623042 0.120754 7.43219e-05
8.03863e+06 0.170941 0.673506 0.0404362 0.000155091
1.61431e+07 0.587433 0.542123 0.0862794 7.72291e-05
9.37455e+06 0.28913 0.688618 0 0.00013299
1.67746e+07 0.602902 0.623042 0.120754 7.43219e-05
1.57938e+07 0.57826 0.585101 0.0458432 7.89371e-05
1.67746e+07 0.602902 0.623042 0.120754 7.43219e-05
1.1759e+07 0.433376 0.657424 0.0458432 0.000106023
9.37455e+06 0.28913 0.688618 0 0.00013299
9.71157e+06 0.313772 0.726559 0.074911 0.000128375
9.37455e+06 0.28913 0.688618 0 0.00013299
9.71157e+06 0.313772 0.726559 0.074911 0.000128375
5.07292e+07 0.948161 0.592495 0.257036 2.4576e-05
1.91956e+07 0.653144 0.510698 0.138038 6.49483e-05
9.84253e+06 0.322944 0.683581 0.115347 0.000126667
1.61117e+07 0.586703 0.479505 0.0458432 7.738e-05
1.67746e+07 0.602902 0.623042 0.120754 7.43219e-05
9.61159e+06 0.306745 0.57535 0 0.00012971
7.95106e+06 0.161769 0.716484 0 0.000156799
7.93926e+06 0.160445 0.800499 0.0229216 0.000157032
9.71157e+06 0.313772 0.726559 0.074911 0.000128375
1.67746e+07 0.602902 0.623042 0.120754 7.43219e-05
9.37455e+06 0.28913 0.688618 0 0.00013299
1.1759e+07 0.433376 0.657424 0.0458432 0.000106023
8.10846e+06 0.177968 0.814178 0.0519895 0.000153755
1.98251e+07 0.664096 0.607745 0.183927 6.28859e-05
1.67746e+07 0.602902 0.623042 0.120754 7.43219e-05
9.71157e+06 0.313772 0.726559 0.074911 0.000128375
9.71157e+06 0.313772 0.726559 0.074911 0.000128375
1.04753e+07 0.364014 0.510698 0.0404362 0.000119015
1.67746e+07 0.602902 0.623042 0.120754 7.43219e-05
9.71157e+06 0.313772 0.726559 0.074911 0.000128375
9.71157e+06 0.313772 0.726559 0.074911 0.000128375
4.73966e+07 0.902984 0.530154 0.169278 2.6304e-05
9.49651e+06 0.298302 0.64564 0.0404362 0.000131282
1.71692e+07 0.612074 0.580064 0.16119 7.26139e-05
1.15888e+07 0.424934 0.76302 0.0458432 0.00010758
1.67746e+07 0.602902 0.623042 0.120754 7.43219e-05
9.71157e+06 0.313772 0.726559 0.074911 0.000128375
1.62145e+07 0.589212 0.59573 0.0485235 7.68891e-05
9.71157e+06 0.313772 0.726559 0.074911 0.000128375
9.83081e+06 0.322214 0.620962 0.074911 0.000126818
8.19141e+06 0.186411 0.708582 0.0519895 0.000152198
9.71157e+06 0.313772 0.726559 0.074911 0.000128375
1.25026e+07 0.467099 0.618975 0.0519895 9.97171e-05
1.67746e+07 0.602902 0.623042 0.120754 7.43219e-05
1.15888e+07 0.424934 0.76302 0.0458432 0.00010758
7.71344e+06 0.135804 0.866537 0 0.00016163
4.73966e+07 0.902984 0.530154 0.169278 2.6304e-05
9.83081e+06 0.322214 0.620962 0.074911 0.000126818
