2.48176e+07 0 1 0 6.84072e-05
2.52357e+07 0.0168403 0.899382 0 6.72736e-05
2.55454e+07 0.0288157 0.888924 0 6.64582e-05
5.379e+07 0.538891 0.896136 0 3.15616e-05
2.55454e+07 0.0288157 0.888924 0 6.64582e-05
2.48176e+07 0 1 0 6.84072e-05
5.58277e+07 0.555731 0.899382 0.0519318 3.04096e-05
2.48176e+07 0 1 0 6.84072e-05
9.82465e+07 0.75033 0.824189 0.126944 1.728e-05
5.96394e+07 0.584547 0.788306 0.0519318 2.84661e-05
2.48176e+07 0 1 0 6.84072e-05
5.379e+07 0.538891 0.896136 0 3.15616e-05
5.58277e+07 0.555731 0.899382 0.0519318 3.04096e-05
2.55454e+07 0.0288157 0.888924 0 6.64582e-05
2.55454e+07 0.0288157 0.888924 0 6.64582e-05
5.379e+07 0.538891 0.896136 0 3.15616e-05
5.379e+07 0.538891 0.896136 0 3.15616e-05
2.48176e+07 0 1 0 6.84072e-05
5.379e+07 0.538891 0.896136 0 3.15616e-05
5.379e+07 0.538891 0.896136 0 3.15616e-05
2.48176e+07 0 1 0 6.84072e-05
5.379e+07 0.538891 0.896136 0 3.15616e-05
2.48176e+07 0 1 0 6.84072e-05
9.21061e+07 0.73349 0.820943 0.0750126 1.8432e-05
5.379e+07 0.538891 0.896136 0 3.15616e-05
5.379e+07 0.538891 0.896136 0 3.15616e-05
2.48176e+07 0 1 0 6.84072e-05
5.52637e+07 0.776585 0.720951 0.100618 3.072e-05
2.55454e+07 0.0288157 0.888924 0 6.64582e-05
5.379e+07 0.538891 0.896136 0 3.15616e-05
2.48176e+07 0 1 0 6.84072e-05
2.48176e+07 0 1 0 6.84072e-05
5.379e+07 0.538891 0.896136 0 3.15616e-05
3.30077e+07 0.24967 0.61312 0 5.14334e-05
5.96394e+07 0.584547 0.788306 0.0519318 2.84661e-05
2.48176e+07 0 1 0 6.84072e-05
5.379e+07 0.538891 0.896136 0 3.15616e-05
5.379e+07 0.538891 0.896136 0 3.15616e-05
5.379e+07 0.538891 0.896136 0 3.15616e-05
4.49603e+07 0.759745 0.620333 0 3.776e-05
2.48176e+07 0 1 0 6.84072e-05
2.86638e+07 0.134723 0.855565 0 5.92281e-05
2.48176e+07 0 1 0 6.84072e-05
2.48176e+07 0 1 0 6.84072e-05
5.379e+07 0.538891 0.896136 0 3.15616e-05
5.73197e+07 0.567706 0.78506 0 2.96181e-05
2.55454e+07 0.0288157 0.888924 0 6.64582e-05
4.49603e+07 0.759745 0.620333 0 3.776e-05
5.379e+07 0.538891 0.896136 0 3.15616e-05
4.14478e+07 1 0.615825 0.216202 4.096e-05
3.18065e+07 0.220854 0.724197 0 5.33759e-05
2.48176e+07 0 1 0 6.84072e-05
2.48176e+07 0 1 0 6.84072e-05
5.379e+07 0.538891 0.896136 0 3.15616e-05
2.48176e+07 0 1 0 6.84072e-05
5.52637e+07 0.776585 0.720951 0.100618 3.072e-05
2.48176e+07 0 1 0 6.84072e-05
2.55454e+07 0.0288157 0.888924 0 6.64582e-05
5.379e+07 0.538891 0.896136 0 3.15616e-05
2.48176e+07 0 1 0 6.84072e-05
2.48176e+07 0 1 0 6.84072e-05
2.55454e+07 0.0288157 0.888924 0 6.64582e-05
5.58277e+07 0.555731 0.899382 0.0519318 3.04096e-05
2.52357e+07 0.0168403 0.899382 0 6.72736e-05
2.48176e+07 0 1 0 6.84072e-05
5.379e+07 0.538891 0.896136 0 3.15616e-05
2.55454e+07 0.0288157 0.888924 0 6.64582e-05
5.73197e+07 0.567706 0.78506 0 2.96181e-05
5.58277e+07 0.555731 0.899382 0.0519318 3.04096e-05
5.379e+07 0.538891 0.896136 0 3.15616e-05
2.48176e+07 0 1 0 6.84072e-05
2.48176e+07 0 1 0 6.84072e-05
2.48176e+07 0 1 0 6.84072e-05
3.18065e+07 0.220854 0.724197 0 5.33759e-05
3.18065e+07 0.220854 0.724197 0 5.33759e-05
2.48176e+07 0 1 0 6.84072e-05
5.379e+07 0.538891 0.896136 0 3.15616e-05
5.379e+07 0.538891 0.896136 0 3.15616e-05
5.379e+07 0.538891 0.896136 0 3.15616e-05
2.48176e+07 0 1 0 6.84072e-05
5.379e+07 0.538891 0.896136 0 3.15616e-05
3.18065e+07 0.220854 0.724197 0 5.33759e-05
