2.04841e+07 0.499779 0.705623 0.0632469 5.84904e-05
1.47709e+07 0.305698 0.837991 0.0210823 8.11138e-05
1.23069e+07 0.166607 0.839511 0 9.73537e-05
1.71824e+07 0.403327 0.79906 0 6.97294e-05
1.18203e+07 0.132118 0.921372 0 0.000101361
1.91669e+07 0.46529 0.745321 0.0421646 6.25098e-05
1.47709e+07 0.305698 0.837991 0.0210823 8.11138e-05
1.91669e+07 0.46529 0.745321 0.0421646 6.25098e-05
1.71824e+07 0.403327 0.79906 0 6.97294e-05
1.71824e+07 0.403327 0.79906 0 6.97294e-05
1.6214e+07 0.367661 0.784251 0.0632469 7.38941e-05
2.1998e+07 0.534227 0.752839 0.0317983 5.44649e-05
1.40735e+07 0.271209 0.877688 0 8.51332e-05
1.91669e+07 0.46529 0.745321 0.0421646 6.25098e-05
1.91669e+07 0.46529 0.745321 0.0421646 6.25098e-05
2.66532e+07 0.615513 0.803518 0.10178 4.49522e-05
1.82334e+07 0.437816 0.759363 0.0210823 6.571e-05
4.05694e+07 0.747631 0.763423 0.121047 2.95326e-05
1.71824e+07 0.403327 0.79906 0 6.97294e-05
1.53776e+07 0.333172 0.823948 0.0421646 7.79135e-05
4.05694e+07 0.747631 0.763423 0.121047 2.95326e-05
2.93747e+07 0.651179 0.779794 0.0192666 4.07875e-05
2.44656e+07 0.581024 0.843215 0.0806977 4.89716e-05
1.53776e+07 0.333172 0.823948 0.0421646 7.79135e-05
1.6214e+07 0.367661 0.784251 0.0632469 7.38941e-05
1.40735e+07 0.271209 0.877688 0 8.51332e-05
1.6214e+07 0.367661 0.784251 0.0632469 7.38941e-05
2.31659e+07 0.558067 0.651652 0.103634 5.17192e-05
1.48604e+07 0.309815 0.881198 0.0385331 8.06251e-05
2.04841e+07 0.499779 0.705623 0.0632469 5.84904e-05
1.53776e+07 0.333172 0.823948 0.0421646 7.79135e-05
3.57093e+07 0.713142 0.80312 0.0999643 3.35521e-05
2.04841e+07 0.499779 0.705623 0.0632469 5.84904e-05
1.25503e+07 0.183432 0.620309 0 9.54657e-05
1.40735e+07 0.271209 0.877688 0 8.51332e-05
3.57093e+07 0.713142 0.80312 0.0999643 3.35521e-05
1.82334e+07 0.437816 0.759363 0.0210823 6.571e-05
1.40735e+07 0.271209 0.877688 0 8.51332e-05
1.82334e+07 0.437816 0.759363 0.0210823 6.571e-05
2.9251e+07 0.655696 0.612722 0.0825513 4.096e-05
1.71824e+07 0.403327 0.79906 0 6.97294e-05
1.6214e+07 0.367661 0.784251 0.0632469 7.38941e-05
3.57093e+07 0.713142 0.80312 0.0999643 3.35521e-05
1.47709e+07 0.305698 0.837991 0.0210823 8.11138e-05
1.40735e+07 0.271209 0.877688 0 8.51332e-05
1.53776e+07 0.333172 0.823948 0.0421646 7.79135e-05
2.04841e+07 0.499779 0.705623 0.0632469 5.84904e-05
1.68674e+07 0.392678 0.636065 0 7.10319e-05
1.47709e+07 0.305698 0.837991 0.0210823 8.11138e-05
1.16704e+07 0.121469 0.758378 0 0.000102663
1.16704e+07 0.121469 0.758378 0 0.000102663
4.08915e+07 0.878531 0.717202 0.152845 2.93e-05
1.47709e+07 0.305698 0.837991 0.0210823 8.11138e-05
1.82334e+07 0.437816 0.759363 0.0210823 6.571e-05
2.93747e+07 0.651179 0.779794 0.0192666 4.07875e-05
2.14959e+07 0.523578 0.69135 0.0825513 5.5737e-05
1.42909e+07 0.282341 0.860339 0 8.38377e-05
1.53776e+07 0.333172 0.823948 0.0421646 7.79135e-05
1.82334e+07 0.437816 0.759363 0.0210823 6.571e-05
1.82334e+07 0.437816 0.759363 0.0210823 6.571e-05
1.82334e+07 0.437816 0.759363 0.0210823 6.571e-05
1.53776e+07 0.333172 0.823948 0.0421646 7.79135e-05
1.82334e+07 0.437816 0.759363 0.0210823 6.571e-05
2.29579e+07 0.55355 0.780191 0.0210823 5.21877e-05
1.82334e+07 0.437816 0.759363 0.0210823 6.571e-05
1.47709e+07 0.305698 0.837991 0.0210823 8.11138e-05
1.91669e+07 0.46529 0.745321 0.0421646 6.25098e-05
1.6214e+07 0.367661 0.784251 0.0632469 7.38941e-05
2.1998e+07 0.534227 0.752839 0.0317983 5.44649e-05
1.47709e+07 0.305698 0.837991 0.0210823 8.11138e-05
2.29579e+07 0.55355 0.780191 0.0210823 5.21877e-05
1.91669e+07 0.46529 0.745321 0.0421646 6.25098e-05
3.25858e+07 0.685668 0.740097 0.0403488 3.67681e-05
2.00362e+07 0.48913 0.542629 0.0632469 5.97977e-05
1.21434e+07 0.155958 0.676516 0 9.86643e-05
2.04841e+07 0.499779 0.705623 0.0632469 5.84904e-05
1.23069e+07 0.166607 0.839511 0 9.73537e-05
1.47709e+07 0.305698 0.837991 0.0210823 8.11138e-05
1.40735e+07 0.271209 0.877688 0 8.51332e-05
1.71824e+07 0.403327 0.79906 0 6.97294e-05
1.6214e+07 0.367661 0.784251 0.0632469 7.38941e-05
2.69223e+07 0.62003 0.597913 0.145798 4.45028e-05
