5.13982e+07 0.821492 0.527136 0.113735 2.2872e-05
5.13982e+07 0.953936 0.577049 0.227645 2.2872e-05
2.46808e+07 0.525045 0.634992 0.0482312 4.76313e-05
4.70744e+07 0.783542 0.492 0.037026 2.49728e-05
2.36058e+07 0.50345 0.58198 0 4.98004e-05
4.70744e+07 0.783542 0.492 0.037026 2.49728e-05
3.82676e+07 0.830245 0.416785 0.113735 3.072e-05
4.70744e+07 0.91541 0.546669 0.135554 2.49728e-05
1.64923e+07 0.288845 0.725618 0 7.12805e-05
4.70744e+07 0.775939 0.456481 0.037026 2.49728e-05
5.62909e+07 0.82967 0.601967 0.188566 2.0884e-05
4.70744e+07 0.783542 0.492 0.037026 2.49728e-05
4.70744e+07 0.775939 0.456481 0.037026 2.49728e-05
1.66704e+07 0.296448 0.761137 0 7.05189e-05
5.02562e+07 0.767186 0.566832 0.037026 2.33917e-05
5.62909e+07 0.805137 0.601967 0.113735 2.0884e-05
5.13982e+07 0.821492 0.527136 0.113735 2.2872e-05
5.62909e+07 0.805137 0.601967 0.113735 2.0884e-05
5.13982e+07 0.79172 0.566832 0.111857 2.2872e-05
5.02562e+07 0.767186 0.566832 0.037026 2.33917e-05
5.62909e+07 0.805137 0.601967 0.113735 2.0884e-05
4.70744e+07 0.783542 0.492 0.037026 2.49728e-05
5.13982e+07 0.775364 0.575146 0.0785991 2.2872e-05
1.62951e+07 0.280092 0.835968 0 7.21433e-05
5.62909e+07 0.805137 0.601967 0.113735 2.0884e-05
1.66704e+07 0.296448 0.761137 0 7.05189e-05
5.62909e+07 0.805137 0.601967 0.113735 2.0884e-05
1.79904e+07 0.348326 0.610441 0.0818729 6.53447e-05
2.28592e+07 0.487094 0.656811 0 5.14269e-05
5.62909e+07 0.805137 0.601967 0.113735 2.0884e-05
4.70744e+07 0.907232 0.538354 0.0939811 2.49728e-05
5.02562e+07 0.767186 0.566832 0.037026 2.33917e-05
5.62909e+07 0.805137 0.601967 0.113735 2.0884e-05
2.38399e+07 0.508625 0.49617 0 4.93114e-05
4.70744e+07 0.775939 0.456481 0.037026 2.49728e-05
5.13982e+07 0.775364 0.575146 0.0785991 2.2872e-05
5.13982e+07 0.821492 0.527136 0.113735 2.2872e-05
5.13982e+07 0.79172 0.566832 0.111857 2.2872e-05
5.13982e+07 0.821492 0.527136 0.113735 2.2872e-05
1.67904e+07 0.301623 0.675327 0 7.0015e-05
5.13982e+07 0.79172 0.566832 0.111857 2.2872e-05
5.62909e+07 0.805137 0.601967 0.113735 2.0884e-05
4.70744e+07 0.783542 0.492 0.037026 2.49728e-05
5.62909e+07 0.805137 0.601967 0.113735 2.0884e-05
5.02562e+07 0.767186 0.566832 0.037026 2.33917e-05
5.02562e+07 0.767186 0.566832 0.037026 2.33917e-05
5.62909e+07 0.805137 0.601967 0.113735 2.0884e-05
3.82676e+07 0.788717 0.406191 0.037026 3.072e-05
5.62909e+07 0.805137 0.601967 0.113735 2.0884e-05
1.2099e+07 0.0302837 0.835799 0.0533954 9.71635e-05
2.42427e+07 0.516803 0.504485 0.0415731 4.84922e-05
1.71997e+07 0.318042 0.774642 0.0284775 6.83487e-05
5.13982e+07 0.969716 0.57349 0.245521 2.2872e-05
5.13982e+07 0.821492 0.527136 0.113735 2.2872e-05
4.70744e+07 0.783542 0.492 0.037026 2.49728e-05
1.70033e+07 0.310376 0.671768 0.0533954 6.91382e-05
2.46808e+07 0.525045 0.634992 0.0482312 4.76313e-05
5.02562e+07 0.767186 0.566832 0.037026 2.33917e-05
5.13982e+07 0.821492 0.527136 0.113735 2.2872e-05
4.70744e+07 0.961538 0.498658 0.17069 2.49728e-05
4.70744e+07 0.961538 0.498658 0.17069 2.49728e-05
5.13982e+07 0.775364 0.575146 0.0785991 2.2872e-05
4.844e+07 0.81389 0.491617 0.113735 2.42688e-05
5.13982e+07 0.953936 0.577049 0.227645 2.2872e-05
5.13982e+07 0.821492 0.527136 0.113735 2.2872e-05
5.13982e+07 0.821492 0.527136 0.113735 2.2872e-05
4.70744e+07 0.783542 0.492 0.037026 2.49728e-05
5.62909e+07 0.805137 0.601967 0.113735 2.0884e-05
1.68769e+07 0.305201 0.650786 0 6.96561e-05
5.13982e+07 0.945183 0.57349 0.17069 2.2872e-05
5.13982e+07 0.945183 0.57349 0.17069 2.2872e-05
5.02562e+07 0.767186 0.566832 0.037026 2.33917e-05
5.62909e+07 0.805137 0.601967 0.113735 2.0884e-05
3.82676e+07 0.826668 0.441326 0.113735 3.072e-05
2.58268e+07 0.546576 0.474351 0.0482312 4.55179e-05
5.13982e+07 0.821492 0.527136 0.113735 2.2872e-05
2.55534e+07 0.5414 0.56016 0.0482312 4.60048e-05
5.62909e+07 0.813315 0.610282 0.155308 2.0884e-05
1.6479e+07 0.28827 0.761137 0 7.13381e-05
1.66704e+07 0.296448 0.761137 0 7.05189e-05
5.62909e+07 0.805137 0.601967 0.113735 2.0884e-05
3.82676e+07 0.826668 0.441326 0.113735 3.072e-05
