2.42177e+07 0.546603 0.609665 0.0449552 4.90551e-05
2.42177e+07 0.546603 0.609665 0.0449552 4.90551e-05
2.42177e+07 0.546603 0.609665 0.0449552 4.90551e-05
2.24993e+07 0.511848 0.6301 0 5.28015e-05
2.24993e+07 0.511848 0.6301 0 5.28015e-05
2.24993e+07 0.511848 0.6301 0 5.28015e-05
2.42177e+07 0.546603 0.609665 0.0449552 4.90551e-05
2.24993e+07 0.511848 0.6301 0 5.28015e-05
1.09967e+07 0 1 0 0.000108032
2.24993e+07 0.511848 0.6301 0 5.28015e-05
2.42177e+07 0.546603 0.609665 0.0449552 4.90551e-05
2.24993e+07 0.511848 0.6301 0 5.28015e-05
2.24993e+07 0.511848 0.6301 0 5.28015e-05
1.09967e+07 0 1 0 0.000108032
2.24993e+07 0.511848 0.6301 0 5.28015e-05
4.97211e+07 0.799368 0.58351 0.071111 2.38933e-05
2.42177e+07 0.546603 0.609665 0.0449552 4.90551e-05
4.97211e+07 0.799368 0.58351 0.071111 2.38933e-05
2.24993e+07 0.511848 0.6301 0 5.28015e-05
3.18467e+07 0.655608 0.482646 0.136337 3.73037e-05
4.97211e+07 0.799368 0.58351 0.071111 2.38933e-05
4.65677e+07 0.764613 0.551632 0 2.55112e-05
4.65677e+07 0.764613 0.551632 0 2.55112e-05
1.09967e+07 0 1 0 0.000108032
2.42177e+07 0.546603 0.609665 0.0449552 4.90551e-05
1.1186e+07 0.0173776 0.755443 0 0.000106204
2.51639e+07 0.563981 0.490656 0.107729 4.72105e-05
1.1855e+07 0.0726699 0.824266 0 0.000100211
4.65677e+07 0.764613 0.551632 0 2.55112e-05
2.42177e+07 0.546603 0.609665 0.0449552 4.90551e-05
3.18467e+07 0.655608 0.482646 0.136337 3.73037e-05
4.65677e+07 0.764613 0.551632 0 2.55112e-05
2.42177e+07 0.546603 0.609665 0.0449552 4.90551e-05
2.53516e+07 0.567141 0.498013 0.0889298 4.6861e-05
2.24993e+07 0.511848 0.6301 0 5.28015e-05
4.65677e+07 0.764613 0.551632 0 2.55112e-05
2.42177e+07 0.546603 0.609665 0.0449552 4.90551e-05
2.24993e+07 0.511848 0.6301 0 5.28015e-05
2.42177e+07 0.546603 0.609665 0.0449552 4.90551e-05
1.1429e+07 0.0379147 0.93461 0 0.000103946
2.24993e+07 0.511848 0.6301 0 5.28015e-05
2.42177e+07 0.546603 0.609665 0.0449552 4.90551e-05
4.65677e+07 0.764613 0.551632 0 2.55112e-05
3.54022e+07 0.690363 0.462212 0.181292 3.35572e-05
2.24993e+07 0.511848 0.6301 0 5.28015e-05
2.24993e+07 0.511848 0.6301 0 5.28015e-05
2.42177e+07 0.546603 0.609665 0.0449552 4.90551e-05
3.57749e+07 0.693523 0.469569 0.162493 3.32077e-05
2.42177e+07 0.546603 0.609665 0.0449552 4.90551e-05
1.1429e+07 0.0379147 0.93461 0 0.000103946
2.43833e+07 0.549763 0.56471 0 4.87219e-05
1.54304e+07 0.28752 0.8635 0.0261558 7.69911e-05
2.42177e+07 0.546603 0.609665 0.0449552 4.90551e-05
2.42177e+07 0.546603 0.609665 0.0449552 4.90551e-05
4.17918e+07 0.781991 0.537246 0.115085 2.84266e-05
1.1429e+07 0.0379147 0.93461 0 0.000103946
5.50001e+07 0.962085 0.63484 0.353921 2.16e-05
2.24993e+07 0.511848 0.6301 0 5.28015e-05
2.42177e+07 0.546603 0.609665 0.0449552 4.90551e-05
2.42177e+07 0.546603 0.609665 0.0449552 4.90551e-05
2.42177e+07 0.546603 0.609665 0.0449552 4.90551e-05
2.24993e+07 0.511848 0.6301 0 5.28015e-05
2.42177e+07 0.546603 0.609665 0.0449552 4.90551e-05
4.97211e+07 0.799368 0.58351 0.071111 2.38933e-05
2.42177e+07 0.546603 0.609665 0.0449552 4.90551e-05
2.42177e+07 0.546603 0.609665 0.0449552 4.90551e-05
2.24993e+07 0.511848 0.6301 0 5.28015e-05
2.42177e+07 0.546603 0.609665 0.0449552 4.90551e-05
1.09967e+07 0 1 0 0.000108032
2.42177e+07 0.546603 0.609665 0.0449552 4.90551e-05
4.97211e+07 0.799368 0.58351 0.071111 2.38933e-05
2.24993e+07 0.511848 0.6301 0 5.28015e-05
5.0396e+07 0.816746 0.569124 0.186196 2.35733e-05
2.75545e+07 0.601896 0.477579 0.133885 4.31145e-05
2.75545e+07 0.601896 0.477579 0.133885 4.31145e-05
2.42177e+07 0.546603 0.609665 0.0449552 4.90551e-05
2.42177e+07 0.546603 0.609665 0.0449552 4.90551e-05
2.42177e+07 0.546603 0.609665 0.0449552 4.90551e-05
1.09967e+07 0 1 0 0.000108032
1.1186e+07 0.0173776 0.755443 0 0.000106204
2.42177e+07 0.546603 0.609665 0.0449552 4.90551e-05
2.64144e+07 0.584518 0.544276 0.0449552 4.49754e-05
