2.64845e+07 0.601533 0.70452 0.0668075 4.16496e-05
1.94211e+07 0.456208 0.790262 0.029109 5.67976e-05
1.57343e+07 0.328666 0.776443 0 7.01062e-05
2.64845e+07 0.601533 0.70452 0.0668075 4.16496e-05
1.61218e+07 0.344813 0.783982 0.0376985 6.84209e-05
2.64845e+07 0.601533 0.70452 0.0668075 4.16496e-05
2.00101e+07 0.472355 0.722405 0.029109 5.51256e-05
2.54545e+07 0.585386 0.69698 0.029109 4.3335e-05
1.71971e+07 0.385897 0.769037 0 6.41429e-05
2.54545e+07 0.585386 0.69698 0.029109 4.3335e-05
2.00101e+07 0.472355 0.722405 0.029109 5.51256e-05
2.64845e+07 0.601533 0.70452 0.0668075 4.16496e-05
1.94211e+07 0.456208 0.790262 0.029109 5.67976e-05
1.94924e+07 0.458457 0.667585 0.0678573 5.65896e-05
2.54545e+07 0.585386 0.69698 0.029109 4.3335e-05
3.09432e+07 0.658968 0.733457 0.029109 3.56483e-05
2.64845e+07 0.601533 0.70452 0.0668075 4.16496e-05
4.975e+07 0.788146 0.678045 0.0480442 2.21723e-05
2.64845e+07 0.601533 0.70452 0.0668075 4.16496e-05
2.42034e+07 0.563924 0.689746 0.0823642 4.5575e-05
4.975e+07 0.788146 0.678045 0.0480442 2.21723e-05
5.38426e+07 0.804293 0.685584 0.0857427 2.04869e-05
3.09432e+07 0.658968 0.733457 0.029109 3.56483e-05
1.42138e+07 0.25672 0.862319 0 7.76055e-05
1.94211e+07 0.456208 0.790262 0.029109 5.67976e-05
1.46505e+07 0.279203 0.713987 0 7.52923e-05
1.96428e+07 0.462545 0.709788 0.029109 5.61563e-05
1.48379e+07 0.288299 0.71769 0 7.43412e-05
1.76714e+07 0.402248 0.81292 0 6.24211e-05
2.54545e+07 0.585386 0.69698 0.029109 4.3335e-05
2.42034e+07 0.563924 0.689746 0.0823642 4.5575e-05
4.975e+07 0.788146 0.678045 0.0480442 2.21723e-05
2.54545e+07 0.585386 0.69698 0.029109 4.3335e-05
1.38471e+07 0.237404 0.682492 0.0189352 7.96606e-05
1.94211e+07 0.456208 0.790262 0.029109 5.67976e-05
4.975e+07 0.788146 0.678045 0.0480442 2.21723e-05
2.64845e+07 0.601533 0.70452 0.0668075 4.16496e-05
2.00101e+07 0.472355 0.722405 0.029109 5.51256e-05
2.64845e+07 0.601533 0.70452 0.0668075 4.16496e-05
1.81186e+07 0.417476 0.624408 0 6.08805e-05
3.08278e+07 0.657946 0.595528 0.0969664 3.57817e-05
1.94211e+07 0.456208 0.790262 0.029109 5.67976e-05
5.38426e+07 0.804293 0.685584 0.0857427 2.04869e-05
2.42034e+07 0.563924 0.689746 0.0823642 4.5575e-05
1.94211e+07 0.456208 0.790262 0.029109 5.67976e-05
1.94211e+07 0.456208 0.790262 0.029109 5.67976e-05
2.54545e+07 0.585386 0.69698 0.029109 4.3335e-05
2.60778e+07 0.595503 0.582987 0.101299 4.22992e-05
1.94211e+07 0.456208 0.790262 0.029109 5.67976e-05
1.091e+07 0.0315789 0.855371 0 0.000101107
1.37344e+07 0.231068 0.725096 0 8.03146e-05
2.56646e+07 0.588657 0.750102 0.0189352 4.29802e-05
2.00101e+07 0.472355 0.722405 0.029109 5.51256e-05
2.64845e+07 0.601533 0.70452 0.0668075 4.16496e-05
5.56199e+07 0.810629 0.680851 0.123613 1.98323e-05
1.48379e+07 0.288299 0.71769 0 7.43412e-05
2.15512e+07 0.509964 0.788144 0.0911255 5.11838e-05
1.94211e+07 0.456208 0.790262 0.029109 5.67976e-05
2.64845e+07 0.601533 0.70452 0.0668075 4.16496e-05
2.64845e+07 0.601533 0.70452 0.0668075 4.16496e-05
2.64845e+07 0.601533 0.70452 0.0668075 4.16496e-05
1.94211e+07 0.456208 0.790262 0.029109 5.67976e-05
2.54545e+07 0.585386 0.69698 0.029109 4.3335e-05
3.09432e+07 0.658968 0.733457 0.029109 3.56483e-05
2.64845e+07 0.601533 0.70452 0.0668075 4.16496e-05
2.00101e+07 0.472355 0.722405 0.029109 5.51256e-05
2.64845e+07 0.601533 0.70452 0.0668075 4.16496e-05
1.94211e+07 0.456208 0.790262 0.029109 5.67976e-05
1.76611e+07 0.402044 0.776576 0.0376985 6.24575e-05
1.94211e+07 0.456208 0.790262 0.029109 5.67976e-05
3.09432e+07 0.658968 0.733457 0.029109 3.56483e-05
2.54545e+07 0.585386 0.69698 0.029109 4.3335e-05
5.12636e+07 0.794482 0.673311 0.0859145 2.15176e-05
2.08597e+07 0.494124 0.603029 0.0480442 5.28805e-05
1.38471e+07 0.237404 0.682492 0.0189352 7.96606e-05
2.64845e+07 0.601533 0.70452 0.0668075 4.16496e-05
1.61218e+07 0.344813 0.783982 0.0376985 6.84209e-05
1.94211e+07 0.456208 0.790262 0.029109 5.67976e-05
1.53736e+07 0.313133 0.69301 0 7.1751e-05
1.97159e+07 0.464794 0.58711 0.0678573 5.59484e-05
1.94211e+07 0.456208 0.790262 0.029109 5.67976e-05
2.06048e+07 0.487787 0.645633 0.029109 5.35346e-05
