4.54723e+07 0.926914 0.499787 0.177482 3.072e-05
4.54723e+07 0.926914 0.499787 0.177482 3.072e-05
1.83159e+07 0.45624 0.631515 0.0848958 7.62675e-05
4.0049e+07 0.868262 0.428093 0.0380841 3.488e-05
1.65376e+07 0.397588 0.668827 0 8.44687e-05
4.0049e+07 0.868262 0.428093 0.0380841 3.488e-05
4.54723e+07 0.926914 0.499787 0.177482 3.072e-05
4.0049e+07 0.868262 0.428093 0.0380841 3.488e-05
2.14779e+07 0.536452 0.608834 0.0476051 6.50394e-05
4.0049e+07 0.868262 0.428093 0.0380841 3.488e-05
4.54723e+07 0.926914 0.499787 0.177482 3.072e-05
4.0049e+07 0.868262 0.428093 0.0380841 3.488e-05
4.0049e+07 0.868262 0.428093 0.0380841 3.488e-05
1.8818e+07 0.470674 0.683098 0 7.42328e-05
4.0049e+07 0.868262 0.428093 0.0380841 3.488e-05
4.54723e+07 0.926914 0.499787 0.177482 3.072e-05
4.54723e+07 0.926914 0.499787 0.177482 3.072e-05
4.54723e+07 0.926914 0.499787 0.177482 3.072e-05
4.0049e+07 0.868262 0.428093 0.0380841 3.488e-05
4.10895e+07 0.875571 0.421323 0.0922481 3.39968e-05
4.54723e+07 0.926914 0.499787 0.177482 3.072e-05
4.0049e+07 0.868262 0.428093 0.0380841 3.488e-05
4.0049e+07 0.868262 0.428093 0.0380841 3.488e-05
2.14779e+07 0.536452 0.608834 0.0476051 6.50394e-05
4.54723e+07 0.926914 0.499787 0.177482 3.072e-05
1.90744e+07 0.477983 0.568 0 7.32349e-05
4.54723e+07 0.934223 0.493016 0.231646 3.072e-05
2.11548e+07 0.529326 0.585 0.0545025 6.60326e-05
1.65376e+07 0.397588 0.668827 0 8.44687e-05
4.54723e+07 0.926914 0.499787 0.177482 3.072e-05
4.10895e+07 0.875571 0.421323 0.0922481 3.39968e-05
4.0049e+07 0.868262 0.428093 0.0380841 3.488e-05
4.54723e+07 0.926914 0.499787 0.177482 3.072e-05
1.67389e+07 0.404897 0.662057 0.054164 8.34529e-05
4.0049e+07 0.868262 0.428093 0.0380841 3.488e-05
4.0049e+07 0.868262 0.428093 0.0380841 3.488e-05
4.54723e+07 0.926914 0.499787 0.177482 3.072e-05
4.0049e+07 0.868262 0.428093 0.0380841 3.488e-05
4.54723e+07 0.926914 0.499787 0.177482 3.072e-05
1.8818e+07 0.470674 0.683098 0 7.42328e-05
4.0049e+07 0.868262 0.428093 0.0380841 3.488e-05
4.47269e+07 0.992691 0.425523 0.225087 3.1232e-05
4.0049e+07 0.868262 0.428093 0.0380841 3.488e-05
4.54723e+07 0.934223 0.493016 0.231646 3.072e-05
4.0049e+07 0.868262 0.428093 0.0380841 3.488e-05
4.0049e+07 0.868262 0.428093 0.0380841 3.488e-05
4.54723e+07 0.926914 0.499787 0.177482 3.072e-05
4.10895e+07 0.875571 0.421323 0.0922481 3.39968e-05
4.54723e+07 0.926914 0.499787 0.177482 3.072e-05
1.06692e+07 0.0657775 0.830526 0 0.00013093
1.65376e+07 0.397588 0.668827 0 8.44687e-05
2.11548e+07 0.529326 0.585 0.0545025 6.60326e-05
4.54723e+07 0.926914 0.499787 0.177482 3.072e-05
4.54723e+07 0.926914 0.499787 0.177482 3.072e-05
4.10895e+07 0.875571 0.421323 0.0922481 3.39968e-05
1.8818e+07 0.470674 0.683098 0 7.42328e-05
1.85632e+07 0.463548 0.624745 0.13906 7.52517e-05
4.0049e+07 0.868262 0.428093 0.0380841 3.488e-05
4.54723e+07 0.926914 0.499787 0.177482 3.072e-05
4.54723e+07 0.926914 0.499787 0.177482 3.072e-05
4.54723e+07 0.926914 0.499787 0.177482 3.072e-05
4.0049e+07 0.868262 0.428093 0.0380841 3.488e-05
4.54723e+07 0.926914 0.499787 0.177482 3.072e-05
4.54723e+07 0.926914 0.499787 0.177482 3.072e-05
4.54723e+07 0.926914 0.499787 0.177482 3.072e-05
4.54723e+07 0.926914 0.499787 0.177482 3.072e-05
4.0049e+07 0.868262 0.428093 0.0380841 3.488e-05
4.54723e+07 0.926914 0.499787 0.177482 3.072e-05
1.8818e+07 0.470674 0.683098 0 7.42328e-05
4.54723e+07 0.926914 0.499787 0.177482 3.072e-05
4.54723e+07 0.926914 0.499787 0.177482 3.072e-05
4.0049e+07 0.868262 0.428093 0.0380841 3.488e-05
4.54723e+07 0.934223 0.493016 0.231646 3.072e-05
4.54723e+07 0.934223 0.493016 0.231646 3.072e-05
1.85632e+07 0.463548 0.624745 0.13906 7.52517e-05
4.54723e+07 0.926914 0.499787 0.177482 3.072e-05
1.83159e+07 0.45624 0.631515 0.0848958 7.62675e-05
4.54723e+07 0.926914 0.499787 0.177482 3.072e-05
1.8818e+07 0.470674 0.683098 0 7.42328e-05
1.90744e+07 0.477983 0.568 0 7.32349e-05
4.54723e+07 0.926914 0.499787 0.177482 3.072e-05
4.54723e+07 0.926914 0.499787 0.177482 3.072e-05
