3.2564e+07 0.69251 0.647483 0.162462 4.10146e-05
3.20358e+07 0.687543 0.562011 0.137143 4.16909e-05
1.88648e+07 0.468787 0.638687 0.112252 7.07985e-05
4.85821e+07 0.855837 0.58347 0.0807252 2.74916e-05
1.72849e+07 0.420184 0.615725 0.0321425 7.72697e-05
2.72052e+07 0.631943 0.58347 0.0333435 4.90935e-05
5.88427e+07 0.9234 0.650445 0.257225 2.26978e-05
2.6358e+07 0.619979 0.640436 0.0333435 5.06715e-05
1.83913e+07 0.454784 0.865993 0.0947633 7.26215e-05
5.50749e+07 0.863004 0.605372 0.160249 2.42506e-05
3.2564e+07 0.69251 0.647483 0.162462 4.10146e-05
4.85821e+07 0.855837 0.58347 0.0807252 2.74916e-05
5.88427e+07 0.85087 0.643398 0.128107 2.26978e-05
1.42346e+07 0.295847 0.669394 0.0632961 9.38274e-05
2.7222e+07 0.632114 0.60241 0.065486 4.90633e-05
5.88427e+07 0.904439 0.653813 0.184525 2.26978e-05
5.88427e+07 0.916403 0.647483 0.209843 2.26978e-05
3.13466e+07 0.680546 0.653813 0.137143 4.26075e-05
4.85821e+07 0.855837 0.58347 0.0807252 2.74916e-05
5.88427e+07 0.843873 0.640436 0.0807252 2.26978e-05
3.13466e+07 0.680546 0.653813 0.137143 4.26075e-05
4.85821e+07 0.855837 0.58347 0.0807252 2.74916e-05
2.6358e+07 0.619979 0.640436 0.0333435 5.06715e-05
1.81583e+07 0.447787 0.863032 0.0473817 7.3553e-05
5.88427e+07 0.904439 0.653813 0.184525 2.26978e-05
1.85564e+07 0.459751 0.806065 0.0473817 7.1975e-05
3.13466e+07 0.680546 0.653813 0.137143 4.26075e-05
2.1407e+07 0.531961 0.678292 0.162874 6.23907e-05
1.69386e+07 0.408221 0.672692 0.0321425 7.88496e-05
5.88427e+07 0.904439 0.653813 0.184525 2.26978e-05
2.6358e+07 0.619979 0.640436 0.0333435 5.06715e-05
2.6358e+07 0.619979 0.640436 0.0333435 5.06715e-05
5.88427e+07 0.904439 0.653813 0.184525 2.26978e-05
1.7418e+07 0.424831 0.542991 0.0321425 7.66791e-05
5.50749e+07 0.863004 0.605372 0.160249 2.42506e-05
2.6358e+07 0.619979 0.640436 0.0333435 5.06715e-05
5.88427e+07 0.916403 0.647483 0.209843 2.26978e-05
4.85821e+07 0.855837 0.58347 0.0807252 2.74916e-05
5.88427e+07 0.916403 0.647483 0.209843 2.26978e-05
1.87138e+07 0.464397 0.733331 0.0473817 7.13697e-05
3.12462e+07 0.679798 0.485813 0.0649915 4.27443e-05
3.13466e+07 0.680546 0.653813 0.137143 4.26075e-05
2.72052e+07 0.631943 0.58347 0.0333435 4.90935e-05
3.13466e+07 0.680546 0.653813 0.137143 4.26075e-05
5.88427e+07 0.843873 0.640436 0.0807252 2.26978e-05
5.50749e+07 0.856007 0.60241 0.112868 2.42506e-05
3.25761e+07 0.692681 0.615787 0.169286 4.09993e-05
4.08413e+07 0.860483 0.510736 0.0807252 3.27022e-05
5.88427e+07 0.904439 0.653813 0.184525 2.26978e-05
1.35423e+07 0.259635 0.765027 0.0918018 9.8624e-05
1.70604e+07 0.412696 0.581017 0 7.82865e-05
1.40105e+07 0.28446 0.716191 0.0236908 9.53286e-05
3.2564e+07 0.69251 0.647483 0.162462 4.10146e-05
5.88427e+07 0.916403 0.647483 0.209843 2.26978e-05
2.72052e+07 0.631943 0.58347 0.0333435 4.90935e-05
1.89658e+07 0.471394 0.825133 0.139183 7.04216e-05
1.84456e+07 0.456653 0.676713 0.0801091 7.24077e-05
2.7222e+07 0.632114 0.60241 0.065486 4.90633e-05
5.88427e+07 0.916403 0.647483 0.209843 2.26978e-05
3.2564e+07 0.69251 0.647483 0.162462 4.10146e-05
3.2564e+07 0.69251 0.647483 0.162462 4.10146e-05
2.7222e+07 0.632114 0.60241 0.065486 4.90633e-05
5.88427e+07 0.911436 0.656774 0.231907 2.26978e-05
3.20358e+07 0.687543 0.562011 0.137143 4.16909e-05
3.2564e+07 0.69251 0.647483 0.162462 4.10146e-05
5.88427e+07 0.916403 0.647483 0.209843 2.26978e-05
2.81266e+07 0.644078 0.545444 0.065486 4.74854e-05
4.69547e+07 0.916574 0.615787 0.216668 2.84444e-05
1.87998e+07 0.466747 0.809027 0.0947633 7.10435e-05
5.88427e+07 0.904439 0.653813 0.184525 2.26978e-05
3.13466e+07 0.680546 0.653813 0.137143 4.26075e-05
2.6358e+07 0.619979 0.640436 0.0333435 5.06715e-05
3.13466e+07 0.680546 0.653813 0.137143 4.26075e-05
3.30355e+07 0.697156 0.524113 0.137143 4.04293e-05
1.90151e+07 0.473263 0.547012 0.0801091 7.02391e-05
3.2564e+07 0.69251 0.647483 0.162462 4.10146e-05
3.25522e+07 0.69251 0.57562 0.105427 4.10295e-05
5.88427e+07 0.904439 0.653813 0.184525 2.26978e-05
1.98695e+07 0.495642 0.702079 0.0473817 6.72187e-05
1.39948e+07 0.283712 0.708409 0.031648 9.54356e-05
5.88427e+07 0.904439 0.653813 0.184525 2.26978e-05
3.30355e+07 0.697156 0.524113 0.137143 4.04293e-05
