2.71226e+07 0 1 0 4.24e-05
2.75316e+07 0.0150943 0.869662 0 4.17702e-05
2.71226e+07 0 1 0 4.24e-05
5.2439e+07 0.483019 0.865458 0 2.19302e-05
2.71226e+07 0 1 0 4.24e-05
2.71226e+07 0 1 0 4.24e-05
5.40154e+07 0.498113 0.869662 0.0672711 2.12902e-05
2.71226e+07 0 1 0 4.24e-05
5.40154e+07 0.498113 0.869662 0.0672711 2.12902e-05
5.40154e+07 0.498113 0.869662 0.0672711 2.12902e-05
2.71226e+07 0 1 0 4.24e-05
6.38889e+07 0.830189 0.604388 0 1.8e-05
5.40154e+07 0.498113 0.869662 0.0672711 2.12902e-05
2.71226e+07 0 1 0 4.24e-05
2.71226e+07 0 1 0 4.24e-05
5.2439e+07 0.483019 0.865458 0 2.19302e-05
5.2439e+07 0.483019 0.865458 0 2.19302e-05
2.71226e+07 0 1 0 4.24e-05
5.2439e+07 0.483019 0.865458 0 2.19302e-05
5.2439e+07 0.483019 0.865458 0 2.19302e-05
2.71226e+07 0 1 0 4.24e-05
5.2439e+07 0.483019 0.865458 0 2.19302e-05
2.71226e+07 0 1 0 4.24e-05
5.2439e+07 0.483019 0.865458 0 2.19302e-05
5.2439e+07 0.483019 0.865458 0 2.19302e-05
5.2439e+07 0.483019 0.865458 0 2.19302e-05
2.71226e+07 0 1 0 4.24e-05
5.61523e+07 1 0.588096 0.248588 2.048e-05
2.71226e+07 0 1 0 4.24e-05
5.2439e+07 0.483019 0.865458 0 2.19302e-05
2.71226e+07 0 1 0 4.24e-05
2.71226e+07 0 1 0 4.24e-05
5.2439e+07 0.483019 0.865458 0 2.19302e-05
3.20468e+07 0.154717 0.61687 0 3.5885e-05
5.40154e+07 0.498113 0.869662 0.0672711 2.12902e-05
2.71226e+07 0 1 0 4.24e-05
5.2439e+07 0.483019 0.865458 0 2.19302e-05
5.2439e+07 0.483019 0.865458 0 2.19302e-05
5.2439e+07 0.483019 0.865458 0 2.19302e-05
5.61523e+07 0.984906 0.457759 0.11825 2.048e-05
2.71226e+07 0 1 0 4.24e-05
2.71226e+07 0 1 0 4.24e-05
2.71226e+07 0 1 0 4.24e-05
2.71226e+07 0 1 0 4.24e-05
5.2439e+07 0.483019 0.865458 0 2.19302e-05
5.2439e+07 0.483019 0.865458 0 2.19302e-05
2.71226e+07 0 1 0 4.24e-05
5.61523e+07 0.637736 0.482328 0 2.048e-05
5.2439e+07 0.483019 0.865458 0 2.19302e-05
5.61523e+07 0.65283 0.612666 0.130338 2.048e-05
3.20468e+07 0.154717 0.61687 0 3.5885e-05
4.15058e+07 0.34717 0.73893 0 2.7707e-05
2.71226e+07 0 1 0 4.24e-05
5.2439e+07 0.483019 0.865458 0 2.19302e-05
2.71226e+07 0 1 0 4.24e-05
5.61523e+07 1 0.588096 0.248588 2.048e-05
2.71226e+07 0 1 0 4.24e-05
2.71226e+07 0 1 0 4.24e-05
5.2439e+07 0.483019 0.865458 0 2.19302e-05
2.71226e+07 0 1 0 4.24e-05
2.71226e+07 0 1 0 4.24e-05
2.71226e+07 0 1 0 4.24e-05
5.40154e+07 0.498113 0.869662 0.0672711 2.12902e-05
2.75316e+07 0.0150943 0.869662 0 4.17702e-05
2.71226e+07 0 1 0 4.24e-05
5.2439e+07 0.483019 0.865458 0 2.19302e-05
2.71226e+07 0 1 0 4.24e-05
5.2439e+07 0.483019 0.865458 0 2.19302e-05
6.38889e+07 0.845283 0.608593 0.0672711 1.8e-05
5.2439e+07 0.483019 0.865458 0 2.19302e-05
2.71226e+07 0 1 0 4.24e-05
2.71226e+07 0 1 0 4.24e-05
2.71226e+07 0 1 0 4.24e-05
3.20468e+07 0.154717 0.61687 0 3.5885e-05
3.20468e+07 0.154717 0.61687 0 3.5885e-05
2.71226e+07 0 1 0 4.24e-05
5.2439e+07 0.483019 0.865458 0 2.19302e-05
5.2439e+07 0.483019 0.865458 0 2.19302e-05
5.2439e+07 0.483019 0.865458 0 2.19302e-05
2.71226e+07 0 1 0 4.24e-05
5.2439e+07 0.483019 0.865458 0 2.19302e-05
5.43119e+07 0.501887 0.592301 0.11825 2.1174e-05
