5.66406e+07 0.842001 0.528523 0.239513 2.048e-05
5.49242e+07 0.816327 0.553691 0.214765 2.112e-05
2.41056e+07 0.505596 0.550755 0.0755034 4.81216e-05
5.66406e+07 0.794602 0.560403 0.16401 2.048e-05
2.28624e+07 0.478604 0.595638 0.0650168 5.07384e-05
5.66406e+07 0.794602 0.560403 0.16401 2.048e-05
3.70594e+07 0.678736 0.47693 0.134228 3.13011e-05
5.49242e+07 0.932192 0.507131 0.17953 2.112e-05
2.28967e+07 0.479263 0.688339 0.0402685 5.06624e-05
5.27135e+07 0.774194 0.547399 0.0989933 2.20058e-05
3.70594e+07 0.678736 0.47693 0.134228 3.13011e-05
5.66406e+07 0.794602 0.560403 0.16401 2.048e-05
3.0631e+07 0.610928 0.625839 0.0587248 3.78701e-05
2.38299e+07 0.499671 0.701342 0.105285 4.86784e-05
5.27135e+07 0.774194 0.547399 0.0989933 2.20058e-05
3.48665e+07 0.658328 0.59396 0.134228 3.32698e-05
5.66406e+07 0.842001 0.528523 0.239513 2.048e-05
5.66406e+07 0.821593 0.51552 0.174497 2.048e-05
5.66406e+07 0.794602 0.560403 0.16401 2.048e-05
3.0631e+07 0.610928 0.625839 0.0587248 3.78701e-05
5.66406e+07 0.821593 0.51552 0.174497 2.048e-05
5.66406e+07 0.794602 0.560403 0.16401 2.048e-05
3.0631e+07 0.610928 0.625839 0.0587248 3.78701e-05
1.74366e+07 0.315997 0.766779 0 6.65267e-05
3.48665e+07 0.658328 0.59396 0.134228 3.32698e-05
1.79683e+07 0.336406 0.649748 0 6.45581e-05
3.48665e+07 0.658328 0.59396 0.134228 3.32698e-05
1.87273e+07 0.363397 0.583893 0 6.19418e-05
1.69163e+07 0.294931 0.741611 0 6.85728e-05
5.66406e+07 0.821593 0.51552 0.174497 2.048e-05
5.15149e+07 0.768927 0.58557 0.139262 2.25178e-05
5.27135e+07 0.774194 0.547399 0.0989933 2.20058e-05
5.66406e+07 0.821593 0.51552 0.174497 2.048e-05
1.69163e+07 0.294931 0.741611 0 6.85728e-05
3.0631e+07 0.610928 0.625839 0.0587248 3.78701e-05
5.27135e+07 0.774194 0.547399 0.0989933 2.20058e-05
5.66406e+07 0.842001 0.528523 0.239513 2.048e-05
3.23107e+07 0.631336 0.508809 0.0587248 3.59014e-05
5.66406e+07 0.842001 0.528523 0.239513 2.048e-05
2.28967e+07 0.479263 0.688339 0.0402685 5.06624e-05
5.66406e+07 0.794602 0.560403 0.16401 2.048e-05
3.48665e+07 0.658328 0.59396 0.134228 3.32698e-05
5.66406e+07 0.794602 0.560403 0.16401 2.048e-05
3.48665e+07 0.658328 0.59396 0.134228 3.32698e-05
3.0631e+07 0.610928 0.625839 0.0587248 3.78701e-05
3.0631e+07 0.610928 0.625839 0.0587248 3.78701e-05
5.66406e+07 0.821593 0.51552 0.174497 2.048e-05
3.0631e+07 0.610928 0.625839 0.0587248 3.78701e-05
3.48665e+07 0.658328 0.59396 0.134228 3.32698e-05
1.19322e+07 0 1 0 9.7216e-05
1.69163e+07 0.294931 0.741611 0 6.85728e-05
2.5175e+07 0.526662 0.505453 0.0402685 4.60774e-05
4.96575e+07 0.836735 0.436661 0.214765 2.336e-05
5.66406e+07 0.842001 0.528523 0.239513 2.048e-05
5.66406e+07 0.794602 0.560403 0.16401 2.048e-05
1.74366e+07 0.315997 0.766779 0 6.65267e-05
1.81329e+07 0.34233 0.709732 0.0755034 6.3972e-05
3.0631e+07 0.610928 0.625839 0.0587248 3.78701e-05
5.66406e+07 0.842001 0.528523 0.239513 2.048e-05
5.49242e+07 1 0.488255 0.32005 2.112e-05
5.49242e+07 1 0.488255 0.32005 2.112e-05
3.0631e+07 0.610928 0.625839 0.0587248 3.78701e-05
5.66406e+07 0.821593 0.51552 0.174497 2.048e-05
5.49242e+07 0.816327 0.553691 0.214765 2.112e-05
5.66406e+07 0.842001 0.528523 0.239513 2.048e-05
3.70594e+07 0.678736 0.47693 0.134228 3.13011e-05
5.66406e+07 0.794602 0.560403 0.16401 2.048e-05
3.48665e+07 0.658328 0.59396 0.134228 3.32698e-05
2.38299e+07 0.499671 0.701342 0.105285 4.86784e-05
5.49242e+07 0.816327 0.553691 0.214765 2.112e-05
5.49242e+07 0.816327 0.553691 0.214765 2.112e-05
5.27135e+07 0.774194 0.547399 0.0989933 2.20058e-05
5.66406e+07 0.821593 0.51552 0.174497 2.048e-05
3.48665e+07 0.658328 0.59396 0.134228 3.32698e-05
1.81329e+07 0.34233 0.709732 0.0755034 6.3972e-05
5.66406e+07 0.842001 0.528523 0.239513 2.048e-05
2.51422e+07 0.526004 0.563758 0.14052 4.61376e-05
3.48665e+07 0.658328 0.59396 0.134228 3.32698e-05
1.74366e+07 0.315997 0.766779 0 6.65267e-05
2.38299e+07 0.499671 0.701342 0.105285 4.86784e-05
3.48665e+07 0.658328 0.59396 0.134228 3.32698e-05
3.48665e+07 0.658328 0.59396 0.134228 3.32698e-05
