4.12942e+07 0.772358 0.584364 0.11428 3.73748e-05
2.2699e+07 0.585366 0.588186 0.0727617 6.79924e-05
1.61212e+07 0.415885 0.668312 0.105373 9.57345e-05
5.02396e+07 0.923077 0.602072 0.113473 3.072e-05
1.50158e+07 0.372733 0.696189 0 0.000102782
3.659e+07 0.742964 0.602072 0.0730773 4.21798e-05
4.01023e+07 0.765478 0.668978 0.153553 3.84856e-05
3.659e+07 0.742964 0.602072 0.0730773 4.21798e-05
3.74215e+07 0.748593 0.680164 0.12231 4.12426e-05
5.02396e+07 0.928705 0.604597 0.153869 3.072e-05
2.24005e+07 0.579737 0.666453 0.0727617 6.88984e-05
5.02396e+07 0.923077 0.602072 0.113473 3.072e-05
3.56511e+07 0.736085 0.686686 0.112351 4.32906e-05
2.15386e+07 0.562852 0.677639 0.041518 7.16554e-05
3.659e+07 0.742964 0.602072 0.0730773 4.21798e-05
3.91644e+07 0.75985 0.666453 0.113158 3.94072e-05
5.02396e+07 0.95247 0.584364 0.154676 3.072e-05
4.12942e+07 0.772358 0.584364 0.11428 3.73748e-05
5.02396e+07 0.923077 0.602072 0.113473 3.072e-05
3.4908e+07 0.730457 0.684162 0.0719552 4.42122e-05
4.12942e+07 0.772358 0.584364 0.11428 3.73748e-05
5.02396e+07 0.923077 0.602072 0.113473 3.072e-05
2.09401e+07 0.550344 0.684162 0.0315593 7.37034e-05
2.09446e+07 0.550344 0.759729 0.0403959 7.36879e-05
3.91644e+07 0.75985 0.666453 0.113158 3.94072e-05
2.09446e+07 0.550344 0.759729 0.0403959 7.36879e-05
2.24005e+07 0.579737 0.666453 0.0727617 6.88984e-05
2.43361e+07 0.613508 0.502941 0.118663 6.34186e-05
1.14939e+07 0.180113 0.861314 0 0.000134276
5.02396e+07 0.95247 0.584364 0.154676 3.072e-05
2.09401e+07 0.550344 0.684162 0.0315593 7.37034e-05
3.659e+07 0.742964 0.602072 0.0730773 4.21798e-05
5.02396e+07 0.95247 0.584364 0.154676 3.072e-05
1.18968e+07 0.208255 0.626373 0 0.000129729
3.56511e+07 0.736085 0.686686 0.112351 4.32906e-05
3.659e+07 0.742964 0.602072 0.0730773 4.21798e-05
5.02396e+07 0.95247 0.584364 0.154676 3.072e-05
3.4908e+07 0.730457 0.684162 0.0719552 4.42122e-05
5.02396e+07 0.95247 0.584364 0.154676 3.072e-05
3.65379e+07 0.771107 0.442698 0.0819139 4.224e-05
3.659e+07 0.742964 0.602072 0.0730773 4.21798e-05
2.24005e+07 0.579737 0.666453 0.0727617 6.88984e-05
3.659e+07 0.742964 0.602072 0.0730773 4.21798e-05
2.24005e+07 0.579737 0.666453 0.0727617 6.88984e-05
3.4908e+07 0.730457 0.684162 0.0719552 4.42122e-05
3.4908e+07 0.730457 0.684162 0.0719552 4.42122e-05
4.12942e+07 0.772358 0.584364 0.11428 3.73748e-05
3.89042e+07 0.758599 0.44922 0.0719552 3.96708e-05
3.91644e+07 0.75985 0.666453 0.113158 3.94072e-05
1.19853e+07 0.213884 0.762534 0.078267 0.000128771
1.21054e+07 0.222014 0.580437 0.046287 0.000127494
2.30814e+07 0.592245 0.577526 0.041518 6.6866e-05
2.24005e+07 0.579737 0.666453 0.0727617 6.88984e-05
5.02396e+07 0.95247 0.584364 0.154676 3.072e-05
3.659e+07 0.742964 0.602072 0.0730773 4.21798e-05
2.26285e+07 0.584115 0.603054 0.118663 6.82043e-05
1.19205e+07 0.209506 0.843606 0.0412024 0.000129471
2.09401e+07 0.550344 0.684162 0.0315593 7.37034e-05
5.02396e+07 0.95247 0.584364 0.154676 3.072e-05
4.12942e+07 0.772358 0.584364 0.11428 3.73748e-05
4.12942e+07 0.772358 0.584364 0.11428 3.73748e-05
2.09401e+07 0.550344 0.684162 0.0315593 7.37034e-05
5.02396e+07 0.958099 0.586889 0.195071 3.072e-05
2.2699e+07 0.585366 0.588186 0.0727617 6.79924e-05
4.12942e+07 0.772358 0.584364 0.11428 3.73748e-05
3.91644e+07 0.75985 0.666453 0.113158 3.94072e-05
3.659e+07 0.742964 0.602072 0.0730773 4.21798e-05
3.91644e+07 0.75985 0.666453 0.113158 3.94072e-05
3.74215e+07 0.748593 0.680164 0.12231 4.12426e-05
3.91644e+07 0.75985 0.666453 0.113158 3.94072e-05
2.24005e+07 0.579737 0.666453 0.0727617 6.88984e-05
3.659e+07 0.742964 0.602072 0.0730773 4.21798e-05
4.12942e+07 0.772358 0.584364 0.11428 3.73748e-05
2.39808e+07 0.60788 0.431512 0.0727617 6.43582e-05
1.23543e+07 0.237649 0.608665 0.0412024 0.000124925
4.12942e+07 0.772358 0.584364 0.11428 3.73748e-05
2.25305e+07 0.582239 0.597689 0.0412024 6.8501e-05
3.91644e+07 0.75985 0.666453 0.113158 3.94072e-05
2.15933e+07 0.564103 0.621218 0.0403959 7.14742e-05
2.15386e+07 0.562852 0.677639 0.041518 7.16554e-05
3.91644e+07 0.75985 0.666453 0.113158 3.94072e-05
2.39808e+07 0.60788 0.431512 0.0727617 6.43582e-05
