3.88086e+07 1 0.498316 0.333374 3.072e-05
3.88086e+07 0.822159 0.419262 0.119261 3.072e-05
1.75118e+07 0.527654 0.48253 0.0480143 6.808e-05
3.18225e+07 0.922639 0.246101 0.0415091 3.7464e-05
1.6549e+07 0.500089 0.503904 0 7.20408e-05
3.88086e+07 0.972435 0.460214 0.255622 3.072e-05
3.88086e+07 0.822159 0.419262 0.119261 3.072e-05
3.88086e+07 0.972435 0.460214 0.255622 3.072e-05
1.84051e+07 0.550596 0.524119 0 6.47757e-05
3.18225e+07 0.922639 0.246101 0.0415091 3.7464e-05
4.74904e+07 0.871954 0.521858 0.277616 2.5104e-05
3.18225e+07 0.922639 0.246101 0.0415091 3.7464e-05
3.76326e+07 0.794594 0.381161 0.0415091 3.168e-05
2.07007e+07 0.600391 0.627211 0.158602 5.75923e-05
3.88086e+07 0.972435 0.460214 0.255622 3.072e-05
4.74904e+07 0.871954 0.521858 0.277616 2.5104e-05
3.37695e+07 0.950205 0.284203 0.119261 3.5304e-05
3.88086e+07 1 0.498316 0.333374 3.072e-05
3.18225e+07 0.922639 0.246101 0.0415091 3.7464e-05
4.74904e+07 0.844389 0.483756 0.199863 2.5104e-05
3.88086e+07 1 0.498316 0.333374 3.072e-05
3.18225e+07 0.922639 0.246101 0.0415091 3.7464e-05
4.74904e+07 0.844389 0.483756 0.199863 2.5104e-05
1.56834e+07 0.472346 0.650753 0.102844 7.60166e-05
4.74904e+07 0.871954 0.521858 0.277616 2.5104e-05
1.4332e+07 0.42255 0.659179 0 8.31846e-05
4.74904e+07 0.871954 0.521858 0.277616 2.5104e-05
1.50484e+07 0.450116 0.601252 0.0297379 7.92243e-05
1.43117e+07 0.421839 0.535872 0.0555107 8.33024e-05
3.88086e+07 1 0.498316 0.333374 3.072e-05
4.74904e+07 0.844389 0.483756 0.199863 2.5104e-05
3.88086e+07 0.972435 0.460214 0.255622 3.072e-05
3.88086e+07 1 0.498316 0.333374 3.072e-05
1.43117e+07 0.421839 0.535872 0.0555107 8.33024e-05
3.76326e+07 0.794594 0.381161 0.0415091 3.168e-05
3.88086e+07 0.972435 0.460214 0.255622 3.072e-05
3.37695e+07 0.950205 0.284203 0.119261 3.5304e-05
3.76326e+07 0.794594 0.381161 0.0415091 3.168e-05
3.37695e+07 0.950205 0.284203 0.119261 3.5304e-05
1.84051e+07 0.550596 0.524119 0 6.47757e-05
3.18225e+07 0.922639 0.246101 0.0415091 3.7464e-05
4.74904e+07 0.871954 0.521858 0.277616 2.5104e-05
3.88086e+07 0.972435 0.460214 0.255622 3.072e-05
3.88086e+07 0.822159 0.419262 0.119261 3.072e-05
3.76326e+07 0.794594 0.381161 0.0415091 3.168e-05
4.74904e+07 0.844389 0.483756 0.199863 2.5104e-05
3.88086e+07 1 0.498316 0.333374 3.072e-05
3.76326e+07 0.794594 0.381161 0.0415091 3.168e-05
3.88086e+07 0.822159 0.419262 0.119261 3.072e-05
8.28211e+06 0 1 0 0.000143949
1.31806e+07 0.372043 0.638963 0 9.04509e-05
2.22293e+07 0.627957 0.569284 0.18834 5.3632e-05
3.88086e+07 0.822159 0.419262 0.119261 3.072e-05
3.37695e+07 0.950205 0.284203 0.119261 3.5304e-05
3.18225e+07 0.922639 0.246101 0.0415091 3.7464e-05
1.4332e+07 0.42255 0.659179 0 8.31846e-05
1.37842e+07 0.399609 0.617589 0.0480143 8.64901e-05
4.74904e+07 0.844389 0.483756 0.199863 2.5104e-05
3.37695e+07 0.950205 0.284203 0.119261 3.5304e-05
3.37695e+07 0.950205 0.284203 0.119261 3.5304e-05
3.37695e+07 0.950205 0.284203 0.119261 3.5304e-05
4.74904e+07 0.844389 0.483756 0.199863 2.5104e-05
3.37695e+07 0.950205 0.284203 0.119261 3.5304e-05
3.88086e+07 0.822159 0.419262 0.119261 3.072e-05
3.37695e+07 0.950205 0.284203 0.119261 3.5304e-05
3.88086e+07 0.822159 0.419262 0.119261 3.072e-05
3.88086e+07 0.972435 0.460214 0.255622 3.072e-05
4.74904e+07 0.871954 0.521858 0.277616 2.5104e-05
1.84051e+07 0.550596 0.524119 0 6.47757e-05
3.88086e+07 0.822159 0.419262 0.119261 3.072e-05
3.88086e+07 0.822159 0.419262 0.119261 3.072e-05
3.88086e+07 0.972435 0.460214 0.255622 3.072e-05
3.37695e+07 0.950205 0.284203 0.119261 3.5304e-05
4.74904e+07 0.871954 0.521858 0.277616 2.5104e-05
1.37842e+07 0.399609 0.617589 0.0480143 8.64901e-05
3.88086e+07 1 0.498316 0.333374 3.072e-05
1.75118e+07 0.527654 0.48253 0.0480143 6.808e-05
3.88086e+07 0.822159 0.419262 0.119261 3.072e-05
1.4332e+07 0.42255 0.659179 0 8.31846e-05
1.84051e+07 0.550596 0.524119 0 6.47757e-05
4.74904e+07 0.871954 0.521858 0.277616 2.5104e-05
4.74904e+07 0.871954 0.521858 0.277616 2.5104e-05
