6.18652e+07 0.849057 0.516996 0.257134 2.048e-05
4.58394e+07 0.824528 0.44744 0.189428 2.764e-05
2.63173e+07 0.527673 0.44485 0.0665958 4.81432e-05
5.15759e+07 0.759119 0.612265 0.144661 2.45658e-05
2.29187e+07 0.457233 0.643343 0.0573463 5.52824e-05
5.15759e+07 0.759119 0.612265 0.144661 2.45658e-05
4.04679e+07 0.693082 0.471489 0.16427 3.13088e-05
5.99905e+07 0.890566 0.565278 0.15835 2.112e-05
2.29502e+07 0.457862 0.725108 0.0355177 5.52064e-05
4.77217e+07 0.739623 0.600795 0.0873144 2.65498e-05
4.04679e+07 0.693082 0.471489 0.16427 3.13088e-05
5.15759e+07 0.759119 0.612265 0.144661 2.45658e-05
2.98722e+07 0.583648 0.669981 0.0517967 4.24141e-05
2.38058e+07 0.477358 0.736577 0.0928641 5.32224e-05
4.77217e+07 0.739623 0.600795 0.0873144 2.65498e-05
3.80563e+07 0.673585 0.482958 0.118392 3.32928e-05
6.18652e+07 0.849057 0.516996 0.257134 2.048e-05
4.16776e+07 0.82956 0.413772 0.15391 3.04e-05
5.15759e+07 0.759119 0.612265 0.144661 2.45658e-05
2.98722e+07 0.583648 0.669981 0.0517967 4.24141e-05
4.16776e+07 0.82956 0.413772 0.15391 3.04e-05
5.15759e+07 0.759119 0.612265 0.144661 2.45658e-05
2.98722e+07 0.583648 0.669981 0.0517967 4.24141e-05
1.78273e+07 0.301887 0.794293 0 7.10707e-05
3.80563e+07 0.673585 0.482958 0.118392 3.32928e-05
1.83352e+07 0.321384 0.69107 0 6.91021e-05
3.80563e+07 0.673585 0.482958 0.118392 3.32928e-05
2.04471e+07 0.391824 0.474079 0 6.19648e-05
1.73284e+07 0.281761 0.772095 0 7.31168e-05
4.16776e+07 0.82956 0.413772 0.15391 3.04e-05
4.68188e+07 0.734591 0.634463 0.122832 2.70618e-05
4.77217e+07 0.739623 0.600795 0.0873144 2.65498e-05
4.16776e+07 0.82956 0.413772 0.15391 3.04e-05
1.73284e+07 0.281761 0.772095 0 7.31168e-05
2.98722e+07 0.583648 0.669981 0.0517967 4.24141e-05
4.77217e+07 0.739623 0.600795 0.0873144 2.65498e-05
6.18652e+07 0.849057 0.516996 0.257134 2.048e-05
3.13262e+07 0.603145 0.566758 0.0517967 4.04454e-05
6.18652e+07 0.849057 0.516996 0.257134 2.048e-05
2.29502e+07 0.457862 0.725108 0.0355177 5.52064e-05
5.15759e+07 0.759119 0.612265 0.144661 2.45658e-05
3.80563e+07 0.673585 0.482958 0.118392 3.32928e-05
5.15759e+07 0.759119 0.612265 0.144661 2.45658e-05
3.80563e+07 0.673585 0.482958 0.118392 3.32928e-05
2.98722e+07 0.583648 0.669981 0.0517967 4.24141e-05
2.98722e+07 0.583648 0.669981 0.0517967 4.24141e-05
4.16776e+07 0.82956 0.413772 0.15391 3.04e-05
2.98722e+07 0.583648 0.669981 0.0517967 4.24141e-05
3.80563e+07 0.673585 0.482958 0.118392 3.32928e-05
1.24509e+07 0 1 0 0.00010176
1.73284e+07 0.281761 0.772095 0 7.31168e-05
2.74834e+07 0.547799 0.404893 0.0355177 4.61005e-05
4.58394e+07 0.844025 0.435971 0.235305 2.764e-05
6.18652e+07 0.849057 0.516996 0.257134 2.048e-05
5.15759e+07 0.759119 0.612265 0.144661 2.45658e-05
1.78273e+07 0.301887 0.794293 0 7.10707e-05
1.97989e+07 0.371698 0.585071 0.0665958 6.39936e-05
2.98722e+07 0.583648 0.669981 0.0517967 4.24141e-05
6.18652e+07 0.849057 0.516996 0.257134 2.048e-05
5.99905e+07 1 0.481478 0.328169 2.112e-05
5.99905e+07 1 0.481478 0.328169 2.112e-05
2.98722e+07 0.583648 0.669981 0.0517967 4.24141e-05
4.16776e+07 0.82956 0.413772 0.15391 3.04e-05
4.58394e+07 0.824528 0.44744 0.189428 2.764e-05
6.18652e+07 0.849057 0.516996 0.257134 2.048e-05
4.04679e+07 0.693082 0.471489 0.16427 3.13088e-05
5.15759e+07 0.759119 0.612265 0.144661 2.45658e-05
3.80563e+07 0.673585 0.482958 0.118392 3.32928e-05
2.38058e+07 0.477358 0.736577 0.0928641 5.32224e-05
4.58394e+07 0.824528 0.44744 0.189428 2.764e-05
4.58394e+07 0.824528 0.44744 0.189428 2.764e-05
4.77217e+07 0.739623 0.600795 0.0873144 2.65498e-05
4.16776e+07 0.82956 0.413772 0.15391 3.04e-05
3.80563e+07 0.673585 0.482958 0.118392 3.32928e-05
1.97989e+07 0.371698 0.585071 0.0665958 6.39936e-05
6.18652e+07 0.849057 0.516996 0.257134 2.048e-05
2.7457e+07 0.54717 0.548074 0.169819 4.61448e-05
3.80563e+07 0.673585 0.482958 0.118392 3.32928e-05
1.78273e+07 0.301887 0.794293 0 7.10707e-05
2.38058e+07 0.477358 0.736577 0.0928641 5.32224e-05
3.80563e+07 0.673585 0.482958 0.118392 3.32928e-05
3.80563e+07 0.673585 0.482958 0.118392 3.32928e-05
