3.26304e+07 0.777485 0.572172 0.17316 3.58807e-05
2.45296e+07 0.703685 0.599718 0.10336 4.77301e-05
1.11474e+07 0.347115 0.669321 0.0319351 0.000105029
4.43498e+07 0.853156 0.649936 0.0905373 2.63992e-05
1.07542e+07 0.323188 0.683704 0 0.000108869
2.94657e+07 0.753558 0.54833 0.122113 3.97344e-05
4.6638e+07 0.882676 0.676167 0.179809 2.5104e-05
2.94657e+07 0.753558 0.54833 0.122113 3.97344e-05
1.60007e+07 0.545196 0.780149 0.0764487 7.3172e-05
3.64127e+07 0.868384 0.56848 0.128762 3.21536e-05
3.26304e+07 0.777485 0.572172 0.17316 3.58807e-05
4.43498e+07 0.853156 0.649936 0.0905373 2.63992e-05
4.48431e+07 0.85875 0.652325 0.128762 2.61088e-05
1.32189e+07 0.449639 0.636247 0.0917693 8.85701e-05
3.06666e+07 0.763192 0.570452 0.175097 3.81783e-05
3.8112e+07 0.956476 0.572172 0.211385 3.072e-05
4.50252e+07 0.877083 0.673777 0.141585 2.60032e-05
3.26304e+07 0.777485 0.572172 0.17316 3.58807e-05
4.43498e+07 0.853156 0.649936 0.0905373 2.63992e-05
3.51566e+07 0.93255 0.54833 0.160338 3.33024e-05
3.26304e+07 0.777485 0.572172 0.17316 3.58807e-05
4.43498e+07 0.853156 0.649936 0.0905373 2.63992e-05
2.94657e+07 0.753558 0.54833 0.122113 3.97344e-05
1.90834e+07 0.618996 0.614125 0.0770098 6.13518e-05
3.8112e+07 0.956476 0.572172 0.211385 3.072e-05
1.58064e+07 0.539602 0.77776 0.0382243 7.40712e-05
3.26304e+07 0.777485 0.572172 0.17316 3.58807e-05
1.80634e+07 0.597418 0.674327 0.131396 6.48161e-05
1.21787e+07 0.402582 0.610495 0.0839986 9.61349e-05
3.8112e+07 0.956476 0.572172 0.211385 3.072e-05
2.94657e+07 0.753558 0.54833 0.122113 3.97344e-05
2.94657e+07 0.753558 0.54833 0.122113 3.97344e-05
3.8112e+07 0.956476 0.572172 0.211385 3.072e-05
1.27758e+07 0.430878 0.473031 0.0839986 9.16423e-05
3.64127e+07 0.868384 0.56848 0.128762 3.21536e-05
2.94657e+07 0.753558 0.54833 0.122113 3.97344e-05
4.50252e+07 0.877083 0.673777 0.141585 2.60032e-05
4.43498e+07 0.853156 0.649936 0.0905373 2.63992e-05
4.50252e+07 0.877083 0.673777 0.141585 2.60032e-05
1.68289e+07 0.567898 0.640296 0.0382243 6.95706e-05
2.23144e+07 0.674164 0.649936 0.052313 5.24684e-05
3.26304e+07 0.777485 0.572172 0.17316 3.58807e-05
2.94657e+07 0.753558 0.54833 0.122113 3.97344e-05
2.40833e+07 0.698091 0.673777 0.10336 4.86147e-05
4.43498e+07 0.853156 0.649936 0.0905373 2.63992e-05
3.8112e+07 0.942184 0.570452 0.213321 3.072e-05
3.41097e+07 0.787119 0.594294 0.226144 3.43246e-05
3.44677e+07 0.881452 0.512472 0.0905373 3.3968e-05
4.50252e+07 0.877083 0.673777 0.141585 2.60032e-05
9.3627e+06 0.222515 0.776301 0.0740596 0.000125049
1.10547e+07 0.34185 0.630085 0 0.00010591
1.35687e+07 0.463931 0.574096 0.0578976 8.62871e-05
2.40833e+07 0.698091 0.673777 0.10336 4.86147e-05
4.50252e+07 0.877083 0.673777 0.141585 2.60032e-05
2.23144e+07 0.674164 0.649936 0.052313 5.24684e-05
1.70537e+07 0.573492 0.714356 0.112284 6.86537e-05
1.09873e+07 0.33748 0.753167 0.0319351 0.00010656
3.06666e+07 0.763192 0.570452 0.175097 3.81783e-05
4.50252e+07 0.877083 0.673777 0.141585 2.60032e-05
2.40833e+07 0.698091 0.673777 0.10336 4.86147e-05
2.40833e+07 0.698091 0.673777 0.10336 4.86147e-05
3.06666e+07 0.763192 0.570452 0.175097 3.81783e-05
4.6638e+07 0.882676 0.676167 0.179809 2.5104e-05
2.45296e+07 0.703685 0.599718 0.10336 4.77301e-05
2.40833e+07 0.698091 0.673777 0.10336 4.86147e-05
4.50252e+07 0.877083 0.673777 0.141585 2.60032e-05
3.06666e+07 0.763192 0.570452 0.175097 3.81783e-05
3.8112e+07 0.966111 0.594294 0.264369 3.072e-05
1.60007e+07 0.545196 0.780149 0.0764487 7.3172e-05
4.50252e+07 0.877083 0.673777 0.141585 2.60032e-05
2.40833e+07 0.698091 0.673777 0.10336 4.86147e-05
2.94657e+07 0.753558 0.54833 0.122113 3.97344e-05
2.40833e+07 0.698091 0.673777 0.10336 4.86147e-05
2.8584e+07 0.805781 0.434707 0.17316 4.096e-05
1.14703e+07 0.365776 0.615702 0.0319351 0.000102072
3.26304e+07 0.777485 0.572172 0.17316 3.58807e-05
1.50468e+07 0.516472 0.676718 0.0319351 7.78103e-05
4.50252e+07 0.877083 0.673777 0.141585 2.60032e-05
1.58064e+07 0.539602 0.77776 0.0382243 7.40712e-05
1.13841e+07 0.360611 0.77776 0 0.000102846
3.8112e+07 0.956476 0.572172 0.211385 3.072e-05
2.8584e+07 0.805781 0.434707 0.17316 4.096e-05
