1.50145e+07 0.430443 0.828213 0.0604012 6.57976e-05
1.19141e+07 0.282206 0.774481 0 8.29202e-05
9.94051e+06 0.139368 0.909383 0 9.9383e-05
2.8884e+07 0.704097 0.828213 0.107016 3.42029e-05
1.01458e+07 0.156789 0.916801 0.0370939 9.73716e-05
1.50145e+07 0.430443 0.828213 0.0604012 6.57976e-05
2.00331e+07 0.573281 0.800941 0.0932292 4.93141e-05
1.45691e+07 0.413022 0.820794 0.0233074 6.78089e-05
2.80444e+07 0.695228 0.823707 0.116537 3.52269e-05
2.80444e+07 0.695228 0.823707 0.116537 3.52269e-05
1.2063e+07 0.291075 0.798028 0 8.18962e-05
4.82381e+07 0.835843 0.777233 0.142081 2.048e-05
1.9254e+07 0.55586 0.86771 0.0932292 5.13097e-05
1.6604e+07 0.485206 0.739153 0.0900765 5.94986e-05
1.45691e+07 0.413022 0.820794 0.0233074 6.78089e-05
1.88905e+07 0.547309 0.864797 0.0466146 5.2297e-05
2.8884e+07 0.704097 0.828213 0.107016 3.42029e-05
1.45691e+07 0.413022 0.820794 0.0233074 6.78089e-05
2.8884e+07 0.704097 0.828213 0.107016 3.42029e-05
1.88905e+07 0.547309 0.864797 0.0466146 5.2297e-05
1.45691e+07 0.413022 0.820794 0.0233074 6.78089e-05
2.8884e+07 0.704097 0.828213 0.107016 3.42029e-05
1.17761e+07 0.273654 0.864797 0 8.38917e-05
1.88905e+07 0.547309 0.864797 0.0466146 5.2297e-05
1.88905e+07 0.547309 0.864797 0.0466146 5.2297e-05
1.96399e+07 0.564729 0.798028 0.0466146 5.03015e-05
1.17761e+07 0.273654 0.864797 0 8.38917e-05
3.21588e+07 0.788448 0.76518 0.227825 3.072e-05
8.55674e+06 0 1 0 0.000115455
2.72798e+07 0.686676 0.820794 0.069922 3.62142e-05
1.17761e+07 0.273654 0.864797 0 8.38917e-05
1.45691e+07 0.413022 0.820794 0.0233074 6.78089e-05
2.72798e+07 0.686676 0.820794 0.069922 3.62142e-05
9.51033e+06 0.100842 0.749389 0 0.000103878
1.9254e+07 0.55586 0.86771 0.0932292 5.13097e-05
1.45691e+07 0.413022 0.820794 0.0233074 6.78089e-05
2.8884e+07 0.704097 0.828213 0.107016 3.42029e-05
1.96399e+07 0.564729 0.798028 0.0466146 5.03015e-05
2.8884e+07 0.704097 0.828213 0.107016 3.42029e-05
2.79942e+07 0.919264 0.630861 0.160816 3.529e-05
1.6604e+07 0.485206 0.739153 0.0900765 5.94986e-05
1.17761e+07 0.273654 0.864797 0 8.38917e-05
1.50145e+07 0.430443 0.828213 0.0604012 6.57976e-05
1.17761e+07 0.273654 0.864797 0 8.38917e-05
1.88905e+07 0.547309 0.864797 0.0466146 5.2297e-05
1.88905e+07 0.547309 0.864797 0.0466146 5.2297e-05
1.45691e+07 0.413022 0.820794 0.0233074 6.78089e-05
2.42572e+07 0.64815 0.614186 0.0466146 4.07268e-05
1.88905e+07 0.547309 0.864797 0.0466146 5.2297e-05
1.38565e+07 0.383048 0.746476 0.0903159 7.12963e-05
9.51033e+06 0.100842 0.749389 0 0.000103878
1.87762e+07 0.544768 0.769814 0.0583726 5.26155e-05
1.2063e+07 0.291075 0.798028 0 8.18962e-05
2.8884e+07 0.704097 0.828213 0.107016 3.42029e-05
1.50145e+07 0.430443 0.828213 0.0604012 6.57976e-05
3.21588e+07 0.788448 0.76518 0.227825 3.072e-05
8.55674e+06 0 1 0 0.000115455
1.17761e+07 0.273654 0.864797 0 8.38917e-05
2.8884e+07 0.704097 0.828213 0.107016 3.42029e-05
1.50145e+07 0.430443 0.828213 0.0604012 6.57976e-05
1.50145e+07 0.430443 0.828213 0.0604012 6.57976e-05
1.17761e+07 0.273654 0.864797 0 8.38917e-05
2.80444e+07 0.695228 0.823707 0.116537 3.52269e-05
1.19141e+07 0.282206 0.774481 0 8.29202e-05
1.50145e+07 0.430443 0.828213 0.0604012 6.57976e-05
1.96399e+07 0.564729 0.798028 0.0466146 5.03015e-05
1.50145e+07 0.430443 0.828213 0.0604012 6.57976e-05
1.88905e+07 0.547309 0.864797 0.0466146 5.2297e-05
4.82381e+07 0.844395 0.780146 0.188696 2.048e-05
1.88905e+07 0.547309 0.864797 0.0466146 5.2297e-05
1.17761e+07 0.273654 0.864797 0 8.38917e-05
1.45691e+07 0.413022 0.820794 0.0233074 6.78089e-05
1.45691e+07 0.413022 0.820794 0.0233074 6.78089e-05
1.36601e+07 0.374496 0.614186 0 7.23215e-05
9.51033e+06 0.100842 0.749389 0 0.000103878
1.50145e+07 0.430443 0.828213 0.0604012 6.57976e-05
1.50145e+07 0.430443 0.823572 0.0370939 6.57976e-05
1.88905e+07 0.547309 0.864797 0.0466146 5.2297e-05
2.147e+07 0.602072 0.716386 0.0466146 4.60138e-05
1.6604e+07 0.485206 0.739153 0.0900765 5.94986e-05
1.88905e+07 0.547309 0.864797 0.0466146 5.2297e-05
1.73011e+07 0.506242 0.674864 0.0908943 5.71013e-05
