1.89536e+07 0.655701 0.633133 0.224626 6.77976e-05
1.53212e+07 0.574097 0.527306 0.133484 8.38715e-05
1.02157e+07 0.361023 0.507717 0.0452005 0.000125787
2.86079e+07 0.772138 0.532574 0.168616 4.49179e-05
1.42076e+07 0.540632 0.561922 0.14807 9.04454e-05
1.77835e+07 0.633136 0.532574 0.124066 7.22587e-05
2.3519e+07 0.722648 0.608754 0.253191 5.46371e-05
1.73329e+07 0.623587 0.524922 0.0858067 7.41371e-05
1.34108e+07 0.513202 0.682076 0.111375 9.58188e-05
2.89898e+07 0.775262 0.420919 0.174907 4.43263e-05
1.55134e+07 0.579303 0.60597 0.164091 8.28323e-05
2.86079e+07 0.772138 0.532574 0.168616 4.49179e-05
2.1079e+07 0.690533 0.577061 0.152632 6.09615e-05
1.06622e+07 0.387737 0.580156 0.0605342 0.00012052
1.7719e+07 0.631916 0.418135 0.0858067 7.25215e-05
2.23987e+07 0.708754 0.613622 0.178034 5.73699e-05
3.17626e+07 0.794703 0.633133 0.269176 4.04568e-05
1.84386e+07 0.646152 0.564267 0.155759 6.96911e-05
2.86079e+07 0.772138 0.532574 0.168616 4.49179e-05
2.07877e+07 0.686189 0.574277 0.108082 6.18159e-05
1.84386e+07 0.646152 0.564267 0.155759 6.96911e-05
2.86079e+07 0.772138 0.532574 0.168616 4.49179e-05
1.44129e+07 0.547188 0.574277 0.0635317 8.91567e-05
1.15049e+07 0.43246 0.728646 0.0445501 0.000111693
2.23987e+07 0.708754 0.613622 0.178034 5.73699e-05
1.17e+07 0.44201 0.65978 0.0445501 0.00010983
1.75921e+07 0.629102 0.569927 0.163205 7.30447e-05
1.20763e+07 0.459368 0.680374 0.113852 0.000106408
8.8484e+06 0.262059 0.61178 0 0.000145225
3.03424e+07 0.785153 0.564267 0.200309 4.23503e-05
1.44129e+07 0.547188 0.574277 0.0635317 8.91567e-05
2.68057e+07 0.756861 0.444832 0.0858067 4.79379e-05
3.03424e+07 0.785153 0.564267 0.200309 4.23503e-05
8.8484e+06 0.262059 0.61178 0 0.000145225
2.16529e+07 0.698863 0.470274 0.152632 5.93459e-05
1.73329e+07 0.623587 0.524922 0.0858067 7.41371e-05
3.17626e+07 0.794703 0.633133 0.269176 4.04568e-05
2.14337e+07 0.695739 0.50541 0.108082 5.99527e-05
3.17626e+07 0.794703 0.633133 0.269176 4.04568e-05
1.32923e+07 0.508858 0.679291 0.0668251 9.66732e-05
1.77835e+07 0.633136 0.532574 0.124066 7.22587e-05
1.51694e+07 0.569753 0.613622 0.133484 8.47107e-05
1.77835e+07 0.633136 0.532574 0.124066 7.22587e-05
1.51694e+07 0.569753 0.613622 0.133484 8.47107e-05
4.18298e+07 0.878813 0.530582 0.177848 3.072e-05
2.64763e+07 0.753868 0.423795 0.137803 4.85343e-05
1.88762e+07 0.654481 0.45748 0.155759 6.80755e-05
2.07877e+07 0.686189 0.574277 0.108082 6.18159e-05
2.23987e+07 0.708754 0.613622 0.178034 5.73699e-05
7.69951e+06 0.151675 0.806898 0.0445501 0.000166895
8.75093e+06 0.25373 0.718567 0 0.000146843
1.07457e+07 0.392422 0.628235 0.0470268 0.000119583
1.55134e+07 0.579303 0.60597 0.164091 8.28323e-05
3.17626e+07 0.794703 0.633133 0.269176 4.04568e-05
1.77835e+07 0.633136 0.532574 0.124066 7.22587e-05
1.15935e+07 0.436803 0.731431 0.0891002 0.000110838
9.02324e+06 0.276295 0.708409 0.0452005 0.000142411
2.58837e+07 0.748141 0.503885 0.173343 4.96455e-05
3.17626e+07 0.794703 0.633133 0.269176 4.04568e-05
1.89536e+07 0.655701 0.633133 0.224626 6.77976e-05
1.89536e+07 0.655701 0.633133 0.224626 6.77976e-05
1.69359e+07 0.614867 0.423795 0.0932526 7.58751e-05
3.09671e+07 0.789497 0.567051 0.244859 4.14959e-05
1.53212e+07 0.574097 0.527306 0.133484 8.38715e-05
1.89536e+07 0.655701 0.633133 0.224626 6.77976e-05
4.34125e+07 0.851579 0.52588 0.208641 2.96e-05
1.81902e+07 0.641466 0.425787 0.124066 7.06431e-05
2.30477e+07 0.717084 0.506835 0.178034 5.57543e-05
1.3679e+07 0.522752 0.689727 0.149634 9.39404e-05
2.23987e+07 0.708754 0.613622 0.178034 5.73699e-05
1.51694e+07 0.569753 0.613622 0.133484 8.47107e-05
2.68057e+07 0.756861 0.444832 0.0858067 4.79379e-05
1.84386e+07 0.646152 0.564267 0.155759 6.96911e-05
1.51694e+07 0.569753 0.613622 0.133484 8.47107e-05
9.02324e+06 0.276295 0.708409 0.0452005 0.000142411
1.89536e+07 0.655701 0.633133 0.224626 6.77976e-05
1.30876e+07 0.501245 0.59427 0.114067 9.81856e-05
2.23987e+07 0.708754 0.613622 0.178034 5.73699e-05
1.15049e+07 0.43246 0.728646 0.0445501 0.000111693
1.05212e+07 0.379407 0.686943 0.0605342 0.000122136
4.12249e+07 0.842029 0.533532 0.178034 3.11707e-05
1.51694e+07 0.569753 0.613622 0.133484 8.47107e-05
