3.02108e+07 0.783886 0.485954 0.277549 4.1072e-05
3.70549e+07 0.866043 0.451554 0.134517 3.3486e-05
1.51148e+07 0.567536 0.405481 0.045475 8.20928e-05
3.48251e+07 0.937631 0.431316 0.154348 3.563e-05
1.46591e+07 0.554029 0.432639 0.0400689 8.46448e-05
2.71776e+07 0.759742 0.440988 0.200019 4.5656e-05
1.92516e+07 0.660566 0.425223 0.115691 6.44528e-05
2.60283e+07 0.749105 0.432974 0.15995 4.7672e-05
8.75684e+06 0.252583 0.806168 0.025237 0.000141697
2.25945e+07 0.71088 0.404985 0.0633979 5.49168e-05
2.16896e+07 0.698791 0.453212 0.212243 5.7208e-05
2.34556e+07 0.721517 0.412999 0.103467 5.29008e-05
3.70549e+07 0.841899 0.470698 0.089042 3.3486e-05
9.36805e+06 0.301445 0.750016 0.11578 0.000132452
3.28433e+07 0.965219 0.451292 0.210831 3.778e-05
2.09513e+07 0.688154 0.461226 0.180188 5.9224e-05
2.56809e+07 0.745661 0.457965 0.180997 4.83168e-05
2.87867e+07 0.773249 0.41383 0.205425 4.3104e-05
2.34556e+07 0.721517 0.412999 0.103467 5.29008e-05
1.9451e+07 0.66401 0.48037 0.134713 6.3792e-05
2.87867e+07 0.773249 0.41383 0.205425 4.3104e-05
2.34556e+07 0.721517 0.412999 0.103467 5.29008e-05
1.9451e+07 0.66401 0.48037 0.134713 6.3792e-05
8.23981e+06 0.205714 0.789398 0.0504741 0.000150588
2.09513e+07 0.688154 0.461226 0.180188 5.9224e-05
7.9633e+06 0.178125 0.78144 0 0.000155817
2.09513e+07 0.688154 0.461226 0.180188 5.9224e-05
8.0959e+06 0.191632 0.74347 0 0.000153265
2.27356e+07 0.712636 0.467853 0.0969591 5.4576e-05
2.87867e+07 0.773249 0.41383 0.205425 4.3104e-05
1.9451e+07 0.66401 0.48037 0.134713 6.3792e-05
2.60283e+07 0.749105 0.432974 0.15995 4.7672e-05
2.87867e+07 0.773249 0.41383 0.205425 4.3104e-05
1.2988e+07 0.496522 0.449536 0.0460779 9.5536e-05
3.70549e+07 0.841899 0.470698 0.089042 3.3486e-05
2.60283e+07 0.749105 0.432974 0.15995 4.7672e-05
2.56809e+07 0.745661 0.457965 0.180997 4.83168e-05
1.79733e+07 0.636422 0.380257 0.0381608 6.90368e-05
2.56809e+07 0.745661 0.457965 0.180997 4.83168e-05
8.75684e+06 0.252583 0.806168 0.025237 0.000141697
2.34556e+07 0.721517 0.412999 0.103467 5.29008e-05
3.51786e+07 0.904268 0.479543 0.231069 3.5272e-05
2.71776e+07 0.759742 0.440988 0.200019 4.5656e-05
1.86677e+07 0.649929 0.433237 0.0836358 6.64688e-05
1.74673e+07 0.625785 0.452381 0.0381608 7.10368e-05
1.9451e+07 0.66401 0.48037 0.134713 6.3792e-05
2.87867e+07 0.773249 0.41383 0.205425 4.3104e-05
1.74673e+07 0.625785 0.452381 0.0381608 7.10368e-05
3.70549e+07 0.866043 0.451554 0.134517 3.3486e-05
6.54684e+06 0 1 0 0.00018953
1.20744e+07 0.458297 0.522495 0 0.000102765
9.55093e+06 0.314952 0.631908 0.0757111 0.000129916
1.92516e+07 0.660566 0.425223 0.115691 6.44528e-05
2.56809e+07 0.745661 0.457965 0.180997 4.83168e-05
2.34556e+07 0.721517 0.412999 0.103467 5.29008e-05
7.86238e+06 0.167488 0.853564 0 0.000157817
1.26361e+07 0.482441 0.503351 0.045475 9.81968e-05
1.9451e+07 0.66401 0.48037 0.134713 6.3792e-05
2.56809e+07 0.745661 0.457965 0.180997 4.83168e-05
2.56809e+07 0.745661 0.457965 0.180997 4.83168e-05
2.56809e+07 0.745661 0.457965 0.180997 4.83168e-05
1.9451e+07 0.66401 0.48037 0.134713 6.3792e-05
2.46445e+07 0.735024 0.385841 0.108873 5.03488e-05
1.86677e+07 0.649929 0.433237 0.0836358 6.64688e-05
4.03913e+07 0.961775 0.476282 0.231878 3.072e-05
1.92516e+07 0.660566 0.425223 0.115691 6.44528e-05
2.71776e+07 0.759742 0.440988 0.200019 4.5656e-05
2.09513e+07 0.688154 0.461226 0.180188 5.9224e-05
8.88322e+06 0.26322 0.814182 0.0653059 0.000139681
3.70549e+07 0.866043 0.451554 0.134517 3.3486e-05
3.70549e+07 0.866043 0.451554 0.134517 3.3486e-05
2.60283e+07 0.749105 0.432974 0.15995 4.7672e-05
2.46445e+07 0.735024 0.385841 0.108873 5.03488e-05
2.09513e+07 0.688154 0.461226 0.180188 5.9224e-05
2.16787e+07 0.698555 0.521668 0.0963561 5.72368e-05
3.02108e+07 0.783886 0.485954 0.277549 4.1072e-05
1.54985e+07 0.578172 0.477605 0.117599 8.00608e-05
1.86677e+07 0.649929 0.433237 0.0836358 6.64688e-05
7.86238e+06 0.167488 0.853564 0 0.000157817
8.88322e+06 0.26322 0.814182 0.0653059 0.000139681
2.09513e+07 0.688154 0.461226 0.180188 5.9224e-05
2.09513e+07 0.688154 0.461226 0.180188 5.9224e-05
