1.53613e+07 0.676571 0.506989 0.160653 7.88506e-05
2.55823e+07 0.805943 0.578094 0.269991 4.73472e-05
8.71388e+06 0.429398 0.542859 0.0680821 0.000139002
3.22227e+07 0.888509 0.508412 0.14094 3.759e-05
8.2083e+06 0.394163 0.572328 0 0.000147564
1.38545e+07 0.641336 0.497437 0.0730612 8.74266e-05
1.89228e+07 0.737576 0.469569 0.179351 6.40102e-05
1.68056e+07 0.704444 0.477927 0.112081 7.20742e-05
8.81778e+06 0.435972 0.665204 0.0560915 0.000137364
2.12344e+07 0.766237 0.421836 0.110456 5.70419e-05
1.28317e+07 0.612674 0.545171 0.141956 9.43949e-05
2.08885e+07 0.762293 0.497437 0.110456 5.79866e-05
2.89314e+07 0.828556 0.470992 0.122243 4.18662e-05
7.2206e+06 0.31107 0.740805 0.0186972 0.000167749
2.136e+07 0.767552 0.508412 0.103546 5.67066e-05
1.86476e+07 0.733631 0.545171 0.179351 6.49549e-05
2.4514e+07 0.797528 0.506989 0.198048 4.94106e-05
1.53613e+07 0.676571 0.506989 0.160653 7.88506e-05
2.08885e+07 0.762293 0.497437 0.110456 5.79866e-05
1.64727e+07 0.698396 0.535619 0.0917584 7.35309e-05
1.53613e+07 0.676571 0.506989 0.160653 7.88506e-05
2.08885e+07 0.762293 0.497437 0.110456 5.79866e-05
1.1763e+07 0.577439 0.535619 0.054364 0.000102971
7.87275e+06 0.36813 0.778987 0.0373943 0.000153853
1.86476e+07 0.733631 0.545171 0.179351 6.49549e-05
7.87275e+06 0.36813 0.778987 0.0373943 0.000153853
1.28317e+07 0.612674 0.545171 0.141956 9.43949e-05
8.52141e+06 0.416513 0.544663 0.0934858 0.000142142
9.15018e+06 0.456482 0.658878 0.0304845 0.000132374
2.4514e+07 0.797528 0.506989 0.198048 4.94106e-05
1.38241e+07 0.640547 0.516109 0.0933842 8.76186e-05
1.38545e+07 0.641336 0.497437 0.0730612 8.74266e-05
2.4514e+07 0.797528 0.506989 0.198048 4.94106e-05
7.52825e+06 0.339469 0.542631 0 0.000160894
2.89314e+07 0.828556 0.470992 0.122243 4.18662e-05
1.38545e+07 0.641336 0.497437 0.0730612 8.74266e-05
2.4514e+07 0.797528 0.506989 0.198048 4.94106e-05
1.64727e+07 0.698396 0.535619 0.0917584 7.35309e-05
2.4514e+07 0.797528 0.506989 0.198048 4.94106e-05
8.89965e+06 0.441231 0.635532 0.0560915 0.000136101
1.38545e+07 0.641336 0.497437 0.0730612 8.74266e-05
1.90224e+07 0.73889 0.556145 0.172441 6.36749e-05
1.38545e+07 0.641336 0.497437 0.0730612 8.74266e-05
1.28317e+07 0.612674 0.545171 0.141956 9.43949e-05
1.64727e+07 0.698396 0.535619 0.0917584 7.35309e-05
1.64727e+07 0.698396 0.535619 0.0917584 7.35309e-05
1.53613e+07 0.676571 0.506989 0.160653 7.88506e-05
1.69815e+07 0.707599 0.430346 0.0917584 7.13276e-05
3.53806e+07 0.859847 0.556145 0.209835 3.42349e-05
5.74613e+06 0.134105 0.817499 0.0365814 0.000210794
7.52825e+06 0.339469 0.542631 0 0.000160894
7.60817e+06 0.346306 0.614193 0.0382073 0.000159204
1.5324e+07 0.675782 0.525661 0.180976 7.90426e-05
2.4514e+07 0.797528 0.506989 0.198048 4.94106e-05
1.38545e+07 0.641336 0.497437 0.0730612 8.74266e-05
8.03832e+06 0.381278 0.671275 0.0739758 0.000150684
7.83814e+06 0.365501 0.618436 0.0680821 0.000154533
1.1763e+07 0.577439 0.535619 0.054364 0.000102971
2.4514e+07 0.797528 0.506989 0.198048 4.94106e-05
1.90753e+07 0.739679 0.487479 0.199674 6.34982e-05
1.90753e+07 0.739679 0.487479 0.199674 6.34982e-05
1.1763e+07 0.577439 0.535619 0.054364 0.000102971
2.49918e+07 0.801473 0.431388 0.198048 4.84659e-05
1.55124e+07 0.679727 0.5281 0.219997 7.80826e-05
2.51659e+07 0.802787 0.517964 0.191138 4.81306e-05
1.86476e+07 0.733631 0.545171 0.179351 6.49549e-05
1.38545e+07 0.641336 0.497437 0.0730612 8.74266e-05
1.86476e+07 0.733631 0.545171 0.179351 6.49549e-05
8.81778e+06 0.435972 0.665204 0.0560915 0.000137364
3.93263e+07 0.922956 0.575656 0.268365 3.08e-05
2.50739e+07 0.801998 0.575656 0.230971 4.83072e-05
1.38545e+07 0.641336 0.497437 0.0730612 8.74266e-05
1.53613e+07 0.676571 0.506989 0.160653 7.88506e-05
1.31384e+07 0.621877 0.439898 0.141956 9.21916e-05
9.95973e+06 0.50092 0.524137 0.0985666 0.000121615
1.53613e+07 0.676571 0.506989 0.160653 7.88506e-05
1.10536e+07 0.550355 0.468071 0.0680821 0.00010958
1.86476e+07 0.733631 0.545171 0.179351 6.49549e-05
7.87275e+06 0.36813 0.778987 0.0373943 0.000153853
7.2206e+06 0.31107 0.740805 0.0186972 0.000167749
1.86476e+07 0.733631 0.545171 0.179351 6.49549e-05
1.31384e+07 0.621877 0.439898 0.141956 9.21916e-05
