2.78441e+07 0.644327 0.73084 0.100391 4.66156e-05
4.09937e+07 0.758643 0.714795 0.173744 3.16626e-05
1.77423e+07 0.441486 0.719577 0.0840065 7.31566e-05
2.41476e+07 0.589798 0.721098 0.0239647 5.37516e-05
1.61679e+07 0.386957 0.746511 0.0259183 8.02805e-05
2.41476e+07 0.589798 0.721098 0.0239647 5.37516e-05
2.83711e+07 0.651052 0.65978 0.100391 4.57497e-05
3.27121e+07 0.697389 0.70276 0.060641 3.96786e-05
1.27418e+07 0.221908 0.823287 0 0.000101867
2.53127e+07 0.608865 0.617727 0.049883 5.12775e-05
2.78441e+07 0.644327 0.73084 0.100391 4.66156e-05
2.41476e+07 0.589798 0.721098 0.0239647 5.37516e-05
2.45429e+07 0.596522 0.650038 0.0239647 5.28857e-05
1.28335e+07 0.227526 0.8102 0 0.000101139
2.48923e+07 0.60214 0.688788 0.049883 5.21434e-05
4.96629e+07 0.800824 0.717504 0.113728 2.61356e-05
2.78441e+07 0.644327 0.73084 0.100391 4.66156e-05
4.96629e+07 0.800824 0.717504 0.113728 2.61356e-05
2.41476e+07 0.589798 0.721098 0.0239647 5.37516e-05
2.41476e+07 0.589798 0.721098 0.0239647 5.37516e-05
4.96629e+07 0.800824 0.717504 0.113728 2.61356e-05
3.89948e+07 0.746295 0.681088 0.0239647 3.32857e-05
3.89948e+07 0.746295 0.681088 0.0239647 3.32857e-05
1.26344e+07 0.215183 0.894347 0 0.000102733
2.78441e+07 0.644327 0.73084 0.100391 4.66156e-05
1.26344e+07 0.215183 0.894347 0 0.000102733
2.78441e+07 0.644327 0.73084 0.100391 4.66156e-05
1.5211e+07 0.348954 0.595505 0.0527222 8.5331e-05
2.17006e+07 0.543454 0.706501 0.0259183 5.98126e-05
2.78441e+07 0.644327 0.73084 0.100391 4.66156e-05
3.27121e+07 0.697389 0.70276 0.060641 3.96786e-05
3.89948e+07 0.746295 0.681088 0.0239647 3.32857e-05
2.78441e+07 0.644327 0.73084 0.100391 4.66156e-05
1.83129e+07 0.459474 0.556396 0.0259183 7.08772e-05
2.53127e+07 0.608865 0.617727 0.049883 5.12775e-05
3.89948e+07 0.746295 0.681088 0.0239647 3.32857e-05
2.78441e+07 0.644327 0.73084 0.100391 4.66156e-05
2.41476e+07 0.589798 0.721098 0.0239647 5.37516e-05
2.78441e+07 0.644327 0.73084 0.100391 4.66156e-05
1.39104e+07 0.287701 0.704232 0 9.33093e-05
2.41476e+07 0.589798 0.721098 0.0239647 5.37516e-05
2.78441e+07 0.644327 0.73084 0.100391 4.66156e-05
3.89948e+07 0.746295 0.681088 0.0239647 3.32857e-05
2.78441e+07 0.644327 0.73084 0.100391 4.66156e-05
2.41476e+07 0.589798 0.721098 0.0239647 5.37516e-05
2.48923e+07 0.60214 0.688788 0.049883 5.21434e-05
2.8839e+07 0.65667 0.69853 0.126309 4.50074e-05
2.92719e+07 0.662315 0.530983 0.0239647 4.43418e-05
2.78441e+07 0.644327 0.73084 0.100391 4.66156e-05
1.09105e+07 0.0915843 0.723445 0.0343841 0.000118965
1.79072e+07 0.447132 0.588707 0 7.2483e-05
1.72728e+07 0.42621 0.774576 0.031675 7.51455e-05
3.98852e+07 0.751919 0.712502 0.137067 3.25426e-05
2.78441e+07 0.644327 0.73084 0.100391 4.66156e-05
3.89948e+07 0.746295 0.681088 0.0239647 3.32857e-05
1.40428e+07 0.294425 0.70194 0.0343841 9.24293e-05
2.39103e+07 0.585641 0.738551 0.0714251 5.42849e-05
2.48923e+07 0.60214 0.688788 0.049883 5.21434e-05
2.78441e+07 0.644327 0.73084 0.100391 4.66156e-05
3.98852e+07 0.751919 0.712502 0.137067 3.25426e-05
3.98852e+07 0.751919 0.712502 0.137067 3.25426e-05
2.48923e+07 0.60214 0.688788 0.049883 5.21434e-05
2.83711e+07 0.651052 0.65978 0.100391 4.57497e-05
5.64826e+07 0.91514 0.701458 0.187081 2.298e-05
2.78441e+07 0.644327 0.73084 0.100391 4.66156e-05
2.78441e+07 0.644327 0.73084 0.100391 4.66156e-05
2.48923e+07 0.60214 0.688788 0.049883 5.21434e-05
2.8839e+07 0.65667 0.69853 0.126309 4.50074e-05
1.27418e+07 0.221908 0.823287 0 0.000101867
3.98852e+07 0.751919 0.712502 0.137067 3.25426e-05
5.64826e+07 0.908416 0.699165 0.150404 2.298e-05
2.41476e+07 0.589798 0.721098 0.0239647 5.37516e-05
4.96629e+07 0.800824 0.717504 0.113728 2.61356e-05
3.16887e+07 0.716845 0.540725 0.100391 4.096e-05
1.9857e+07 0.501661 0.561772 0.0580882 6.53658e-05
2.78441e+07 0.644327 0.73084 0.100391 4.66156e-05
1.73607e+07 0.429144 0.751888 0.0580882 7.47649e-05
2.78441e+07 0.644327 0.73084 0.100391 4.66156e-05
1.26344e+07 0.215183 0.894347 0 0.000102733
1.26344e+07 0.215183 0.894347 0 0.000102733
2.78441e+07 0.644327 0.73084 0.100391 4.66156e-05
3.16887e+07 0.716845 0.540725 0.100391 4.096e-05
