3.23832e+07 0.558098 0.848778 0.0910137 4.2187e-05
2.24112e+07 0.361342 0.822346 0.0343993 6.09584e-05
3.39486e+07 0.57969 0.519831 0.0343993 4.02417e-05
5.16598e+07 0.723396 0.765315 0.0314524 2.64451e-05
2.91226e+07 0.508647 0.813118 0.0314524 4.69104e-05
3.22181e+07 0.556126 0.770842 0.0525903 4.24032e-05
3.56489e+07 0.598699 0.816056 0.0834627 3.83224e-05
2.8399e+07 0.496269 0.755591 0 4.81055e-05
2.39539e+07 0.40232 0.877199 0.0239015 5.70325e-05
4.88589e+07 0.7075 0.760518 0.0239015 2.79611e-05
2.33663e+07 0.387468 0.811128 0.0595612 5.84668e-05
5.16598e+07 0.723396 0.765315 0.0314524 2.64451e-05
3.02332e+07 0.52664 0.83701 0.0239015 4.5187e-05
1.79797e+07 0.203467 0.929799 0.0314524 7.5983e-05
2.78429e+07 0.486039 0.806828 0 4.90664e-05
3.32248e+07 0.569381 0.820852 0.0343993 4.11184e-05
6.28932e+07 0.772848 0.800975 0.0910137 2.17218e-05
3.07985e+07 0.53549 0.792163 0.0343993 4.43577e-05
5.36076e+07 0.733626 0.714079 0.0314524 2.54843e-05
2.9811e+07 0.519929 0.835516 0 4.5827e-05
3.07985e+07 0.53549 0.792163 0.0343993 4.43577e-05
5.16598e+07 0.723396 0.765315 0.0314524 2.64451e-05
2.09111e+07 0.31541 0.832083 0 6.53314e-05
1.94044e+07 0.26223 0.867645 0 7.04041e-05
3.72966e+07 0.61686 0.736301 0.0343993 3.66294e-05
1.87767e+07 0.237357 0.895583 0 7.27577e-05
2.21837e+07 0.354631 0.868655 0.0343993 6.15836e-05
2.34177e+07 0.389444 0.65321 0.0463092 5.83384e-05
2.0608e+07 0.30518 0.88332 0 6.62923e-05
5.71791e+07 0.75024 0.74436 0.0343993 2.38925e-05
2.0608e+07 0.30518 0.88332 0 6.62923e-05
2.78429e+07 0.486039 0.806828 0 4.90664e-05
5.71791e+07 0.75024 0.74436 0.0343993 2.38925e-05
2.48031e+07 0.423711 0.621486 0 5.50797e-05
3.02332e+07 0.52664 0.83701 0.0239015 4.5187e-05
2.8399e+07 0.496269 0.755591 0 4.81055e-05
6.28932e+07 0.772848 0.800975 0.0910137 2.17218e-05
3.19755e+07 0.552767 0.727666 0 4.27249e-05
6.28932e+07 0.772848 0.800975 0.0910137 2.17218e-05
2.94017e+07 0.514141 0.613871 0 4.6465e-05
2.97315e+07 0.518877 0.761882 0.0314524 4.59495e-05
2.21837e+07 0.354631 0.868655 0.0343993 6.15836e-05
2.91226e+07 0.508647 0.813118 0.0314524 4.69104e-05
2.21837e+07 0.354631 0.868655 0.0343993 6.15836e-05
2.9811e+07 0.519929 0.835516 0 4.5827e-05
2.9811e+07 0.519929 0.835516 0 4.5827e-05
3.07985e+07 0.53549 0.792163 0.0343993 4.43577e-05
3.38827e+07 0.638461 0.573683 0 4.032e-05
3.32248e+07 0.569381 0.820852 0.0343993 4.11184e-05
2.16758e+07 0.339993 0.736673 0.0463092 6.30265e-05
2.73685e+07 0.478141 0.551833 0.126958 4.99168e-05
1.86005e+07 0.230311 0.840045 0 7.3447e-05
2.33663e+07 0.387468 0.811128 0.0595612 5.84668e-05
6.28932e+07 0.772848 0.800975 0.0910137 2.17218e-05
2.91226e+07 0.508647 0.813118 0.0314524 4.69104e-05
2.16758e+07 0.339993 0.736673 0.0463092 6.30265e-05
2.21837e+07 0.354631 0.868655 0.0343993 6.15836e-05
2.0608e+07 0.30518 0.88332 0 6.62923e-05
6.28932e+07 0.772848 0.800975 0.0910137 2.17218e-05
3.23832e+07 0.558098 0.848778 0.0910137 4.2187e-05
3.23832e+07 0.558098 0.848778 0.0910137 4.2187e-05
2.09111e+07 0.31541 0.832083 0 6.53314e-05
5.87529e+07 0.756951 0.745854 0.0583008 2.32525e-05
2.24112e+07 0.361342 0.822346 0.0343993 6.09584e-05
3.23832e+07 0.558098 0.848778 0.0910137 4.2187e-05
3.50633e+07 0.591988 0.814562 0.0595612 3.89624e-05
2.91226e+07 0.508647 0.813118 0.0314524 4.69104e-05
3.32248e+07 0.569381 0.820852 0.0343993 4.11184e-05
2.4895e+07 0.424928 0.883489 0.055354 5.48765e-05
3.32248e+07 0.569381 0.820852 0.0343993 4.11184e-05
2.21837e+07 0.354631 0.868655 0.0343993 6.15836e-05
3.06592e+07 0.533519 0.764552 0.0211379 4.45592e-05
3.07985e+07 0.53549 0.792163 0.0343993 4.43577e-05
2.71207e+07 0.473163 0.606822 0.0343993 5.0373e-05
2.903e+07 0.520642 0.52227 0.0343993 4.706e-05
3.23832e+07 0.558098 0.848778 0.0910137 4.2187e-05
6.67065e+07 0.820327 0.758699 0.112152 2.048e-05
3.40198e+07 0.579611 0.769616 0.0343993 4.01575e-05
1.89733e+07 0.24544 0.844535 0.0227718 7.20039e-05
1.91147e+07 0.250947 0.887523 0.0525903 7.1471e-05
3.32248e+07 0.569381 0.820852 0.0343993 4.11184e-05
2.71207e+07 0.473163 0.606822 0.0343993 5.0373e-05
