3.37907e+07 0.756129 0.612168 0.212476 3.73138e-05
2.12667e+07 0.61199 0.687314 0.119776 5.92881e-05
1.66036e+07 0.502952 0.636057 0.0700146 7.5939e-05
2.40262e+07 0.656758 0.610785 0.0577723 5.24786e-05
1.53006e+07 0.46049 0.671595 0.0286111 8.24058e-05
2.77278e+07 0.702764 0.555006 0.0989722 4.54728e-05
2.18808e+07 0.622893 0.681592 0.142665 5.76241e-05
2.6749e+07 0.69186 0.549284 0.0703612 4.71368e-05
1.15257e+07 0.283499 0.810001 0 0.000109396
2.32878e+07 0.645854 0.605063 0.0291613 5.41426e-05
2.49092e+07 0.668899 0.625813 0.183865 5.06183e-05
2.40262e+07 0.656758 0.610785 0.0577723 5.24786e-05
1.86982e+07 0.558624 0.675931 0.0291613 6.74321e-05
1.25177e+07 0.340408 0.759943 0.069811 0.000100726
2.6749e+07 0.69186 0.549284 0.0703612 4.71368e-05
3.96282e+07 0.792196 0.589279 0.160976 3.18173e-05
2.84493e+07 0.710124 0.667947 0.171276 4.43196e-05
3.82518e+07 0.879426 0.546582 0.175061 3.29621e-05
2.40262e+07 0.656758 0.610785 0.0577723 5.24786e-05
2.67293e+07 0.691534 0.620952 0.164792 4.71715e-05
3.82518e+07 0.879426 0.546582 0.175061 3.29621e-05
3.85231e+07 0.790959 0.5967 0.0718578 3.273e-05
3.15521e+07 0.73883 0.577895 0.0703612 3.99613e-05
1.08996e+07 0.242274 0.825089 0.0411999 0.000115679
2.41164e+07 0.657995 0.631535 0.160976 5.22823e-05
1.04828e+07 0.212284 0.756398 0 0.000120279
2.44781e+07 0.663107 0.627243 0.195315 5.15096e-05
1.13461e+07 0.2724 0.63721 0.0206 0.000111128
1.80346e+07 0.542562 0.556304 0 6.99133e-05
3.23358e+07 0.745226 0.560668 0.160976 3.89928e-05
2.67293e+07 0.691534 0.620952 0.164792 4.71715e-05
3.77401e+07 0.826061 0.535198 0.0844466 3.3409e-05
3.23358e+07 0.745226 0.560668 0.160976 3.89928e-05
1.46361e+07 0.436239 0.513595 0.0515086 8.61472e-05
1.86982e+07 0.558624 0.675931 0.0291613 6.74321e-05
3.77401e+07 0.826061 0.535198 0.0844466 3.3409e-05
2.84493e+07 0.710124 0.667947 0.171276 4.43196e-05
1.91669e+07 0.569528 0.624431 0.0291613 6.57831e-05
2.84493e+07 0.710124 0.667947 0.171276 4.43196e-05
1.19003e+07 0.306264 0.694988 0 0.000105952
2.40262e+07 0.656758 0.610785 0.0577723 5.24786e-05
2.41164e+07 0.657995 0.631535 0.160976 5.22823e-05
3.82518e+07 0.836964 0.540921 0.113058 3.29621e-05
2.73812e+07 0.698894 0.610856 0.175577 4.60483e-05
1.86982e+07 0.558624 0.675931 0.0291613 6.74321e-05
2.08661e+07 0.60463 0.620151 0.0703612 6.04263e-05
3.23358e+07 0.745226 0.560668 0.160976 3.89928e-05
2.48524e+07 0.668294 0.518799 0.102132 5.07339e-05
2.12667e+07 0.61199 0.687314 0.119776 5.92881e-05
8.45288e+06 0.0227656 0.884987 0 0.000149163
1.3424e+07 0.385121 0.621728 0 9.39255e-05
1.70858e+07 0.517071 0.61149 0.0758853 7.37959e-05
2.18808e+07 0.622893 0.681592 0.142665 5.76241e-05
2.84493e+07 0.710124 0.667947 0.171276 4.43196e-05
4.03786e+07 0.796071 0.592407 0.106197 3.12259e-05
1.0574e+07 0.219034 0.765855 0 0.000119241
2.27066e+07 0.636826 0.58821 0.125816 5.55283e-05
2.08661e+07 0.60463 0.620151 0.0703612 6.04263e-05
2.84493e+07 0.710124 0.667947 0.171276 4.43196e-05
2.84493e+07 0.710124 0.667947 0.171276 4.43196e-05
2.84493e+07 0.710124 0.667947 0.171276 4.43196e-05
2.08661e+07 0.60463 0.620151 0.0703612 6.04263e-05
2.74108e+07 0.69922 0.616447 0.119776 4.59986e-05
3.24771e+07 0.74619 0.645058 0.119776 3.88231e-05
2.84493e+07 0.710124 0.667947 0.171276 4.43196e-05
2.18808e+07 0.622893 0.681592 0.142665 5.76241e-05
2.77278e+07 0.702764 0.555006 0.0989722 4.54728e-05
2.41164e+07 0.657995 0.631535 0.160976 5.22823e-05
1.17037e+07 0.294403 0.815723 0.0286111 0.000107732
2.12667e+07 0.61199 0.687314 0.119776 5.92881e-05
3.24771e+07 0.74619 0.645058 0.119776 3.88231e-05
2.6749e+07 0.69186 0.549284 0.0703612 4.71368e-05
4.37799e+07 0.838533 0.598069 0.1682 2.88e-05
2.62399e+07 0.685873 0.546569 0.212484 4.80512e-05
1.48321e+07 0.443599 0.621958 0.121523 8.5009e-05
3.37907e+07 0.756129 0.612168 0.212476 3.73138e-05
1.69786e+07 0.513855 0.687557 0.121514 7.42618e-05
2.12667e+07 0.61199 0.687314 0.119776 5.92881e-05
1.02772e+07 0.196268 0.880868 0 0.000122685
1.17866e+07 0.299515 0.742752 0.0286111 0.000106974
2.41164e+07 0.657995 0.631535 0.160976 5.22823e-05
2.58167e+07 0.680761 0.516523 0.160976 4.88389e-05
