3.40802e+07 0.425962 0.870604 0 3.78546e-05
3.40802e+07 0.425962 0.870604 0 3.78546e-05
2.05944e+07 0.0501157 0.763233 0 6.26426e-05
7.41917e+07 0.736758 0.805042 0 1.73886e-05
1.95778e+07 0 1 0 6.58955e-05
3.40802e+07 0.425962 0.870604 0 3.78546e-05
7.41917e+07 0.736758 0.805042 0 1.73886e-05
3.48268e+07 0.438491 0.811137 0 3.7043e-05
7.41917e+07 0.736758 0.805042 0 1.73886e-05
7.41917e+07 0.736758 0.805042 0 1.73886e-05
3.48268e+07 0.438491 0.811137 0 3.7043e-05
7.41917e+07 0.736758 0.805042 0 1.73886e-05
6.66063e+07 0.749384 0.762427 0.0327808 1.93689e-05
4.02736e+07 0.514625 0.778613 0.0292238 3.20331e-05
3.40802e+07 0.425962 0.870604 0 3.78546e-05
7.41917e+07 0.736758 0.805042 0 1.73886e-05
7.41917e+07 0.736758 0.805042 0 1.73886e-05
3.40802e+07 0.425962 0.870604 0 3.78546e-05
6.97497e+07 0.749286 0.745576 0 1.8496e-05
7.41917e+07 0.736758 0.805042 0 1.73886e-05
3.40802e+07 0.425962 0.870604 0 3.78546e-05
7.41917e+07 0.736758 0.805042 0 1.73886e-05
3.48268e+07 0.438491 0.811137 0 3.7043e-05
7.41917e+07 0.736758 0.805042 0 1.73886e-05
7.41917e+07 0.736758 0.805042 0 1.73886e-05
6.66063e+07 0.749384 0.762427 0.0327808 1.93689e-05
3.40802e+07 0.425962 0.870604 0 3.78546e-05
3.92554e+07 0.836066 0.520848 0 3.2864e-05
1.95778e+07 0 1 0 6.58955e-05
7.41917e+07 0.736758 0.805042 0 1.73886e-05
3.40802e+07 0.425962 0.870604 0 3.78546e-05
3.40802e+07 0.425962 0.870604 0 3.78546e-05
7.41917e+07 0.736758 0.805042 0 1.73886e-05
2.1714e+07 0.0993088 0.715806 0 5.94127e-05
7.41917e+07 0.736758 0.805042 0 1.73886e-05
3.48268e+07 0.438491 0.811137 0 3.7043e-05
7.41917e+07 0.736758 0.805042 0 1.73886e-05
6.97497e+07 0.749286 0.745576 0 1.8496e-05
7.41917e+07 0.736758 0.805042 0 1.73886e-05
3.92554e+07 0.848692 0.478233 0.0327808 3.2864e-05
4.13205e+07 0.527154 0.719146 0.0292238 3.12216e-05
3.40802e+07 0.425962 0.870604 0 3.78546e-05
3.40802e+07 0.425962 0.870604 0 3.78546e-05
3.40802e+07 0.425962 0.870604 0 3.78546e-05
7.41917e+07 0.736758 0.805042 0 1.73886e-05
7.41917e+07 0.736758 0.805042 0 1.73886e-05
3.40802e+07 0.425962 0.870604 0 3.78546e-05
3.92554e+07 0.836066 0.520848 0 3.2864e-05
6.66063e+07 0.749384 0.762427 0.0327808 1.93689e-05
3.31215e+07 0.410104 0.650245 0 3.89502e-05
2.33206e+07 0.161953 0.631009 0.105718 5.53197e-05
3.40802e+07 0.425962 0.870604 0 3.78546e-05
3.48268e+07 0.438491 0.811137 0 3.7043e-05
7.41917e+07 0.736758 0.805042 0 1.73886e-05
3.40802e+07 0.425962 0.870604 0 3.78546e-05
3.92554e+07 0.836066 0.520848 0 3.2864e-05
1.95778e+07 0 1 0 6.58955e-05
3.40802e+07 0.425962 0.870604 0 3.78546e-05
7.41917e+07 0.736758 0.805042 0 1.73886e-05
3.40802e+07 0.425962 0.870604 0 3.78546e-05
3.40802e+07 0.425962 0.870604 0 3.78546e-05
3.48268e+07 0.438491 0.811137 0 3.7043e-05
7.41917e+07 0.736758 0.805042 0 1.73886e-05
3.40802e+07 0.425962 0.870604 0 3.78546e-05
3.40802e+07 0.425962 0.870604 0 3.78546e-05
7.41917e+07 0.736758 0.805042 0 1.73886e-05
3.40802e+07 0.425962 0.870604 0 3.78546e-05
7.41917e+07 0.736758 0.805042 0 1.73886e-05
7.41917e+07 0.736758 0.805042 0 1.73886e-05
7.41917e+07 0.736758 0.805042 0 1.73886e-05
3.40802e+07 0.425962 0.870604 0 3.78546e-05
3.40802e+07 0.425962 0.870604 0 3.78546e-05
3.40802e+07 0.425962 0.870604 0 3.78546e-05
4.11135e+07 0.525271 0.58641 0 3.13787e-05
2.1714e+07 0.0993088 0.715806 0 5.94127e-05
3.40802e+07 0.425962 0.870604 0 3.78546e-05
2.84e+07 0.310795 0.934438 0 4.54257e-05
6.66063e+07 0.761913 0.702961 0.0327808 1.93689e-05
5.68221e+07 0.900691 0.623598 0.186702 2.2704e-05
4.02736e+07 0.514625 0.778613 0.0292238 3.20331e-05
7.41917e+07 0.736758 0.805042 0 1.73886e-05
4.11135e+07 0.525271 0.58641 0 3.13787e-05
