2.15017e+07 0.59914 0.575194 0.148736 6.19905e-05
1.96786e+07 0.562051 0.474151 0.0673529 6.77333e-05
1.37867e+07 0.374338 0.697242 0.111957 9.66804e-05
3.10976e+07 0.723046 0.54068 0.0509608 4.28619e-05
1.79736e+07 0.520124 0.715995 0.112589 7.41586e-05
2.02255e+07 0.573862 0.542986 0.0813836 6.59019e-05
3.50556e+07 0.754333 0.576072 0.169275 3.80225e-05
2.02255e+07 0.573862 0.542986 0.0813836 6.59019e-05
1.41572e+07 0.390572 0.855904 0.101922 9.41497e-05
3.30803e+07 0.739632 0.571899 0.172007 4.02929e-05
2.15017e+07 0.59914 0.575194 0.148736 6.19905e-05
3.10976e+07 0.723046 0.54068 0.0509608 4.28619e-05
3.17857e+07 0.729055 0.543865 0.101922 4.19339e-05
1.14391e+07 0.245957 0.651511 0.0356946 0.000116521
2.0742e+07 0.584439 0.57102 0.151468 6.42609e-05
4.12733e+07 0.791422 0.575194 0.199697 3.22945e-05
3.42204e+07 0.748324 0.572887 0.118314 3.89505e-05
2.15017e+07 0.59914 0.575194 0.148736 6.19905e-05
3.10976e+07 0.723046 0.54068 0.0509608 4.28619e-05
3.68145e+07 0.766143 0.542986 0.132344 3.62059e-05
2.15017e+07 0.59914 0.575194 0.148736 6.19905e-05
3.10976e+07 0.723046 0.54068 0.0509608 4.28619e-05
2.02255e+07 0.573862 0.542986 0.0813836 6.59019e-05
1.50718e+07 0.427661 0.763647 0.0866554 8.84365e-05
4.12733e+07 0.791422 0.575194 0.199697 3.22945e-05
1.40191e+07 0.384564 0.852719 0.0509608 9.50777e-05
2.15017e+07 0.59914 0.575194 0.148736 6.19905e-05
1.51367e+07 0.430148 0.76016 0.175178 8.80577e-05
1.41896e+07 0.392157 0.646912 0.115774 9.39351e-05
4.12733e+07 0.791422 0.575194 0.199697 3.22945e-05
2.02255e+07 0.573862 0.542986 0.0813836 6.59019e-05
3.37591e+07 0.744926 0.542986 0.123888 3.94827e-05
4.12733e+07 0.791422 0.575194 0.199697 3.22945e-05
1.45249e+07 0.406454 0.507154 0.115774 9.17666e-05
3.30803e+07 0.739632 0.571899 0.172007 4.02929e-05
2.02255e+07 0.573862 0.542986 0.0813836 6.59019e-05
3.42204e+07 0.748324 0.572887 0.118314 3.89505e-05
3.10976e+07 0.723046 0.54068 0.0509608 4.28619e-05
3.42204e+07 0.748324 0.572887 0.118314 3.89505e-05
1.4348e+07 0.39886 0.712961 0.0509608 9.2898e-05
1.83702e+07 0.530764 0.54068 0 7.25579e-05
2.15017e+07 0.59914 0.575194 0.148736 6.19905e-05
2.02255e+07 0.573862 0.542986 0.0813836 6.59019e-05
1.94169e+07 0.556042 0.572887 0.0673529 6.86465e-05
4.89461e+07 0.89411 0.54068 0.0934648 2.7232e-05
3.85623e+07 0.776721 0.57102 0.202429 3.45649e-05
2.20864e+07 0.609718 0.603228 0.218821 6.03494e-05
3.27582e+07 0.737343 0.400922 0.0509608 4.0689e-05
3.42204e+07 0.748324 0.572887 0.118314 3.89505e-05
1.11053e+07 0.223165 0.744921 0.0987366 0.000120024
1.34581e+07 0.359409 0.469126 0 9.90404e-05
1.1668e+07 0.260658 0.71211 0.061175 0.000114236
1.94169e+07 0.556042 0.572887 0.0673529 6.86465e-05
3.42204e+07 0.748324 0.572887 0.118314 3.89505e-05
1.83702e+07 0.530764 0.54068 0 7.25579e-05
1.44954e+07 0.404869 0.811698 0.149697 9.19534e-05
1.35567e+07 0.363761 0.669208 0.0418725 9.83207e-05
3.52231e+07 0.755504 0.57102 0.193972 3.78417e-05
3.42204e+07 0.748324 0.572887 0.118314 3.89505e-05
1.94169e+07 0.556042 0.572887 0.0673529 6.86465e-05
1.94169e+07 0.556042 0.572887 0.0673529 6.86465e-05
2.0742e+07 0.584439 0.57102 0.151468 6.42609e-05
3.50556e+07 0.754333 0.576072 0.169275 3.80225e-05
1.96786e+07 0.562051 0.474151 0.0673529 6.77333e-05
1.94169e+07 0.556042 0.572887 0.0673529 6.86465e-05
5.65939e+07 0.919389 0.572887 0.160818 2.3552e-05
2.0742e+07 0.584439 0.57102 0.151468 6.42609e-05
4.34829e+07 0.801999 0.603228 0.269782 3.06534e-05
1.41572e+07 0.390572 0.855904 0.101922 9.41497e-05
3.42204e+07 0.748324 0.572887 0.118314 3.89505e-05
1.94169e+07 0.556042 0.572887 0.0673529 6.86465e-05
3.37591e+07 0.744926 0.542986 0.123888 3.94827e-05
1.94169e+07 0.556042 0.572887 0.0673529 6.86465e-05
2.22831e+07 0.613437 0.435436 0.148736 5.98167e-05
1.38624e+07 0.378057 0.52945 0.0418725 9.61522e-05
2.15017e+07 0.59914 0.575194 0.148736 6.19905e-05
1.94169e+07 0.556042 0.567286 0.0418725 6.86465e-05
3.42204e+07 0.748324 0.572887 0.118314 3.89505e-05
1.40191e+07 0.384564 0.852719 0.0509608 9.50777e-05
1.06825e+07 0.192282 0.852719 0 0.000124774
5.78516e+07 0.962486 0.575194 0.242201 2.304e-05
2.22831e+07 0.613437 0.435436 0.148736 5.98167e-05
