4.54036e+07 0.883462 0.622343 0.273728 3.072e-05
3.57275e+07 0.834917 0.518978 0.180749 3.904e-05
1.60015e+07 0.495249 0.531342 0.0850812 8.71667e-05
3.4916e+07 0.769002 0.574177 0.0726707 3.99473e-05
1.39882e+07 0.422209 0.697108 0.029365 9.97126e-05
4.23065e+07 0.809382 0.644962 0.168184 3.29689e-05
3.1241e+07 0.758314 0.458208 0.131045 4.46464e-05
4.54036e+07 0.885986 0.62079 0.175417 3.072e-05
1.44972e+07 0.442548 0.68326 0.0178045 9.62114e-05
3.40521e+07 0.763213 0.497395 0.0433056 4.09608e-05
3.89887e+07 0.793201 0.599902 0.226559 3.57745e-05
3.4916e+07 0.769002 0.574177 0.0726707 3.99473e-05
2.46788e+07 0.672951 0.533684 0.0255012 5.6518e-05
1.58079e+07 0.488717 0.763565 0.109052 8.82346e-05
3.9949e+07 0.7981 0.639089 0.138819 3.49145e-05
3.69777e+07 0.781918 0.605775 0.203067 3.77201e-05
3.5265e+07 0.843082 0.551558 0.178215 3.9552e-05
3.5265e+07 0.872179 0.569486 0.220871 3.9552e-05
3.4916e+07 0.769002 0.574177 0.0726707 3.99473e-05
2.76353e+07 0.707838 0.675378 0.121015 5.04717e-05
3.5265e+07 0.872179 0.569486 0.220871 3.9552e-05
3.4916e+07 0.769002 0.574177 0.0726707 3.99473e-05
2.76353e+07 0.707838 0.675378 0.121015 5.04717e-05
1.31912e+07 0.387173 0.793981 0.0618829 0.000105737
3.69777e+07 0.781918 0.605775 0.203067 3.77201e-05
1.25918e+07 0.358076 0.737601 0 0.00011077
3.69777e+07 0.781918 0.605775 0.203067 3.77201e-05
1.44029e+07 0.439281 0.491684 0.0526097 9.68415e-05
1.26505e+07 0.361045 0.710152 0.0336307 0.000110256
3.5265e+07 0.872179 0.569486 0.220871 3.9552e-05
3.94858e+07 0.795724 0.657079 0.157613 3.53241e-05
3.9949e+07 0.7981 0.639089 0.138819 3.49145e-05
3.5265e+07 0.872179 0.569486 0.220871 3.9552e-05
1.29072e+07 0.373961 0.610775 0.0336307 0.000108064
2.46788e+07 0.672951 0.533684 0.0255012 5.6518e-05
3.9949e+07 0.7981 0.639089 0.138819 3.49145e-05
3.5265e+07 0.843082 0.551558 0.178215 3.9552e-05
2.51226e+07 0.678741 0.551736 0.0255012 5.55196e-05
3.5265e+07 0.843082 0.551558 0.178215 3.9552e-05
1.46901e+07 0.44997 0.654791 0.0178045 9.49482e-05
3.4916e+07 0.769002 0.574177 0.0726707 3.99473e-05
3.69777e+07 0.781918 0.605775 0.203067 3.77201e-05
4.23065e+07 0.809382 0.644962 0.168184 3.29689e-05
3.12047e+07 0.741538 0.53499 0.107553 4.46984e-05
2.42785e+07 0.667458 0.604593 0.0255012 5.74501e-05
2.76353e+07 0.707838 0.675378 0.121015 5.04717e-05
3.5265e+07 0.872179 0.569486 0.220871 3.9552e-05
2.52412e+07 0.680374 0.505215 0.0255012 5.52588e-05
3.12047e+07 0.741538 0.53499 0.107553 4.46984e-05
8.23901e+06 0.0184086 0.898335 0.0343107 0.000169292
1.23131e+07 0.343824 0.567407 0 0.000113277
1.8007e+07 0.551514 0.560584 0.0979864 7.74588e-05
3.47034e+07 0.840707 0.510818 0.167643 4.0192e-05
3.5265e+07 0.843082 0.551558 0.178215 3.9552e-05
3.4916e+07 0.769002 0.574177 0.0726707 3.99473e-05
1.27312e+07 0.365202 0.688793 0.0343107 0.000109557
1.33521e+07 0.394745 0.656932 0.063753 0.000104463
2.76353e+07 0.707838 0.675378 0.121015 5.04717e-05
3.5265e+07 0.843082 0.551558 0.178215 3.9552e-05
3.5265e+07 0.930968 0.533259 0.214813 3.9552e-05
3.5265e+07 0.930968 0.533259 0.214813 3.9552e-05
2.76353e+07 0.707838 0.675378 0.121015 5.04717e-05
3.07474e+07 0.837292 0.427792 0.125358 4.53632e-05
3.57275e+07 0.834917 0.518978 0.180749 3.904e-05
3.5265e+07 0.843082 0.551558 0.178215 3.9552e-05
3.26247e+07 0.752821 0.529117 0.131045 4.27528e-05
4.23065e+07 0.809382 0.644962 0.168184 3.29689e-05
3.69777e+07 0.781918 0.605775 0.203067 3.77201e-05
1.47965e+07 0.45383 0.689133 0.0471695 9.42658e-05
3.57275e+07 0.829424 0.516691 0.144151 3.904e-05
3.57275e+07 0.829424 0.516691 0.144151 3.904e-05
3.9949e+07 0.7981 0.639089 0.138819 3.49145e-05
3.35288e+07 0.831799 0.498701 0.125358 4.16e-05
3.44838e+07 0.794834 0.506398 0.203067 4.0448e-05
1.36374e+07 0.40766 0.557554 0.063753 0.000102278
4.54036e+07 0.883462 0.622343 0.273728 3.072e-05
1.60397e+07 0.496289 0.637891 0.11661 8.69594e-05
3.12047e+07 0.741538 0.53499 0.107553 4.46984e-05
1.25698e+07 0.357037 0.694109 0 0.000110965
1.46516e+07 0.448337 0.760042 0.0471695 9.51978e-05
3.69777e+07 0.781918 0.605775 0.203067 3.77201e-05
3.44838e+07 0.794834 0.506398 0.203067 4.0448e-05
