3.29028e+07 0.73209 0.621573 0.153413 3.45056e-05
3.29028e+07 0.73209 0.621573 0.153413 3.45056e-05
1.78966e+07 0.507134 0.507064 0.0900058 6.34384e-05
4.42107e+07 0.904405 0.608945 0.0891998 2.568e-05
1.53875e+07 0.426305 0.683099 0 7.37824e-05
2.6353e+07 0.665355 0.608945 0.0376144 4.30816e-05
4.80258e+07 0.97114 0.621573 0.204998 2.364e-05
2.69091e+07 0.672402 0.540514 0.0376144 4.21914e-05
1.69201e+07 0.4781 0.850617 0.0515854 6.70995e-05
4.42107e+07 0.904405 0.608945 0.0891998 2.568e-05
3.37741e+07 0.739137 0.553141 0.153413 3.36154e-05
4.42107e+07 0.904405 0.608945 0.0891998 2.568e-05
4.42107e+07 0.912124 0.572835 0.140785 2.568e-05
1.16064e+07 0.23905 0.850617 0 9.78195e-05
2.6353e+07 0.665355 0.608945 0.0376144 4.30816e-05
4.80258e+07 0.97114 0.621573 0.204998 2.364e-05
4.80258e+07 0.97114 0.621573 0.204998 2.364e-05
3.29028e+07 0.73209 0.621573 0.153413 3.45056e-05
3.94212e+07 0.911452 0.540514 0.0891998 2.88e-05
4.42107e+07 0.904405 0.608945 0.0891998 2.568e-05
3.29028e+07 0.73209 0.621573 0.153413 3.45056e-05
4.42107e+07 0.904405 0.608945 0.0891998 2.568e-05
2.69091e+07 0.672402 0.540514 0.0376144 4.21914e-05
1.69201e+07 0.4781 0.850617 0.0515854 6.70995e-05
4.80258e+07 0.97114 0.621573 0.204998 2.364e-05
1.717e+07 0.485819 0.814507 0.103171 6.61229e-05
3.29028e+07 0.73209 0.621573 0.153413 3.45056e-05
1.93894e+07 0.544834 0.683233 0.0773781 5.85542e-05
1.53875e+07 0.426305 0.683099 0 7.37824e-05
4.80258e+07 0.97114 0.621573 0.204998 2.364e-05
2.6353e+07 0.665355 0.608945 0.0376144 4.30816e-05
2.6353e+07 0.665355 0.608945 0.0376144 4.30816e-05
4.80258e+07 0.97114 0.621573 0.204998 2.364e-05
1.53875e+07 0.426305 0.683099 0 7.37824e-05
4.42107e+07 0.904405 0.608945 0.0891998 2.568e-05
2.69091e+07 0.672402 0.540514 0.0376144 4.21914e-05
4.80258e+07 0.97114 0.621573 0.204998 2.364e-05
3.94212e+07 0.911452 0.540514 0.0891998 2.88e-05
4.80258e+07 0.97114 0.621573 0.204998 2.364e-05
1.717e+07 0.485819 0.814507 0.103171 6.61229e-05
2.69091e+07 0.672402 0.540514 0.0376144 4.21914e-05
3.29028e+07 0.73209 0.621573 0.153413 3.45056e-05
2.6353e+07 0.665355 0.608945 0.0376144 4.30816e-05
3.29028e+07 0.73209 0.621573 0.153413 3.45056e-05
4.42107e+07 0.904405 0.608945 0.0891998 2.568e-05
4.42107e+07 0.904405 0.608945 0.0891998 2.568e-05
3.29028e+07 0.73209 0.621573 0.153413 3.45056e-05
4.42107e+07 0.904405 0.608945 0.0891998 2.568e-05
3.69574e+07 0.978859 0.585463 0.256584 3.072e-05
1.16082e+07 0.23905 0.896829 0 9.78042e-05
1.59693e+07 0.447446 0.538418 0.0304139 7.10944e-05
1.27173e+07 0.305785 0.683233 0.0257927 8.92742e-05
3.37741e+07 0.739137 0.553141 0.153413 3.36154e-05
4.80258e+07 0.97114 0.621573 0.204998 2.364e-05
2.6353e+07 0.665355 0.608945 0.0376144 4.30816e-05
1.69201e+07 0.4781 0.850617 0.0515854 6.70995e-05
1.74075e+07 0.49304 0.644141 0.0900058 6.52208e-05
2.6353e+07 0.665355 0.608945 0.0376144 4.30816e-05
4.80258e+07 0.97114 0.621573 0.204998 2.364e-05
3.29028e+07 0.73209 0.621573 0.153413 3.45056e-05
3.29028e+07 0.73209 0.621573 0.153413 3.45056e-05
2.69091e+07 0.672402 0.540514 0.0376144 4.21914e-05
4.80258e+07 0.97114 0.621573 0.204998 2.364e-05
3.29028e+07 0.73209 0.621573 0.153413 3.45056e-05
3.29028e+07 0.73209 0.621573 0.153413 3.45056e-05
4.80258e+07 0.97114 0.621573 0.204998 2.364e-05
2.6353e+07 0.665355 0.608945 0.0376144 4.30816e-05
4.80258e+07 0.97114 0.621573 0.204998 2.364e-05
1.69201e+07 0.4781 0.850617 0.0515854 6.70995e-05
4.80258e+07 0.97114 0.621573 0.204998 2.364e-05
3.29028e+07 0.73209 0.621573 0.153413 3.45056e-05
2.6353e+07 0.665355 0.608945 0.0376144 4.30816e-05
3.29028e+07 0.73209 0.621573 0.153413 3.45056e-05
3.29028e+07 0.73209 0.621573 0.153413 3.45056e-05
1.74075e+07 0.49304 0.644141 0.0900058 6.52208e-05
3.29028e+07 0.73209 0.621573 0.153413 3.45056e-05
3.28881e+07 0.73209 0.54097 0.0900058 3.4521e-05
3.69574e+07 0.985906 0.517032 0.256584 3.072e-05
1.79014e+07 0.50696 0.723131 0.160237 6.34214e-05
1.16064e+07 0.23905 0.850617 0 9.78195e-05
4.80258e+07 0.97114 0.621573 0.204998 2.364e-05
3.29028e+07 0.73209 0.621573 0.153413 3.45056e-05
