3.09292e+07 0.424028 0.619641 0 4.17728e-05
7.00955e+07 0.876325 0.642359 0.0631039 1.8432e-05
3.09292e+07 0.424028 0.619641 0 4.17728e-05
9.87647e+07 0.819788 0.796332 0.0631039 1.30816e-05
2.81791e+07 0.367491 0.773615 0 4.58496e-05
3.09199e+07 0.424028 0.612069 0 4.17853e-05
3.09292e+07 0.424028 0.619641 0 4.17728e-05
2.81791e+07 0.367491 0.773615 0 4.58496e-05
1.78335e+07 0 1 0 7.2448e-05
2.81791e+07 0.367491 0.773615 0 4.58496e-05
3.09292e+07 0.424028 0.619641 0 4.17728e-05
2.81791e+07 0.367491 0.773615 0 4.58496e-05
9.87647e+07 0.819788 0.796332 0.0631039 1.30816e-05
1.78335e+07 0 1 0 7.2448e-05
9.87647e+07 0.819788 0.796332 0.0631039 1.30816e-05
3.09292e+07 0.424028 0.619641 0 4.17728e-05
3.09292e+07 0.424028 0.619641 0 4.17728e-05
3.09292e+07 0.424028 0.619641 0 4.17728e-05
2.81791e+07 0.367491 0.773615 0 4.58496e-05
2.88024e+07 0.381625 0.601972 0 4.48573e-05
3.09292e+07 0.424028 0.619641 0 4.17728e-05
2.81791e+07 0.367491 0.773615 0 4.58496e-05
2.81791e+07 0.367491 0.773615 0 4.58496e-05
1.88954e+07 0.0565371 0.838454 0 6.83766e-05
3.42728e+07 0.480565 0.538868 0.0403865 3.76975e-05
1.80829e+07 0.0141343 0.828357 0 7.14486e-05
3.16776e+07 0.438163 0.447998 0 4.07859e-05
2.00099e+07 0.109541 0.625794 0 6.4568e-05
9.87647e+07 0.819788 0.796332 0.0631039 1.30816e-05
3.09292e+07 0.424028 0.619641 0 4.17728e-05
2.88024e+07 0.381625 0.601972 0 4.48573e-05
2.81791e+07 0.367491 0.773615 0 4.58496e-05
3.09292e+07 0.424028 0.619641 0 4.17728e-05
3.14863e+07 0.434629 0.462512 0.0403865 4.10337e-05
9.87647e+07 0.819788 0.796332 0.0631039 1.30816e-05
2.81791e+07 0.367491 0.773615 0 4.58496e-05
3.09292e+07 0.424028 0.619641 0 4.17728e-05
2.81791e+07 0.367491 0.773615 0 4.58496e-05
3.09292e+07 0.424028 0.619641 0 4.17728e-05
1.88228e+07 0.0530035 0.779767 0 6.864e-05
2.81791e+07 0.367491 0.773615 0 4.58496e-05
7.00955e+07 0.876325 0.642359 0.0631039 1.8432e-05
2.81791e+07 0.367491 0.773615 0 4.58496e-05
3.16776e+07 0.438163 0.447998 0 4.07859e-05
2.81791e+07 0.367491 0.773615 0 4.58496e-05
2.81791e+07 0.367491 0.773615 0 4.58496e-05
3.09292e+07 0.424028 0.619641 0 4.17728e-05
3.14863e+07 0.434629 0.462512 0.0403865 4.10337e-05
7.00955e+07 0.876325 0.642359 0.0631039 1.8432e-05
1.88228e+07 0.0530035 0.779767 0 6.864e-05
3.07268e+07 0.420495 0.553382 0 4.2048e-05
1.88968e+07 0.0565371 0.846026 0 6.83712e-05
3.09292e+07 0.424028 0.619641 0 4.17728e-05
3.09292e+07 0.424028 0.619641 0 4.17728e-05
2.88024e+07 0.381625 0.601972 0 4.48573e-05
1.88228e+07 0.0530035 0.779767 0 6.864e-05
3.16776e+07 0.438163 0.447998 0 4.07859e-05
2.81791e+07 0.367491 0.773615 0 4.58496e-05
3.09292e+07 0.424028 0.619641 0 4.17728e-05
3.09292e+07 0.424028 0.619641 0 4.17728e-05
3.09292e+07 0.424028 0.619641 0 4.17728e-05
2.81791e+07 0.367491 0.773615 0 4.58496e-05
3.09292e+07 0.424028 0.619641 0 4.17728e-05
3.09292e+07 0.424028 0.619641 0 4.17728e-05
7.00955e+07 0.876325 0.642359 0.0631039 1.8432e-05
3.09292e+07 0.424028 0.619641 0 4.17728e-05
2.81791e+07 0.367491 0.773615 0 4.58496e-05
3.09292e+07 0.424028 0.619641 0 4.17728e-05
1.78335e+07 0 1 0 7.2448e-05
7.00955e+07 0.876325 0.642359 0.0631039 1.8432e-05
7.00955e+07 0.876325 0.642359 0.0631039 1.8432e-05
3.09199e+07 0.424028 0.612069 0 4.17853e-05
3.16776e+07 0.438163 0.447998 0 4.07859e-05
3.49545e+07 0.491166 0.308539 0.0403865 3.69623e-05
5.64685e+07 1 0.492802 0.265036 2.288e-05
3.09292e+07 0.424028 0.619641 0 4.17728e-05
3.42728e+07 0.480565 0.538868 0.0403865 3.76975e-05
3.09292e+07 0.424028 0.619641 0 4.17728e-05
1.78335e+07 0 1 0 7.2448e-05
1.91803e+07 0.0706714 0.828357 0.080773 6.73608e-05
3.09292e+07 0.424028 0.619641 0 4.17728e-05
3.40215e+07 0.477032 0.399408 0 3.7976e-05
