2.73583e+07 0.63881 0.599708 0.102825 4.95959e-05
1.87086e+07 0.471278 0.658884 0.0488391 7.25258e-05
1.62931e+07 0.392774 0.687308 0.0554388 8.32782e-05
4.38136e+07 0.798435 0.614726 0.0727447 3.09689e-05
1.58203e+07 0.374607 0.695047 0.0608449 8.5767e-05
2.35825e+07 0.580849 0.614726 0.0357457 5.75366e-05
3.63973e+07 0.728657 0.617113 0.141078 3.72791e-05
2.15516e+07 0.541056 0.695484 0 6.29587e-05
2.33652e+07 0.576507 0.808774 0.073998 5.80719e-05
4.42395e+07 0.776783 0.671163 0.0990972 3.06708e-05
1.99478e+07 0.504272 0.614801 0.0670797 6.80205e-05
4.38136e+07 0.798435 0.614726 0.0727447 3.09689e-05
2.68011e+07 0.630903 0.784381 0.073998 5.0627e-05
1.95927e+07 0.495165 0.694296 0.182847 6.92533e-05
2.20943e+07 0.552399 0.668851 0.0250992 6.14121e-05
3.10973e+07 0.682064 0.73057 0.0858381 4.36327e-05
4.38136e+07 0.856395 0.599708 0.139824 3.09689e-05
2.46555e+07 0.599016 0.643986 0.0488391 5.50328e-05
4.38136e+07 0.798435 0.614726 0.0727447 3.09689e-05
2.63169e+07 0.624104 0.782068 0.036999 5.15585e-05
2.46555e+07 0.599016 0.643986 0.0488391 5.50328e-05
4.38136e+07 0.798435 0.614726 0.0727447 3.09689e-05
1.66755e+07 0.406518 0.782068 0 8.13683e-05
1.75275e+07 0.43517 0.893045 0.036999 7.74131e-05
3.10973e+07 0.682064 0.73057 0.0858381 4.36327e-05
1.88437e+07 0.474964 0.740795 0.036999 7.2006e-05
1.84751e+07 0.464479 0.73057 0.0488391 7.34425e-05
2.11999e+07 0.533487 0.722611 0.127184 6.40031e-05
1.23807e+07 0.200276 0.86239 0.0250992 0.000109595
4.41686e+07 0.816601 0.643986 0.0858381 3.072e-05
1.66755e+07 0.406518 0.782068 0 8.13683e-05
2.15516e+07 0.541056 0.695484 0 6.29587e-05
4.41686e+07 0.816601 0.643986 0.0858381 3.072e-05
1.29166e+07 0.233833 0.732448 0.0250992 0.000105048
2.76457e+07 0.642246 0.757747 0.0990972 4.90804e-05
2.15516e+07 0.541056 0.695484 0 6.29587e-05
4.38136e+07 0.856395 0.599708 0.139824 3.09689e-05
2.94002e+07 0.663897 0.629818 0.036999 4.61514e-05
4.38136e+07 0.856395 0.599708 0.139824 3.09689e-05
2.49183e+07 0.603264 0.676519 0.036999 5.44524e-05
3.01892e+07 0.672756 0.614549 0.160047 4.49452e-05
1.84751e+07 0.464479 0.73057 0.0488391 7.34425e-05
2.35825e+07 0.580849 0.614726 0.0357457 5.75366e-05
1.84751e+07 0.464479 0.73057 0.0488391 7.34425e-05
2.63169e+07 0.624104 0.782068 0.036999 5.15585e-05
2.71307e+07 0.635446 0.755435 0.0620982 5.0012e-05
2.53684e+07 0.610359 0.617352 0.0739383 5.34863e-05
2.88639e+07 0.65766 0.652126 0.036999 4.70089e-05
3.10973e+07 0.682064 0.73057 0.0858381 4.36327e-05
1.35452e+07 0.269284 0.790914 0.0716855 0.000100173
1.27294e+07 0.22249 0.759081 0 0.000106593
1.67716e+07 0.410083 0.694283 0.0184995 8.09023e-05
1.99478e+07 0.504272 0.614801 0.0670797 6.80205e-05
4.38136e+07 0.856395 0.599708 0.139824 3.09689e-05
2.35825e+07 0.580849 0.614726 0.0357457 5.75366e-05
1.88694e+07 0.475526 0.834789 0.108684 7.19081e-05
1.31443e+07 0.246894 0.800525 0.0303396 0.000103228
1.69986e+07 0.417861 0.755435 0.0250992 7.98218e-05
4.38136e+07 0.856395 0.599708 0.139824 3.09689e-05
2.73583e+07 0.63881 0.599708 0.102825 4.95959e-05
2.73583e+07 0.63881 0.599708 0.102825 4.95959e-05
1.69986e+07 0.417861 0.755435 0.0250992 7.98218e-05
4.41686e+07 0.823401 0.646298 0.122837 3.072e-05
1.87086e+07 0.471278 0.658884 0.0488391 7.25258e-05
2.73583e+07 0.63881 0.599708 0.102825 4.95959e-05
3.551e+07 0.721858 0.614801 0.104079 3.82107e-05
2.42339e+07 0.592192 0.588092 0.0608449 5.59901e-05
3.22401e+07 0.693407 0.703936 0.110937 4.20861e-05
2.57714e+07 0.616301 0.728015 0.109744 5.26499e-05
3.10973e+07 0.682064 0.73057 0.0858381 4.36327e-05
1.84751e+07 0.464479 0.73057 0.0488391 7.34425e-05
2.15516e+07 0.541056 0.695484 0 6.29587e-05
2.46555e+07 0.599016 0.643986 0.0488391 5.50328e-05
1.96944e+07 0.498035 0.600628 0.0488391 6.88959e-05
1.3749e+07 0.28045 0.670583 0.0303396 9.86878e-05
2.73583e+07 0.63881 0.599708 0.102825 4.95959e-05
2.73583e+07 0.63881 0.595666 0.0843259 4.95959e-05
3.10973e+07 0.682064 0.73057 0.0858381 4.36327e-05
2.0913e+07 0.527076 0.696341 0.063036 6.48813e-05
1.91647e+07 0.483822 0.725526 0.160047 7.07998e-05
3.10973e+07 0.682064 0.73057 0.0858381 4.36327e-05
1.96944e+07 0.498035 0.600628 0.0488391 6.88959e-05
