3.27284e+07 0.778065 0.473271 0.0570007 3.94126e-05
1.01504e+07 0.282538 0.728748 0 0.00012708
1.15279e+07 0.368428 0.643759 0 0.000111894
1.44277e+07 0.495527 0.630521 0 8.94051e-05
1.01504e+07 0.282538 0.728748 0 0.00012708
3.27284e+07 0.778065 0.473271 0.0570007 3.94126e-05
1.01504e+07 0.282538 0.728748 0 0.00012708
3.27284e+07 0.778065 0.473271 0.0570007 3.94126e-05
1.44277e+07 0.495527 0.630521 0 8.94051e-05
1.44277e+07 0.495527 0.630521 0 8.94051e-05
3.27284e+07 0.778065 0.473271 0.0570007 3.94126e-05
3.27284e+07 0.778065 0.473271 0.0570007 3.94126e-05
1.44277e+07 0.495527 0.630521 0 8.94051e-05
1.73828e+07 0.581416 0.586456 0.0204619 7.42061e-05
1.73828e+07 0.581416 0.586456 0.0204619 7.42061e-05
1.01504e+07 0.282538 0.728748 0 0.00012708
1.44277e+07 0.495527 0.630521 0 8.94051e-05
1.44277e+07 0.495527 0.630521 0 8.94051e-05
1.01504e+07 0.282538 0.728748 0 0.00012708
3.27284e+07 0.778065 0.473271 0.0570007 3.94126e-05
3.27284e+07 0.778065 0.473271 0.0570007 3.94126e-05
3.27284e+07 0.778065 0.473271 0.0570007 3.94126e-05
1.44277e+07 0.495527 0.630521 0 8.94051e-05
1.44277e+07 0.495527 0.630521 0 8.94051e-05
1.44277e+07 0.495527 0.630521 0 8.94051e-05
3.27284e+07 0.778065 0.473271 0.0570007 3.94126e-05
3.27284e+07 0.778065 0.473271 0.0570007 3.94126e-05
1.44277e+07 0.495527 0.630521 0 8.94051e-05
3.27284e+07 0.778065 0.473271 0.0570007 3.94126e-05
1.44277e+07 0.495527 0.630521 0 8.94051e-05
7.28572e+06 0 1 0 0.000177046
7.28572e+06 0 1 0 0.000177046
3.27284e+07 0.778065 0.473271 0.0570007 3.94126e-05
3.27284e+07 0.778065 0.473271 0.0570007 3.94126e-05
3.27284e+07 0.778065 0.473271 0.0570007 3.94126e-05
1.44277e+07 0.495527 0.630521 0 8.94051e-05
1.44277e+07 0.495527 0.630521 0 8.94051e-05
1.44277e+07 0.495527 0.630521 0 8.94051e-05
1.01504e+07 0.282538 0.728748 0 0.00012708
3.27284e+07 0.778065 0.473271 0.0570007 3.94126e-05
1.44277e+07 0.495527 0.630521 0 8.94051e-05
3.27284e+07 0.778065 0.473271 0.0570007 3.94126e-05
1.01504e+07 0.282538 0.728748 0 0.00012708
3.27284e+07 0.778065 0.473271 0.0570007 3.94126e-05
1.44277e+07 0.495527 0.630521 0 8.94051e-05
3.27284e+07 0.778065 0.473271 0.0570007 3.94126e-05
3.27284e+07 0.778065 0.473271 0.0570007 3.94126e-05
3.27284e+07 0.778065 0.473271 0.0570007 3.94126e-05
1.44277e+07 0.495527 0.630521 0 8.94051e-05
1.44277e+07 0.495527 0.630521 0 8.94051e-05
1.73828e+07 0.581416 0.586456 0.0204619 7.42061e-05
3.27284e+07 0.778065 0.473271 0.0570007 3.94126e-05
7.28572e+06 0 1 0 0.000177046
3.27284e+07 0.778065 0.473271 0.0570007 3.94126e-05
3.27284e+07 0.778065 0.473271 0.0570007 3.94126e-05
7.28572e+06 0 1 0 0.000177046
3.27284e+07 0.778065 0.473271 0.0570007 3.94126e-05
1.01504e+07 0.282538 0.728748 0 0.00012708
7.28572e+06 0 1 0 0.000177046
1.01504e+07 0.282538 0.728748 0 0.00012708
1.44277e+07 0.495527 0.630521 0 8.94051e-05
3.27284e+07 0.778065 0.473271 0.0570007 3.94126e-05
1.44277e+07 0.495527 0.630521 0 8.94051e-05
1.44277e+07 0.495527 0.630521 0 8.94051e-05
1.44277e+07 0.495527 0.630521 0 8.94051e-05
7.28572e+06 0 1 0 0.000177046
1.01504e+07 0.282538 0.728748 0 0.00012708
1.01504e+07 0.282538 0.728748 0 0.00012708
1.01504e+07 0.282538 0.728748 0 0.00012708
3.27284e+07 0.778065 0.473271 0.0570007 3.94126e-05
1.01504e+07 0.282538 0.728748 0 0.00012708
1.44277e+07 0.495527 0.630521 0 8.94051e-05
3.27284e+07 0.778065 0.473271 0.0570007 3.94126e-05
7.28572e+06 0 1 0 0.000177046
3.27284e+07 0.778065 0.473271 0.0570007 3.94126e-05
3.27284e+07 0.778065 0.473271 0.0570007 3.94126e-05
3.27284e+07 0.778065 0.473271 0.0570007 3.94126e-05
3.27284e+07 0.778065 0.473271 0.0570007 3.94126e-05
1.44277e+07 0.495527 0.630521 0 8.94051e-05
1.73828e+07 0.581416 0.586456 0.0204619 7.42061e-05
3.27284e+07 0.778065 0.473271 0.0570007 3.94126e-05
3.27284e+07 0.778065 0.473271 0.0570007 3.94126e-05
1.01504e+07 0.282538 0.728748 0 0.00012708
3.27284e+07 0.778065 0.473271 0.0570007 3.94126e-05
3.27284e+07 0.778065 0.473271 0.0570007 3.94126e-05
3.27284e+07 0.778065 0.473271 0.0570007 3.94126e-05
1.44277e+07 0.495527 0.630521 0 8.94051e-05
3.27284e+07 0.778065 0.473271 0.0570007 3.94126e-05
1.44277e+07 0.495527 0.630521 0 8.94051e-05
1.73828e+07 0.581416 0.586456 0.0204619 7.42061e-05
3.27284e+07 0.778065 0.473271 0.0570007 3.94126e-05
3.27284e+07 0.778065 0.473271 0.0570007 3.94126e-05
1.01504e+07 0.282538 0.728748 0 0.00012708
3.27284e+07 0.778065 0.473271 0.0570007 3.94126e-05
1.01504e+07 0.282538 0.728748 0 0.00012708
3.27284e+07 0.778065 0.473271 0.0570007 3.94126e-05
1.44277e+07 0.495527 0.630521 0 8.94051e-05
1.73828e+07 0.581416 0.586456 0.0204619 7.42061e-05
1.01504e+07 0.282538 0.728748 0 0.00012708
3.27284e+07 0.778065 0.473271 0.0570007 3.94126e-05
