1.038e+07 0.480357 0.590131 0.0375862 9.55648e-05
6.3448e+06 0.149345 0.823569 0 0.000156342
7.19166e+06 0.249652 0.701274 0 0.000137932
1.07503e+07 0.498189 0.691389 0.0538549 9.22726e-05
6.3448e+06 0.149345 0.823569 0 0.000156342
1.038e+07 0.480357 0.590131 0.0375862 9.55648e-05
7.89528e+06 0.316523 0.715859 0 0.00012564
1.038e+07 0.480357 0.590131 0.0375862 9.55648e-05
1.07503e+07 0.498189 0.691389 0.0538549 9.22726e-05
1.07503e+07 0.498189 0.691389 0.0538549 9.22726e-05
1.038e+07 0.480357 0.590131 0.0375862 9.55648e-05
1.038e+07 0.480357 0.590131 0.0375862 9.55648e-05
1.07503e+07 0.498189 0.691389 0.0538549 9.22726e-05
9.48485e+06 0.431318 0.569093 0 0.000104584
9.48485e+06 0.431318 0.569093 0 0.000104584
6.3448e+06 0.149345 0.823569 0 0.000156342
1.07503e+07 0.498189 0.691389 0.0538549 9.22726e-05
1.07503e+07 0.498189 0.691389 0.0538549 9.22726e-05
7.7378e+06 0.302591 0.749519 0 0.000128197
1.038e+07 0.480357 0.590131 0.0375862 9.55648e-05
1.038e+07 0.480357 0.590131 0.0375862 9.55648e-05
1.038e+07 0.480357 0.590131 0.0375862 9.55648e-05
1.07503e+07 0.498189 0.691389 0.0538549 9.22726e-05
1.04584e+07 0.484257 0.617338 0 9.4848e-05
1.07503e+07 0.498189 0.691389 0.0538549 9.22726e-05
1.038e+07 0.480357 0.590131 0.0375862 9.55648e-05
1.038e+07 0.480357 0.590131 0.0375862 9.55648e-05
1.07503e+07 0.498189 0.691389 0.0538549 9.22726e-05
1.038e+07 0.480357 0.590131 0.0375862 9.55648e-05
1.07503e+07 0.498189 0.691389 0.0538549 9.22726e-05
6.37462e+06 0.153246 0.92595 0 0.000155611
6.48119e+06 0.167177 0.89229 0 0.000153052
1.038e+07 0.480357 0.590131 0.0375862 9.55648e-05
1.038e+07 0.480357 0.590131 0.0375862 9.55648e-05
1.038e+07 0.480357 0.590131 0.0375862 9.55648e-05
1.04584e+07 0.484257 0.617338 0 9.4848e-05
1.07503e+07 0.498189 0.691389 0.0538549 9.22726e-05
1.07503e+07 0.498189 0.691389 0.0538549 9.22726e-05
6.3448e+06 0.149345 0.823569 0 0.000156342
1.038e+07 0.480357 0.590131 0.0375862 9.55648e-05
1.04584e+07 0.484257 0.617338 0 9.4848e-05
1.038e+07 0.480357 0.590131 0.0375862 9.55648e-05
6.3448e+06 0.149345 0.823569 0 0.000156342
1.038e+07 0.480357 0.590131 0.0375862 9.55648e-05
1.07503e+07 0.498189 0.691389 0.0538549 9.22726e-05
1.038e+07 0.480357 0.590131 0.0375862 9.55648e-05
1.038e+07 0.480357 0.590131 0.0375862 9.55648e-05
1.038e+07 0.480357 0.590131 0.0375862 9.55648e-05
8.0652e+06 0.331011 0.691389 0 0.000122993
1.04584e+07 0.484257 0.617338 0 9.4848e-05
9.48485e+06 0.431318 0.569093 0 0.000104584
1.038e+07 0.480357 0.590131 0.0375862 9.55648e-05
6.48119e+06 0.167177 0.89229 0 0.000153052
1.038e+07 0.480357 0.590131 0.0375862 9.55648e-05
1.038e+07 0.480357 0.590131 0.0375862 9.55648e-05
6.48119e+06 0.167177 0.89229 0 0.000153052
1.038e+07 0.480357 0.590131 0.0375862 9.55648e-05
6.3448e+06 0.149345 0.823569 0 0.000156342
6.48119e+06 0.167177 0.89229 0 0.000153052
6.3448e+06 0.149345 0.823569 0 0.000156342
1.04584e+07 0.484257 0.617338 0 9.4848e-05
1.038e+07 0.480357 0.590131 0.0375862 9.55648e-05
1.07503e+07 0.498189 0.691389 0.0538549 9.22726e-05
1.04584e+07 0.484257 0.617338 0 9.4848e-05
1.07503e+07 0.498189 0.691389 0.0538549 9.22726e-05
6.48119e+06 0.167177 0.89229 0 0.000153052
6.3448e+06 0.149345 0.823569 0 0.000156342
7.7378e+06 0.302591 0.749519 0 0.000128197
6.3448e+06 0.149345 0.823569 0 0.000156342
1.038e+07 0.480357 0.590131 0.0375862 9.55648e-05
7.89528e+06 0.316523 0.715859 0 0.00012564
1.07503e+07 0.498189 0.691389 0.0538549 9.22726e-05
1.038e+07 0.480357 0.590131 0.0375862 9.55648e-05
6.48119e+06 0.167177 0.89229 0 0.000153052
1.038e+07 0.480357 0.590131 0.0375862 9.55648e-05
1.038e+07 0.480357 0.590131 0.0375862 9.55648e-05
1.038e+07 0.480357 0.590131 0.0375862 9.55648e-05
1.038e+07 0.480357 0.590131 0.0375862 9.55648e-05
8.0652e+06 0.331011 0.691389 0 0.000122993
9.48485e+06 0.431318 0.569093 0 0.000104584
1.038e+07 0.480357 0.590131 0.0375862 9.55648e-05
1.038e+07 0.480357 0.590131 0.0375862 9.55648e-05
6.3448e+06 0.149345 0.823569 0 0.000156342
1.038e+07 0.480357 0.590131 0.0375862 9.55648e-05
1.038e+07 0.480357 0.590131 0.0375862 9.55648e-05
1.038e+07 0.480357 0.590131 0.0375862 9.55648e-05
1.07503e+07 0.498189 0.691389 0.0538549 9.22726e-05
1.038e+07 0.480357 0.590131 0.0375862 9.55648e-05
8.0652e+06 0.331011 0.691389 0 0.000122993
9.48485e+06 0.431318 0.569093 0 0.000104584
1.038e+07 0.480357 0.590131 0.0375862 9.55648e-05
1.038e+07 0.480357 0.590131 0.0375862 9.55648e-05
6.3448e+06 0.149345 0.823569 0 0.000156342
1.038e+07 0.480357 0.590131 0.0375862 9.55648e-05
7.89528e+06 0.316523 0.715859 0 0.00012564
1.038e+07 0.480357 0.590131 0.0375862 9.55648e-05
1.07503e+07 0.498189 0.691389 0.0538549 9.22726e-05
9.48485e+06 0.431318 0.569093 0 0.000104584
7.89528e+06 0.316523 0.715859 0 0.00012564
1.038e+07 0.480357 0.590131 0.0375862 9.55648e-05
