2.48824e+07 0.495879 0.680363 0 5.87726e-05
1.65743e+07 0.242664 0.829651 0 8.8233e-05
2.01185e+07 0.376305 0.725311 0 7.26893e-05
2.54267e+07 0.506429 0.850712 0.0516766 5.75143e-05
1.65743e+07 0.242664 0.829651 0 8.8233e-05
2.48824e+07 0.495879 0.680363 0 5.87726e-05
2.48886e+07 0.495879 0.726298 0 5.87578e-05
2.48824e+07 0.495879 0.680363 0 5.87726e-05
2.54267e+07 0.506429 0.850712 0.0516766 5.75143e-05
2.54267e+07 0.506429 0.850712 0.0516766 5.75143e-05
2.48824e+07 0.495879 0.680363 0 5.87726e-05
2.48824e+07 0.495879 0.680363 0 5.87726e-05
2.54267e+07 0.506429 0.850712 0.0516766 5.75143e-05
2.0468e+07 0.386856 0.798049 0.0258383 7.14481e-05
2.0468e+07 0.386856 0.798049 0.0258383 7.14481e-05
1.65743e+07 0.242664 0.829651 0 8.8233e-05
2.54267e+07 0.506429 0.850712 0.0516766 5.75143e-05
2.54267e+07 0.506429 0.850712 0.0516766 5.75143e-05
1.65743e+07 0.242664 0.829651 0 8.8233e-05
2.48824e+07 0.495879 0.680363 0 5.87726e-05
2.48824e+07 0.495879 0.680363 0 5.87726e-05
2.48824e+07 0.495879 0.680363 0 5.87726e-05
2.54267e+07 0.506429 0.850712 0.0516766 5.75143e-05
1.68081e+07 0.253215 0.850712 0 8.70055e-05
2.54267e+07 0.506429 0.850712 0.0516766 5.75143e-05
2.48824e+07 0.495879 0.680363 0 5.87726e-05
2.48824e+07 0.495879 0.680363 0 5.87726e-05
2.54267e+07 0.506429 0.850712 0.0516766 5.75143e-05
2.48824e+07 0.495879 0.680363 0 5.87726e-05
2.54267e+07 0.506429 0.850712 0.0516766 5.75143e-05
1.25563e+07 0 1 0 0.000116467
1.6991e+07 0.261128 0.899877 0.0516766 8.60691e-05
2.48824e+07 0.495879 0.680363 0 5.87726e-05
2.48824e+07 0.495879 0.680363 0 5.87726e-05
2.48824e+07 0.495879 0.680363 0 5.87726e-05
1.68081e+07 0.253215 0.850712 0 8.70055e-05
2.54267e+07 0.506429 0.850712 0.0516766 5.75143e-05
2.54267e+07 0.506429 0.850712 0.0516766 5.75143e-05
1.65743e+07 0.242664 0.829651 0 8.8233e-05
2.48824e+07 0.495879 0.680363 0 5.87726e-05
1.68081e+07 0.253215 0.850712 0 8.70055e-05
2.48824e+07 0.495879 0.680363 0 5.87726e-05
1.65743e+07 0.242664 0.829651 0 8.8233e-05
2.48824e+07 0.495879 0.680363 0 5.87726e-05
2.54267e+07 0.506429 0.850712 0.0516766 5.75143e-05
2.48824e+07 0.495879 0.680363 0 5.87726e-05
2.48824e+07 0.495879 0.680363 0 5.87726e-05
2.48824e+07 0.495879 0.680363 0 5.87726e-05
1.68081e+07 0.253215 0.850712 0 8.70055e-05
1.68081e+07 0.253215 0.850712 0 8.70055e-05
2.0468e+07 0.386856 0.798049 0.0258383 7.14481e-05
2.48824e+07 0.495879 0.680363 0 5.87726e-05
1.6811e+07 0.253215 0.896647 0 8.69907e-05
2.48824e+07 0.495879 0.680363 0 5.87726e-05
2.48824e+07 0.495879 0.680363 0 5.87726e-05
1.6991e+07 0.261128 0.899877 0.0516766 8.60691e-05
2.48824e+07 0.495879 0.680363 0 5.87726e-05
1.65743e+07 0.242664 0.829651 0 8.8233e-05
1.6811e+07 0.253215 0.896647 0 8.69907e-05
1.65743e+07 0.242664 0.829651 0 8.8233e-05
1.68081e+07 0.253215 0.850712 0 8.70055e-05
2.48824e+07 0.495879 0.680363 0 5.87726e-05
2.54267e+07 0.506429 0.850712 0.0516766 5.75143e-05
1.68081e+07 0.253215 0.850712 0 8.70055e-05
2.54267e+07 0.506429 0.850712 0.0516766 5.75143e-05
1.6811e+07 0.253215 0.896647 0 8.69907e-05
1.65743e+07 0.242664 0.829651 0 8.8233e-05
1.65743e+07 0.242664 0.829651 0 8.8233e-05
1.65743e+07 0.242664 0.829651 0 8.8233e-05
2.48824e+07 0.495879 0.680363 0 5.87726e-05
2.48886e+07 0.495879 0.726298 0 5.87578e-05
2.54267e+07 0.506429 0.850712 0.0516766 5.75143e-05
2.48824e+07 0.495879 0.680363 0 5.87726e-05
1.6811e+07 0.253215 0.896647 0 8.69907e-05
2.48824e+07 0.495879 0.680363 0 5.87726e-05
2.48824e+07 0.495879 0.680363 0 5.87726e-05
2.48824e+07 0.495879 0.680363 0 5.87726e-05
2.48824e+07 0.495879 0.680363 0 5.87726e-05
1.68081e+07 0.253215 0.850712 0 8.70055e-05
2.0468e+07 0.386856 0.798049 0.0258383 7.14481e-05
2.48824e+07 0.495879 0.680363 0 5.87726e-05
2.48824e+07 0.495879 0.680363 0 5.87726e-05
1.65743e+07 0.242664 0.829651 0 8.8233e-05
2.48824e+07 0.495879 0.680363 0 5.87726e-05
2.48824e+07 0.495879 0.680363 0 5.87726e-05
2.48824e+07 0.495879 0.680363 0 5.87726e-05
2.54267e+07 0.506429 0.850712 0.0516766 5.75143e-05
2.48824e+07 0.495879 0.680363 0 5.87726e-05
1.68081e+07 0.253215 0.850712 0 8.70055e-05
2.0468e+07 0.386856 0.798049 0.0258383 7.14481e-05
2.48824e+07 0.495879 0.680363 0 5.87726e-05
2.48824e+07 0.495879 0.680363 0 5.87726e-05
1.65743e+07 0.242664 0.829651 0 8.8233e-05
2.48824e+07 0.495879 0.680363 0 5.87726e-05
2.48886e+07 0.495879 0.726298 0 5.87578e-05
2.48824e+07 0.495879 0.680363 0 5.87726e-05
2.54267e+07 0.506429 0.850712 0.0516766 5.75143e-05
2.0468e+07 0.386856 0.798049 0.0258383 7.14481e-05
2.48886e+07 0.495879 0.726298 0 5.87578e-05
2.48824e+07 0.495879 0.680363 0 5.87726e-05
