2.27515e+07 0.65836 0.54704 0.0301326 6.04795e-05
2.27577e+07 0.65836 0.616211 0.0318066 6.04631e-05
1.5023e+07 0.482179 0.604761 0 9.15927e-05
9.45102e+06 0.176181 0.882014 0 0.000145593
1.5023e+07 0.482179 0.604761 0 9.15927e-05
2.27515e+07 0.65836 0.54704 0.0301326 6.04795e-05
1.5023e+07 0.482179 0.604761 0 9.15927e-05
2.27515e+07 0.65836 0.54704 0.0301326 6.04795e-05
9.45102e+06 0.176181 0.882014 0 0.000145593
9.45102e+06 0.176181 0.882014 0 0.000145593
2.27515e+07 0.65836 0.54704 0.0301326 6.04795e-05
2.27515e+07 0.65836 0.54704 0.0301326 6.04795e-05
9.45102e+06 0.176181 0.882014 0 0.000145593
9.45102e+06 0.176181 0.882014 0 0.000145593
9.45102e+06 0.176181 0.882014 0 0.000145593
2.27577e+07 0.65836 0.616211 0.0318066 6.04631e-05
9.45102e+06 0.176181 0.882014 0 0.000145593
9.45102e+06 0.176181 0.882014 0 0.000145593
1.5023e+07 0.482179 0.604761 0 9.15927e-05
2.27515e+07 0.65836 0.54704 0.0301326 6.04795e-05
2.27515e+07 0.65836 0.54704 0.0301326 6.04795e-05
2.27515e+07 0.65836 0.54704 0.0301326 6.04795e-05
9.45102e+06 0.176181 0.882014 0 0.000145593
9.45102e+06 0.176181 0.882014 0 0.000145593
9.45102e+06 0.176181 0.882014 0 0.000145593
2.27515e+07 0.65836 0.54704 0.0301326 6.04795e-05
2.27515e+07 0.65836 0.54704 0.0301326 6.04795e-05
9.45102e+06 0.176181 0.882014 0 0.000145593
2.27515e+07 0.65836 0.54704 0.0301326 6.04795e-05
9.45102e+06 0.176181 0.882014 0 0.000145593
9.45225e+06 0.176181 0.947837 0 0.000145574
7.83002e+06 0.00550565 0.92112 0 0.000175734
2.27515e+07 0.65836 0.54704 0.0301326 6.04795e-05
2.27515e+07 0.65836 0.54704 0.0301326 6.04795e-05
2.27515e+07 0.65836 0.54704 0.0301326 6.04795e-05
9.45102e+06 0.176181 0.882014 0 0.000145593
9.45102e+06 0.176181 0.882014 0 0.000145593
9.45102e+06 0.176181 0.882014 0 0.000145593
1.5023e+07 0.482179 0.604761 0 9.15927e-05
2.27515e+07 0.65836 0.54704 0.0301326 6.04795e-05
9.45102e+06 0.176181 0.882014 0 0.000145593
2.27515e+07 0.65836 0.54704 0.0301326 6.04795e-05
1.5023e+07 0.482179 0.604761 0 9.15927e-05
2.27515e+07 0.65836 0.54704 0.0301326 6.04795e-05
9.45102e+06 0.176181 0.882014 0 0.000145593
2.27515e+07 0.65836 0.54704 0.0301326 6.04795e-05
2.27515e+07 0.65836 0.54704 0.0301326 6.04795e-05
2.27515e+07 0.65836 0.54704 0.0301326 6.04795e-05
1.20197e+07 0.352362 0.829851 0 0.000114479
9.45102e+06 0.176181 0.882014 0 0.000145593
9.45102e+06 0.176181 0.882014 0 0.000145593
2.27515e+07 0.65836 0.54704 0.0301326 6.04795e-05
7.7876e+06 0 1 0 0.000176691
2.27515e+07 0.65836 0.54704 0.0301326 6.04795e-05
2.27515e+07 0.65836 0.54704 0.0301326 6.04795e-05
7.83002e+06 0.00550565 0.92112 0 0.000175734
2.27515e+07 0.65836 0.54704 0.0301326 6.04795e-05
2.27577e+07 0.65836 0.616211 0.0318066 6.04631e-05
7.7876e+06 0 1 0 0.000176691
1.5023e+07 0.482179 0.604761 0 9.15927e-05
9.45102e+06 0.176181 0.882014 0 0.000145593
2.27515e+07 0.65836 0.54704 0.0301326 6.04795e-05
9.45102e+06 0.176181 0.882014 0 0.000145593
9.45102e+06 0.176181 0.882014 0 0.000145593
9.45102e+06 0.176181 0.882014 0 0.000145593
9.45225e+06 0.176181 0.947837 0 0.000145574
1.5023e+07 0.482179 0.604761 0 9.15927e-05
1.5023e+07 0.482179 0.604761 0 9.15927e-05
1.5023e+07 0.482179 0.604761 0 9.15927e-05
2.27515e+07 0.65836 0.54704 0.0301326 6.04795e-05
1.5023e+07 0.482179 0.604761 0 9.15927e-05
9.45102e+06 0.176181 0.882014 0 0.000145593
2.27515e+07 0.65836 0.54704 0.0301326 6.04795e-05
7.7876e+06 0 1 0 0.000176691
2.27515e+07 0.65836 0.54704 0.0301326 6.04795e-05
2.27515e+07 0.65836 0.54704 0.0301326 6.04795e-05
2.27515e+07 0.65836 0.54704 0.0301326 6.04795e-05
2.27515e+07 0.65836 0.54704 0.0301326 6.04795e-05
9.45102e+06 0.176181 0.882014 0 0.000145593
9.45102e+06 0.176181 0.882014 0 0.000145593
2.27515e+07 0.65836 0.54704 0.0301326 6.04795e-05
2.27515e+07 0.65836 0.54704 0.0301326 6.04795e-05
2.27577e+07 0.65836 0.616211 0.0318066 6.04631e-05
2.27515e+07 0.65836 0.54704 0.0301326 6.04795e-05
2.27515e+07 0.65836 0.54704 0.0301326 6.04795e-05
2.27515e+07 0.65836 0.54704 0.0301326 6.04795e-05
9.45102e+06 0.176181 0.882014 0 0.000145593
2.27515e+07 0.65836 0.54704 0.0301326 6.04795e-05
1.20197e+07 0.352362 0.829851 0 0.000114479
9.45102e+06 0.176181 0.882014 0 0.000145593
2.27515e+07 0.65836 0.54704 0.0301326 6.04795e-05
2.27515e+07 0.65836 0.54704 0.0301326 6.04795e-05
2.27577e+07 0.65836 0.616211 0.0318066 6.04631e-05
2.27515e+07 0.65836 0.54704 0.0301326 6.04795e-05
1.5023e+07 0.482179 0.604761 0 9.15927e-05
2.27515e+07 0.65836 0.54704 0.0301326 6.04795e-05
9.45102e+06 0.176181 0.882014 0 0.000145593
9.45102e+06 0.176181 0.882014 0 0.000145593
1.5023e+07 0.482179 0.604761 0 9.15927e-05
2.27515e+07 0.65836 0.54704 0.0301326 6.04795e-05
