1.56858e+07 0.42888 0.718742 0.0390352 6.34482e-05
1.4338e+07 0.375078 0.761284 0 6.94121e-05
1.10308e+07 0.187539 0.825301 0 9.02232e-05
1.732e+07 0.482683 0.81537 0.0642992 5.74614e-05
1.10308e+07 0.187539 0.825301 0 9.02232e-05
1.56858e+07 0.42888 0.718742 0.0390352 6.34482e-05
1.56858e+07 0.42888 0.696703 0 6.34482e-05
1.56858e+07 0.42888 0.718742 0.0390352 6.34482e-05
1.732e+07 0.482683 0.81537 0.0642992 5.74614e-05
1.732e+07 0.482683 0.81537 0.0642992 5.74614e-05
1.56858e+07 0.42888 0.718742 0.0390352 6.34482e-05
1.56858e+07 0.42888 0.718742 0.0390352 6.34482e-05
1.732e+07 0.482683 0.81537 0.0642992 5.74614e-05
1.1812e+07 0.241342 0.81537 0 8.42561e-05
1.1812e+07 0.241342 0.81537 0 8.42561e-05
1.4338e+07 0.375078 0.761284 0 6.94121e-05
1.732e+07 0.482683 0.81537 0.0642992 5.74614e-05
1.732e+07 0.482683 0.81537 0.0642992 5.74614e-05
1.10308e+07 0.187539 0.825301 0 9.02232e-05
1.56858e+07 0.42888 0.718742 0.0390352 6.34482e-05
1.56858e+07 0.42888 0.718742 0.0390352 6.34482e-05
1.56858e+07 0.42888 0.718742 0.0390352 6.34482e-05
1.732e+07 0.482683 0.81537 0.0642992 5.74614e-05
1.1812e+07 0.241342 0.81537 0 8.42561e-05
1.732e+07 0.482683 0.81537 0.0642992 5.74614e-05
1.56858e+07 0.42888 0.718742 0.0390352 6.34482e-05
1.56858e+07 0.42888 0.718742 0.0390352 6.34482e-05
1.732e+07 0.482683 0.81537 0.0642992 5.74614e-05
1.56858e+07 0.42888 0.718742 0.0390352 6.34482e-05
1.732e+07 0.482683 0.81537 0.0642992 5.74614e-05
1.10323e+07 0.187539 0.935982 0 9.02108e-05
1.19325e+07 0.248883 0.87542 0.0642992 8.34053e-05
1.56858e+07 0.42888 0.718742 0.0390352 6.34482e-05
1.56858e+07 0.42888 0.718742 0.0390352 6.34482e-05
1.56858e+07 0.42888 0.718742 0.0390352 6.34482e-05
1.1812e+07 0.241342 0.81537 0 8.42561e-05
1.732e+07 0.482683 0.81537 0.0642992 5.74614e-05
1.732e+07 0.482683 0.81537 0.0642992 5.74614e-05
1.10308e+07 0.187539 0.825301 0 9.02232e-05
1.56858e+07 0.42888 0.718742 0.0390352 6.34482e-05
1.1812e+07 0.241342 0.81537 0 8.42561e-05
1.56858e+07 0.42888 0.718742 0.0390352 6.34482e-05
1.10308e+07 0.187539 0.825301 0 9.02232e-05
1.56858e+07 0.42888 0.718742 0.0390352 6.34482e-05
1.732e+07 0.482683 0.81537 0.0642992 5.74614e-05
1.56858e+07 0.42888 0.718742 0.0390352 6.34482e-05
1.56858e+07 0.42888 0.718742 0.0390352 6.34482e-05
1.56858e+07 0.42888 0.718742 0.0390352 6.34482e-05
1.56858e+07 0.42888 0.751352 0 6.34482e-05
1.1812e+07 0.241342 0.81537 0 8.42561e-05
1.1812e+07 0.241342 0.81537 0 8.42561e-05
1.56858e+07 0.42888 0.718742 0.0390352 6.34482e-05
1.18139e+07 0.241342 0.871402 0 8.42427e-05
1.56858e+07 0.42888 0.718742 0.0390352 6.34482e-05
1.56858e+07 0.42888 0.718742 0.0390352 6.34482e-05
1.19325e+07 0.248883 0.87542 0.0642992 8.34053e-05
1.56858e+07 0.42888 0.718742 0.0390352 6.34482e-05
1.4338e+07 0.375078 0.761284 0 6.94121e-05
1.18139e+07 0.241342 0.871402 0 8.42427e-05
1.10308e+07 0.187539 0.825301 0 9.02232e-05
1.1812e+07 0.241342 0.81537 0 8.42561e-05
1.56858e+07 0.42888 0.718742 0.0390352 6.34482e-05
1.732e+07 0.482683 0.81537 0.0642992 5.74614e-05
1.1812e+07 0.241342 0.81537 0 8.42561e-05
1.732e+07 0.482683 0.81537 0.0642992 5.74614e-05
1.56891e+07 0.42888 0.807384 0 6.34348e-05
1.24948e+07 0.282845 0.734945 0.0396751 7.96521e-05
1.10308e+07 0.187539 0.825301 0 9.02232e-05
1.10308e+07 0.187539 0.825301 0 9.02232e-05
1.56858e+07 0.42888 0.718742 0.0390352 6.34482e-05
1.56858e+07 0.42888 0.696703 0 6.34482e-05
1.732e+07 0.482683 0.81537 0.0642992 5.74614e-05
1.56858e+07 0.42888 0.718742 0.0390352 6.34482e-05
1.18139e+07 0.241342 0.871402 0 8.42427e-05
1.56858e+07 0.42888 0.718742 0.0390352 6.34482e-05
1.56858e+07 0.42888 0.718742 0.0390352 6.34482e-05
1.56858e+07 0.42888 0.718742 0.0390352 6.34482e-05
1.56858e+07 0.42888 0.718742 0.0390352 6.34482e-05
1.1812e+07 0.241342 0.81537 0 8.42561e-05
1.1812e+07 0.241342 0.81537 0 8.42561e-05
1.56858e+07 0.42888 0.718742 0.0390352 6.34482e-05
1.56858e+07 0.42888 0.718742 0.0390352 6.34482e-05
1.4338e+07 0.375078 0.761284 0 6.94121e-05
1.56858e+07 0.42888 0.718742 0.0390352 6.34482e-05
1.56858e+07 0.42888 0.718742 0.0390352 6.34482e-05
1.56858e+07 0.42888 0.718742 0.0390352 6.34482e-05
1.732e+07 0.482683 0.81537 0.0642992 5.74614e-05
1.56858e+07 0.42888 0.718742 0.0390352 6.34482e-05
1.56858e+07 0.42888 0.751352 0 6.34482e-05
1.1812e+07 0.241342 0.81537 0 8.42561e-05
1.56858e+07 0.42888 0.718742 0.0390352 6.34482e-05
1.56858e+07 0.42888 0.718742 0.0390352 6.34482e-05
1.4338e+07 0.375078 0.761284 0 6.94121e-05
1.56858e+07 0.42888 0.718742 0.0390352 6.34482e-05
1.56858e+07 0.42888 0.696703 0 6.34482e-05
1.56858e+07 0.42888 0.718742 0.0390352 6.34482e-05
1.732e+07 0.482683 0.81537 0.0642992 5.74614e-05
1.1812e+07 0.241342 0.81537 0 8.42561e-05
1.56858e+07 0.42888 0.696703 0 6.34482e-05
1.56858e+07 0.42888 0.718742 0.0390352 6.34482e-05
