1.69506e+07 0.440376 0.809353 0.0330677 8.363e-05
1.25335e+07 0.242901 0.851798 0 0.000113103
1.45295e+07 0.347124 0.782319 0 9.75655e-05
1.56832e+07 0.39495 0.891419 0.034411 9.03887e-05
1.25335e+07 0.242901 0.851798 0 0.000113103
1.69506e+07 0.440376 0.809353 0.0330677 8.363e-05
1.69506e+07 0.440376 0.782976 0 8.363e-05
1.69506e+07 0.440376 0.809353 0.0330677 8.363e-05
1.56832e+07 0.39495 0.891419 0.034411 9.03887e-05
1.56832e+07 0.39495 0.891419 0.034411 9.03887e-05
1.69506e+07 0.440376 0.809353 0.0330677 8.363e-05
1.69506e+07 0.440376 0.809353 0.0330677 8.363e-05
1.56832e+07 0.39495 0.891419 0.034411 9.03887e-05
1.35884e+07 0.301698 0.856351 0.0172055 0.000104322
1.35884e+07 0.301698 0.856351 0.0172055 0.000104322
1.25335e+07 0.242901 0.851798 0 0.000113103
1.56832e+07 0.39495 0.891419 0.034411 9.03887e-05
1.56832e+07 0.39495 0.891419 0.034411 9.03887e-05
1.25335e+07 0.242901 0.851798 0 0.000113103
1.69506e+07 0.440376 0.809353 0.0330677 8.363e-05
1.69506e+07 0.440376 0.809353 0.0330677 8.363e-05
1.69506e+07 0.440376 0.809353 0.0330677 8.363e-05
1.56832e+07 0.39495 0.891419 0.034411 9.03887e-05
1.1825e+07 0.197475 0.891419 0 0.00011988
1.56832e+07 0.39495 0.891419 0.034411 9.03887e-05
1.69506e+07 0.440376 0.809353 0.0330677 8.363e-05
1.69506e+07 0.440376 0.809353 0.0330677 8.363e-05
1.56832e+07 0.39495 0.891419 0.034411 9.03887e-05
1.69506e+07 0.440376 0.809353 0.0330677 8.363e-05
1.56832e+07 0.39495 0.891419 0.034411 9.03887e-05
9.4922e+06 0 1 0 0.000149342
1.19181e+07 0.203646 0.933329 0.034411 0.000118944
1.69506e+07 0.440376 0.809353 0.0330677 8.363e-05
1.69506e+07 0.440376 0.809353 0.0330677 8.363e-05
1.69506e+07 0.440376 0.809353 0.0330677 8.363e-05
1.1825e+07 0.197475 0.891419 0 0.00011988
1.56832e+07 0.39495 0.891419 0.034411 9.03887e-05
1.56832e+07 0.39495 0.891419 0.034411 9.03887e-05
1.25335e+07 0.242901 0.851798 0 0.000113103
1.69506e+07 0.440376 0.809353 0.0330677 8.363e-05
1.1825e+07 0.197475 0.891419 0 0.00011988
1.69506e+07 0.440376 0.809353 0.0330677 8.363e-05
1.25335e+07 0.242901 0.851798 0 0.000113103
1.69506e+07 0.440376 0.809353 0.0330677 8.363e-05
1.56832e+07 0.39495 0.891419 0.034411 9.03887e-05
1.69506e+07 0.440376 0.809353 0.0330677 8.363e-05
1.69506e+07 0.440376 0.809353 0.0330677 8.363e-05
1.69506e+07 0.440376 0.809353 0.0330677 8.363e-05
1.1825e+07 0.197475 0.891419 0 0.00011988
1.1825e+07 0.197475 0.891419 0 0.00011988
1.35884e+07 0.301698 0.856351 0.0172055 0.000104322
1.69506e+07 0.440376 0.809353 0.0330677 8.363e-05
1.18265e+07 0.197475 0.931178 0 0.000119865
1.69506e+07 0.440376 0.809353 0.0330677 8.363e-05
1.69506e+07 0.440376 0.809353 0.0330677 8.363e-05
1.19181e+07 0.203646 0.933329 0.034411 0.000118944
1.69506e+07 0.440376 0.809353 0.0330677 8.363e-05
1.25335e+07 0.242901 0.851798 0 0.000113103
1.18265e+07 0.197475 0.931178 0 0.000119865
1.25335e+07 0.242901 0.851798 0 0.000113103
1.1825e+07 0.197475 0.891419 0 0.00011988
1.69506e+07 0.440376 0.809353 0.0330677 8.363e-05
1.56832e+07 0.39495 0.891419 0.034411 9.03887e-05
1.1825e+07 0.197475 0.891419 0 0.00011988
1.56832e+07 0.39495 0.891419 0.034411 9.03887e-05
1.18265e+07 0.197475 0.931178 0 0.000119865
1.25335e+07 0.242901 0.851798 0 0.000113103
1.25335e+07 0.242901 0.851798 0 0.000113103
1.25335e+07 0.242901 0.851798 0 0.000113103
1.69506e+07 0.440376 0.809353 0.0330677 8.363e-05
1.69506e+07 0.440376 0.782976 0 8.363e-05
1.56832e+07 0.39495 0.891419 0.034411 9.03887e-05
1.69506e+07 0.440376 0.809353 0.0330677 8.363e-05
1.34534e+07 0.294734 0.839649 0 0.00010537
1.69506e+07 0.440376 0.809353 0.0330677 8.363e-05
1.69506e+07 0.440376 0.809353 0.0330677 8.363e-05
1.69506e+07 0.440376 0.809353 0.0330677 8.363e-05
1.69506e+07 0.440376 0.809353 0.0330677 8.363e-05
1.34511e+07 0.294734 0.79989 0 0.000105387
1.35884e+07 0.301698 0.856351 0.0172055 0.000104322
1.69506e+07 0.440376 0.809353 0.0330677 8.363e-05
1.69506e+07 0.440376 0.809353 0.0330677 8.363e-05
1.25335e+07 0.242901 0.851798 0 0.000113103
1.69506e+07 0.440376 0.809353 0.0330677 8.363e-05
1.69506e+07 0.440376 0.809353 0.0330677 8.363e-05
1.69506e+07 0.440376 0.809353 0.0330677 8.363e-05
1.56832e+07 0.39495 0.891419 0.034411 9.03887e-05
1.69506e+07 0.440376 0.809353 0.0330677 8.363e-05
1.1825e+07 0.197475 0.891419 0 0.00011988
1.35884e+07 0.301698 0.856351 0.0172055 0.000104322
1.69506e+07 0.440376 0.809353 0.0330677 8.363e-05
1.69506e+07 0.440376 0.809353 0.0330677 8.363e-05
1.25335e+07 0.242901 0.851798 0 0.000113103
1.69506e+07 0.440376 0.809353 0.0330677 8.363e-05
1.69506e+07 0.440376 0.782976 0 8.363e-05
1.69506e+07 0.440376 0.809353 0.0330677 8.363e-05
1.56832e+07 0.39495 0.891419 0.034411 9.03887e-05
1.35884e+07 0.301698 0.856351 0.0172055 0.000104322
1.69506e+07 0.440376 0.782976 0 8.363e-05
1.69506e+07 0.440376 0.809353 0.0330677 8.363e-05
