2.86586e+07 0.813117 0.387994 0.0328385 4.09888e-05
1.24441e+07 0.465467 0.582689 0 9.43968e-05
1.54591e+07 0.569936 0.480421 0 7.59864e-05
1.02005e+07 0.347649 0.739629 0 0.000115159
1.24441e+07 0.465467 0.582689 0 9.43968e-05
2.86586e+07 0.813117 0.387994 0.0328385 4.09888e-05
1.24441e+07 0.465467 0.582689 0 9.43968e-05
2.86586e+07 0.813117 0.387994 0.0328385 4.09888e-05
1.02005e+07 0.347649 0.739629 0 0.000115159
1.02005e+07 0.347649 0.739629 0 0.000115159
2.86586e+07 0.813117 0.387994 0.0328385 4.09888e-05
2.86586e+07 0.813117 0.387994 0.0328385 4.09888e-05
1.02005e+07 0.347649 0.739629 0 0.000115159
1.21414e+07 0.452118 0.63736 0 9.67501e-05
1.21414e+07 0.452118 0.63736 0 9.67501e-05
1.24441e+07 0.465467 0.582689 0 9.43968e-05
1.02005e+07 0.347649 0.739629 0 0.000115159
1.02005e+07 0.347649 0.739629 0 0.000115159
1.24441e+07 0.465467 0.582689 0 9.43968e-05
2.86586e+07 0.813117 0.387994 0.0328385 4.09888e-05
2.86586e+07 0.813117 0.387994 0.0328385 4.09888e-05
2.86586e+07 0.813117 0.387994 0.0328385 4.09888e-05
1.02005e+07 0.347649 0.739629 0 0.000115159
1.02005e+07 0.347649 0.739629 0 0.000115159
1.02005e+07 0.347649 0.739629 0 0.000115159
2.86586e+07 0.813117 0.387994 0.0328385 4.09888e-05
2.86586e+07 0.813117 0.387994 0.0328385 4.09888e-05
1.02005e+07 0.347649 0.739629 0 0.000115159
2.86586e+07 0.813117 0.387994 0.0328385 4.09888e-05
1.02005e+07 0.347649 0.739629 0 0.000115159
6.65786e+06 0 1 0 0.000176435
6.65786e+06 0 1 0 0.000176435
2.86586e+07 0.813117 0.387994 0.0328385 4.09888e-05
2.86586e+07 0.813117 0.387994 0.0328385 4.09888e-05
2.86586e+07 0.813117 0.387994 0.0328385 4.09888e-05
1.02005e+07 0.347649 0.739629 0 0.000115159
1.02005e+07 0.347649 0.739629 0 0.000115159
1.02005e+07 0.347649 0.739629 0 0.000115159
1.24441e+07 0.465467 0.582689 0 9.43968e-05
2.86586e+07 0.813117 0.387994 0.0328385 4.09888e-05
1.02005e+07 0.347649 0.739629 0 0.000115159
2.86586e+07 0.813117 0.387994 0.0328385 4.09888e-05
1.24441e+07 0.465467 0.582689 0 9.43968e-05
2.86586e+07 0.813117 0.387994 0.0328385 4.09888e-05
1.02005e+07 0.347649 0.739629 0 0.000115159
2.86586e+07 0.813117 0.387994 0.0328385 4.09888e-05
2.86586e+07 0.813117 0.387994 0.0328385 4.09888e-05
2.86586e+07 0.813117 0.387994 0.0328385 4.09888e-05
1.02005e+07 0.347649 0.739629 0 0.000115159
1.02005e+07 0.347649 0.739629 0 0.000115159
1.21414e+07 0.452118 0.63736 0 9.67501e-05
2.86586e+07 0.813117 0.387994 0.0328385 4.09888e-05
6.65786e+06 0 1 0 0.000176435
2.86586e+07 0.813117 0.387994 0.0328385 4.09888e-05
2.86586e+07 0.813117 0.387994 0.0328385 4.09888e-05
6.65786e+06 0 1 0 0.000176435
2.86586e+07 0.813117 0.387994 0.0328385 4.09888e-05
1.24441e+07 0.465467 0.582689 0 9.43968e-05
6.65786e+06 0 1 0 0.000176435
1.25978e+07 0.471997 0.591133 0.0422209 9.32448e-05
1.02005e+07 0.347649 0.739629 0 0.000115159
2.86586e+07 0.813117 0.387994 0.0328385 4.09888e-05
1.02005e+07 0.347649 0.739629 0 0.000115159
1.02005e+07 0.347649 0.739629 0 0.000115159
1.02005e+07 0.347649 0.739629 0 0.000115159
6.65786e+06 0 1 0 0.000176435
1.24441e+07 0.465467 0.582689 0 9.43968e-05
1.24441e+07 0.465467 0.582689 0 9.43968e-05
1.24441e+07 0.465467 0.582689 0 9.43968e-05
2.86586e+07 0.813117 0.387994 0.0328385 4.09888e-05
1.24441e+07 0.465467 0.582689 0 9.43968e-05
1.02005e+07 0.347649 0.739629 0 0.000115159
2.86586e+07 0.813117 0.387994 0.0328385 4.09888e-05
6.65786e+06 0 1 0 0.000176435
2.86586e+07 0.813117 0.387994 0.0328385 4.09888e-05
2.86586e+07 0.813117 0.387994 0.0328385 4.09888e-05
2.86586e+07 0.813117 0.387994 0.0328385 4.09888e-05
2.86586e+07 0.813117 0.387994 0.0328385 4.09888e-05
1.02005e+07 0.347649 0.739629 0 0.000115159
1.21414e+07 0.452118 0.63736 0 9.67501e-05
2.86586e+07 0.813117 0.387994 0.0328385 4.09888e-05
2.86586e+07 0.813117 0.387994 0.0328385 4.09888e-05
1.24441e+07 0.465467 0.582689 0 9.43968e-05
2.86586e+07 0.813117 0.387994 0.0328385 4.09888e-05
2.86586e+07 0.813117 0.387994 0.0328385 4.09888e-05
2.86586e+07 0.813117 0.387994 0.0328385 4.09888e-05
1.02005e+07 0.347649 0.739629 0 0.000115159
2.86586e+07 0.813117 0.387994 0.0328385 4.09888e-05
1.02005e+07 0.347649 0.739629 0 0.000115159
1.21414e+07 0.452118 0.63736 0 9.67501e-05
2.86586e+07 0.813117 0.387994 0.0328385 4.09888e-05
2.86586e+07 0.813117 0.387994 0.0328385 4.09888e-05
1.24441e+07 0.465467 0.582689 0 9.43968e-05
2.86586e+07 0.813117 0.387994 0.0328385 4.09888e-05
1.24441e+07 0.465467 0.582689 0 9.43968e-05
2.86586e+07 0.813117 0.387994 0.0328385 4.09888e-05
1.02005e+07 0.347649 0.739629 0 0.000115159
1.21414e+07 0.452118 0.63736 0 9.67501e-05
1.24441e+07 0.465467 0.582689 0 9.43968e-05
2.86586e+07 0.813117 0.387994 0.0328385 4.09888e-05
