2.04945e+07 0.613067 0.638636 0.0527709 6.54351e-05
1.10145e+07 0.279363 0.765534 0 0.000121754
1.25633e+07 0.368341 0.683027 0 0.000106744
1.57316e+07 0.495592 0.767559 0.0391427 8.5246e-05
1.10145e+07 0.279363 0.765534 0 0.000121754
2.04945e+07 0.613067 0.638636 0.0527709 6.54351e-05
1.4201e+07 0.441251 0.687249 0 9.4434e-05
2.04945e+07 0.613067 0.638636 0.0527709 6.54351e-05
1.57316e+07 0.495592 0.767559 0.0391427 8.5246e-05
1.57316e+07 0.495592 0.767559 0.0391427 8.5246e-05
2.04945e+07 0.613067 0.638636 0.0527709 6.54351e-05
2.04945e+07 0.613067 0.638636 0.0527709 6.54351e-05
1.57316e+07 0.495592 0.767559 0.0391427 8.5246e-05
1.3745e+07 0.422682 0.724195 0.0195713 9.75669e-05
1.3745e+07 0.422682 0.724195 0.0195713 9.75669e-05
1.10145e+07 0.279363 0.765534 0 0.000121754
1.57316e+07 0.495592 0.767559 0.0391427 8.5246e-05
1.57316e+07 0.495592 0.767559 0.0391427 8.5246e-05
1.10145e+07 0.279363 0.765534 0 0.000121754
2.04945e+07 0.613067 0.638636 0.0527709 6.54351e-05
2.04945e+07 0.613067 0.638636 0.0527709 6.54351e-05
2.04945e+07 0.613067 0.638636 0.0527709 6.54351e-05
1.57316e+07 0.495592 0.767559 0.0391427 8.5246e-05
1.19113e+07 0.333704 0.767559 0 0.000112587
1.57316e+07 0.495592 0.767559 0.0391427 8.5246e-05
2.04945e+07 0.613067 0.638636 0.0527709 6.54351e-05
2.04945e+07 0.613067 0.638636 0.0527709 6.54351e-05
1.57316e+07 0.495592 0.767559 0.0391427 8.5246e-05
2.04945e+07 0.613067 0.638636 0.0527709 6.54351e-05
1.57316e+07 0.495592 0.767559 0.0391427 8.5246e-05
7.94057e+06 0 1 0 0.000168887
9.53096e+06 0.166947 0.924161 0.0391427 0.000140706
2.04945e+07 0.613067 0.638636 0.0527709 6.54351e-05
2.04945e+07 0.613067 0.638636 0.0527709 6.54351e-05
2.04945e+07 0.613067 0.638636 0.0527709 6.54351e-05
1.19113e+07 0.333704 0.767559 0 0.000112587
1.57316e+07 0.495592 0.767559 0.0391427 8.5246e-05
1.57316e+07 0.495592 0.767559 0.0391427 8.5246e-05
1.10145e+07 0.279363 0.765534 0 0.000121754
2.04945e+07 0.613067 0.638636 0.0527709 6.54351e-05
1.19113e+07 0.333704 0.767559 0 0.000112587
2.04945e+07 0.613067 0.638636 0.0527709 6.54351e-05
1.10145e+07 0.279363 0.765534 0 0.000121754
2.04945e+07 0.613067 0.638636 0.0527709 6.54351e-05
1.57316e+07 0.495592 0.767559 0.0391427 8.5246e-05
2.04945e+07 0.613067 0.638636 0.0527709 6.54351e-05
2.04945e+07 0.613067 0.638636 0.0527709 6.54351e-05
2.04945e+07 0.613067 0.638636 0.0527709 6.54351e-05
1.19113e+07 0.333704 0.767559 0 0.000112587
1.19113e+07 0.333704 0.767559 0 0.000112587
1.3745e+07 0.422682 0.724195 0.0195713 9.75669e-05
2.04945e+07 0.613067 0.638636 0.0527709 6.54351e-05
9.47343e+06 0.161888 0.921715 0 0.00014156
2.04945e+07 0.613067 0.638636 0.0527709 6.54351e-05
2.04945e+07 0.613067 0.638636 0.0527709 6.54351e-05
9.53096e+06 0.166947 0.924161 0.0391427 0.000140706
2.04945e+07 0.613067 0.638636 0.0527709 6.54351e-05
1.10145e+07 0.279363 0.765534 0 0.000121754
9.47343e+06 0.161888 0.921715 0 0.00014156
1.11002e+07 0.284924 0.772257 0.0336153 0.000120815
1.19113e+07 0.333704 0.767559 0 0.000112587
2.04945e+07 0.613067 0.638636 0.0527709 6.54351e-05
1.57316e+07 0.495592 0.767559 0.0391427 8.5246e-05
1.19113e+07 0.333704 0.767559 0 0.000112587
1.57316e+07 0.495592 0.767559 0.0391427 8.5246e-05
9.47343e+06 0.161888 0.921715 0 0.00014156
1.10145e+07 0.279363 0.765534 0 0.000121754
1.10145e+07 0.279363 0.765534 0 0.000121754
1.10145e+07 0.279363 0.765534 0 0.000121754
2.04945e+07 0.613067 0.638636 0.0527709 6.54351e-05
1.4201e+07 0.441251 0.687249 0 9.4434e-05
1.57316e+07 0.495592 0.767559 0.0391427 8.5246e-05
2.04945e+07 0.613067 0.638636 0.0527709 6.54351e-05
9.47343e+06 0.161888 0.921715 0 0.00014156
2.04945e+07 0.613067 0.638636 0.0527709 6.54351e-05
2.04945e+07 0.613067 0.638636 0.0527709 6.54351e-05
2.04945e+07 0.613067 0.638636 0.0527709 6.54351e-05
2.04945e+07 0.613067 0.638636 0.0527709 6.54351e-05
1.19113e+07 0.333704 0.767559 0 0.000112587
1.3745e+07 0.422682 0.724195 0.0195713 9.75669e-05
2.04945e+07 0.613067 0.638636 0.0527709 6.54351e-05
2.04945e+07 0.613067 0.638636 0.0527709 6.54351e-05
1.10145e+07 0.279363 0.765534 0 0.000121754
2.04945e+07 0.613067 0.638636 0.0527709 6.54351e-05
2.04945e+07 0.613067 0.638636 0.0527709 6.54351e-05
2.04945e+07 0.613067 0.638636 0.0527709 6.54351e-05
1.57316e+07 0.495592 0.767559 0.0391427 8.5246e-05
2.04945e+07 0.613067 0.638636 0.0527709 6.54351e-05
1.19113e+07 0.333704 0.767559 0 0.000112587
1.3745e+07 0.422682 0.724195 0.0195713 9.75669e-05
2.04945e+07 0.613067 0.638636 0.0527709 6.54351e-05
2.04945e+07 0.613067 0.638636 0.0527709 6.54351e-05
1.10145e+07 0.279363 0.765534 0 0.000121754
2.04945e+07 0.613067 0.638636 0.0527709 6.54351e-05
1.4201e+07 0.441251 0.687249 0 9.4434e-05
2.04945e+07 0.613067 0.638636 0.0527709 6.54351e-05
1.57316e+07 0.495592 0.767559 0.0391427 8.5246e-05
1.3745e+07 0.422682 0.724195 0.0195713 9.75669e-05
1.4201e+07 0.441251 0.687249 0 9.4434e-05
2.04945e+07 0.613067 0.638636 0.0527709 6.54351e-05
