1.50631e+07 0.512231 0.737251 0.0234707 8.16527e-05
1.10178e+07 0.332883 0.786038 0 0.000111632
1.28166e+07 0.426703 0.719826 0 9.59644e-05
8.95945e+06 0.179348 0.904272 0 0.000137278
1.10178e+07 0.332883 0.786038 0 0.000111632
1.50631e+07 0.512231 0.737251 0.0234707 8.16527e-05
1.10178e+07 0.332883 0.786038 0 0.000111632
1.50631e+07 0.512231 0.737251 0.0234707 8.16527e-05
8.95945e+06 0.179348 0.904272 0 0.000137278
8.95945e+06 0.179348 0.904272 0 0.000137278
1.50631e+07 0.512231 0.737251 0.0234707 8.16527e-05
1.50631e+07 0.512231 0.737251 0.0234707 8.16527e-05
8.95945e+06 0.179348 0.904272 0 0.000137278
1.0115e+07 0.273167 0.871163 0.0165517 0.000121595
1.0115e+07 0.273167 0.871163 0.0165517 0.000121595
1.10178e+07 0.332883 0.786038 0 0.000111632
8.95945e+06 0.179348 0.904272 0 0.000137278
8.95945e+06 0.179348 0.904272 0 0.000137278
1.60774e+07 0.5431 0.727836 0 7.65013e-05
1.50631e+07 0.512231 0.737251 0.0234707 8.16527e-05
1.50631e+07 0.512231 0.737251 0.0234707 8.16527e-05
1.50631e+07 0.512231 0.737251 0.0234707 8.16527e-05
8.95945e+06 0.179348 0.904272 0 0.000137278
1.20412e+07 0.389564 0.84607 0 0.000102144
8.95945e+06 0.179348 0.904272 0 0.000137278
1.50631e+07 0.512231 0.737251 0.0234707 8.16527e-05
1.50631e+07 0.512231 0.737251 0.0234707 8.16527e-05
8.95945e+06 0.179348 0.904272 0 0.000137278
1.50631e+07 0.512231 0.737251 0.0234707 8.16527e-05
8.95945e+06 0.179348 0.904272 0 0.000137278
9.31043e+06 0.210217 0.941798 0 0.000132103
7.3542e+06 0 1 0 0.000167243
1.50631e+07 0.512231 0.737251 0.0234707 8.16527e-05
1.50631e+07 0.512231 0.737251 0.0234707 8.16527e-05
1.50631e+07 0.512231 0.737251 0.0234707 8.16527e-05
1.20412e+07 0.389564 0.84607 0 0.000102144
8.95945e+06 0.179348 0.904272 0 0.000137278
8.95945e+06 0.179348 0.904272 0 0.000137278
1.10178e+07 0.332883 0.786038 0 0.000111632
1.50631e+07 0.512231 0.737251 0.0234707 8.16527e-05
1.20412e+07 0.389564 0.84607 0 0.000102144
1.50631e+07 0.512231 0.737251 0.0234707 8.16527e-05
1.10178e+07 0.332883 0.786038 0 0.000111632
1.50631e+07 0.512231 0.737251 0.0234707 8.16527e-05
8.95945e+06 0.179348 0.904272 0 0.000137278
1.50631e+07 0.512231 0.737251 0.0234707 8.16527e-05
1.50631e+07 0.512231 0.737251 0.0234707 8.16527e-05
1.50631e+07 0.512231 0.737251 0.0234707 8.16527e-05
8.95945e+06 0.179348 0.904272 0 0.000137278
1.20412e+07 0.389564 0.84607 0 0.000102144
1.0115e+07 0.273167 0.871163 0.0165517 0.000121595
1.50631e+07 0.512231 0.737251 0.0234707 8.16527e-05
7.3542e+06 0 1 0 0.000167243
1.50631e+07 0.512231 0.737251 0.0234707 8.16527e-05
1.50631e+07 0.512231 0.737251 0.0234707 8.16527e-05
7.3542e+06 0 1 0 0.000167243
1.50631e+07 0.512231 0.737251 0.0234707 8.16527e-05
1.10178e+07 0.332883 0.786038 0 0.000111632
7.3542e+06 0 1 0 0.000167243
1.10178e+07 0.332883 0.786038 0 0.000111632
1.20412e+07 0.389564 0.84607 0 0.000102144
1.50631e+07 0.512231 0.737251 0.0234707 8.16527e-05
8.95945e+06 0.179348 0.904272 0 0.000137278
1.20412e+07 0.389564 0.84607 0 0.000102144
8.95945e+06 0.179348 0.904272 0 0.000137278
7.3542e+06 0 1 0 0.000167243
1.10178e+07 0.332883 0.786038 0 0.000111632
1.60774e+07 0.5431 0.727836 0 7.65013e-05
1.10178e+07 0.332883 0.786038 0 0.000111632
1.50631e+07 0.512231 0.737251 0.0234707 8.16527e-05
1.10178e+07 0.332883 0.786038 0 0.000111632
8.95945e+06 0.179348 0.904272 0 0.000137278
1.50631e+07 0.512231 0.737251 0.0234707 8.16527e-05
7.3542e+06 0 1 0 0.000167243
1.50631e+07 0.512231 0.737251 0.0234707 8.16527e-05
1.50631e+07 0.512231 0.737251 0.0234707 8.16527e-05
1.50631e+07 0.512231 0.737251 0.0234707 8.16527e-05
1.50631e+07 0.512231 0.737251 0.0234707 8.16527e-05
8.95945e+06 0.179348 0.904272 0 0.000137278
1.0115e+07 0.273167 0.871163 0.0165517 0.000121595
1.50631e+07 0.512231 0.737251 0.0234707 8.16527e-05
1.50631e+07 0.512231 0.737251 0.0234707 8.16527e-05
1.10178e+07 0.332883 0.786038 0 0.000111632
1.50631e+07 0.512231 0.737251 0.0234707 8.16527e-05
1.50631e+07 0.512231 0.737251 0.0234707 8.16527e-05
1.50631e+07 0.512231 0.737251 0.0234707 8.16527e-05
8.95945e+06 0.179348 0.904272 0 0.000137278
1.50631e+07 0.512231 0.737251 0.0234707 8.16527e-05
8.95945e+06 0.179348 0.904272 0 0.000137278
1.0115e+07 0.273167 0.871163 0.0165517 0.000121595
1.50631e+07 0.512231 0.737251 0.0234707 8.16527e-05
1.50631e+07 0.512231 0.737251 0.0234707 8.16527e-05
1.10178e+07 0.332883 0.786038 0 0.000111632
1.50631e+07 0.512231 0.737251 0.0234707 8.16527e-05
1.10178e+07 0.332883 0.786038 0 0.000111632
1.50631e+07 0.512231 0.737251 0.0234707 8.16527e-05
8.95945e+06 0.179348 0.904272 0 0.000137278
1.0115e+07 0.273167 0.871163 0.0165517 0.000121595
1.10178e+07 0.332883 0.786038 0 0.000111632
1.50631e+07 0.512231 0.737251 0.0234707 8.16527e-05
