1.52333e+07 0.50333 0.542932 0.0376137 7.84969e-05
2.2389e+07 0.662217 0.579107 0.0425198 5.34089e-05
1.30782e+07 0.421455 0.514231 0 9.14322e-05
9.21475e+06 0.178342 0.834173 0 0.000129767
1.12129e+07 0.324988 0.633532 0 0.000106642
1.52333e+07 0.50333 0.542932 0.0376137 7.84969e-05
1.12129e+07 0.324988 0.633532 0 0.000106642
1.52333e+07 0.50333 0.542932 0.0376137 7.84969e-05
9.21475e+06 0.178342 0.834173 0 0.000129767
9.21475e+06 0.178342 0.834173 0 0.000129767
1.52333e+07 0.50333 0.542932 0.0376137 7.84969e-05
1.52333e+07 0.50333 0.542932 0.0376137 7.84969e-05
9.21475e+06 0.178342 0.834173 0 0.000129767
1.04396e+07 0.274809 0.772437 0.0287827 0.000114542
1.04396e+07 0.274809 0.772437 0.0287827 0.000114542
2.2389e+07 0.662217 0.579107 0.0425198 5.34089e-05
9.21475e+06 0.178342 0.834173 0 0.000129767
9.21475e+06 0.178342 0.834173 0 0.000129767
1.12129e+07 0.324988 0.633532 0 0.000106642
1.52333e+07 0.50333 0.542932 0.0376137 7.84969e-05
1.52333e+07 0.50333 0.542932 0.0376137 7.84969e-05
1.52333e+07 0.50333 0.542932 0.0376137 7.84969e-05
9.21475e+06 0.178342 0.834173 0 0.000129767
9.21475e+06 0.178342 0.834173 0 0.000129767
9.21475e+06 0.178342 0.834173 0 0.000129767
1.52333e+07 0.50333 0.542932 0.0376137 7.84969e-05
1.52333e+07 0.50333 0.542932 0.0376137 7.84969e-05
9.21475e+06 0.178342 0.834173 0 0.000129767
1.52333e+07 0.50333 0.542932 0.0376137 7.84969e-05
9.21475e+06 0.178342 0.834173 0 0.000129767
1.1424e+07 0.337229 0.860535 0 0.000104672
7.57302e+06 0 1 0 0.000157899
1.52333e+07 0.50333 0.542932 0.0376137 7.84969e-05
1.52333e+07 0.50333 0.542932 0.0376137 7.84969e-05
1.52333e+07 0.50333 0.542932 0.0376137 7.84969e-05
9.21475e+06 0.178342 0.834173 0 0.000129767
9.21475e+06 0.178342 0.834173 0 0.000129767
9.21475e+06 0.178342 0.834173 0 0.000129767
1.12129e+07 0.324988 0.633532 0 0.000106642
1.52333e+07 0.50333 0.542932 0.0376137 7.84969e-05
9.21475e+06 0.178342 0.834173 0 0.000129767
1.52333e+07 0.50333 0.542932 0.0376137 7.84969e-05
1.12129e+07 0.324988 0.633532 0 0.000106642
1.52333e+07 0.50333 0.542932 0.0376137 7.84969e-05
9.21475e+06 0.178342 0.834173 0 0.000129767
1.52333e+07 0.50333 0.542932 0.0376137 7.84969e-05
1.52333e+07 0.50333 0.542932 0.0376137 7.84969e-05
1.52333e+07 0.50333 0.542932 0.0376137 7.84969e-05
1.56214e+07 0.515571 0.694708 0 7.65471e-05
9.21475e+06 0.178342 0.834173 0 0.000129767
1.04396e+07 0.274809 0.772437 0.0287827 0.000114542
1.52333e+07 0.50333 0.542932 0.0376137 7.84969e-05
7.57302e+06 0 1 0 0.000157899
1.52333e+07 0.50333 0.542932 0.0376137 7.84969e-05
1.52333e+07 0.50333 0.542932 0.0376137 7.84969e-05
7.57302e+06 0 1 0 0.000157899
1.52333e+07 0.50333 0.542932 0.0376137 7.84969e-05
2.2389e+07 0.662217 0.579107 0.0425198 5.34089e-05
7.57302e+06 0 1 0 0.000157899
1.12129e+07 0.324988 0.633532 0 0.000106642
9.21475e+06 0.178342 0.834173 0 0.000129767
1.52333e+07 0.50333 0.542932 0.0376137 7.84969e-05
9.21475e+06 0.178342 0.834173 0 0.000129767
9.21475e+06 0.178342 0.834173 0 0.000129767
9.21475e+06 0.178342 0.834173 0 0.000129767
1.1424e+07 0.337229 0.860535 0 0.000104672
1.12129e+07 0.324988 0.633532 0 0.000106642
1.12129e+07 0.324988 0.633532 0 0.000106642
1.12129e+07 0.324988 0.633532 0 0.000106642
1.52333e+07 0.50333 0.542932 0.0376137 7.84969e-05
1.12129e+07 0.324988 0.633532 0 0.000106642
9.21475e+06 0.178342 0.834173 0 0.000129767
1.52333e+07 0.50333 0.542932 0.0376137 7.84969e-05
7.57302e+06 0 1 0 0.000157899
1.52333e+07 0.50333 0.542932 0.0376137 7.84969e-05
1.52333e+07 0.50333 0.542932 0.0376137 7.84969e-05
1.52333e+07 0.50333 0.542932 0.0376137 7.84969e-05
1.52333e+07 0.50333 0.542932 0.0376137 7.84969e-05
9.21475e+06 0.178342 0.834173 0 0.000129767
1.04396e+07 0.274809 0.772437 0.0287827 0.000114542
1.52333e+07 0.50333 0.542932 0.0376137 7.84969e-05
1.52333e+07 0.50333 0.542932 0.0376137 7.84969e-05
2.2389e+07 0.662217 0.579107 0.0425198 5.34089e-05
1.52333e+07 0.50333 0.542932 0.0376137 7.84969e-05
1.52333e+07 0.50333 0.542932 0.0376137 7.84969e-05
1.52333e+07 0.50333 0.542932 0.0376137 7.84969e-05
9.21475e+06 0.178342 0.834173 0 0.000129767
1.52333e+07 0.50333 0.542932 0.0376137 7.84969e-05
1.56214e+07 0.515571 0.694708 0 7.65471e-05
1.04396e+07 0.274809 0.772437 0.0287827 0.000114542
1.52333e+07 0.50333 0.542932 0.0376137 7.84969e-05
1.52333e+07 0.50333 0.542932 0.0376137 7.84969e-05
2.2389e+07 0.662217 0.579107 0.0425198 5.34089e-05
1.52333e+07 0.50333 0.542932 0.0376137 7.84969e-05
1.12129e+07 0.324988 0.633532 0 0.000106642
1.52333e+07 0.50333 0.542932 0.0376137 7.84969e-05
9.21475e+06 0.178342 0.834173 0 0.000129767
1.04396e+07 0.274809 0.772437 0.0287827 0.000114542
1.12129e+07 0.324988 0.633532 0 0.000106642
1.52333e+07 0.50333 0.542932 0.0376137 7.84969e-05
