1.70782e+07 0.408222 0.844286 0.0220762 7.14426e-05
1.23539e+07 0.18162 0.901503 0 9.87629e-05
1.23539e+07 0.18162 0.901503 0 9.87629e-05
1.30713e+07 0.226601 0.898631 0 9.33425e-05
1.23539e+07 0.18162 0.901503 0 9.87629e-05
1.70782e+07 0.408222 0.844286 0.0220762 7.14426e-05
1.23539e+07 0.18162 0.901503 0 9.87629e-05
1.70782e+07 0.408222 0.844286 0.0220762 7.14426e-05
1.30713e+07 0.226601 0.898631 0 9.33425e-05
1.30713e+07 0.226601 0.898631 0 9.33425e-05
1.70782e+07 0.408222 0.844286 0.0220762 7.14426e-05
1.70782e+07 0.408222 0.844286 0.0220762 7.14426e-05
1.30713e+07 0.226601 0.898631 0 9.33425e-05
1.30713e+07 0.226601 0.898631 0 9.33425e-05
1.30713e+07 0.226601 0.898631 0 9.33425e-05
1.23539e+07 0.18162 0.901503 0 9.87629e-05
1.30713e+07 0.226601 0.898631 0 9.33425e-05
1.30713e+07 0.226601 0.898631 0 9.33425e-05
2.36738e+07 0.573293 0.810095 0 5.15384e-05
1.70782e+07 0.408222 0.844286 0.0220762 7.14426e-05
1.70782e+07 0.408222 0.844286 0.0220762 7.14426e-05
1.70782e+07 0.408222 0.844286 0.0220762 7.14426e-05
1.30713e+07 0.226601 0.898631 0 9.33425e-05
2.64595e+07 0.618273 0.807223 0 4.61123e-05
1.30713e+07 0.226601 0.898631 0 9.33425e-05
1.70782e+07 0.408222 0.844286 0.0220762 7.14426e-05
1.70782e+07 0.408222 0.844286 0.0220762 7.14426e-05
1.30713e+07 0.226601 0.898631 0 9.33425e-05
1.70782e+07 0.408222 0.844286 0.0220762 7.14426e-05
1.30713e+07 0.226601 0.898631 0 9.33425e-05
1.66171e+07 0.391672 0.908592 0 7.34252e-05
1.01123e+07 0 1 0 0.000120656
1.70782e+07 0.408222 0.844286 0.0220762 7.14426e-05
1.70782e+07 0.408222 0.844286 0.0220762 7.14426e-05
1.70782e+07 0.408222 0.844286 0.0220762 7.14426e-05
2.64595e+07 0.618273 0.807223 0 4.61123e-05
1.30713e+07 0.226601 0.898631 0 9.33425e-05
1.30713e+07 0.226601 0.898631 0 9.33425e-05
1.23539e+07 0.18162 0.901503 0 9.87629e-05
1.70782e+07 0.408222 0.844286 0.0220762 7.14426e-05
2.64595e+07 0.618273 0.807223 0 4.61123e-05
1.70782e+07 0.408222 0.844286 0.0220762 7.14426e-05
1.23539e+07 0.18162 0.901503 0 9.87629e-05
1.70782e+07 0.408222 0.844286 0.0220762 7.14426e-05
1.30713e+07 0.226601 0.898631 0 9.33425e-05
1.70782e+07 0.408222 0.844286 0.0220762 7.14426e-05
1.70782e+07 0.408222 0.844286 0.0220762 7.14426e-05
1.70782e+07 0.408222 0.844286 0.0220762 7.14426e-05
1.30713e+07 0.226601 0.898631 0 9.33425e-05
2.64595e+07 0.618273 0.807223 0 4.61123e-05
1.30713e+07 0.226601 0.898631 0 9.33425e-05
1.70782e+07 0.408222 0.844286 0.0220762 7.14426e-05
1.01123e+07 0 1 0 0.000120656
1.70782e+07 0.408222 0.844286 0.0220762 7.14426e-05
1.70782e+07 0.408222 0.844286 0.0220762 7.14426e-05
1.01123e+07 0 1 0 0.000120656
1.70782e+07 0.408222 0.844286 0.0220762 7.14426e-05
1.23539e+07 0.18162 0.901503 0 9.87629e-05
1.01123e+07 0 1 0 0.000120656
1.24459e+07 0.187667 0.906207 0.0235204 9.80333e-05
2.64595e+07 0.618273 0.807223 0 4.61123e-05
1.70782e+07 0.408222 0.844286 0.0220762 7.14426e-05
1.30713e+07 0.226601 0.898631 0 9.33425e-05
2.64595e+07 0.618273 0.807223 0 4.61123e-05
1.30713e+07 0.226601 0.898631 0 9.33425e-05
1.01123e+07 0 1 0 0.000120656
1.23539e+07 0.18162 0.901503 0 9.87629e-05
2.36738e+07 0.573293 0.810095 0 5.15384e-05
1.23539e+07 0.18162 0.901503 0 9.87629e-05
1.70782e+07 0.408222 0.844286 0.0220762 7.14426e-05
1.23539e+07 0.18162 0.901503 0 9.87629e-05
1.30713e+07 0.226601 0.898631 0 9.33425e-05
1.70782e+07 0.408222 0.844286 0.0220762 7.14426e-05
1.01123e+07 0 1 0 0.000120656
1.70782e+07 0.408222 0.844286 0.0220762 7.14426e-05
1.70782e+07 0.408222 0.844286 0.0220762 7.14426e-05
1.70782e+07 0.408222 0.844286 0.0220762 7.14426e-05
1.70782e+07 0.408222 0.844286 0.0220762 7.14426e-05
1.30713e+07 0.226601 0.898631 0 9.33425e-05
1.30713e+07 0.226601 0.898631 0 9.33425e-05
1.70782e+07 0.408222 0.844286 0.0220762 7.14426e-05
1.70782e+07 0.408222 0.844286 0.0220762 7.14426e-05
1.23539e+07 0.18162 0.901503 0 9.87629e-05
1.70782e+07 0.408222 0.844286 0.0220762 7.14426e-05
1.70782e+07 0.408222 0.844286 0.0220762 7.14426e-05
1.70782e+07 0.408222 0.844286 0.0220762 7.14426e-05
1.30713e+07 0.226601 0.898631 0 9.33425e-05
1.70782e+07 0.408222 0.844286 0.0220762 7.14426e-05
1.30713e+07 0.226601 0.898631 0 9.33425e-05
1.30713e+07 0.226601 0.898631 0 9.33425e-05
1.70782e+07 0.408222 0.844286 0.0220762 7.14426e-05
1.70782e+07 0.408222 0.844286 0.0220762 7.14426e-05
1.23539e+07 0.18162 0.901503 0 9.87629e-05
1.70782e+07 0.408222 0.844286 0.0220762 7.14426e-05
1.23539e+07 0.18162 0.901503 0 9.87629e-05
1.70782e+07 0.408222 0.844286 0.0220762 7.14426e-05
1.30713e+07 0.226601 0.898631 0 9.33425e-05
1.30713e+07 0.226601 0.898631 0 9.33425e-05
1.23539e+07 0.18162 0.901503 0 9.87629e-05
1.70782e+07 0.408222 0.844286 0.0220762 7.14426e-05
