1.89193e+07 0.489583 0.555582 0 6.02702e-05
1.27079e+07 0.239583 0.763582 0 8.97289e-05
1.52864e+07 0.368056 0.623869 0 7.45936e-05
1.2884e+07 0.25 0.791999 0 8.85031e-05
1.27079e+07 0.239583 0.763582 0 8.97289e-05
1.89193e+07 0.489583 0.555582 0 6.02702e-05
1.27079e+07 0.239583 0.763582 0 8.97289e-05
1.89193e+07 0.489583 0.555582 0 6.02702e-05
1.2884e+07 0.25 0.791999 0 8.85031e-05
1.2884e+07 0.25 0.791999 0 8.85031e-05
1.89193e+07 0.489583 0.555582 0 6.02702e-05
1.89193e+07 0.489583 0.555582 0 6.02702e-05
1.2884e+07 0.25 0.791999 0 8.85031e-05
1.55414e+07 0.378472 0.652286 0 7.337e-05
1.55414e+07 0.378472 0.652286 0 7.337e-05
1.27079e+07 0.239583 0.763582 0 8.97289e-05
1.2884e+07 0.25 0.791999 0 8.85031e-05
1.2884e+07 0.25 0.791999 0 8.85031e-05
1.84237e+07 0.475694 0.663092 0 6.18914e-05
1.89193e+07 0.489583 0.555582 0 6.02702e-05
1.89193e+07 0.489583 0.555582 0 6.02702e-05
1.89193e+07 0.489583 0.555582 0 6.02702e-05
1.2884e+07 0.25 0.791999 0 8.85031e-05
1.87962e+07 0.486111 0.691509 0 6.0665e-05
1.2884e+07 0.25 0.791999 0 8.85031e-05
1.89193e+07 0.489583 0.555582 0 6.02702e-05
1.89193e+07 0.489583 0.555582 0 6.02702e-05
1.2884e+07 0.25 0.791999 0 8.85031e-05
1.89193e+07 0.489583 0.555582 0 6.02702e-05
1.2884e+07 0.25 0.791999 0 8.85031e-05
1.2652e+07 0.236111 0.899509 0 9.01259e-05
9.66619e+06 0 1 0 0.000117965
1.89193e+07 0.489583 0.555582 0 6.02702e-05
1.89193e+07 0.489583 0.555582 0 6.02702e-05
1.89193e+07 0.489583 0.555582 0 6.02702e-05
1.87962e+07 0.486111 0.691509 0 6.0665e-05
1.2884e+07 0.25 0.791999 0 8.85031e-05
1.2884e+07 0.25 0.791999 0 8.85031e-05
1.27079e+07 0.239583 0.763582 0 8.97289e-05
1.89193e+07 0.489583 0.555582 0 6.02702e-05
1.87962e+07 0.486111 0.691509 0 6.0665e-05
1.89193e+07 0.489583 0.555582 0 6.02702e-05
1.27079e+07 0.239583 0.763582 0 8.97289e-05
1.89193e+07 0.489583 0.555582 0 6.02702e-05
1.2884e+07 0.25 0.791999 0 8.85031e-05
1.89193e+07 0.489583 0.555582 0 6.02702e-05
1.89193e+07 0.489583 0.555582 0 6.02702e-05
1.89193e+07 0.489583 0.555582 0 6.02702e-05
1.2884e+07 0.25 0.791999 0 8.85031e-05
1.87962e+07 0.486111 0.691509 0 6.0665e-05
1.55414e+07 0.378472 0.652286 0 7.337e-05
1.89193e+07 0.489583 0.555582 0 6.02702e-05
9.66619e+06 0 1 0 0.000117965
1.89193e+07 0.489583 0.555582 0 6.02702e-05
1.89193e+07 0.489583 0.555582 0 6.02702e-05
9.66619e+06 0 1 0 0.000117965
1.89193e+07 0.489583 0.555582 0 6.02702e-05
1.27079e+07 0.239583 0.763582 0 8.97289e-05
9.66619e+06 0 1 0 0.000117965
1.27079e+07 0.239583 0.763582 0 8.97289e-05
1.87962e+07 0.486111 0.691509 0 6.0665e-05
1.89193e+07 0.489583 0.555582 0 6.02702e-05
1.2884e+07 0.25 0.791999 0 8.85031e-05
1.87962e+07 0.486111 0.691509 0 6.0665e-05
1.2884e+07 0.25 0.791999 0 8.85031e-05
9.66619e+06 0 1 0 0.000117965
1.27079e+07 0.239583 0.763582 0 8.97289e-05
1.84237e+07 0.475694 0.663092 0 6.18914e-05
1.27079e+07 0.239583 0.763582 0 8.97289e-05
1.89193e+07 0.489583 0.555582 0 6.02702e-05
1.27079e+07 0.239583 0.763582 0 8.97289e-05
1.2884e+07 0.25 0.791999 0 8.85031e-05
1.89193e+07 0.489583 0.555582 0 6.02702e-05
9.66619e+06 0 1 0 0.000117965
1.89193e+07 0.489583 0.555582 0 6.02702e-05
1.89193e+07 0.489583 0.555582 0 6.02702e-05
1.89193e+07 0.489583 0.555582 0 6.02702e-05
1.89193e+07 0.489583 0.555582 0 6.02702e-05
1.2884e+07 0.25 0.791999 0 8.85031e-05
1.55414e+07 0.378472 0.652286 0 7.337e-05
1.89193e+07 0.489583 0.555582 0 6.02702e-05
1.89193e+07 0.489583 0.555582 0 6.02702e-05
1.27079e+07 0.239583 0.763582 0 8.97289e-05
1.89193e+07 0.489583 0.555582 0 6.02702e-05
1.89193e+07 0.489583 0.555582 0 6.02702e-05
1.89193e+07 0.489583 0.555582 0 6.02702e-05
1.2884e+07 0.25 0.791999 0 8.85031e-05
1.89193e+07 0.489583 0.555582 0 6.02702e-05
1.2884e+07 0.25 0.791999 0 8.85031e-05
1.55414e+07 0.378472 0.652286 0 7.337e-05
1.89193e+07 0.489583 0.555582 0 6.02702e-05
1.89193e+07 0.489583 0.555582 0 6.02702e-05
1.27079e+07 0.239583 0.763582 0 8.97289e-05
1.89193e+07 0.489583 0.555582 0 6.02702e-05
1.27079e+07 0.239583 0.763582 0 8.97289e-05
1.89193e+07 0.489583 0.555582 0 6.02702e-05
1.2884e+07 0.25 0.791999 0 8.85031e-05
1.55414e+07 0.378472 0.652286 0 7.337e-05
1.27079e+07 0.239583 0.763582 0 8.97289e-05
1.89193e+07 0.489583 0.555582 0 6.02702e-05
