1.99423e+07 0.728073 0.537053 0.0236033 5.00809e-05
9.17868e+06 0.408078 0.690013 0 0.000108809
9.17868e+06 0.408078 0.690013 0 0.000108809
7.99212e+06 0.319995 0.799833 0 0.000124964
9.17868e+06 0.408078 0.690013 0 0.000108809
1.99423e+07 0.728073 0.537053 0.0236033 5.00809e-05
9.17868e+06 0.408078 0.690013 0 0.000108809
1.99423e+07 0.728073 0.537053 0.0236033 5.00809e-05
7.99212e+06 0.319995 0.799833 0 0.000124964
7.99212e+06 0.319995 0.799833 0 0.000124964
1.99423e+07 0.728073 0.537053 0.0236033 5.00809e-05
1.99423e+07 0.728073 0.537053 0.0236033 5.00809e-05
7.99212e+06 0.319995 0.799833 0 0.000124964
7.99212e+06 0.319995 0.799833 0 0.000124964
7.99212e+06 0.319995 0.799833 0 0.000124964
9.17868e+06 0.408078 0.690013 0 0.000108809
7.99212e+06 0.319995 0.799833 0 0.000124964
7.99212e+06 0.319995 0.799833 0 0.000124964
9.17868e+06 0.408078 0.690013 0 0.000108809
1.99423e+07 0.728073 0.537053 0.0236033 5.00809e-05
1.99423e+07 0.728073 0.537053 0.0236033 5.00809e-05
1.99423e+07 0.728073 0.537053 0.0236033 5.00809e-05
7.99212e+06 0.319995 0.799833 0 0.000124964
7.99212e+06 0.319995 0.799833 0 0.000124964
7.99212e+06 0.319995 0.799833 0 0.000124964
1.99423e+07 0.728073 0.537053 0.0236033 5.00809e-05
1.99423e+07 0.728073 0.537053 0.0236033 5.00809e-05
7.99212e+06 0.319995 0.799833 0 0.000124964
1.99423e+07 0.728073 0.537053 0.0236033 5.00809e-05
7.99212e+06 0.319995 0.799833 0 0.000124964
5.43724e+06 0 1 0 0.000183683
5.43724e+06 0 1 0 0.000183683
1.99423e+07 0.728073 0.537053 0.0236033 5.00809e-05
1.99423e+07 0.728073 0.537053 0.0236033 5.00809e-05
1.99423e+07 0.728073 0.537053 0.0236033 5.00809e-05
7.99212e+06 0.319995 0.799833 0 0.000124964
7.99212e+06 0.319995 0.799833 0 0.000124964
7.99212e+06 0.319995 0.799833 0 0.000124964
9.17868e+06 0.408078 0.690013 0 0.000108809
1.99423e+07 0.728073 0.537053 0.0236033 5.00809e-05
7.99212e+06 0.319995 0.799833 0 0.000124964
1.99423e+07 0.728073 0.537053 0.0236033 5.00809e-05
9.17868e+06 0.408078 0.690013 0 0.000108809
1.99423e+07 0.728073 0.537053 0.0236033 5.00809e-05
7.99212e+06 0.319995 0.799833 0 0.000124964
1.99423e+07 0.728073 0.537053 0.0236033 5.00809e-05
1.99423e+07 0.728073 0.537053 0.0236033 5.00809e-05
1.99423e+07 0.728073 0.537053 0.0236033 5.00809e-05
7.99212e+06 0.319995 0.799833 0 0.000124964
7.99212e+06 0.319995 0.799833 0 0.000124964
7.99212e+06 0.319995 0.799833 0 0.000124964
1.99423e+07 0.728073 0.537053 0.0236033 5.00809e-05
5.43724e+06 0 1 0 0.000183683
1.99423e+07 0.728073 0.537053 0.0236033 5.00809e-05
1.99423e+07 0.728073 0.537053 0.0236033 5.00809e-05
5.43724e+06 0 1 0 0.000183683
1.99423e+07 0.728073 0.537053 0.0236033 5.00809e-05
9.17868e+06 0.408078 0.690013 0 0.000108809
5.43724e+06 0 1 0 0.000183683
9.17868e+06 0.408078 0.690013 0 0.000108809
7.99212e+06 0.319995 0.799833 0 0.000124964
1.99423e+07 0.728073 0.537053 0.0236033 5.00809e-05
7.99212e+06 0.319995 0.799833 0 0.000124964
7.99212e+06 0.319995 0.799833 0 0.000124964
7.99212e+06 0.319995 0.799833 0 0.000124964
5.43724e+06 0 1 0 0.000183683
1.03561e+07 0.47558 0.592717 0 9.64383e-05
9.17868e+06 0.408078 0.690013 0 0.000108809
9.17868e+06 0.408078 0.690013 0 0.000108809
1.99423e+07 0.728073 0.537053 0.0236033 5.00809e-05
9.17868e+06 0.408078 0.690013 0 0.000108809
7.99212e+06 0.319995 0.799833 0 0.000124964
1.99423e+07 0.728073 0.537053 0.0236033 5.00809e-05
5.43724e+06 0 1 0 0.000183683
1.99423e+07 0.728073 0.537053 0.0236033 5.00809e-05
1.99423e+07 0.728073 0.537053 0.0236033 5.00809e-05
1.99423e+07 0.728073 0.537053 0.0236033 5.00809e-05
1.99423e+07 0.728073 0.537053 0.0236033 5.00809e-05
7.99212e+06 0.319995 0.799833 0 0.000124964
7.99212e+06 0.319995 0.799833 0 0.000124964
1.99423e+07 0.728073 0.537053 0.0236033 5.00809e-05
1.99423e+07 0.728073 0.537053 0.0236033 5.00809e-05
9.17868e+06 0.408078 0.690013 0 0.000108809
1.99423e+07 0.728073 0.537053 0.0236033 5.00809e-05
1.99423e+07 0.728073 0.537053 0.0236033 5.00809e-05
1.99423e+07 0.728073 0.537053 0.0236033 5.00809e-05
7.99212e+06 0.319995 0.799833 0 0.000124964
1.99423e+07 0.728073 0.537053 0.0236033 5.00809e-05
7.99212e+06 0.319995 0.799833 0 0.000124964
7.99212e+06 0.319995 0.799833 0 0.000124964
1.99423e+07 0.728073 0.537053 0.0236033 5.00809e-05
1.99423e+07 0.728073 0.537053 0.0236033 5.00809e-05
9.17868e+06 0.408078 0.690013 0 0.000108809
1.99423e+07 0.728073 0.537053 0.0236033 5.00809e-05
9.17868e+06 0.408078 0.690013 0 0.000108809
1.99423e+07 0.728073 0.537053 0.0236033 5.00809e-05
7.99212e+06 0.319995 0.799833 0 0.000124964
7.99212e+06 0.319995 0.799833 0 0.000124964
9.17868e+06 0.408078 0.690013 0 0.000108809
1.99423e+07 0.728073 0.537053 0.0236033 5.00809e-05
