1.5451e+07 0.281387 0.858886 0 7.53447e-05
1.11076e+07 0 1 0 0.000104806
1.11076e+07 0 1 0 0.000104806
2.53885e+07 0.562775 0.858886 0.0502521 4.58535e-05
1.11076e+07 0 1 0 0.000104806
1.5451e+07 0.281387 0.858886 0 7.53447e-05
1.5454e+07 0.281387 0.899496 0 7.53299e-05
1.5451e+07 0.281387 0.858886 0 7.53447e-05
2.53885e+07 0.562775 0.858886 0.0502521 4.58535e-05
2.53885e+07 0.562775 0.858886 0.0502521 4.58535e-05
1.5451e+07 0.281387 0.858886 0 7.53447e-05
1.5451e+07 0.281387 0.858886 0 7.53447e-05
2.53885e+07 0.562775 0.858886 0.0502521 4.58535e-05
1.5451e+07 0.281387 0.858886 0 7.53447e-05
1.5451e+07 0.281387 0.858886 0 7.53447e-05
1.11076e+07 0 1 0 0.000104806
2.53885e+07 0.562775 0.858886 0.0502521 4.58535e-05
2.53885e+07 0.562775 0.858886 0.0502521 4.58535e-05
1.11076e+07 0 1 0 0.000104806
1.5451e+07 0.281387 0.858886 0 7.53447e-05
1.5451e+07 0.281387 0.858886 0 7.53447e-05
1.5451e+07 0.281387 0.858886 0 7.53447e-05
2.53885e+07 0.562775 0.858886 0.0502521 4.58535e-05
1.5451e+07 0.281387 0.858886 0 7.53447e-05
2.53885e+07 0.562775 0.858886 0.0502521 4.58535e-05
1.5451e+07 0.281387 0.858886 0 7.53447e-05
1.5451e+07 0.281387 0.858886 0 7.53447e-05
2.53885e+07 0.562775 0.858886 0.0502521 4.58535e-05
1.5451e+07 0.281387 0.858886 0 7.53447e-05
2.53885e+07 0.562775 0.858886 0.0502521 4.58535e-05
1.11076e+07 0 1 0 0.000104806
1.5454e+07 0.281387 0.899496 0 7.53299e-05
1.5451e+07 0.281387 0.858886 0 7.53447e-05
1.5451e+07 0.281387 0.858886 0 7.53447e-05
1.5451e+07 0.281387 0.858886 0 7.53447e-05
1.5451e+07 0.281387 0.858886 0 7.53447e-05
2.53885e+07 0.562775 0.858886 0.0502521 4.58535e-05
2.53885e+07 0.562775 0.858886 0.0502521 4.58535e-05
1.4732e+07 0.246214 0.876747 0 7.90221e-05
1.5451e+07 0.281387 0.858886 0 7.53447e-05
1.5451e+07 0.281387 0.858886 0 7.53447e-05
1.5451e+07 0.281387 0.858886 0 7.53447e-05
1.4732e+07 0.246214 0.876747 0 7.90221e-05
1.5451e+07 0.281387 0.858886 0 7.53447e-05
2.53885e+07 0.562775 0.858886 0.0502521 4.58535e-05
1.5451e+07 0.281387 0.858886 0 7.53447e-05
1.5451e+07 0.281387 0.858886 0 7.53447e-05
1.5451e+07 0.281387 0.858886 0 7.53447e-05
1.5451e+07 0.281387 0.858886 0 7.53447e-05
1.5451e+07 0.281387 0.858886 0 7.53447e-05
1.5451e+07 0.281387 0.858886 0 7.53447e-05
1.5451e+07 0.281387 0.858886 0 7.53447e-05
1.5454e+07 0.281387 0.899496 0 7.53299e-05
1.5451e+07 0.281387 0.858886 0 7.53447e-05
1.5451e+07 0.281387 0.858886 0 7.53447e-05
1.5454e+07 0.281387 0.899496 0 7.53299e-05
1.5451e+07 0.281387 0.858886 0 7.53447e-05
1.11076e+07 0 1 0 0.000104806
1.5454e+07 0.281387 0.899496 0 7.53299e-05
1.11076e+07 0 1 0 0.000104806
1.5451e+07 0.281387 0.858886 0 7.53447e-05
1.5451e+07 0.281387 0.858886 0 7.53447e-05
2.53885e+07 0.562775 0.858886 0.0502521 4.58535e-05
1.5451e+07 0.281387 0.858886 0 7.53447e-05
2.53885e+07 0.562775 0.858886 0.0502521 4.58535e-05
1.5454e+07 0.281387 0.899496 0 7.53299e-05
1.11076e+07 0 1 0 0.000104806
1.11076e+07 0 1 0 0.000104806
1.11076e+07 0 1 0 0.000104806
1.5451e+07 0.281387 0.858886 0 7.53447e-05
1.5454e+07 0.281387 0.899496 0 7.53299e-05
2.53885e+07 0.562775 0.858886 0.0502521 4.58535e-05
1.5451e+07 0.281387 0.858886 0 7.53447e-05
1.5454e+07 0.281387 0.899496 0 7.53299e-05
1.5451e+07 0.281387 0.858886 0 7.53447e-05
1.5451e+07 0.281387 0.858886 0 7.53447e-05
1.5451e+07 0.281387 0.858886 0 7.53447e-05
1.5451e+07 0.281387 0.858886 0 7.53447e-05
1.5451e+07 0.281387 0.858886 0 7.53447e-05
1.5451e+07 0.281387 0.858886 0 7.53447e-05
1.5451e+07 0.281387 0.858886 0 7.53447e-05
1.5451e+07 0.281387 0.858886 0 7.53447e-05
1.11076e+07 0 1 0 0.000104806
1.5451e+07 0.281387 0.858886 0 7.53447e-05
1.5451e+07 0.281387 0.858886 0 7.53447e-05
1.5451e+07 0.281387 0.858886 0 7.53447e-05
2.53885e+07 0.562775 0.858886 0.0502521 4.58535e-05
1.5451e+07 0.281387 0.858886 0 7.53447e-05
1.5451e+07 0.281387 0.858886 0 7.53447e-05
1.5451e+07 0.281387 0.858886 0 7.53447e-05
1.5451e+07 0.281387 0.858886 0 7.53447e-05
1.5451e+07 0.281387 0.858886 0 7.53447e-05
1.11076e+07 0 1 0 0.000104806
1.5451e+07 0.281387 0.858886 0 7.53447e-05
1.5454e+07 0.281387 0.899496 0 7.53299e-05
1.5451e+07 0.281387 0.858886 0 7.53447e-05
2.53885e+07 0.562775 0.858886 0.0502521 4.58535e-05
1.5451e+07 0.281387 0.858886 0 7.53447e-05
1.5454e+07 0.281387 0.899496 0 7.53299e-05
1.5451e+07 0.281387 0.858886 0 7.53447e-05
