1.8824e+07 0.497986 0.674036 0 6.70648e-05
9.45975e+06 0 1 0 0.000133453
9.45975e+06 0 1 0 0.000133453
4.177e+07 0.774218 0.549699 0 3.02234e-05
9.45975e+06 0 1 0 0.000133453
1.8824e+07 0.497986 0.674036 0 6.70648e-05
1.30677e+07 0.276232 0.875663 0 9.66072e-05
1.8824e+07 0.497986 0.674036 0 6.70648e-05
4.177e+07 0.774218 0.549699 0 3.02234e-05
4.177e+07 0.774218 0.549699 0 3.02234e-05
1.8824e+07 0.497986 0.674036 0 6.70648e-05
1.8824e+07 0.497986 0.674036 0 6.70648e-05
4.177e+07 0.774218 0.549699 0 3.02234e-05
1.8824e+07 0.497986 0.674036 0 6.70648e-05
1.8824e+07 0.497986 0.674036 0 6.70648e-05
9.45975e+06 0 1 0 0.000133453
4.177e+07 0.774218 0.549699 0 3.02234e-05
4.177e+07 0.774218 0.549699 0 3.02234e-05
9.45975e+06 0 1 0 0.000133453
1.8824e+07 0.497986 0.674036 0 6.70648e-05
1.8824e+07 0.497986 0.674036 0 6.70648e-05
1.8824e+07 0.497986 0.674036 0 6.70648e-05
4.177e+07 0.774218 0.549699 0 3.02234e-05
1.8824e+07 0.497986 0.674036 0 6.70648e-05
4.177e+07 0.774218 0.549699 0 3.02234e-05
1.8824e+07 0.497986 0.674036 0 6.70648e-05
1.8824e+07 0.497986 0.674036 0 6.70648e-05
4.177e+07 0.774218 0.549699 0 3.02234e-05
1.8824e+07 0.497986 0.674036 0 6.70648e-05
4.177e+07 0.774218 0.549699 0 3.02234e-05
9.45975e+06 0 1 0 0.000133453
1.32254e+07 0.284865 0.879549 0.0621685 9.54552e-05
1.8824e+07 0.497986 0.674036 0 6.70648e-05
1.8824e+07 0.497986 0.674036 0 6.70648e-05
1.8824e+07 0.497986 0.674036 0 6.70648e-05
1.8824e+07 0.497986 0.674036 0 6.70648e-05
4.177e+07 0.774218 0.549699 0 3.02234e-05
4.177e+07 0.774218 0.549699 0 3.02234e-05
9.45975e+06 0 1 0 0.000133453
1.8824e+07 0.497986 0.674036 0 6.70648e-05
1.8824e+07 0.497986 0.674036 0 6.70648e-05
1.8824e+07 0.497986 0.674036 0 6.70648e-05
9.45975e+06 0 1 0 0.000133453
1.8824e+07 0.497986 0.674036 0 6.70648e-05
4.177e+07 0.774218 0.549699 0 3.02234e-05
1.8824e+07 0.497986 0.674036 0 6.70648e-05
1.8824e+07 0.497986 0.674036 0 6.70648e-05
1.8824e+07 0.497986 0.674036 0 6.70648e-05
1.8824e+07 0.497986 0.674036 0 6.70648e-05
1.8824e+07 0.497986 0.674036 0 6.70648e-05
1.8824e+07 0.497986 0.674036 0 6.70648e-05
1.8824e+07 0.497986 0.674036 0 6.70648e-05
1.30677e+07 0.276232 0.875663 0 9.66072e-05
1.8824e+07 0.497986 0.674036 0 6.70648e-05
1.8824e+07 0.497986 0.674036 0 6.70648e-05
1.32254e+07 0.284865 0.879549 0.0621685 9.54552e-05
1.8824e+07 0.497986 0.674036 0 6.70648e-05
9.45975e+06 0 1 0 0.000133453
1.44427e+07 0.345291 0.827094 0.0621685 8.74097e-05
9.45975e+06 0 1 0 0.000133453
1.8824e+07 0.497986 0.674036 0 6.70648e-05
1.8824e+07 0.497986 0.674036 0 6.70648e-05
4.177e+07 0.774218 0.549699 0 3.02234e-05
1.8824e+07 0.497986 0.674036 0 6.70648e-05
4.177e+07 0.774218 0.549699 0 3.02234e-05
1.30677e+07 0.276232 0.875663 0 9.66072e-05
9.45975e+06 0 1 0 0.000133453
9.45975e+06 0 1 0 0.000133453
9.45975e+06 0 1 0 0.000133453
1.8824e+07 0.497986 0.674036 0 6.70648e-05
1.30677e+07 0.276232 0.875663 0 9.66072e-05
4.177e+07 0.774218 0.549699 0 3.02234e-05
1.8824e+07 0.497986 0.674036 0 6.70648e-05
1.30677e+07 0.276232 0.875663 0 9.66072e-05
1.8824e+07 0.497986 0.674036 0 6.70648e-05
1.8824e+07 0.497986 0.674036 0 6.70648e-05
1.8824e+07 0.497986 0.674036 0 6.70648e-05
1.8824e+07 0.497986 0.674036 0 6.70648e-05
1.8824e+07 0.497986 0.674036 0 6.70648e-05
1.8824e+07 0.497986 0.674036 0 6.70648e-05
1.8824e+07 0.497986 0.674036 0 6.70648e-05
1.8824e+07 0.497986 0.674036 0 6.70648e-05
9.45975e+06 0 1 0 0.000133453
1.8824e+07 0.497986 0.674036 0 6.70648e-05
1.8824e+07 0.497986 0.674036 0 6.70648e-05
1.8824e+07 0.497986 0.674036 0 6.70648e-05
4.177e+07 0.774218 0.549699 0 3.02234e-05
1.8824e+07 0.497986 0.674036 0 6.70648e-05
1.8824e+07 0.497986 0.674036 0 6.70648e-05
1.8824e+07 0.497986 0.674036 0 6.70648e-05
1.8824e+07 0.497986 0.674036 0 6.70648e-05
1.8824e+07 0.497986 0.674036 0 6.70648e-05
9.45975e+06 0 1 0 0.000133453
1.8824e+07 0.497986 0.674036 0 6.70648e-05
1.30677e+07 0.276232 0.875663 0 9.66072e-05
1.8824e+07 0.497986 0.674036 0 6.70648e-05
4.177e+07 0.774218 0.549699 0 3.02234e-05
1.8824e+07 0.497986 0.674036 0 6.70648e-05
1.30677e+07 0.276232 0.875663 0 9.66072e-05
1.8824e+07 0.497986 0.674036 0 6.70648e-05
