1.76922e+07 0.412771 0.686794 0.045709 7.36102e-05
1.27993e+07 0.187995 0.796893 0 0.00010175
1.50493e+07 0.309579 0.651916 0 8.65377e-05
1.88776e+07 0.449553 0.798483 0.0699546 6.89882e-05
1.27993e+07 0.187995 0.796893 0 0.00010175
1.76922e+07 0.412771 0.686794 0.045709 7.36102e-05
1.76922e+07 0.412771 0.656984 0 7.36102e-05
1.76922e+07 0.412771 0.686794 0.045709 7.36102e-05
1.88776e+07 0.449553 0.798483 0.0699546 6.89882e-05
1.88776e+07 0.449553 0.798483 0.0699546 6.89882e-05
1.76922e+07 0.412771 0.686794 0.045709 7.36102e-05
1.76922e+07 0.412771 0.686794 0.045709 7.36102e-05
1.88776e+07 0.449553 0.798483 0.0699546 6.89882e-05
1.5897e+07 0.34636 0.723461 0.0349773 8.19232e-05
1.5897e+07 0.34636 0.723461 0.0349773 8.19232e-05
1.27993e+07 0.187995 0.796893 0 0.00010175
1.88776e+07 0.449553 0.798483 0.0699546 6.89882e-05
1.88776e+07 0.449553 0.798483 0.0699546 6.89882e-05
1.60225e+07 0.351469 0.720579 0 8.12811e-05
1.76922e+07 0.412771 0.686794 0.045709 7.36102e-05
1.76922e+07 0.412771 0.686794 0.045709 7.36102e-05
1.76922e+07 0.412771 0.686794 0.045709 7.36102e-05
1.88776e+07 0.449553 0.798483 0.0699546 6.89882e-05
1.69835e+07 0.38825 0.722169 0 7.66822e-05
1.88776e+07 0.449553 0.798483 0.0699546 6.89882e-05
1.76922e+07 0.412771 0.686794 0.045709 7.36102e-05
1.76922e+07 0.412771 0.686794 0.045709 7.36102e-05
1.88776e+07 0.449553 0.798483 0.0699546 6.89882e-05
1.76922e+07 0.412771 0.686794 0.045709 7.36102e-05
1.88776e+07 0.449553 0.798483 0.0699546 6.89882e-05
1.24256e+07 0.163474 0.923686 0 0.00010481
1.34075e+07 0.224777 0.860091 0 9.71341e-05
1.76922e+07 0.412771 0.686794 0.045709 7.36102e-05
1.76922e+07 0.412771 0.686794 0.045709 7.36102e-05
1.76922e+07 0.412771 0.686794 0.045709 7.36102e-05
1.69835e+07 0.38825 0.722169 0 7.66822e-05
1.88776e+07 0.449553 0.798483 0.0699546 6.89882e-05
1.88776e+07 0.449553 0.798483 0.0699546 6.89882e-05
1.27993e+07 0.187995 0.796893 0 0.00010175
1.76922e+07 0.412771 0.686794 0.045709 7.36102e-05
1.69835e+07 0.38825 0.722169 0 7.66822e-05
1.76922e+07 0.412771 0.686794 0.045709 7.36102e-05
1.27993e+07 0.187995 0.796893 0 0.00010175
1.76922e+07 0.412771 0.686794 0.045709 7.36102e-05
1.88776e+07 0.449553 0.798483 0.0699546 6.89882e-05
1.76922e+07 0.412771 0.686794 0.045709 7.36102e-05
1.76922e+07 0.412771 0.686794 0.045709 7.36102e-05
1.76922e+07 0.412771 0.686794 0.045709 7.36102e-05
1.34056e+07 0.224777 0.798483 0 9.71482e-05
1.69835e+07 0.38825 0.722169 0 7.66822e-05
1.5897e+07 0.34636 0.723461 0.0349773 8.19232e-05
1.76922e+07 0.412771 0.686794 0.045709 7.36102e-05
1.34075e+07 0.224777 0.860091 0 9.71341e-05
1.76922e+07 0.412771 0.686794 0.045709 7.36102e-05
1.76922e+07 0.412771 0.686794 0.045709 7.36102e-05
1.34075e+07 0.224777 0.860091 0 9.71341e-05
1.76922e+07 0.412771 0.686794 0.045709 7.36102e-05
1.27993e+07 0.187995 0.796893 0 0.00010175
1.34075e+07 0.224777 0.860091 0 9.71341e-05
1.27993e+07 0.187995 0.796893 0 0.00010175
1.69835e+07 0.38825 0.722169 0 7.66822e-05
1.76922e+07 0.412771 0.686794 0.045709 7.36102e-05
1.88776e+07 0.449553 0.798483 0.0699546 6.89882e-05
1.69835e+07 0.38825 0.722169 0 7.66822e-05
1.88776e+07 0.449553 0.798483 0.0699546 6.89882e-05
1.34075e+07 0.224777 0.860091 0 9.71341e-05
1.27993e+07 0.187995 0.796893 0 0.00010175
1.60225e+07 0.351469 0.720579 0 8.12811e-05
1.27993e+07 0.187995 0.796893 0 0.00010175
1.76922e+07 0.412771 0.686794 0.045709 7.36102e-05
1.76922e+07 0.412771 0.656984 0 7.36102e-05
1.88776e+07 0.449553 0.798483 0.0699546 6.89882e-05
1.76922e+07 0.412771 0.686794 0.045709 7.36102e-05
1.34075e+07 0.224777 0.860091 0 9.71341e-05
1.76922e+07 0.412771 0.686794 0.045709 7.36102e-05
1.76922e+07 0.412771 0.686794 0.045709 7.36102e-05
1.76922e+07 0.412771 0.686794 0.045709 7.36102e-05
1.76922e+07 0.412771 0.686794 0.045709 7.36102e-05
1.34056e+07 0.224777 0.798483 0 9.71482e-05
1.5897e+07 0.34636 0.723461 0.0349773 8.19232e-05
1.76922e+07 0.412771 0.686794 0.045709 7.36102e-05
1.76922e+07 0.412771 0.686794 0.045709 7.36102e-05
1.27993e+07 0.187995 0.796893 0 0.00010175
1.76922e+07 0.412771 0.686794 0.045709 7.36102e-05
1.76922e+07 0.412771 0.686794 0.045709 7.36102e-05
1.76922e+07 0.412771 0.686794 0.045709 7.36102e-05
1.88776e+07 0.449553 0.798483 0.0699546 6.89882e-05
1.76922e+07 0.412771 0.686794 0.045709 7.36102e-05
1.34056e+07 0.224777 0.798483 0 9.71482e-05
1.5897e+07 0.34636 0.723461 0.0349773 8.19232e-05
1.76922e+07 0.412771 0.686794 0.045709 7.36102e-05
1.76922e+07 0.412771 0.686794 0.045709 7.36102e-05
1.27993e+07 0.187995 0.796893 0 0.00010175
1.76922e+07 0.412771 0.686794 0.045709 7.36102e-05
1.76922e+07 0.412771 0.656984 0 7.36102e-05
1.76922e+07 0.412771 0.686794 0.045709 7.36102e-05
1.88776e+07 0.449553 0.798483 0.0699546 6.89882e-05
1.5897e+07 0.34636 0.723461 0.0349773 8.19232e-05
1.76922e+07 0.412771 0.656984 0 7.36102e-05
1.76922e+07 0.412771 0.686794 0.045709 7.36102e-05
