1.57932e+07 0.593937 0.641885 0.0209063 7.25389e-05
8.7278e+06 0.26444 0.801315 0 0.000131261
9.90033e+06 0.351693 0.729385 0 0.000115715
1.27043e+07 0.49482 0.798757 0.0356251 9.01757e-05
8.7278e+06 0.26444 0.801315 0 0.000131261
1.57932e+07 0.593937 0.641885 0.0209063 7.25389e-05
1.12541e+07 0.429763 0.730065 0 0.000101796
1.57932e+07 0.593937 0.641885 0.0209063 7.25389e-05
1.27043e+07 0.49482 0.798757 0.0356251 9.01757e-05
1.27043e+07 0.49482 0.798757 0.0356251 9.01757e-05
1.57932e+07 0.593937 0.641885 0.0209063 7.25389e-05
1.57932e+07 0.593937 0.641885 0.0209063 7.25389e-05
1.27043e+07 0.49482 0.798757 0.0356251 9.01757e-05
1.1004e+07 0.416751 0.762452 0.0178125 0.000104109
1.1004e+07 0.416751 0.762452 0.0178125 0.000104109
8.7278e+06 0.26444 0.801315 0 0.000131261
1.27043e+07 0.49482 0.798757 0.0356251 9.01757e-05
1.27043e+07 0.49482 0.798757 0.0356251 9.01757e-05
8.7278e+06 0.26444 0.801315 0 0.000131261
1.57932e+07 0.593937 0.641885 0.0209063 7.25389e-05
1.57932e+07 0.593937 0.641885 0.0209063 7.25389e-05
1.57932e+07 0.593937 0.641885 0.0209063 7.25389e-05
1.27043e+07 0.49482 0.798757 0.0356251 9.01757e-05
9.57341e+06 0.329498 0.798757 0 0.000119667
1.27043e+07 0.49482 0.798757 0.0356251 9.01757e-05
1.57932e+07 0.593937 0.641885 0.0209063 7.25389e-05
1.57932e+07 0.593937 0.641885 0.0209063 7.25389e-05
1.27043e+07 0.49482 0.798757 0.0356251 9.01757e-05
1.57932e+07 0.593937 0.641885 0.0209063 7.25389e-05
1.27043e+07 0.49482 0.798757 0.0356251 9.01757e-05
6.42216e+06 0 1 0 0.000178386
7.69342e+06 0.165323 0.92875 0 0.000148909
1.57932e+07 0.593937 0.641885 0.0209063 7.25389e-05
1.57932e+07 0.593937 0.641885 0.0209063 7.25389e-05
1.57932e+07 0.593937 0.641885 0.0209063 7.25389e-05
9.57341e+06 0.329498 0.798757 0 0.000119667
1.27043e+07 0.49482 0.798757 0.0356251 9.01757e-05
1.27043e+07 0.49482 0.798757 0.0356251 9.01757e-05
8.7278e+06 0.26444 0.801315 0 0.000131261
1.57932e+07 0.593937 0.641885 0.0209063 7.25389e-05
9.57341e+06 0.329498 0.798757 0 0.000119667
1.57932e+07 0.593937 0.641885 0.0209063 7.25389e-05
8.7278e+06 0.26444 0.801315 0 0.000131261
1.57932e+07 0.593937 0.641885 0.0209063 7.25389e-05
1.27043e+07 0.49482 0.798757 0.0356251 9.01757e-05
1.57932e+07 0.593937 0.641885 0.0209063 7.25389e-05
1.57932e+07 0.593937 0.641885 0.0209063 7.25389e-05
1.57932e+07 0.593937 0.641885 0.0209063 7.25389e-05
9.57341e+06 0.329498 0.798757 0 0.000119667
9.57341e+06 0.329498 0.798757 0 0.000119667
1.1004e+07 0.416751 0.762452 0.0178125 0.000104109
1.57932e+07 0.593937 0.641885 0.0209063 7.25389e-05
7.69342e+06 0.165323 0.92875 0 0.000148909
1.57932e+07 0.593937 0.641885 0.0209063 7.25389e-05
1.57932e+07 0.593937 0.641885 0.0209063 7.25389e-05
7.69342e+06 0.165323 0.92875 0 0.000148909
1.57932e+07 0.593937 0.641885 0.0209063 7.25389e-05
8.7278e+06 0.26444 0.801315 0 0.000131261
7.69342e+06 0.165323 0.92875 0 0.000148909
8.7278e+06 0.26444 0.801315 0 0.000131261
9.57341e+06 0.329498 0.798757 0 0.000119667
1.57932e+07 0.593937 0.641885 0.0209063 7.25389e-05
1.27043e+07 0.49482 0.798757 0.0356251 9.01757e-05
9.57341e+06 0.329498 0.798757 0 0.000119667
1.27043e+07 0.49482 0.798757 0.0356251 9.01757e-05
7.69342e+06 0.165323 0.92875 0 0.000148909
9.5976e+06 0.331219 0.749901 0.0224847 0.000119365
8.7278e+06 0.26444 0.801315 0 0.000131261
8.7278e+06 0.26444 0.801315 0 0.000131261
1.57932e+07 0.593937 0.641885 0.0209063 7.25389e-05
1.12541e+07 0.429763 0.730065 0 0.000101796
1.27043e+07 0.49482 0.798757 0.0356251 9.01757e-05
1.57932e+07 0.593937 0.641885 0.0209063 7.25389e-05
7.69342e+06 0.165323 0.92875 0 0.000148909
1.57932e+07 0.593937 0.641885 0.0209063 7.25389e-05
1.57932e+07 0.593937 0.641885 0.0209063 7.25389e-05
1.57932e+07 0.593937 0.641885 0.0209063 7.25389e-05
1.57932e+07 0.593937 0.641885 0.0209063 7.25389e-05
9.57341e+06 0.329498 0.798757 0 0.000119667
1.1004e+07 0.416751 0.762452 0.0178125 0.000104109
1.57932e+07 0.593937 0.641885 0.0209063 7.25389e-05
1.57932e+07 0.593937 0.641885 0.0209063 7.25389e-05
8.7278e+06 0.26444 0.801315 0 0.000131261
1.57932e+07 0.593937 0.641885 0.0209063 7.25389e-05
1.57932e+07 0.593937 0.641885 0.0209063 7.25389e-05
1.57932e+07 0.593937 0.641885 0.0209063 7.25389e-05
1.27043e+07 0.49482 0.798757 0.0356251 9.01757e-05
1.57932e+07 0.593937 0.641885 0.0209063 7.25389e-05
9.57341e+06 0.329498 0.798757 0 0.000119667
1.1004e+07 0.416751 0.762452 0.0178125 0.000104109
1.57932e+07 0.593937 0.641885 0.0209063 7.25389e-05
1.57932e+07 0.593937 0.641885 0.0209063 7.25389e-05
8.7278e+06 0.26444 0.801315 0 0.000131261
1.57932e+07 0.593937 0.641885 0.0209063 7.25389e-05
1.12541e+07 0.429763 0.730065 0 0.000101796
1.57932e+07 0.593937 0.641885 0.0209063 7.25389e-05
1.27043e+07 0.49482 0.798757 0.0356251 9.01757e-05
1.1004e+07 0.416751 0.762452 0.0178125 0.000104109
1.12541e+07 0.429763 0.730065 0 0.000101796
1.57932e+07 0.593937 0.641885 0.0209063 7.25389e-05
