2.43009e+07 0.676579 0.619095 0.0254829 5.11931e-05
1.14866e+07 0.314711 0.779411 0 0.000108304
1.14866e+07 0.314711 0.779411 0 0.000108304
1.70868e+07 0.539481 0.788718 0.0359653 7.2807e-05
1.14866e+07 0.314711 0.779411 0 0.000108304
2.43009e+07 0.676579 0.619095 0.0254829 5.11931e-05
1.54985e+07 0.492323 0.707481 0 8.02685e-05
2.43009e+07 0.676579 0.619095 0.0254829 5.11931e-05
1.70868e+07 0.539481 0.788718 0.0359653 7.2807e-05
1.70868e+07 0.539481 0.788718 0.0359653 7.2807e-05
2.43009e+07 0.676579 0.619095 0.0254829 5.11931e-05
2.43009e+07 0.676579 0.619095 0.0254829 5.11931e-05
1.70868e+07 0.539481 0.788718 0.0359653 7.2807e-05
1.23338e+07 0.361868 0.788718 0 0.000100865
1.23338e+07 0.361868 0.788718 0 0.000100865
1.14866e+07 0.314711 0.779411 0 0.000108304
1.70868e+07 0.539481 0.788718 0.0359653 7.2807e-05
1.70868e+07 0.539481 0.788718 0.0359653 7.2807e-05
1.14866e+07 0.314711 0.779411 0 0.000108304
2.43009e+07 0.676579 0.619095 0.0254829 5.11931e-05
2.43009e+07 0.676579 0.619095 0.0254829 5.11931e-05
2.43009e+07 0.676579 0.619095 0.0254829 5.11931e-05
1.70868e+07 0.539481 0.788718 0.0359653 7.2807e-05
1.23338e+07 0.361868 0.788718 0 0.000100865
1.70868e+07 0.539481 0.788718 0.0359653 7.2807e-05
2.43009e+07 0.676579 0.619095 0.0254829 5.11931e-05
2.43009e+07 0.676579 0.619095 0.0254829 5.11931e-05
1.70868e+07 0.539481 0.788718 0.0359653 7.2807e-05
2.43009e+07 0.676579 0.619095 0.0254829 5.11931e-05
1.70868e+07 0.539481 0.788718 0.0359653 7.2807e-05
7.87511e+06 0 1 0 0.000157971
9.63992e+06 0.183163 0.930317 0.0359653 0.000129051
2.43009e+07 0.676579 0.619095 0.0254829 5.11931e-05
2.43009e+07 0.676579 0.619095 0.0254829 5.11931e-05
2.43009e+07 0.676579 0.619095 0.0254829 5.11931e-05
1.23338e+07 0.361868 0.788718 0 0.000100865
1.70868e+07 0.539481 0.788718 0.0359653 7.2807e-05
1.70868e+07 0.539481 0.788718 0.0359653 7.2807e-05
1.14866e+07 0.314711 0.779411 0 0.000108304
2.43009e+07 0.676579 0.619095 0.0254829 5.11931e-05
1.23338e+07 0.361868 0.788718 0 0.000100865
2.43009e+07 0.676579 0.619095 0.0254829 5.11931e-05
1.14866e+07 0.314711 0.779411 0 0.000108304
2.43009e+07 0.676579 0.619095 0.0254829 5.11931e-05
1.70868e+07 0.539481 0.788718 0.0359653 7.2807e-05
2.43009e+07 0.676579 0.619095 0.0254829 5.11931e-05
2.43009e+07 0.676579 0.619095 0.0254829 5.11931e-05
2.43009e+07 0.676579 0.619095 0.0254829 5.11931e-05
1.23338e+07 0.361868 0.788718 0 0.000100865
1.23338e+07 0.361868 0.788718 0 0.000100865
1.23338e+07 0.361868 0.788718 0 0.000100865
2.43009e+07 0.676579 0.619095 0.0254829 5.11931e-05
9.57487e+06 0.177612 0.928069 0 0.000129928
2.43009e+07 0.676579 0.619095 0.0254829 5.11931e-05
2.43009e+07 0.676579 0.619095 0.0254829 5.11931e-05
9.63992e+06 0.183163 0.930317 0.0359653 0.000129051
2.43009e+07 0.676579 0.619095 0.0254829 5.11931e-05
1.14866e+07 0.314711 0.779411 0 0.000108304
9.57487e+06 0.177612 0.928069 0 0.000129928
1.14866e+07 0.314711 0.779411 0 0.000108304
1.23338e+07 0.361868 0.788718 0 0.000100865
2.43009e+07 0.676579 0.619095 0.0254829 5.11931e-05
1.70868e+07 0.539481 0.788718 0.0359653 7.2807e-05
1.23338e+07 0.361868 0.788718 0 0.000100865
1.70868e+07 0.539481 0.788718 0.0359653 7.2807e-05
9.57487e+06 0.177612 0.928069 0 0.000129928
1.14866e+07 0.314711 0.779411 0 0.000108304
1.14866e+07 0.314711 0.779411 0 0.000108304
1.14866e+07 0.314711 0.779411 0 0.000108304
2.43009e+07 0.676579 0.619095 0.0254829 5.11931e-05
1.54985e+07 0.492323 0.707481 0 8.02685e-05
1.70868e+07 0.539481 0.788718 0.0359653 7.2807e-05
2.43009e+07 0.676579 0.619095 0.0254829 5.11931e-05
9.57487e+06 0.177612 0.928069 0 0.000129928
2.43009e+07 0.676579 0.619095 0.0254829 5.11931e-05
2.43009e+07 0.676579 0.619095 0.0254829 5.11931e-05
2.43009e+07 0.676579 0.619095 0.0254829 5.11931e-05
2.43009e+07 0.676579 0.619095 0.0254829 5.11931e-05
1.23338e+07 0.361868 0.788718 0 0.000100865
1.23338e+07 0.361868 0.788718 0 0.000100865
2.43009e+07 0.676579 0.619095 0.0254829 5.11931e-05
2.43009e+07 0.676579 0.619095 0.0254829 5.11931e-05
1.14866e+07 0.314711 0.779411 0 0.000108304
2.43009e+07 0.676579 0.619095 0.0254829 5.11931e-05
2.43009e+07 0.676579 0.619095 0.0254829 5.11931e-05
2.43009e+07 0.676579 0.619095 0.0254829 5.11931e-05
1.70868e+07 0.539481 0.788718 0.0359653 7.2807e-05
2.43009e+07 0.676579 0.619095 0.0254829 5.11931e-05
1.23338e+07 0.361868 0.788718 0 0.000100865
1.23338e+07 0.361868 0.788718 0 0.000100865
2.43009e+07 0.676579 0.619095 0.0254829 5.11931e-05
2.43009e+07 0.676579 0.619095 0.0254829 5.11931e-05
1.14866e+07 0.314711 0.779411 0 0.000108304
2.43009e+07 0.676579 0.619095 0.0254829 5.11931e-05
1.54985e+07 0.492323 0.707481 0 8.02685e-05
2.43009e+07 0.676579 0.619095 0.0254829 5.11931e-05
1.70868e+07 0.539481 0.788718 0.0359653 7.2807e-05
1.23338e+07 0.361868 0.788718 0 0.000100865
1.54985e+07 0.492323 0.707481 0 8.02685e-05
2.43009e+07 0.676579 0.619095 0.0254829 5.11931e-05
