1.80756e+07 0.286409 0.810693 0 7.75271e-05
1.29038e+07 0 1 0 0.0001086
1.29038e+07 0 1 0 0.0001086
5.39839e+07 0.7614 0.724667 0.0653257 2.59587e-05
1.29038e+07 0 1 0 0.0001086
1.80756e+07 0.286409 0.810693 0 7.75271e-05
2.45648e+07 0.474991 0.783323 0 5.70471e-05
1.80756e+07 0.286409 0.810693 0 7.75271e-05
5.39839e+07 0.7614 0.724667 0.0653257 2.59587e-05
5.39839e+07 0.7614 0.724667 0.0653257 2.59587e-05
1.80756e+07 0.286409 0.810693 0 7.75271e-05
1.80756e+07 0.286409 0.810693 0 7.75271e-05
5.39839e+07 0.7614 0.724667 0.0653257 2.59587e-05
1.80756e+07 0.286409 0.810693 0 7.75271e-05
1.80756e+07 0.286409 0.810693 0 7.75271e-05
1.29038e+07 0 1 0 0.0001086
5.39839e+07 0.7614 0.724667 0.0653257 2.59587e-05
5.39839e+07 0.7614 0.724667 0.0653257 2.59587e-05
1.29038e+07 0 1 0 0.0001086
1.80756e+07 0.286409 0.810693 0 7.75271e-05
1.80756e+07 0.286409 0.810693 0 7.75271e-05
1.80756e+07 0.286409 0.810693 0 7.75271e-05
5.39839e+07 0.7614 0.724667 0.0653257 2.59587e-05
1.80756e+07 0.286409 0.810693 0 7.75271e-05
5.39839e+07 0.7614 0.724667 0.0653257 2.59587e-05
1.80756e+07 0.286409 0.810693 0 7.75271e-05
1.80756e+07 0.286409 0.810693 0 7.75271e-05
5.39839e+07 0.7614 0.724667 0.0653257 2.59587e-05
1.80756e+07 0.286409 0.810693 0 7.75271e-05
5.39839e+07 0.7614 0.724667 0.0653257 2.59587e-05
1.29038e+07 0 1 0 0.0001086
2.48435e+07 0.480884 0.786011 0.0430128 5.64071e-05
1.80756e+07 0.286409 0.810693 0 7.75271e-05
1.80756e+07 0.286409 0.810693 0 7.75271e-05
1.80756e+07 0.286409 0.810693 0 7.75271e-05
1.80756e+07 0.286409 0.810693 0 7.75271e-05
5.39839e+07 0.7614 0.724667 0.0653257 2.59587e-05
5.39839e+07 0.7614 0.724667 0.0653257 2.59587e-05
1.29038e+07 0 1 0 0.0001086
1.80756e+07 0.286409 0.810693 0 7.75271e-05
1.80756e+07 0.286409 0.810693 0 7.75271e-05
1.80756e+07 0.286409 0.810693 0 7.75271e-05
1.29038e+07 0 1 0 0.0001086
1.80756e+07 0.286409 0.810693 0 7.75271e-05
5.39839e+07 0.7614 0.724667 0.0653257 2.59587e-05
1.80756e+07 0.286409 0.810693 0 7.75271e-05
1.80756e+07 0.286409 0.810693 0 7.75271e-05
1.80756e+07 0.286409 0.810693 0 7.75271e-05
1.80756e+07 0.286409 0.810693 0 7.75271e-05
1.80756e+07 0.286409 0.810693 0 7.75271e-05
1.80756e+07 0.286409 0.810693 0 7.75271e-05
1.80756e+07 0.286409 0.810693 0 7.75271e-05
2.45648e+07 0.474991 0.783323 0 5.70471e-05
1.80756e+07 0.286409 0.810693 0 7.75271e-05
1.80756e+07 0.286409 0.810693 0 7.75271e-05
2.48435e+07 0.480884 0.786011 0.0430128 5.64071e-05
1.80756e+07 0.286409 0.810693 0 7.75271e-05
1.29038e+07 0 1 0 0.0001086
2.45648e+07 0.474991 0.783323 0 5.70471e-05
1.29038e+07 0 1 0 0.0001086
1.80756e+07 0.286409 0.810693 0 7.75271e-05
1.80756e+07 0.286409 0.810693 0 7.75271e-05
5.39839e+07 0.7614 0.724667 0.0653257 2.59587e-05
1.80756e+07 0.286409 0.810693 0 7.75271e-05
5.39839e+07 0.7614 0.724667 0.0653257 2.59587e-05
2.45648e+07 0.474991 0.783323 0 5.70471e-05
1.29038e+07 0 1 0 0.0001086
1.29038e+07 0 1 0 0.0001086
1.29038e+07 0 1 0 0.0001086
1.80756e+07 0.286409 0.810693 0 7.75271e-05
2.45648e+07 0.474991 0.783323 0 5.70471e-05
5.39839e+07 0.7614 0.724667 0.0653257 2.59587e-05
1.80756e+07 0.286409 0.810693 0 7.75271e-05
3.30827e+07 0.610534 0.616396 0 4.2359e-05
1.80756e+07 0.286409 0.810693 0 7.75271e-05
1.80756e+07 0.286409 0.810693 0 7.75271e-05
1.80756e+07 0.286409 0.810693 0 7.75271e-05
1.80756e+07 0.286409 0.810693 0 7.75271e-05
2.2307e+07 0.421952 0.740377 0.0483054 6.2821e-05
1.80756e+07 0.286409 0.810693 0 7.75271e-05
1.80756e+07 0.286409 0.810693 0 7.75271e-05
1.80756e+07 0.286409 0.810693 0 7.75271e-05
1.29038e+07 0 1 0 0.0001086
1.80756e+07 0.286409 0.810693 0 7.75271e-05
1.80756e+07 0.286409 0.810693 0 7.75271e-05
1.80756e+07 0.286409 0.810693 0 7.75271e-05
5.39839e+07 0.7614 0.724667 0.0653257 2.59587e-05
1.80756e+07 0.286409 0.810693 0 7.75271e-05
1.80756e+07 0.286409 0.810693 0 7.75271e-05
1.80756e+07 0.286409 0.810693 0 7.75271e-05
1.80756e+07 0.286409 0.810693 0 7.75271e-05
1.80756e+07 0.286409 0.810693 0 7.75271e-05
1.29038e+07 0 1 0 0.0001086
1.80756e+07 0.286409 0.810693 0 7.75271e-05
2.45648e+07 0.474991 0.783323 0 5.70471e-05
1.80756e+07 0.286409 0.810693 0 7.75271e-05
5.39839e+07 0.7614 0.724667 0.0653257 2.59587e-05
1.80756e+07 0.286409 0.810693 0 7.75271e-05
2.45648e+07 0.474991 0.783323 0 5.70471e-05
1.80756e+07 0.286409 0.810693 0 7.75271e-05
