1.37342e+07 0.392437 0.709235 0.0412104 7.96261e-05
1.01574e+07 0.178238 0.809384 0 0.000107665
1.17963e+07 0.292569 0.679589 0 9.27072e-05
1.06217e+07 0.214198 0.817431 0 0.000102959
1.29699e+07 0.356476 0.809384 0.0494525 8.43182e-05
1.37342e+07 0.392437 0.709235 0.0412104 7.96261e-05
1.01574e+07 0.178238 0.809384 0 0.000107665
1.37342e+07 0.392437 0.709235 0.0412104 7.96261e-05
1.06217e+07 0.214198 0.817431 0 0.000102959
1.06217e+07 0.214198 0.817431 0 0.000102959
1.37342e+07 0.392437 0.709235 0.0412104 7.96261e-05
1.37342e+07 0.392437 0.709235 0.0412104 7.96261e-05
1.06217e+07 0.214198 0.817431 0 0.000102959
1.24267e+07 0.328529 0.687636 0 8.80043e-05
1.24267e+07 0.328529 0.687636 0 8.80043e-05
1.01574e+07 0.178238 0.809384 0 0.000107665
1.06217e+07 0.214198 0.817431 0 0.000102959
1.06217e+07 0.214198 0.817431 0 0.000102959
1.35773e+07 0.385401 0.717419 0 8.05463e-05
1.37342e+07 0.392437 0.709235 0.0412104 7.96261e-05
1.37342e+07 0.392437 0.709235 0.0412104 7.96261e-05
1.37342e+07 0.392437 0.709235 0.0412104 7.96261e-05
1.06217e+07 0.214198 0.817431 0 0.000102959
1.44203e+07 0.421361 0.725466 0 7.58373e-05
1.06217e+07 0.214198 0.817431 0 0.000102959
1.37342e+07 0.392437 0.709235 0.0412104 7.96261e-05
1.37342e+07 0.392437 0.709235 0.0412104 7.96261e-05
1.06217e+07 0.214198 0.817431 0 0.000102959
1.37342e+07 0.392437 0.709235 0.0412104 7.96261e-05
1.06217e+07 0.214198 0.817431 0 0.000102959
1.05289e+07 0.207163 0.908036 0 0.000103866
8.34881e+06 0 1 0 0.000130989
1.37342e+07 0.392437 0.709235 0.0412104 7.96261e-05
1.37342e+07 0.392437 0.709235 0.0412104 7.96261e-05
1.37342e+07 0.392437 0.709235 0.0412104 7.96261e-05
1.44203e+07 0.421361 0.725466 0 7.58373e-05
1.06217e+07 0.214198 0.817431 0 0.000102959
1.06217e+07 0.214198 0.817431 0 0.000102959
1.01574e+07 0.178238 0.809384 0 0.000107665
1.37342e+07 0.392437 0.709235 0.0412104 7.96261e-05
1.44203e+07 0.421361 0.725466 0 7.58373e-05
1.37342e+07 0.392437 0.709235 0.0412104 7.96261e-05
1.01574e+07 0.178238 0.809384 0 0.000107665
1.37342e+07 0.392437 0.709235 0.0412104 7.96261e-05
1.06217e+07 0.214198 0.817431 0 0.000102959
1.37342e+07 0.392437 0.709235 0.0412104 7.96261e-05
1.37342e+07 0.392437 0.709235 0.0412104 7.96261e-05
1.37342e+07 0.392437 0.709235 0.0412104 7.96261e-05
1.06217e+07 0.214198 0.817431 0 0.000102959
1.44203e+07 0.421361 0.725466 0 7.58373e-05
1.24267e+07 0.328529 0.687636 0 8.80043e-05
1.37342e+07 0.392437 0.709235 0.0412104 7.96261e-05
1.01586e+07 0.178238 0.901095 0 0.000107653
1.37342e+07 0.392437 0.709235 0.0412104 7.96261e-05
1.37342e+07 0.392437 0.709235 0.0412104 7.96261e-05
8.34881e+06 0 1 0 0.000130989
1.37342e+07 0.392437 0.709235 0.0412104 7.96261e-05
1.01574e+07 0.178238 0.809384 0 0.000107665
8.34881e+06 0 1 0 0.000130989
1.01574e+07 0.178238 0.809384 0 0.000107665
1.44203e+07 0.421361 0.725466 0 7.58373e-05
1.37342e+07 0.392437 0.709235 0.0412104 7.96261e-05
1.06217e+07 0.214198 0.817431 0 0.000102959
1.44203e+07 0.421361 0.725466 0 7.58373e-05
1.06217e+07 0.214198 0.817431 0 0.000102959
8.34881e+06 0 1 0 0.000130989
1.01574e+07 0.178238 0.809384 0 0.000107665
1.35773e+07 0.385401 0.717419 0 8.05463e-05
1.29699e+07 0.356476 0.809384 0.0494525 8.43182e-05
1.37342e+07 0.392437 0.709235 0.0412104 7.96261e-05
1.01574e+07 0.178238 0.809384 0 0.000107665
1.06217e+07 0.214198 0.817431 0 0.000102959
1.37342e+07 0.392437 0.709235 0.0412104 7.96261e-05
8.34881e+06 0 1 0 0.000130989
1.37342e+07 0.392437 0.709235 0.0412104 7.96261e-05
1.37342e+07 0.392437 0.709235 0.0412104 7.96261e-05
1.37342e+07 0.392437 0.709235 0.0412104 7.96261e-05
1.37342e+07 0.392437 0.709235 0.0412104 7.96261e-05
1.06217e+07 0.214198 0.817431 0 0.000102959
1.24267e+07 0.328529 0.687636 0 8.80043e-05
1.37342e+07 0.392437 0.709235 0.0412104 7.96261e-05
1.37342e+07 0.392437 0.709235 0.0412104 7.96261e-05
1.01574e+07 0.178238 0.809384 0 0.000107665
1.37342e+07 0.392437 0.709235 0.0412104 7.96261e-05
1.37342e+07 0.392437 0.709235 0.0412104 7.96261e-05
1.37342e+07 0.392437 0.709235 0.0412104 7.96261e-05
1.06217e+07 0.214198 0.817431 0 0.000102959
1.37342e+07 0.392437 0.709235 0.0412104 7.96261e-05
1.06217e+07 0.214198 0.817431 0 0.000102959
1.24267e+07 0.328529 0.687636 0 8.80043e-05
1.37342e+07 0.392437 0.709235 0.0412104 7.96261e-05
1.37342e+07 0.392437 0.709235 0.0412104 7.96261e-05
1.01574e+07 0.178238 0.809384 0 0.000107665
1.37342e+07 0.392437 0.709235 0.0412104 7.96261e-05
1.01574e+07 0.178238 0.809384 0 0.000107665
1.37342e+07 0.392437 0.709235 0.0412104 7.96261e-05
1.06217e+07 0.214198 0.817431 0 0.000102959
1.24267e+07 0.328529 0.687636 0 8.80043e-05
1.01574e+07 0.178238 0.809384 0 0.000107665
1.37342e+07 0.392437 0.709235 0.0412104 7.96261e-05
