7.56313e+06 0.384984 0.692597 0.0275633 0.000148132
6.28416e+06 0.259492 0.891013 0.0347094 0.00017828
5.7096e+06 0.185047 0.796481 0 0.00019622
1.07616e+07 0.567904 0.664871 0.044428 0.000104105
5.25744e+06 0.114857 0.878517 0 0.000213096
7.56313e+06 0.384984 0.692597 0.0275633 0.000148132
7.91969e+06 0.412634 0.695578 0 0.000141463
7.56313e+06 0.384984 0.692597 0.0275633 0.000148132
1.07616e+07 0.567904 0.664871 0.044428 0.000104105
1.07616e+07 0.567904 0.664871 0.044428 0.000104105
7.56313e+06 0.384984 0.692597 0.0275633 0.000148132
7.56313e+06 0.384984 0.692597 0.0275633 0.000148132
1.07616e+07 0.567904 0.664871 0.044428 0.000104105
7.0517e+06 0.340317 0.721345 0.022214 0.000158875
7.0517e+06 0.340317 0.721345 0.022214 0.000158875
6.28416e+06 0.259492 0.891013 0.0347094 0.00017828
1.07616e+07 0.567904 0.664871 0.044428 0.000104105
1.07616e+07 0.567904 0.664871 0.044428 0.000104105
5.25744e+06 0.114857 0.878517 0 0.000213096
7.56313e+06 0.384984 0.692597 0.0275633 0.000148132
7.56313e+06 0.384984 0.692597 0.0275633 0.000148132
7.56313e+06 0.384984 0.692597 0.0275633 0.000148132
1.07616e+07 0.567904 0.664871 0.044428 0.000104105
6.37417e+06 0.270127 0.758954 0 0.000175762
1.07616e+07 0.567904 0.664871 0.044428 0.000104105
7.56313e+06 0.384984 0.692597 0.0275633 0.000148132
7.56313e+06 0.384984 0.692597 0.0275633 0.000148132
1.07616e+07 0.567904 0.664871 0.044428 0.000104105
7.56313e+06 0.384984 0.692597 0.0275633 0.000148132
1.07616e+07 0.567904 0.664871 0.044428 0.000104105
5.4408e+06 0.144635 0.943077 0 0.000205914
6.66926e+06 0.302297 0.819838 0.044428 0.000167986
7.56313e+06 0.384984 0.692597 0.0275633 0.000148132
7.56313e+06 0.384984 0.692597 0.0275633 0.000148132
7.56313e+06 0.384984 0.692597 0.0275633 0.000148132
6.37417e+06 0.270127 0.758954 0 0.000175762
1.07616e+07 0.567904 0.664871 0.044428 0.000104105
1.07616e+07 0.567904 0.664871 0.044428 0.000104105
5.25744e+06 0.114857 0.878517 0 0.000213096
7.56313e+06 0.384984 0.692597 0.0275633 0.000148132
6.37417e+06 0.270127 0.758954 0 0.000175762
7.56313e+06 0.384984 0.692597 0.0275633 0.000148132
5.25744e+06 0.114857 0.878517 0 0.000213096
7.56313e+06 0.384984 0.692597 0.0275633 0.000148132
1.07616e+07 0.567904 0.664871 0.044428 0.000104105
7.56313e+06 0.384984 0.692597 0.0275633 0.000148132
7.56313e+06 0.384984 0.692597 0.0275633 0.000148132
7.56313e+06 0.384984 0.692597 0.0275633 0.000148132
7.94771e+06 0.414761 0.70203 0 0.000140964
6.37417e+06 0.270127 0.758954 0 0.000175762
7.0517e+06 0.340317 0.721345 0.022214 0.000158875
7.56313e+06 0.384984 0.692597 0.0275633 0.000148132
6.62634e+06 0.297777 0.817061 0 0.000169074
7.56313e+06 0.384984 0.692597 0.0275633 0.000148132
7.56313e+06 0.384984 0.692597 0.0275633 0.000148132
6.66926e+06 0.302297 0.819838 0.044428 0.000167986
7.56313e+06 0.384984 0.692597 0.0275633 0.000148132
6.28416e+06 0.259492 0.891013 0.0347094 0.00017828
7.00755e+06 0.336063 0.78031 0.0470414 0.000159876
5.25744e+06 0.114857 0.878517 0 0.000213096
6.37417e+06 0.270127 0.758954 0 0.000175762
7.56313e+06 0.384984 0.692597 0.0275633 0.000148132
1.07616e+07 0.567904 0.664871 0.044428 0.000104105
6.37417e+06 0.270127 0.758954 0 0.000175762
1.07616e+07 0.567904 0.664871 0.044428 0.000104105
8.34356e+06 0.442412 0.760138 0 0.000134276
5.25744e+06 0.114857 0.878517 0 0.000213096
5.25744e+06 0.114857 0.878517 0 0.000213096
5.25744e+06 0.114857 0.878517 0 0.000213096
7.56313e+06 0.384984 0.692597 0.0275633 0.000148132
7.91969e+06 0.412634 0.695578 0 0.000141463
1.07616e+07 0.567904 0.664871 0.044428 0.000104105
7.56313e+06 0.384984 0.692597 0.0275633 0.000148132
6.62634e+06 0.297777 0.817061 0 0.000169074
7.56313e+06 0.384984 0.692597 0.0275633 0.000148132
7.56313e+06 0.384984 0.692597 0.0275633 0.000148132
7.56313e+06 0.384984 0.692597 0.0275633 0.000148132
7.56313e+06 0.384984 0.692597 0.0275633 0.000148132
6.37417e+06 0.270127 0.758954 0 0.000175762
7.0517e+06 0.340317 0.721345 0.022214 0.000158875
7.56313e+06 0.384984 0.692597 0.0275633 0.000148132
7.56313e+06 0.384984 0.692597 0.0275633 0.000148132
6.28416e+06 0.259492 0.891013 0.0347094 0.00017828
7.56313e+06 0.384984 0.692597 0.0275633 0.000148132
7.56313e+06 0.384984 0.692597 0.0275633 0.000148132
7.56313e+06 0.384984 0.692597 0.0275633 0.000148132
1.07616e+07 0.567904 0.664871 0.044428 0.000104105
7.56313e+06 0.384984 0.692597 0.0275633 0.000148132
7.94771e+06 0.414761 0.70203 0 0.000140964
7.0517e+06 0.340317 0.721345 0.022214 0.000158875
7.56313e+06 0.384984 0.692597 0.0275633 0.000148132
7.56313e+06 0.384984 0.692597 0.0275633 0.000148132
6.28416e+06 0.259492 0.891013 0.0347094 0.00017828
7.56313e+06 0.384984 0.692597 0.0275633 0.000148132
7.91969e+06 0.412634 0.695578 0 0.000141463
7.56313e+06 0.384984 0.692597 0.0275633 0.000148132
1.07616e+07 0.567904 0.664871 0.044428 0.000104105
7.0517e+06 0.340317 0.721345 0.022214 0.000158875
7.91969e+06 0.412634 0.695578 0 0.000141463
7.56313e+06 0.384984 0.692597 0.0275633 0.000148132
