5.40886e+07 0 1 0 3.522e-05
5.40886e+07 0 1 0 3.522e-05
5.40886e+07 0 1 0 3.522e-05
1.2915e+08 0.581488 0.905947 0 1.47502e-05
5.40886e+07 0 1 0 3.522e-05
5.40886e+07 0 1 0 3.522e-05
1.2915e+08 0.581488 0.905947 0 1.47502e-05
5.40886e+07 0 1 0 3.522e-05
1.2915e+08 0.581488 0.905947 0 1.47502e-05
1.2915e+08 0.581488 0.905947 0 1.47502e-05
5.40886e+07 0 1 0 3.522e-05
5.40886e+07 0 1 0 3.522e-05
1.2915e+08 0.581488 0.905947 0 1.47502e-05
5.40886e+07 0 1 0 3.522e-05
5.40886e+07 0 1 0 3.522e-05
5.40886e+07 0 1 0 3.522e-05
1.2915e+08 0.581488 0.905947 0 1.47502e-05
1.2915e+08 0.581488 0.905947 0 1.47502e-05
5.40886e+07 0 1 0 3.522e-05
5.40886e+07 0 1 0 3.522e-05
5.40886e+07 0 1 0 3.522e-05
5.40886e+07 0 1 0 3.522e-05
1.2915e+08 0.581488 0.905947 0 1.47502e-05
5.40886e+07 0 1 0 3.522e-05
1.2915e+08 0.581488 0.905947 0 1.47502e-05
5.40886e+07 0 1 0 3.522e-05
5.40886e+07 0 1 0 3.522e-05
1.2915e+08 0.581488 0.905947 0 1.47502e-05
5.40886e+07 0 1 0 3.522e-05
1.2915e+08 0.581488 0.905947 0 1.47502e-05
5.40886e+07 0 1 0 3.522e-05
1.35008e+08 0.599659 0.908886 0.0470264 1.41102e-05
5.40886e+07 0 1 0 3.522e-05
5.40886e+07 0 1 0 3.522e-05
5.40886e+07 0 1 0 3.522e-05
5.40886e+07 0 1 0 3.522e-05
1.2915e+08 0.581488 0.905947 0 1.47502e-05
1.2915e+08 0.581488 0.905947 0 1.47502e-05
5.40886e+07 0 1 0 3.522e-05
5.40886e+07 0 1 0 3.522e-05
5.40886e+07 0 1 0 3.522e-05
5.40886e+07 0 1 0 3.522e-05
5.40886e+07 0 1 0 3.522e-05
5.40886e+07 0 1 0 3.522e-05
1.2915e+08 0.581488 0.905947 0 1.47502e-05
5.40886e+07 0 1 0 3.522e-05
5.40886e+07 0 1 0 3.522e-05
5.40886e+07 0 1 0 3.522e-05
5.40886e+07 0 1 0 3.522e-05
5.40886e+07 0 1 0 3.522e-05
5.40886e+07 0 1 0 3.522e-05
5.40886e+07 0 1 0 3.522e-05
1.2915e+08 0.581488 0.905947 0 1.47502e-05
5.40886e+07 0 1 0 3.522e-05
5.40886e+07 0 1 0 3.522e-05
1.35008e+08 0.599659 0.908886 0.0470264 1.41102e-05
5.40886e+07 0 1 0 3.522e-05
5.40886e+07 0 1 0 3.522e-05
1.2915e+08 0.581488 0.905947 0 1.47502e-05
5.40886e+07 0 1 0 3.522e-05
5.40886e+07 0 1 0 3.522e-05
5.40886e+07 0 1 0 3.522e-05
1.2915e+08 0.581488 0.905947 0 1.47502e-05
5.40886e+07 0 1 0 3.522e-05
1.2915e+08 0.581488 0.905947 0 1.47502e-05
1.2915e+08 0.581488 0.905947 0 1.47502e-05
5.40886e+07 0 1 0 3.522e-05
5.40886e+07 0 1 0 3.522e-05
5.40886e+07 0 1 0 3.522e-05
5.40886e+07 0 1 0 3.522e-05
1.2915e+08 0.581488 0.905947 0 1.47502e-05
1.2915e+08 0.581488 0.905947 0 1.47502e-05
5.40886e+07 0 1 0 3.522e-05
1.2915e+08 0.581488 0.905947 0 1.47502e-05
5.40886e+07 0 1 0 3.522e-05
5.40886e+07 0 1 0 3.522e-05
5.40886e+07 0 1 0 3.522e-05
5.40886e+07 0 1 0 3.522e-05
5.40886e+07 0 1 0 3.522e-05
5.40886e+07 0 1 0 3.522e-05
5.40886e+07 0 1 0 3.522e-05
5.40886e+07 0 1 0 3.522e-05
5.40886e+07 0 1 0 3.522e-05
5.40886e+07 0 1 0 3.522e-05
5.40886e+07 0 1 0 3.522e-05
5.40886e+07 0 1 0 3.522e-05
1.2915e+08 0.581488 0.905947 0 1.47502e-05
5.40886e+07 0 1 0 3.522e-05
5.40886e+07 0 1 0 3.522e-05
5.40886e+07 0 1 0 3.522e-05
5.40886e+07 0 1 0 3.522e-05
5.40886e+07 0 1 0 3.522e-05
5.40886e+07 0 1 0 3.522e-05
5.40886e+07 0 1 0 3.522e-05
1.2915e+08 0.581488 0.905947 0 1.47502e-05
5.40886e+07 0 1 0 3.522e-05
1.2915e+08 0.581488 0.905947 0 1.47502e-05
5.40886e+07 0 1 0 3.522e-05
1.2915e+08 0.581488 0.905947 0 1.47502e-05
5.40886e+07 0 1 0 3.522e-05
