1.5239e+07 0.552843 0.615547 0.0229643 7.46357e-05
1.41745e+07 0.519058 0.686638 0.0233408 8.02406e-05
1.12163e+07 0.392109 0.678236 0 0.000101403
1.00528e+07 0.321468 0.891382 0.0378271 0.000113139
1.12163e+07 0.392109 0.678236 0 0.000101403
1.5239e+07 0.552843 0.615547 0.0229643 7.46357e-05
1.5239e+07 0.552843 0.602582 0 7.46357e-05
1.5239e+07 0.552843 0.615547 0.0229643 7.46357e-05
1.00528e+07 0.321468 0.891382 0.0378271 0.000113139
1.00528e+07 0.321468 0.891382 0.0378271 0.000113139
1.5239e+07 0.552843 0.615547 0.0229643 7.46357e-05
1.5239e+07 0.552843 0.615547 0.0229643 7.46357e-05
1.00528e+07 0.321468 0.891382 0.0378271 0.000113139
8.1279e+06 0.160734 0.891382 0 0.000139934
8.1279e+06 0.160734 0.891382 0 0.000139934
1.41745e+07 0.519058 0.686638 0.0233408 8.02406e-05
1.00528e+07 0.321468 0.891382 0.0378271 0.000113139
1.00528e+07 0.321468 0.891382 0.0378271 0.000113139
1.12163e+07 0.392109 0.678236 0 0.000101403
1.5239e+07 0.552843 0.615547 0.0229643 7.46357e-05
1.5239e+07 0.552843 0.615547 0.0229643 7.46357e-05
1.5239e+07 0.552843 0.615547 0.0229643 7.46357e-05
1.00528e+07 0.321468 0.891382 0.0378271 0.000113139
8.1279e+06 0.160734 0.891382 0 0.000139934
1.00528e+07 0.321468 0.891382 0.0378271 0.000113139
1.5239e+07 0.552843 0.615547 0.0229643 7.46357e-05
1.5239e+07 0.552843 0.615547 0.0229643 7.46357e-05
1.00528e+07 0.321468 0.891382 0.0378271 0.000113139
1.5239e+07 0.552843 0.615547 0.0229643 7.46357e-05
1.00528e+07 0.321468 0.891382 0.0378271 0.000113139
7.81443e+06 0.126949 0.961721 0 0.000145547
8.17762e+06 0.165757 0.92671 0.0378271 0.000139083
1.5239e+07 0.552843 0.615547 0.0229643 7.46357e-05
1.5239e+07 0.552843 0.615547 0.0229643 7.46357e-05
1.5239e+07 0.552843 0.615547 0.0229643 7.46357e-05
8.1279e+06 0.160734 0.891382 0 0.000139934
1.00528e+07 0.321468 0.891382 0.0378271 0.000113139
1.00528e+07 0.321468 0.891382 0.0378271 0.000113139
1.12163e+07 0.392109 0.678236 0 0.000101403
1.5239e+07 0.552843 0.615547 0.0229643 7.46357e-05
8.1279e+06 0.160734 0.891382 0 0.000139934
1.5239e+07 0.552843 0.615547 0.0229643 7.46357e-05
1.12163e+07 0.392109 0.678236 0 0.000101403
1.5239e+07 0.552843 0.615547 0.0229643 7.46357e-05
1.00528e+07 0.321468 0.891382 0.0378271 0.000113139
1.5239e+07 0.552843 0.615547 0.0229643 7.46357e-05
1.5239e+07 0.552843 0.615547 0.0229643 7.46357e-05
1.5239e+07 0.552843 0.615547 0.0229643 7.46357e-05
9.57505e+06 0.287684 0.853104 0 0.000118785
8.1279e+06 0.160734 0.891382 0 0.000139934
8.1279e+06 0.160734 0.891382 0 0.000139934
1.5239e+07 0.552843 0.615547 0.0229643 7.46357e-05
8.12868e+06 0.160734 0.924346 0 0.000139921
1.5239e+07 0.552843 0.615547 0.0229643 7.46357e-05
1.5239e+07 0.552843 0.615547 0.0229643 7.46357e-05
8.17762e+06 0.165757 0.92671 0.0378271 0.000139083
1.5239e+07 0.552843 0.615547 0.0229643 7.46357e-05
1.41745e+07 0.519058 0.686638 0.0233408 8.02406e-05
8.12868e+06 0.160734 0.924346 0 0.000139921
1.12163e+07 0.392109 0.678236 0 0.000101403
8.1279e+06 0.160734 0.891382 0 0.000139934
1.5239e+07 0.552843 0.615547 0.0229643 7.46357e-05
1.00528e+07 0.321468 0.891382 0.0378271 0.000113139
8.1279e+06 0.160734 0.891382 0 0.000139934
1.00528e+07 0.321468 0.891382 0.0378271 0.000113139
9.57613e+06 0.287684 0.886067 0 0.000118771
1.25215e+07 0.455583 0.625079 0.0233408 9.08331e-05
1.12163e+07 0.392109 0.678236 0 0.000101403
1.12163e+07 0.392109 0.678236 0 0.000101403
1.5239e+07 0.552843 0.615547 0.0229643 7.46357e-05
1.5239e+07 0.552843 0.602582 0 7.46357e-05
1.00528e+07 0.321468 0.891382 0.0378271 0.000113139
1.5239e+07 0.552843 0.615547 0.0229643 7.46357e-05
8.12868e+06 0.160734 0.924346 0 0.000139921
1.5239e+07 0.552843 0.615547 0.0229643 7.46357e-05
1.5239e+07 0.552843 0.615547 0.0229643 7.46357e-05
1.5239e+07 0.552843 0.615547 0.0229643 7.46357e-05
1.5239e+07 0.552843 0.615547 0.0229643 7.46357e-05
8.1279e+06 0.160734 0.891382 0 0.000139934
8.1279e+06 0.160734 0.891382 0 0.000139934
1.5239e+07 0.552843 0.615547 0.0229643 7.46357e-05
1.5239e+07 0.552843 0.615547 0.0229643 7.46357e-05
1.41745e+07 0.519058 0.686638 0.0233408 8.02406e-05
1.5239e+07 0.552843 0.615547 0.0229643 7.46357e-05
1.5239e+07 0.552843 0.615547 0.0229643 7.46357e-05
1.5239e+07 0.552843 0.615547 0.0229643 7.46357e-05
1.00528e+07 0.321468 0.891382 0.0378271 0.000113139
1.5239e+07 0.552843 0.615547 0.0229643 7.46357e-05
9.57505e+06 0.287684 0.853104 0 0.000118785
8.1279e+06 0.160734 0.891382 0 0.000139934
1.5239e+07 0.552843 0.615547 0.0229643 7.46357e-05
1.5239e+07 0.552843 0.615547 0.0229643 7.46357e-05
1.41745e+07 0.519058 0.686638 0.0233408 8.02406e-05
1.5239e+07 0.552843 0.615547 0.0229643 7.46357e-05
1.5239e+07 0.552843 0.602582 0 7.46357e-05
1.5239e+07 0.552843 0.615547 0.0229643 7.46357e-05
1.00528e+07 0.321468 0.891382 0.0378271 0.000113139
8.1279e+06 0.160734 0.891382 0 0.000139934
1.5239e+07 0.552843 0.602582 0 7.46357e-05
1.5239e+07 0.552843 0.615547 0.0229643 7.46357e-05
