2.50745e+07 0.531778 0.63182 0 4.11574e-05
2.50745e+07 0.531778 0.63182 0 4.11574e-05
2.50745e+07 0.531778 0.63182 0 4.11574e-05
1.17529e+07 0 1 0 8.7808e-05
2.50745e+07 0.531778 0.63182 0 4.11574e-05
2.50745e+07 0.531778 0.63182 0 4.11574e-05
2.50745e+07 0.531778 0.63182 0 4.11574e-05
2.50745e+07 0.531778 0.63182 0 4.11574e-05
1.17529e+07 0 1 0 8.7808e-05
1.17529e+07 0 1 0 8.7808e-05
2.50745e+07 0.531778 0.63182 0 4.11574e-05
2.50745e+07 0.531778 0.63182 0 4.11574e-05
1.17529e+07 0 1 0 8.7808e-05
1.17529e+07 0 1 0 8.7808e-05
1.17529e+07 0 1 0 8.7808e-05
2.50745e+07 0.531778 0.63182 0 4.11574e-05
1.17529e+07 0 1 0 8.7808e-05
1.17529e+07 0 1 0 8.7808e-05
2.50745e+07 0.531778 0.63182 0 4.11574e-05
2.50745e+07 0.531778 0.63182 0 4.11574e-05
2.50745e+07 0.531778 0.63182 0 4.11574e-05
2.50745e+07 0.531778 0.63182 0 4.11574e-05
1.17529e+07 0 1 0 8.7808e-05
1.17529e+07 0 1 0 8.7808e-05
1.17529e+07 0 1 0 8.7808e-05
2.50745e+07 0.531778 0.63182 0 4.11574e-05
2.50745e+07 0.531778 0.63182 0 4.11574e-05
1.17529e+07 0 1 0 8.7808e-05
2.50745e+07 0.531778 0.63182 0 4.11574e-05
1.17529e+07 0 1 0 8.7808e-05
1.17529e+07 0 1 0 8.7808e-05
1.17529e+07 0 1 0 8.7808e-05
2.50745e+07 0.531778 0.63182 0 4.11574e-05
2.50745e+07 0.531778 0.63182 0 4.11574e-05
2.50745e+07 0.531778 0.63182 0 4.11574e-05
1.17529e+07 0 1 0 8.7808e-05
1.17529e+07 0 1 0 8.7808e-05
1.17529e+07 0 1 0 8.7808e-05
4.98568e+07 0.765015 0.496695 0 2.06993e-05
2.50745e+07 0.531778 0.63182 0 4.11574e-05
1.17529e+07 0 1 0 8.7808e-05
2.50745e+07 0.531778 0.63182 0 4.11574e-05
4.98568e+07 0.765015 0.496695 0 2.06993e-05
2.50745e+07 0.531778 0.63182 0 4.11574e-05
1.17529e+07 0 1 0 8.7808e-05
2.50745e+07 0.531778 0.63182 0 4.11574e-05
2.50745e+07 0.531778 0.63182 0 4.11574e-05
2.50745e+07 0.531778 0.63182 0 4.11574e-05
1.17529e+07 0 1 0 8.7808e-05
1.17529e+07 0 1 0 8.7808e-05
1.17529e+07 0 1 0 8.7808e-05
2.50745e+07 0.531778 0.63182 0 4.11574e-05
1.17529e+07 0 1 0 8.7808e-05
2.50745e+07 0.531778 0.63182 0 4.11574e-05
2.50745e+07 0.531778 0.63182 0 4.11574e-05
1.17529e+07 0 1 0 8.7808e-05
2.50745e+07 0.531778 0.63182 0 4.11574e-05
2.50745e+07 0.531778 0.63182 0 4.11574e-05
1.17529e+07 0 1 0 8.7808e-05
2.50745e+07 0.531778 0.63182 0 4.11574e-05
1.17529e+07 0 1 0 8.7808e-05
2.50745e+07 0.531778 0.63182 0 4.11574e-05
1.17529e+07 0 1 0 8.7808e-05
1.17529e+07 0 1 0 8.7808e-05
1.17529e+07 0 1 0 8.7808e-05
1.17529e+07 0 1 0 8.7808e-05
2.50745e+07 0.531778 0.63182 0 4.11574e-05
2.50745e+07 0.531778 0.63182 0 4.11574e-05
2.50745e+07 0.531778 0.63182 0 4.11574e-05
2.50745e+07 0.531778 0.63182 0 4.11574e-05
2.50745e+07 0.531778 0.63182 0 4.11574e-05
1.17529e+07 0 1 0 8.7808e-05
2.50745e+07 0.531778 0.63182 0 4.11574e-05
1.17529e+07 0 1 0 8.7808e-05
2.50745e+07 0.531778 0.63182 0 4.11574e-05
2.50745e+07 0.531778 0.63182 0 4.11574e-05
2.50745e+07 0.531778 0.63182 0 4.11574e-05
2.50745e+07 0.531778 0.63182 0 4.11574e-05
1.17529e+07 0 1 0 8.7808e-05
1.17529e+07 0 1 0 8.7808e-05
2.50745e+07 0.531778 0.63182 0 4.11574e-05
2.50745e+07 0.531778 0.63182 0 4.11574e-05
2.50745e+07 0.531778 0.63182 0 4.11574e-05
2.50745e+07 0.531778 0.63182 0 4.11574e-05
2.50745e+07 0.531778 0.63182 0 4.11574e-05
2.50745e+07 0.531778 0.63182 0 4.11574e-05
1.17529e+07 0 1 0 8.7808e-05
2.50745e+07 0.531778 0.63182 0 4.11574e-05
1.17529e+07 0 1 0 8.7808e-05
1.17529e+07 0 1 0 8.7808e-05
2.50745e+07 0.531778 0.63182 0 4.11574e-05
2.50745e+07 0.531778 0.63182 0 4.11574e-05
2.50745e+07 0.531778 0.63182 0 4.11574e-05
2.50745e+07 0.531778 0.63182 0 4.11574e-05
2.50745e+07 0.531778 0.63182 0 4.11574e-05
2.50745e+07 0.531778 0.63182 0 4.11574e-05
1.17529e+07 0 1 0 8.7808e-05
1.17529e+07 0 1 0 8.7808e-05
2.50745e+07 0.531778 0.63182 0 4.11574e-05
2.50745e+07 0.531778 0.63182 0 4.11574e-05
