1.31442e+07 0.604698 0.518272 0.0553744 9.84158e-05
6.75106e+06 0.229601 0.743073 0 0.000191614
8.08758e+06 0.357143 0.592636 0 0.000159949
1.03694e+07 0.498649 0.66445 0.0381413 0.000124752
6.75106e+06 0.229601 0.743073 0 0.000191614
1.31442e+07 0.604698 0.518272 0.0553744 9.84158e-05
8.03928e+06 0.353153 0.66679 0 0.00016091
1.31442e+07 0.604698 0.518272 0.0553744 9.84158e-05
1.03694e+07 0.498649 0.66445 0.0381413 0.000124752
1.03694e+07 0.498649 0.66445 0.0381413 0.000124752
1.31442e+07 0.604698 0.518272 0.0553744 9.84158e-05
1.31442e+07 0.604698 0.518272 0.0553744 9.84158e-05
1.03694e+07 0.498649 0.66445 0.0381413 0.000124752
1.04512e+07 0.502638 0.590137 0.0380618 0.000123776
1.04512e+07 0.502638 0.590137 0.0380618 0.000123776
6.75106e+06 0.229601 0.743073 0 0.000191614
1.03694e+07 0.498649 0.66445 0.0381413 0.000124752
1.03694e+07 0.498649 0.66445 0.0381413 0.000124752
6.75106e+06 0.229601 0.743073 0 0.000191614
1.31442e+07 0.604698 0.518272 0.0553744 9.84158e-05
1.31442e+07 0.604698 0.518272 0.0553744 9.84158e-05
1.31442e+07 0.604698 0.518272 0.0553744 9.84158e-05
1.03694e+07 0.498649 0.66445 0.0381413 0.000124752
8.32048e+06 0.375097 0.66445 0 0.000155472
1.03694e+07 0.498649 0.66445 0.0381413 0.000124752
1.31442e+07 0.604698 0.518272 0.0553744 9.84158e-05
1.31442e+07 0.604698 0.518272 0.0553744 9.84158e-05
1.03694e+07 0.498649 0.66445 0.0381413 0.000124752
1.31442e+07 0.604698 0.518272 0.0553744 9.84158e-05
1.03694e+07 0.498649 0.66445 0.0381413 0.000124752
5.2027e+06 0 1 0 0.00024864
5.96197e+06 0.127413 0.926101 0.0381413 0.000216975
1.31442e+07 0.604698 0.518272 0.0553744 9.84158e-05
1.31442e+07 0.604698 0.518272 0.0553744 9.84158e-05
1.31442e+07 0.604698 0.518272 0.0553744 9.84158e-05
8.32048e+06 0.375097 0.66445 0 0.000155472
1.03694e+07 0.498649 0.66445 0.0381413 0.000124752
1.03694e+07 0.498649 0.66445 0.0381413 0.000124752
6.75106e+06 0.229601 0.743073 0 0.000191614
1.31442e+07 0.604698 0.518272 0.0553744 9.84158e-05
8.32048e+06 0.375097 0.66445 0 0.000155472
1.31442e+07 0.604698 0.518272 0.0553744 9.84158e-05
6.75106e+06 0.229601 0.743073 0 0.000191614
1.31442e+07 0.604698 0.518272 0.0553744 9.84158e-05
1.03694e+07 0.498649 0.66445 0.0381413 0.000124752
1.31442e+07 0.604698 0.518272 0.0553744 9.84158e-05
1.31442e+07 0.604698 0.518272 0.0553744 9.84158e-05
1.31442e+07 0.604698 0.518272 0.0553744 9.84158e-05
8.32048e+06 0.375097 0.66445 0 0.000155472
8.32048e+06 0.375097 0.66445 0 0.000155472
1.04512e+07 0.502638 0.590137 0.0380618 0.000123776
1.31442e+07 0.604698 0.518272 0.0553744 9.84158e-05
5.9357e+06 0.123552 0.923717 0 0.000217935
1.31442e+07 0.604698 0.518272 0.0553744 9.84158e-05
1.31442e+07 0.604698 0.518272 0.0553744 9.84158e-05
5.96197e+06 0.127413 0.926101 0.0381413 0.000216975
1.31442e+07 0.604698 0.518272 0.0553744 9.84158e-05
6.75106e+06 0.229601 0.743073 0 0.000191614
5.9357e+06 0.123552 0.923717 0 0.000217935
6.75106e+06 0.229601 0.743073 0 0.000191614
8.32048e+06 0.375097 0.66445 0 0.000155472
1.31442e+07 0.604698 0.518272 0.0553744 9.84158e-05
1.03694e+07 0.498649 0.66445 0.0381413 0.000124752
8.32048e+06 0.375097 0.66445 0 0.000155472
1.03694e+07 0.498649 0.66445 0.0381413 0.000124752
5.9357e+06 0.123552 0.923717 0 0.000217935
6.75106e+06 0.229601 0.743073 0 0.000191614
6.75106e+06 0.229601 0.743073 0 0.000191614
6.75106e+06 0.229601 0.743073 0 0.000191614
1.31442e+07 0.604698 0.518272 0.0553744 9.84158e-05
8.03928e+06 0.353153 0.66679 0 0.00016091
1.03694e+07 0.498649 0.66445 0.0381413 0.000124752
1.31442e+07 0.604698 0.518272 0.0553744 9.84158e-05
5.9357e+06 0.123552 0.923717 0 0.000217935
1.31442e+07 0.604698 0.518272 0.0553744 9.84158e-05
1.31442e+07 0.604698 0.518272 0.0553744 9.84158e-05
1.31442e+07 0.604698 0.518272 0.0553744 9.84158e-05
1.31442e+07 0.604698 0.518272 0.0553744 9.84158e-05
8.32048e+06 0.375097 0.66445 0 0.000155472
1.04512e+07 0.502638 0.590137 0.0380618 0.000123776
1.31442e+07 0.604698 0.518272 0.0553744 9.84158e-05
1.31442e+07 0.604698 0.518272 0.0553744 9.84158e-05
6.75106e+06 0.229601 0.743073 0 0.000191614
1.31442e+07 0.604698 0.518272 0.0553744 9.84158e-05
1.31442e+07 0.604698 0.518272 0.0553744 9.84158e-05
1.31442e+07 0.604698 0.518272 0.0553744 9.84158e-05
1.03694e+07 0.498649 0.66445 0.0381413 0.000124752
1.31442e+07 0.604698 0.518272 0.0553744 9.84158e-05
8.32048e+06 0.375097 0.66445 0 0.000155472
1.04512e+07 0.502638 0.590137 0.0380618 0.000123776
1.31442e+07 0.604698 0.518272 0.0553744 9.84158e-05
1.31442e+07 0.604698 0.518272 0.0553744 9.84158e-05
6.75106e+06 0.229601 0.743073 0 0.000191614
1.31442e+07 0.604698 0.518272 0.0553744 9.84158e-05
8.03928e+06 0.353153 0.66679 0 0.00016091
1.31442e+07 0.604698 0.518272 0.0553744 9.84158e-05
1.03694e+07 0.498649 0.66445 0.0381413 0.000124752
1.04512e+07 0.502638 0.590137 0.0380618 0.000123776
8.03928e+06 0.353153 0.66679 0 0.00016091
1.31442e+07 0.604698 0.518272 0.0553744 9.84158e-05
