3.65893e+07 0.911814 0.320993 0.0455784 3.136e-05
1.63216e+07 0.429285 0.603026 0 7.03021e-05
1.63216e+07 0.429285 0.603026 0 7.03021e-05
1.79983e+07 0.482529 0.62681 0 6.37526e-05
1.63216e+07 0.429285 0.603026 0 7.03021e-05
3.65893e+07 0.911814 0.320993 0.0455784 3.136e-05
1.63216e+07 0.429285 0.603026 0 7.03021e-05
3.65893e+07 0.911814 0.320993 0.0455784 3.136e-05
1.79983e+07 0.482529 0.62681 0 6.37526e-05
1.79983e+07 0.482529 0.62681 0 6.37526e-05
3.65893e+07 0.911814 0.320993 0.0455784 3.136e-05
3.65893e+07 0.911814 0.320993 0.0455784 3.136e-05
1.79983e+07 0.482529 0.62681 0 6.37526e-05
1.79983e+07 0.482529 0.62681 0 6.37526e-05
1.79983e+07 0.482529 0.62681 0 6.37526e-05
1.63216e+07 0.429285 0.603026 0 7.03021e-05
1.79983e+07 0.482529 0.62681 0 6.37526e-05
1.79983e+07 0.482529 0.62681 0 6.37526e-05
1.63216e+07 0.429285 0.603026 0 7.03021e-05
3.65893e+07 0.911814 0.320993 0.0455784 3.136e-05
3.65893e+07 0.911814 0.320993 0.0455784 3.136e-05
3.65893e+07 0.911814 0.320993 0.0455784 3.136e-05
1.79983e+07 0.482529 0.62681 0 6.37526e-05
1.79983e+07 0.482529 0.62681 0 6.37526e-05
1.79983e+07 0.482529 0.62681 0 6.37526e-05
3.65893e+07 0.911814 0.320993 0.0455784 3.136e-05
3.65893e+07 0.911814 0.320993 0.0455784 3.136e-05
1.79983e+07 0.482529 0.62681 0 6.37526e-05
3.65893e+07 0.911814 0.320993 0.0455784 3.136e-05
1.79983e+07 0.482529 0.62681 0 6.37526e-05
9.32235e+06 0 1 0 0.000123085
9.32235e+06 0 1 0 0.000123085
3.65893e+07 0.911814 0.320993 0.0455784 3.136e-05
3.65893e+07 0.911814 0.320993 0.0455784 3.136e-05
3.65893e+07 0.911814 0.320993 0.0455784 3.136e-05
1.79983e+07 0.482529 0.62681 0 6.37526e-05
1.79983e+07 0.482529 0.62681 0 6.37526e-05
1.79983e+07 0.482529 0.62681 0 6.37526e-05
1.63216e+07 0.429285 0.603026 0 7.03021e-05
3.65893e+07 0.911814 0.320993 0.0455784 3.136e-05
1.79983e+07 0.482529 0.62681 0 6.37526e-05
3.65893e+07 0.911814 0.320993 0.0455784 3.136e-05
1.63216e+07 0.429285 0.603026 0 7.03021e-05
3.65893e+07 0.911814 0.320993 0.0455784 3.136e-05
1.79983e+07 0.482529 0.62681 0 6.37526e-05
3.65893e+07 0.911814 0.320993 0.0455784 3.136e-05
3.65893e+07 0.911814 0.320993 0.0455784 3.136e-05
3.65893e+07 0.911814 0.320993 0.0455784 3.136e-05
1.79983e+07 0.482529 0.62681 0 6.37526e-05
1.79983e+07 0.482529 0.62681 0 6.37526e-05
1.79983e+07 0.482529 0.62681 0 6.37526e-05
3.65893e+07 0.911814 0.320993 0.0455784 3.136e-05
9.32235e+06 0 1 0 0.000123085
3.65893e+07 0.911814 0.320993 0.0455784 3.136e-05
3.65893e+07 0.911814 0.320993 0.0455784 3.136e-05
9.32235e+06 0 1 0 0.000123085
3.65893e+07 0.911814 0.320993 0.0455784 3.136e-05
1.63216e+07 0.429285 0.603026 0 7.03021e-05
9.32235e+06 0 1 0 0.000123085
1.63216e+07 0.429285 0.603026 0 7.03021e-05
1.79983e+07 0.482529 0.62681 0 6.37526e-05
3.65893e+07 0.911814 0.320993 0.0455784 3.136e-05
1.79983e+07 0.482529 0.62681 0 6.37526e-05
1.79983e+07 0.482529 0.62681 0 6.37526e-05
1.79983e+07 0.482529 0.62681 0 6.37526e-05
9.32235e+06 0 1 0 0.000123085
1.63216e+07 0.429285 0.603026 0 7.03021e-05
1.63216e+07 0.429285 0.603026 0 7.03021e-05
1.63216e+07 0.429285 0.603026 0 7.03021e-05
3.65893e+07 0.911814 0.320993 0.0455784 3.136e-05
1.63216e+07 0.429285 0.603026 0 7.03021e-05
1.79983e+07 0.482529 0.62681 0 6.37526e-05
3.65893e+07 0.911814 0.320993 0.0455784 3.136e-05
9.32235e+06 0 1 0 0.000123085
3.65893e+07 0.911814 0.320993 0.0455784 3.136e-05
3.65893e+07 0.911814 0.320993 0.0455784 3.136e-05
3.65893e+07 0.911814 0.320993 0.0455784 3.136e-05
3.65893e+07 0.911814 0.320993 0.0455784 3.136e-05
1.79983e+07 0.482529 0.62681 0 6.37526e-05
1.79983e+07 0.482529 0.62681 0 6.37526e-05
3.65893e+07 0.911814 0.320993 0.0455784 3.136e-05
3.65893e+07 0.911814 0.320993 0.0455784 3.136e-05
1.63216e+07 0.429285 0.603026 0 7.03021e-05
3.65893e+07 0.911814 0.320993 0.0455784 3.136e-05
3.65893e+07 0.911814 0.320993 0.0455784 3.136e-05
3.65893e+07 0.911814 0.320993 0.0455784 3.136e-05
1.79983e+07 0.482529 0.62681 0 6.37526e-05
3.65893e+07 0.911814 0.320993 0.0455784 3.136e-05
1.79983e+07 0.482529 0.62681 0 6.37526e-05
1.79983e+07 0.482529 0.62681 0 6.37526e-05
3.65893e+07 0.911814 0.320993 0.0455784 3.136e-05
3.65893e+07 0.911814 0.320993 0.0455784 3.136e-05
1.63216e+07 0.429285 0.603026 0 7.03021e-05
3.65893e+07 0.911814 0.320993 0.0455784 3.136e-05
1.63216e+07 0.429285 0.603026 0 7.03021e-05
3.65893e+07 0.911814 0.320993 0.0455784 3.136e-05
1.79983e+07 0.482529 0.62681 0 6.37526e-05
1.79983e+07 0.482529 0.62681 0 6.37526e-05
1.63216e+07 0.429285 0.603026 0 7.03021e-05
3.65893e+07 0.911814 0.320993 0.0455784 3.136e-05
