2.35631e+07 0.611612 0.51722 0.0430308 5.38022e-05
1.51862e+07 0.396947 0.60871 0 8.34804e-05
1.86748e+07 0.509831 0.485145 0 6.78856e-05
1.60528e+07 0.429331 0.822448 0.0614347 7.89737e-05
1.51862e+07 0.396947 0.60871 0 8.34804e-05
2.35631e+07 0.611612 0.51722 0.0430308 5.38022e-05
2.35631e+07 0.611612 0.48584 0 5.38022e-05
2.35631e+07 0.611612 0.51722 0.0430308 5.38022e-05
1.60528e+07 0.429331 0.822448 0.0614347 7.89737e-05
1.60528e+07 0.429331 0.822448 0.0614347 7.89737e-05
2.35631e+07 0.611612 0.51722 0.0430308 5.38022e-05
2.35631e+07 0.611612 0.51722 0.0430308 5.38022e-05
1.60528e+07 0.429331 0.822448 0.0614347 7.89737e-05
1.36228e+07 0.32755 0.760319 0.0307174 9.30611e-05
1.36228e+07 0.32755 0.760319 0.0307174 9.30611e-05
1.51862e+07 0.396947 0.60871 0 8.34804e-05
1.60528e+07 0.429331 0.822448 0.0614347 7.89737e-05
1.60528e+07 0.429331 0.822448 0.0614347 7.89737e-05
1.51862e+07 0.396947 0.60871 0 8.34804e-05
2.35631e+07 0.611612 0.51722 0.0430308 5.38022e-05
2.35631e+07 0.611612 0.51722 0.0430308 5.38022e-05
2.35631e+07 0.611612 0.51722 0.0430308 5.38022e-05
1.60528e+07 0.429331 0.822448 0.0614347 7.89737e-05
1.16661e+07 0.214666 0.822448 0 0.00010867
1.60528e+07 0.429331 0.822448 0.0614347 7.89737e-05
2.35631e+07 0.611612 0.51722 0.0430308 5.38022e-05
2.35631e+07 0.611612 0.51722 0.0430308 5.38022e-05
1.60528e+07 0.429331 0.822448 0.0614347 7.89737e-05
2.35631e+07 0.611612 0.51722 0.0430308 5.38022e-05
1.60528e+07 0.429331 0.822448 0.0614347 7.89737e-05
9.16428e+06 0 1 0 0.000138336
1.17682e+07 0.221374 0.88097 0.0614347 0.000107727
2.35631e+07 0.611612 0.51722 0.0430308 5.38022e-05
2.35631e+07 0.611612 0.51722 0.0430308 5.38022e-05
2.35631e+07 0.611612 0.51722 0.0430308 5.38022e-05
1.16661e+07 0.214666 0.822448 0 0.00010867
1.60528e+07 0.429331 0.822448 0.0614347 7.89737e-05
1.60528e+07 0.429331 0.822448 0.0614347 7.89737e-05
1.51862e+07 0.396947 0.60871 0 8.34804e-05
2.35631e+07 0.611612 0.51722 0.0430308 5.38022e-05
1.16661e+07 0.214666 0.822448 0 0.00010867
2.35631e+07 0.611612 0.51722 0.0430308 5.38022e-05
1.51862e+07 0.396947 0.60871 0 8.34804e-05
2.35631e+07 0.611612 0.51722 0.0430308 5.38022e-05
1.60528e+07 0.429331 0.822448 0.0614347 7.89737e-05
2.35631e+07 0.611612 0.51722 0.0430308 5.38022e-05
2.35631e+07 0.611612 0.51722 0.0430308 5.38022e-05
2.35631e+07 0.611612 0.51722 0.0430308 5.38022e-05
1.16661e+07 0.214666 0.822448 0 0.00010867
1.16661e+07 0.214666 0.822448 0 0.00010867
1.36228e+07 0.32755 0.760319 0.0307174 9.30611e-05
2.35631e+07 0.611612 0.51722 0.0430308 5.38022e-05
1.16677e+07 0.214666 0.877131 0 0.000108655
2.35631e+07 0.611612 0.51722 0.0430308 5.38022e-05
2.35631e+07 0.611612 0.51722 0.0430308 5.38022e-05
1.17682e+07 0.221374 0.88097 0.0614347 0.000107727
2.35631e+07 0.611612 0.51722 0.0430308 5.38022e-05
1.51862e+07 0.396947 0.60871 0 8.34804e-05
1.16677e+07 0.214666 0.877131 0 0.000108655
1.53748e+07 0.404349 0.619302 0.052961 8.24564e-05
1.16661e+07 0.214666 0.822448 0 0.00010867
2.35631e+07 0.611612 0.51722 0.0430308 5.38022e-05
1.60528e+07 0.429331 0.822448 0.0614347 7.89737e-05
1.16661e+07 0.214666 0.822448 0 0.00010867
1.60528e+07 0.429331 0.822448 0.0614347 7.89737e-05
1.16677e+07 0.214666 0.877131 0 0.000108655
1.51862e+07 0.396947 0.60871 0 8.34804e-05
1.51862e+07 0.396947 0.60871 0 8.34804e-05
1.51862e+07 0.396947 0.60871 0 8.34804e-05
2.35631e+07 0.611612 0.51722 0.0430308 5.38022e-05
2.35631e+07 0.611612 0.48584 0 5.38022e-05
1.60528e+07 0.429331 0.822448 0.0614347 7.89737e-05
2.35631e+07 0.611612 0.51722 0.0430308 5.38022e-05
1.16677e+07 0.214666 0.877131 0 0.000108655
2.35631e+07 0.611612 0.51722 0.0430308 5.38022e-05
2.35631e+07 0.611612 0.51722 0.0430308 5.38022e-05
2.35631e+07 0.611612 0.51722 0.0430308 5.38022e-05
2.35631e+07 0.611612 0.51722 0.0430308 5.38022e-05
1.16661e+07 0.214666 0.822448 0 0.00010867
1.36228e+07 0.32755 0.760319 0.0307174 9.30611e-05
2.35631e+07 0.611612 0.51722 0.0430308 5.38022e-05
2.35631e+07 0.611612 0.51722 0.0430308 5.38022e-05
1.51862e+07 0.396947 0.60871 0 8.34804e-05
2.35631e+07 0.611612 0.51722 0.0430308 5.38022e-05
2.35631e+07 0.611612 0.51722 0.0430308 5.38022e-05
2.35631e+07 0.611612 0.51722 0.0430308 5.38022e-05
1.60528e+07 0.429331 0.822448 0.0614347 7.89737e-05
2.35631e+07 0.611612 0.51722 0.0430308 5.38022e-05
1.16661e+07 0.214666 0.822448 0 0.00010867
1.36228e+07 0.32755 0.760319 0.0307174 9.30611e-05
2.35631e+07 0.611612 0.51722 0.0430308 5.38022e-05
2.35631e+07 0.611612 0.51722 0.0430308 5.38022e-05
1.51862e+07 0.396947 0.60871 0 8.34804e-05
2.35631e+07 0.611612 0.51722 0.0430308 5.38022e-05
2.35631e+07 0.611612 0.48584 0 5.38022e-05
2.35631e+07 0.611612 0.51722 0.0430308 5.38022e-05
1.60528e+07 0.429331 0.822448 0.0614347 7.89737e-05
1.36228e+07 0.32755 0.760319 0.0307174 9.30611e-05
2.35631e+07 0.611612 0.48584 0 5.38022e-05
2.35631e+07 0.611612 0.51722 0.0430308 5.38022e-05
