2.30171e+07 0.603342 0.506982 0.0459308 5.78048e-05
1.50329e+07 0.39226 0.597531 0 8.85056e-05
1.83125e+07 0.501319 0.47319 0 7.26552e-05
1.58154e+07 0.422164 0.817589 0.0629908 8.41267e-05
1.50329e+07 0.39226 0.597531 0 8.85056e-05
2.30171e+07 0.603342 0.506982 0.0459308 5.78048e-05
2.30171e+07 0.603342 0.47155 0 5.78048e-05
2.30171e+07 0.603342 0.506982 0.0459308 5.78048e-05
1.58154e+07 0.422164 0.817589 0.0629908 8.41267e-05
1.58154e+07 0.422164 0.817589 0.0629908 8.41267e-05
2.30171e+07 0.603342 0.506982 0.0459308 5.78048e-05
2.30171e+07 0.603342 0.506982 0.0459308 5.78048e-05
1.58154e+07 0.422164 0.817589 0.0629908 8.41267e-05
1.34418e+07 0.320141 0.756239 0.0314954 9.89824e-05
1.34418e+07 0.320141 0.756239 0.0314954 9.89824e-05
1.50329e+07 0.39226 0.597531 0 8.85056e-05
1.58154e+07 0.422164 0.817589 0.0629908 8.41267e-05
1.58154e+07 0.422164 0.817589 0.0629908 8.41267e-05
1.50329e+07 0.39226 0.597531 0 8.85056e-05
2.30171e+07 0.603342 0.506982 0.0459308 5.78048e-05
2.30171e+07 0.603342 0.506982 0.0459308 5.78048e-05
2.30171e+07 0.603342 0.506982 0.0459308 5.78048e-05
1.58154e+07 0.422164 0.817589 0.0629908 8.41267e-05
1.1585e+07 0.211082 0.817589 0 0.000114847
1.58154e+07 0.422164 0.817589 0.0629908 8.41267e-05
2.30171e+07 0.603342 0.506982 0.0459308 5.78048e-05
2.30171e+07 0.603342 0.506982 0.0459308 5.78048e-05
1.58154e+07 0.422164 0.817589 0.0629908 8.41267e-05
2.30171e+07 0.603342 0.506982 0.0459308 5.78048e-05
1.58154e+07 0.422164 0.817589 0.0629908 8.41267e-05
9.14207e+06 0 1 0 0.000145536
1.15866e+07 0.211082 0.874018 0 0.000114831
2.30171e+07 0.603342 0.506982 0.0459308 5.78048e-05
2.30171e+07 0.603342 0.506982 0.0459308 5.78048e-05
2.30171e+07 0.603342 0.506982 0.0459308 5.78048e-05
1.1585e+07 0.211082 0.817589 0 0.000114847
1.58154e+07 0.422164 0.817589 0.0629908 8.41267e-05
1.58154e+07 0.422164 0.817589 0.0629908 8.41267e-05
1.50329e+07 0.39226 0.597531 0 8.85056e-05
2.30171e+07 0.603342 0.506982 0.0459308 5.78048e-05
1.1585e+07 0.211082 0.817589 0 0.000114847
2.30171e+07 0.603342 0.506982 0.0459308 5.78048e-05
1.50329e+07 0.39226 0.597531 0 8.85056e-05
2.30171e+07 0.603342 0.506982 0.0459308 5.78048e-05
1.58154e+07 0.422164 0.817589 0.0629908 8.41267e-05
2.30171e+07 0.603342 0.506982 0.0459308 5.78048e-05
2.30171e+07 0.603342 0.506982 0.0459308 5.78048e-05
2.30171e+07 0.603342 0.506982 0.0459308 5.78048e-05
1.1585e+07 0.211082 0.817589 0 0.000114847
1.1585e+07 0.211082 0.817589 0 0.000114847
1.34418e+07 0.320141 0.756239 0.0314954 9.89824e-05
2.30171e+07 0.603342 0.506982 0.0459308 5.78048e-05
1.15866e+07 0.211082 0.874018 0 0.000114831
2.30171e+07 0.603342 0.506982 0.0459308 5.78048e-05
2.30171e+07 0.603342 0.506982 0.0459308 5.78048e-05
1.15866e+07 0.211082 0.874018 0 0.000114831
2.30171e+07 0.603342 0.506982 0.0459308 5.78048e-05
1.50329e+07 0.39226 0.597531 0 8.85056e-05
1.15866e+07 0.211082 0.874018 0 0.000114831
1.50329e+07 0.39226 0.597531 0 8.85056e-05
1.1585e+07 0.211082 0.817589 0 0.000114847
2.30171e+07 0.603342 0.506982 0.0459308 5.78048e-05
1.58154e+07 0.422164 0.817589 0.0629908 8.41267e-05
1.1585e+07 0.211082 0.817589 0 0.000114847
1.58154e+07 0.422164 0.817589 0.0629908 8.41267e-05
1.15866e+07 0.211082 0.874018 0 0.000114831
1.50329e+07 0.39226 0.597531 0 8.85056e-05
1.50329e+07 0.39226 0.597531 0 8.85056e-05
1.50329e+07 0.39226 0.597531 0 8.85056e-05
2.30171e+07 0.603342 0.506982 0.0459308 5.78048e-05
2.30171e+07 0.603342 0.47155 0 5.78048e-05
1.58154e+07 0.422164 0.817589 0.0629908 8.41267e-05
2.30171e+07 0.603342 0.506982 0.0459308 5.78048e-05
1.15866e+07 0.211082 0.874018 0 0.000114831
2.30171e+07 0.603342 0.506982 0.0459308 5.78048e-05
2.30171e+07 0.603342 0.506982 0.0459308 5.78048e-05
2.30171e+07 0.603342 0.506982 0.0459308 5.78048e-05
2.30171e+07 0.603342 0.506982 0.0459308 5.78048e-05
1.1585e+07 0.211082 0.817589 0 0.000114847
1.34418e+07 0.320141 0.756239 0.0314954 9.89824e-05
2.30171e+07 0.603342 0.506982 0.0459308 5.78048e-05
2.30171e+07 0.603342 0.506982 0.0459308 5.78048e-05
1.50329e+07 0.39226 0.597531 0 8.85056e-05
2.30171e+07 0.603342 0.506982 0.0459308 5.78048e-05
2.30171e+07 0.603342 0.506982 0.0459308 5.78048e-05
2.30171e+07 0.603342 0.506982 0.0459308 5.78048e-05
1.58154e+07 0.422164 0.817589 0.0629908 8.41267e-05
2.30171e+07 0.603342 0.506982 0.0459308 5.78048e-05
1.1585e+07 0.211082 0.817589 0 0.000114847
1.34418e+07 0.320141 0.756239 0.0314954 9.89824e-05
2.30171e+07 0.603342 0.506982 0.0459308 5.78048e-05
2.30171e+07 0.603342 0.506982 0.0459308 5.78048e-05
1.50329e+07 0.39226 0.597531 0 8.85056e-05
2.30171e+07 0.603342 0.506982 0.0459308 5.78048e-05
2.30171e+07 0.603342 0.47155 0 5.78048e-05
2.30171e+07 0.603342 0.506982 0.0459308 5.78048e-05
1.58154e+07 0.422164 0.817589 0.0629908 8.41267e-05
1.34418e+07 0.320141 0.756239 0.0314954 9.89824e-05
2.30171e+07 0.603342 0.47155 0 5.78048e-05
2.30171e+07 0.603342 0.506982 0.0459308 5.78048e-05
