3.52839e+07 0.621296 0.716543 0.0414458 3.16669e-05
1.86646e+07 0.283398 0.815885 0 5.98636e-05
2.69497e+07 0.504122 0.659507 0 4.14598e-05
2.01981e+07 0.337898 0.817766 0 5.53185e-05
1.86646e+07 0.283398 0.815885 0 5.98636e-05
3.52839e+07 0.621296 0.716543 0.0414458 3.16669e-05
1.86646e+07 0.283398 0.815885 0 5.98636e-05
3.52839e+07 0.621296 0.716543 0.0414458 3.16669e-05
2.01981e+07 0.337898 0.817766 0 5.53185e-05
2.01981e+07 0.337898 0.817766 0 5.53185e-05
3.52839e+07 0.621296 0.716543 0.0414458 3.16669e-05
3.52839e+07 0.621296 0.716543 0.0414458 3.16669e-05
2.01981e+07 0.337898 0.817766 0 5.53185e-05
3.02728e+07 0.558621 0.661388 0 3.69087e-05
3.02728e+07 0.558621 0.661388 0 3.69087e-05
1.86646e+07 0.283398 0.815885 0 5.98636e-05
2.01981e+07 0.337898 0.817766 0 5.53185e-05
2.01981e+07 0.337898 0.817766 0 5.53185e-05
1.86646e+07 0.283398 0.815885 0 5.98636e-05
3.52839e+07 0.621296 0.716543 0.0414458 3.16669e-05
3.52839e+07 0.621296 0.716543 0.0414458 3.16669e-05
3.52839e+07 0.621296 0.716543 0.0414458 3.16669e-05
2.01981e+07 0.337898 0.817766 0 5.53185e-05
2.01981e+07 0.337898 0.817766 0 5.53185e-05
2.01981e+07 0.337898 0.817766 0 5.53185e-05
3.52839e+07 0.621296 0.716543 0.0414458 3.16669e-05
3.52839e+07 0.621296 0.716543 0.0414458 3.16669e-05
2.01981e+07 0.337898 0.817766 0 5.53185e-05
3.52839e+07 0.621296 0.716543 0.0414458 3.16669e-05
2.01981e+07 0.337898 0.817766 0 5.53185e-05
1.338e+07 0 1 0 8.35072e-05
1.338e+07 0 1 0 8.35072e-05
3.52839e+07 0.621296 0.716543 0.0414458 3.16669e-05
3.52839e+07 0.621296 0.716543 0.0414458 3.16669e-05
3.52839e+07 0.621296 0.716543 0.0414458 3.16669e-05
2.01981e+07 0.337898 0.817766 0 5.53185e-05
2.01981e+07 0.337898 0.817766 0 5.53185e-05
2.01981e+07 0.337898 0.817766 0 5.53185e-05
1.86646e+07 0.283398 0.815885 0 5.98636e-05
3.52839e+07 0.621296 0.716543 0.0414458 3.16669e-05
2.01981e+07 0.337898 0.817766 0 5.53185e-05
3.52839e+07 0.621296 0.716543 0.0414458 3.16669e-05
1.86646e+07 0.283398 0.815885 0 5.98636e-05
3.52839e+07 0.621296 0.716543 0.0414458 3.16669e-05
2.01981e+07 0.337898 0.817766 0 5.53185e-05
3.52839e+07 0.621296 0.716543 0.0414458 3.16669e-05
3.52839e+07 0.621296 0.716543 0.0414458 3.16669e-05
3.52839e+07 0.621296 0.716543 0.0414458 3.16669e-05
2.01981e+07 0.337898 0.817766 0 5.53185e-05
2.01981e+07 0.337898 0.817766 0 5.53185e-05
3.02728e+07 0.558621 0.661388 0 3.69087e-05
3.52839e+07 0.621296 0.716543 0.0414458 3.16669e-05
1.338e+07 0 1 0 8.35072e-05
3.52839e+07 0.621296 0.716543 0.0414458 3.16669e-05
3.52839e+07 0.621296 0.716543 0.0414458 3.16669e-05
1.338e+07 0 1 0 8.35072e-05
3.52839e+07 0.621296 0.716543 0.0414458 3.16669e-05
1.86646e+07 0.283398 0.815885 0 5.98636e-05
1.338e+07 0 1 0 8.35072e-05
1.89299e+07 0.293447 0.82529 0.0470251 5.90245e-05
2.01981e+07 0.337898 0.817766 0 5.53185e-05
3.52839e+07 0.621296 0.716543 0.0414458 3.16669e-05
2.01981e+07 0.337898 0.817766 0 5.53185e-05
2.01981e+07 0.337898 0.817766 0 5.53185e-05
2.01981e+07 0.337898 0.817766 0 5.53185e-05
1.338e+07 0 1 0 8.35072e-05
1.86646e+07 0.283398 0.815885 0 5.98636e-05
1.86646e+07 0.283398 0.815885 0 5.98636e-05
1.86646e+07 0.283398 0.815885 0 5.98636e-05
3.52839e+07 0.621296 0.716543 0.0414458 3.16669e-05
1.86646e+07 0.283398 0.815885 0 5.98636e-05
2.01981e+07 0.337898 0.817766 0 5.53185e-05
3.52839e+07 0.621296 0.716543 0.0414458 3.16669e-05
1.338e+07 0 1 0 8.35072e-05
3.52839e+07 0.621296 0.716543 0.0414458 3.16669e-05
3.52839e+07 0.621296 0.716543 0.0414458 3.16669e-05
3.52839e+07 0.621296 0.716543 0.0414458 3.16669e-05
3.52839e+07 0.621296 0.716543 0.0414458 3.16669e-05
2.01981e+07 0.337898 0.817766 0 5.53185e-05
3.02728e+07 0.558621 0.661388 0 3.69087e-05
3.52839e+07 0.621296 0.716543 0.0414458 3.16669e-05
3.52839e+07 0.621296 0.716543 0.0414458 3.16669e-05
1.86646e+07 0.283398 0.815885 0 5.98636e-05
3.52839e+07 0.621296 0.716543 0.0414458 3.16669e-05
3.52839e+07 0.621296 0.716543 0.0414458 3.16669e-05
3.52839e+07 0.621296 0.716543 0.0414458 3.16669e-05
2.01981e+07 0.337898 0.817766 0 5.53185e-05
3.52839e+07 0.621296 0.716543 0.0414458 3.16669e-05
2.01981e+07 0.337898 0.817766 0 5.53185e-05
3.02728e+07 0.558621 0.661388 0 3.69087e-05
3.52839e+07 0.621296 0.716543 0.0414458 3.16669e-05
3.52839e+07 0.621296 0.716543 0.0414458 3.16669e-05
1.86646e+07 0.283398 0.815885 0 5.98636e-05
3.52839e+07 0.621296 0.716543 0.0414458 3.16669e-05
1.86646e+07 0.283398 0.815885 0 5.98636e-05
3.52839e+07 0.621296 0.716543 0.0414458 3.16669e-05
2.01981e+07 0.337898 0.817766 0 5.53185e-05
3.02728e+07 0.558621 0.661388 0 3.69087e-05
1.86646e+07 0.283398 0.815885 0 5.98636e-05
3.52839e+07 0.621296 0.716543 0.0414458 3.16669e-05
