1.37232e+07 0.255817 0.754295 0 8.75341e-05
1.02161e+07 0 1 0 0.000117584
1.35586e+07 0.246836 0.684848 0 8.85968e-05
1.37232e+07 0.255817 0.754295 0 8.75341e-05
1.02161e+07 0 1 0 0.000117584
1.37232e+07 0.255817 0.754295 0 8.75341e-05
1.02161e+07 0 1 0 0.000117584
1.37232e+07 0.255817 0.754295 0 8.75341e-05
1.37232e+07 0.255817 0.754295 0 8.75341e-05
1.37232e+07 0.255817 0.754295 0 8.75341e-05
1.37232e+07 0.255817 0.754295 0 8.75341e-05
1.37232e+07 0.255817 0.754295 0 8.75341e-05
1.37232e+07 0.255817 0.754295 0 8.75341e-05
2.05201e+07 0.502653 0.524095 0.0424759 5.85402e-05
2.05201e+07 0.502653 0.524095 0.0424759 5.85402e-05
1.02161e+07 0 1 0 0.000117584
1.37232e+07 0.255817 0.754295 0 8.75341e-05
1.37232e+07 0.255817 0.754295 0 8.75341e-05
1.72248e+07 0.40713 0.7972 0 6.97394e-05
1.37232e+07 0.255817 0.754295 0 8.75341e-05
1.37232e+07 0.255817 0.754295 0 8.75341e-05
1.37232e+07 0.255817 0.754295 0 8.75341e-05
1.37232e+07 0.255817 0.754295 0 8.75341e-05
3.02642e+07 0.662947 0.551495 0 3.96922e-05
1.37232e+07 0.255817 0.754295 0 8.75341e-05
1.37232e+07 0.255817 0.754295 0 8.75341e-05
1.37232e+07 0.255817 0.754295 0 8.75341e-05
1.37232e+07 0.255817 0.754295 0 8.75341e-05
1.37232e+07 0.255817 0.754295 0 8.75341e-05
1.37232e+07 0.255817 0.754295 0 8.75341e-05
1.72248e+07 0.40713 0.7972 0 6.97394e-05
1.02161e+07 0 1 0 0.000117584
1.37232e+07 0.255817 0.754295 0 8.75341e-05
1.37232e+07 0.255817 0.754295 0 8.75341e-05
1.37232e+07 0.255817 0.754295 0 8.75341e-05
3.02642e+07 0.662947 0.551495 0 3.96922e-05
1.37232e+07 0.255817 0.754295 0 8.75341e-05
1.37232e+07 0.255817 0.754295 0 8.75341e-05
1.02161e+07 0 1 0 0.000117584
1.37232e+07 0.255817 0.754295 0 8.75341e-05
3.02642e+07 0.662947 0.551495 0 3.96922e-05
1.37232e+07 0.255817 0.754295 0 8.75341e-05
1.02161e+07 0 1 0 0.000117584
1.37232e+07 0.255817 0.754295 0 8.75341e-05
1.37232e+07 0.255817 0.754295 0 8.75341e-05
1.37232e+07 0.255817 0.754295 0 8.75341e-05
1.37232e+07 0.255817 0.754295 0 8.75341e-05
1.37232e+07 0.255817 0.754295 0 8.75341e-05
1.37232e+07 0.255817 0.754295 0 8.75341e-05
3.02642e+07 0.662947 0.551495 0 3.96922e-05
2.05201e+07 0.502653 0.524095 0.0424759 5.85402e-05
1.37232e+07 0.255817 0.754295 0 8.75341e-05
1.02161e+07 0 1 0 0.000117584
1.37232e+07 0.255817 0.754295 0 8.75341e-05
1.37232e+07 0.255817 0.754295 0 8.75341e-05
1.02161e+07 0 1 0 0.000117584
1.37232e+07 0.255817 0.754295 0 8.75341e-05
1.02161e+07 0 1 0 0.000117584
1.02161e+07 0 1 0 0.000117584
1.02161e+07 0 1 0 0.000117584
3.02642e+07 0.662947 0.551495 0 3.96922e-05
1.37232e+07 0.255817 0.754295 0 8.75341e-05
1.37232e+07 0.255817 0.754295 0 8.75341e-05
3.02642e+07 0.662947 0.551495 0 3.96922e-05
1.37232e+07 0.255817 0.754295 0 8.75341e-05
1.02161e+07 0 1 0 0.000117584
1.02161e+07 0 1 0 0.000117584
1.72248e+07 0.40713 0.7972 0 6.97394e-05
1.02161e+07 0 1 0 0.000117584
1.37232e+07 0.255817 0.754295 0 8.75341e-05
1.02161e+07 0 1 0 0.000117584
1.37232e+07 0.255817 0.754295 0 8.75341e-05
1.37232e+07 0.255817 0.754295 0 8.75341e-05
1.02161e+07 0 1 0 0.000117584
1.37232e+07 0.255817 0.754295 0 8.75341e-05
1.37232e+07 0.255817 0.754295 0 8.75341e-05
1.37232e+07 0.255817 0.754295 0 8.75341e-05
1.37232e+07 0.255817 0.754295 0 8.75341e-05
1.37232e+07 0.255817 0.754295 0 8.75341e-05
2.05201e+07 0.502653 0.524095 0.0424759 5.85402e-05
1.37232e+07 0.255817 0.754295 0 8.75341e-05
1.37232e+07 0.255817 0.754295 0 8.75341e-05
1.02161e+07 0 1 0 0.000117584
1.37232e+07 0.255817 0.754295 0 8.75341e-05
1.37232e+07 0.255817 0.754295 0 8.75341e-05
1.37232e+07 0.255817 0.754295 0 8.75341e-05
1.37232e+07 0.255817 0.754295 0 8.75341e-05
1.37232e+07 0.255817 0.754295 0 8.75341e-05
1.37232e+07 0.255817 0.754295 0 8.75341e-05
2.05201e+07 0.502653 0.524095 0.0424759 5.85402e-05
1.37232e+07 0.255817 0.754295 0 8.75341e-05
1.37232e+07 0.255817 0.754295 0 8.75341e-05
1.02161e+07 0 1 0 0.000117584
1.37232e+07 0.255817 0.754295 0 8.75341e-05
1.02161e+07 0 1 0 0.000117584
1.37232e+07 0.255817 0.754295 0 8.75341e-05
1.37232e+07 0.255817 0.754295 0 8.75341e-05
2.05201e+07 0.502653 0.524095 0.0424759 5.85402e-05
1.02161e+07 0 1 0 0.000117584
1.37232e+07 0.255817 0.754295 0 8.75341e-05
