1.36417e+07 0.305423 0.815278 0 6.83393e-05
9.47941e+06 0 1 0 9.83465e-05
1.12778e+07 0.159653 0.872346 0 8.26636e-05
2.43399e+07 0.610846 0.815278 0.0638724 3.8302e-05
9.47941e+06 0 1 0 9.83465e-05
1.36417e+07 0.305423 0.815278 0 6.83393e-05
1.36447e+07 0.305423 0.872255 0 6.83243e-05
1.36417e+07 0.305423 0.815278 0 6.83393e-05
2.43399e+07 0.610846 0.815278 0.0638724 3.8302e-05
2.43399e+07 0.610846 0.815278 0.0638724 3.8302e-05
1.36417e+07 0.305423 0.815278 0 6.83393e-05
1.36417e+07 0.305423 0.815278 0 6.83393e-05
2.43399e+07 0.610846 0.815278 0.0638724 3.8302e-05
1.77084e+07 0.465076 0.751497 0.0319361 5.26455e-05
1.77084e+07 0.465076 0.751497 0.0319361 5.26455e-05
9.47941e+06 0 1 0 9.83465e-05
2.43399e+07 0.610846 0.815278 0.0638724 3.8302e-05
2.43399e+07 0.610846 0.815278 0.0638724 3.8302e-05
9.47941e+06 0 1 0 9.83465e-05
1.36417e+07 0.305423 0.815278 0 6.83393e-05
1.36417e+07 0.305423 0.815278 0 6.83393e-05
1.36417e+07 0.305423 0.815278 0 6.83393e-05
2.43399e+07 0.610846 0.815278 0.0638724 3.8302e-05
1.36417e+07 0.305423 0.815278 0 6.83393e-05
2.43399e+07 0.610846 0.815278 0.0638724 3.8302e-05
1.36417e+07 0.305423 0.815278 0 6.83393e-05
1.36417e+07 0.305423 0.815278 0 6.83393e-05
2.43399e+07 0.610846 0.815278 0.0638724 3.8302e-05
1.36417e+07 0.305423 0.815278 0 6.83393e-05
2.43399e+07 0.610846 0.815278 0.0638724 3.8302e-05
9.47941e+06 0 1 0 9.83465e-05
1.36447e+07 0.305423 0.872255 0 6.83243e-05
1.36417e+07 0.305423 0.815278 0 6.83393e-05
1.36417e+07 0.305423 0.815278 0 6.83393e-05
1.36417e+07 0.305423 0.815278 0 6.83393e-05
1.36417e+07 0.305423 0.815278 0 6.83393e-05
2.43399e+07 0.610846 0.815278 0.0638724 3.8302e-05
2.43399e+07 0.610846 0.815278 0.0638724 3.8302e-05
9.47941e+06 0 1 0 9.83465e-05
1.36417e+07 0.305423 0.815278 0 6.83393e-05
1.36417e+07 0.305423 0.815278 0 6.83393e-05
1.36417e+07 0.305423 0.815278 0 6.83393e-05
9.47941e+06 0 1 0 9.83465e-05
1.36417e+07 0.305423 0.815278 0 6.83393e-05
2.43399e+07 0.610846 0.815278 0.0638724 3.8302e-05
1.36417e+07 0.305423 0.815278 0 6.83393e-05
1.36417e+07 0.305423 0.815278 0 6.83393e-05
1.36417e+07 0.305423 0.815278 0 6.83393e-05
1.36417e+07 0.305423 0.815278 0 6.83393e-05
1.36417e+07 0.305423 0.815278 0 6.83393e-05
1.77084e+07 0.465076 0.751497 0.0319361 5.26455e-05
1.36417e+07 0.305423 0.815278 0 6.83393e-05
1.36447e+07 0.305423 0.872255 0 6.83243e-05
1.36417e+07 0.305423 0.815278 0 6.83393e-05
1.36417e+07 0.305423 0.815278 0 6.83393e-05
1.36447e+07 0.305423 0.872255 0 6.83243e-05
1.36417e+07 0.305423 0.815278 0 6.83393e-05
9.47941e+06 0 1 0 9.83465e-05
1.36447e+07 0.305423 0.872255 0 6.83243e-05
9.47941e+06 0 1 0 9.83465e-05
1.36417e+07 0.305423 0.815278 0 6.83393e-05
1.36417e+07 0.305423 0.815278 0 6.83393e-05
2.43399e+07 0.610846 0.815278 0.0638724 3.8302e-05
1.36417e+07 0.305423 0.815278 0 6.83393e-05
2.43399e+07 0.610846 0.815278 0.0638724 3.8302e-05
1.36447e+07 0.305423 0.872255 0 6.83243e-05
9.47941e+06 0 1 0 9.83465e-05
9.47941e+06 0 1 0 9.83465e-05
9.47941e+06 0 1 0 9.83465e-05
1.36417e+07 0.305423 0.815278 0 6.83393e-05
1.36447e+07 0.305423 0.872255 0 6.83243e-05
2.43399e+07 0.610846 0.815278 0.0638724 3.8302e-05
1.36417e+07 0.305423 0.815278 0 6.83393e-05
1.70445e+07 0.444252 0.715296 0 5.46959e-05
1.36417e+07 0.305423 0.815278 0 6.83393e-05
1.36417e+07 0.305423 0.815278 0 6.83393e-05
1.36417e+07 0.305423 0.815278 0 6.83393e-05
1.36417e+07 0.305423 0.815278 0 6.83393e-05
1.70445e+07 0.444252 0.749047 0.0453639 5.46959e-05
1.77084e+07 0.465076 0.751497 0.0319361 5.26455e-05
1.36417e+07 0.305423 0.815278 0 6.83393e-05
1.36417e+07 0.305423 0.815278 0 6.83393e-05
9.47941e+06 0 1 0 9.83465e-05
1.36417e+07 0.305423 0.815278 0 6.83393e-05
1.36417e+07 0.305423 0.815278 0 6.83393e-05
1.36417e+07 0.305423 0.815278 0 6.83393e-05
2.43399e+07 0.610846 0.815278 0.0638724 3.8302e-05
1.36417e+07 0.305423 0.815278 0 6.83393e-05
1.36417e+07 0.305423 0.815278 0 6.83393e-05
1.77084e+07 0.465076 0.751497 0.0319361 5.26455e-05
1.36417e+07 0.305423 0.815278 0 6.83393e-05
1.36417e+07 0.305423 0.815278 0 6.83393e-05
9.47941e+06 0 1 0 9.83465e-05
1.36417e+07 0.305423 0.815278 0 6.83393e-05
1.36447e+07 0.305423 0.872255 0 6.83243e-05
1.36417e+07 0.305423 0.815278 0 6.83393e-05
2.43399e+07 0.610846 0.815278 0.0638724 3.8302e-05
1.77084e+07 0.465076 0.751497 0.0319361 5.26455e-05
1.36447e+07 0.305423 0.872255 0 6.83243e-05
1.36417e+07 0.305423 0.815278 0 6.83393e-05
