1.25538e+07 0.42614 0.819322 0.0269963 8.41648e-05
1.41005e+07 0.489014 0.881882 0.0359951 7.49328e-05
9.11696e+06 0.209577 0.868924 0 0.000115893
9.19825e+06 0.216563 0.896406 0 0.000114869
9.11696e+06 0.209577 0.868924 0 0.000115893
1.25538e+07 0.42614 0.819322 0.0269963 8.41648e-05
9.11696e+06 0.209577 0.868924 0 0.000115893
1.25538e+07 0.42614 0.819322 0.0269963 8.41648e-05
9.19825e+06 0.216563 0.896406 0 0.000114869
9.19825e+06 0.216563 0.896406 0 0.000114869
1.25538e+07 0.42614 0.819322 0.0269963 8.41648e-05
1.25538e+07 0.42614 0.819322 0.0269963 8.41648e-05
9.19825e+06 0.216563 0.896406 0 0.000114869
9.19825e+06 0.216563 0.896406 0 0.000114869
9.19825e+06 0.216563 0.896406 0 0.000114869
1.41005e+07 0.489014 0.881882 0.0359951 7.49328e-05
9.19825e+06 0.216563 0.896406 0 0.000114869
9.19825e+06 0.216563 0.896406 0 0.000114869
9.11696e+06 0.209577 0.868924 0 0.000115893
1.25538e+07 0.42614 0.819322 0.0269963 8.41648e-05
1.25538e+07 0.42614 0.819322 0.0269963 8.41648e-05
1.25538e+07 0.42614 0.819322 0.0269963 8.41648e-05
9.19825e+06 0.216563 0.896406 0 0.000114869
9.19825e+06 0.216563 0.896406 0 0.000114869
9.19825e+06 0.216563 0.896406 0 0.000114869
1.25538e+07 0.42614 0.819322 0.0269963 8.41648e-05
1.25538e+07 0.42614 0.819322 0.0269963 8.41648e-05
9.19825e+06 0.216563 0.896406 0 0.000114869
1.25538e+07 0.42614 0.819322 0.0269963 8.41648e-05
9.19825e+06 0.216563 0.896406 0 0.000114869
1.00021e+07 0.279436 0.940968 0 0.000105637
7.20824e+06 0 1 0 0.000146581
1.25538e+07 0.42614 0.819322 0.0269963 8.41648e-05
1.25538e+07 0.42614 0.819322 0.0269963 8.41648e-05
1.25538e+07 0.42614 0.819322 0.0269963 8.41648e-05
9.19825e+06 0.216563 0.896406 0 0.000114869
9.19825e+06 0.216563 0.896406 0 0.000114869
9.19825e+06 0.216563 0.896406 0 0.000114869
9.11696e+06 0.209577 0.868924 0 0.000115893
1.25538e+07 0.42614 0.819322 0.0269963 8.41648e-05
9.19825e+06 0.216563 0.896406 0 0.000114869
1.25538e+07 0.42614 0.819322 0.0269963 8.41648e-05
9.11696e+06 0.209577 0.868924 0 0.000115893
1.25538e+07 0.42614 0.819322 0.0269963 8.41648e-05
9.19825e+06 0.216563 0.896406 0 0.000114869
1.25538e+07 0.42614 0.819322 0.0269963 8.41648e-05
1.25538e+07 0.42614 0.819322 0.0269963 8.41648e-05
1.25538e+07 0.42614 0.819322 0.0269963 8.41648e-05
1.42928e+07 0.495999 0.837374 0 7.39248e-05
9.19825e+06 0.216563 0.896406 0 0.000114869
9.19825e+06 0.216563 0.896406 0 0.000114869
1.25538e+07 0.42614 0.819322 0.0269963 8.41648e-05
7.20824e+06 0 1 0 0.000146581
1.25538e+07 0.42614 0.819322 0.0269963 8.41648e-05
1.25538e+07 0.42614 0.819322 0.0269963 8.41648e-05
7.20824e+06 0 1 0 0.000146581
1.25538e+07 0.42614 0.819322 0.0269963 8.41648e-05
1.41005e+07 0.489014 0.881882 0.0359951 7.49328e-05
7.69506e+06 0.0635172 0.88349 0 0.000137308
9.18403e+06 0.215461 0.825271 0 0.000115046
9.19825e+06 0.216563 0.896406 0 0.000114869
1.25538e+07 0.42614 0.819322 0.0269963 8.41648e-05
9.19825e+06 0.216563 0.896406 0 0.000114869
9.19825e+06 0.216563 0.896406 0 0.000114869
9.19825e+06 0.216563 0.896406 0 0.000114869
1.00021e+07 0.279436 0.940968 0 0.000105637
9.11696e+06 0.209577 0.868924 0 0.000115893
9.11696e+06 0.209577 0.868924 0 0.000115893
9.11696e+06 0.209577 0.868924 0 0.000115893
1.25538e+07 0.42614 0.819322 0.0269963 8.41648e-05
9.11696e+06 0.209577 0.868924 0 0.000115893
9.19825e+06 0.216563 0.896406 0 0.000114869
1.25538e+07 0.42614 0.819322 0.0269963 8.41648e-05
7.20824e+06 0 1 0 0.000146581
1.25538e+07 0.42614 0.819322 0.0269963 8.41648e-05
1.25538e+07 0.42614 0.819322 0.0269963 8.41648e-05
1.25538e+07 0.42614 0.819322 0.0269963 8.41648e-05
1.25538e+07 0.42614 0.819322 0.0269963 8.41648e-05
9.19825e+06 0.216563 0.896406 0 0.000114869
9.19825e+06 0.216563 0.896406 0 0.000114869
1.25538e+07 0.42614 0.819322 0.0269963 8.41648e-05
1.25538e+07 0.42614 0.819322 0.0269963 8.41648e-05
1.41005e+07 0.489014 0.881882 0.0359951 7.49328e-05
1.25538e+07 0.42614 0.819322 0.0269963 8.41648e-05
1.25538e+07 0.42614 0.819322 0.0269963 8.41648e-05
1.25538e+07 0.42614 0.819322 0.0269963 8.41648e-05
9.19825e+06 0.216563 0.896406 0 0.000114869
1.25538e+07 0.42614 0.819322 0.0269963 8.41648e-05
1.42928e+07 0.495999 0.837374 0 7.39248e-05
9.19825e+06 0.216563 0.896406 0 0.000114869
1.25538e+07 0.42614 0.819322 0.0269963 8.41648e-05
1.25538e+07 0.42614 0.819322 0.0269963 8.41648e-05
1.41005e+07 0.489014 0.881882 0.0359951 7.49328e-05
1.25538e+07 0.42614 0.819322 0.0269963 8.41648e-05
9.11696e+06 0.209577 0.868924 0 0.000115893
1.25538e+07 0.42614 0.819322 0.0269963 8.41648e-05
9.19825e+06 0.216563 0.896406 0 0.000114869
9.19825e+06 0.216563 0.896406 0 0.000114869
9.11696e+06 0.209577 0.868924 0 0.000115893
1.25538e+07 0.42614 0.819322 0.0269963 8.41648e-05
