1.31432e+07 0.472972 0.617063 0.0353401 9.16422e-05
9.92843e+06 0.302054 0.692201 0 0.000121315
1.13932e+07 0.391933 0.590721 0 0.000105718
1.05303e+07 0.341836 0.854181 0.0504548 0.000114382
9.92843e+06 0.302054 0.692201 0 0.000121315
1.31432e+07 0.472972 0.617063 0.0353401 9.16422e-05
1.31432e+07 0.472972 0.591292 0 9.16422e-05
1.31432e+07 0.472972 0.617063 0.0353401 9.16422e-05
1.05303e+07 0.341836 0.854181 0.0504548 0.000114382
1.05303e+07 0.341836 0.854181 0.0504548 0.000114382
1.31432e+07 0.472972 0.617063 0.0353401 9.16422e-05
1.31432e+07 0.472972 0.617063 0.0353401 9.16422e-05
1.05303e+07 0.341836 0.854181 0.0504548 0.000114382
9.37556e+06 0.260797 0.803156 0.0252274 0.000128469
9.37556e+06 0.260797 0.803156 0.0252274 0.000128469
9.92843e+06 0.302054 0.692201 0 0.000121315
1.05303e+07 0.341836 0.854181 0.0504548 0.000114382
1.05303e+07 0.341836 0.854181 0.0504548 0.000114382
9.92843e+06 0.302054 0.692201 0 0.000121315
1.31432e+07 0.472972 0.617063 0.0353401 9.16422e-05
1.31432e+07 0.472972 0.617063 0.0353401 9.16422e-05
1.31432e+07 0.472972 0.617063 0.0353401 9.16422e-05
1.05303e+07 0.341836 0.854181 0.0504548 0.000114382
8.35986e+06 0.170918 0.854181 0 0.000144078
1.05303e+07 0.341836 0.854181 0.0504548 0.000114382
1.31432e+07 0.472972 0.617063 0.0353401 9.16422e-05
1.31432e+07 0.472972 0.617063 0.0353401 9.16422e-05
1.05303e+07 0.341836 0.854181 0.0504548 0.000114382
1.31432e+07 0.472972 0.617063 0.0353401 9.16422e-05
1.05303e+07 0.341836 0.854181 0.0504548 0.000114382
6.93244e+06 0 1 0 0.000173744
8.36073e+06 0.170918 0.89909 0 0.000144063
1.31432e+07 0.472972 0.617063 0.0353401 9.16422e-05
1.31432e+07 0.472972 0.617063 0.0353401 9.16422e-05
1.31432e+07 0.472972 0.617063 0.0353401 9.16422e-05
8.35986e+06 0.170918 0.854181 0 0.000144078
1.05303e+07 0.341836 0.854181 0.0504548 0.000114382
1.05303e+07 0.341836 0.854181 0.0504548 0.000114382
1.40014e+07 0.505387 0.522542 0 8.60251e-05
1.31432e+07 0.472972 0.617063 0.0353401 9.16422e-05
8.35986e+06 0.170918 0.854181 0 0.000144078
1.31432e+07 0.472972 0.617063 0.0353401 9.16422e-05
1.40014e+07 0.505387 0.522542 0 8.60251e-05
1.31432e+07 0.472972 0.617063 0.0353401 9.16422e-05
1.05303e+07 0.341836 0.854181 0.0504548 0.000114382
1.31432e+07 0.472972 0.617063 0.0353401 9.16422e-05
1.31432e+07 0.472972 0.617063 0.0353401 9.16422e-05
1.31432e+07 0.472972 0.617063 0.0353401 9.16422e-05
8.35986e+06 0.170918 0.854181 0 0.000144078
8.35986e+06 0.170918 0.854181 0 0.000144078
9.37556e+06 0.260797 0.803156 0.0252274 0.000128469
1.31432e+07 0.472972 0.617063 0.0353401 9.16422e-05
8.36073e+06 0.170918 0.89909 0 0.000144063
1.31432e+07 0.472972 0.617063 0.0353401 9.16422e-05
1.31432e+07 0.472972 0.617063 0.0353401 9.16422e-05
8.36073e+06 0.170918 0.89909 0 0.000144063
1.31432e+07 0.472972 0.617063 0.0353401 9.16422e-05
9.92843e+06 0.302054 0.692201 0 0.000121315
8.36073e+06 0.170918 0.89909 0 0.000144063
1.00949e+07 0.313565 0.709192 0.0849521 0.000119315
8.35986e+06 0.170918 0.854181 0 0.000144078
1.31432e+07 0.472972 0.617063 0.0353401 9.16422e-05
1.05303e+07 0.341836 0.854181 0.0504548 0.000114382
8.35986e+06 0.170918 0.854181 0 0.000144078
1.05303e+07 0.341836 0.854181 0.0504548 0.000114382
8.36073e+06 0.170918 0.89909 0 0.000144063
9.92843e+06 0.302054 0.692201 0 0.000121315
9.92843e+06 0.302054 0.692201 0 0.000121315
9.92843e+06 0.302054 0.692201 0 0.000121315
1.31432e+07 0.472972 0.617063 0.0353401 9.16422e-05
1.31432e+07 0.472972 0.591292 0 9.16422e-05
1.05303e+07 0.341836 0.854181 0.0504548 0.000114382
1.31432e+07 0.472972 0.617063 0.0353401 9.16422e-05
8.36073e+06 0.170918 0.89909 0 0.000144063
1.31432e+07 0.472972 0.617063 0.0353401 9.16422e-05
1.31432e+07 0.472972 0.617063 0.0353401 9.16422e-05
1.31432e+07 0.472972 0.617063 0.0353401 9.16422e-05
1.31432e+07 0.472972 0.617063 0.0353401 9.16422e-05
8.35986e+06 0.170918 0.854181 0 0.000144078
9.37556e+06 0.260797 0.803156 0.0252274 0.000128469
1.31432e+07 0.472972 0.617063 0.0353401 9.16422e-05
1.31432e+07 0.472972 0.617063 0.0353401 9.16422e-05
9.92843e+06 0.302054 0.692201 0 0.000121315
1.31432e+07 0.472972 0.617063 0.0353401 9.16422e-05
1.31432e+07 0.472972 0.617063 0.0353401 9.16422e-05
1.31432e+07 0.472972 0.617063 0.0353401 9.16422e-05
1.05303e+07 0.341836 0.854181 0.0504548 0.000114382
1.31432e+07 0.472972 0.617063 0.0353401 9.16422e-05
8.35986e+06 0.170918 0.854181 0 0.000144078
9.37556e+06 0.260797 0.803156 0.0252274 0.000128469
1.31432e+07 0.472972 0.617063 0.0353401 9.16422e-05
1.31432e+07 0.472972 0.617063 0.0353401 9.16422e-05
9.92843e+06 0.302054 0.692201 0 0.000121315
1.31432e+07 0.472972 0.617063 0.0353401 9.16422e-05
1.31432e+07 0.472972 0.591292 0 9.16422e-05
1.31432e+07 0.472972 0.617063 0.0353401 9.16422e-05
1.05303e+07 0.341836 0.854181 0.0504548 0.000114382
9.37556e+06 0.260797 0.803156 0.0252274 0.000128469
1.31432e+07 0.472972 0.591292 0 9.16422e-05
1.31432e+07 0.472972 0.617063 0.0353401 9.16422e-05
