2.49997e+07 0.579481 0.748879 0.039891 4.42612e-05
1.46604e+07 0.282436 0.824755 0 7.54768e-05
1.93896e+07 0.457741 0.704807 0 5.70676e-05
1.49648e+07 0.297045 0.844343 0 7.39416e-05
1.46604e+07 0.282436 0.824755 0 7.54768e-05
2.49997e+07 0.579481 0.748879 0.039891 4.42612e-05
1.46604e+07 0.282436 0.824755 0 7.54768e-05
2.49997e+07 0.579481 0.748879 0.039891 4.42612e-05
1.49648e+07 0.297045 0.844343 0 7.39416e-05
1.49648e+07 0.297045 0.844343 0 7.39416e-05
2.49997e+07 0.579481 0.748879 0.039891 4.42612e-05
2.49997e+07 0.579481 0.748879 0.039891 4.42612e-05
1.49648e+07 0.297045 0.844343 0 7.39416e-05
1.99254e+07 0.47235 0.724394 0 5.55331e-05
1.99254e+07 0.47235 0.724394 0 5.55331e-05
1.46604e+07 0.282436 0.824755 0 7.54768e-05
1.49648e+07 0.297045 0.844343 0 7.39416e-05
1.49648e+07 0.297045 0.844343 0 7.39416e-05
1.46604e+07 0.282436 0.824755 0 7.54768e-05
2.49997e+07 0.579481 0.748879 0.039891 4.42612e-05
2.49997e+07 0.579481 0.748879 0.039891 4.42612e-05
2.49997e+07 0.579481 0.748879 0.039891 4.42612e-05
1.49648e+07 0.297045 0.844343 0 7.39416e-05
1.49648e+07 0.297045 0.844343 0 7.39416e-05
1.49648e+07 0.297045 0.844343 0 7.39416e-05
2.49997e+07 0.579481 0.748879 0.039891 4.42612e-05
2.49997e+07 0.579481 0.748879 0.039891 4.42612e-05
1.49648e+07 0.297045 0.844343 0 7.39416e-05
2.49997e+07 0.579481 0.748879 0.039891 4.42612e-05
1.49648e+07 0.297045 0.844343 0 7.39416e-05
1.0524e+07 0 1 0 0.000105142
1.0524e+07 0 1 0 0.000105142
2.49997e+07 0.579481 0.748879 0.039891 4.42612e-05
2.49997e+07 0.579481 0.748879 0.039891 4.42612e-05
2.49997e+07 0.579481 0.748879 0.039891 4.42612e-05
1.49648e+07 0.297045 0.844343 0 7.39416e-05
1.49648e+07 0.297045 0.844343 0 7.39416e-05
1.49648e+07 0.297045 0.844343 0 7.39416e-05
1.46604e+07 0.282436 0.824755 0 7.54768e-05
2.49997e+07 0.579481 0.748879 0.039891 4.42612e-05
1.49648e+07 0.297045 0.844343 0 7.39416e-05
2.49997e+07 0.579481 0.748879 0.039891 4.42612e-05
1.46604e+07 0.282436 0.824755 0 7.54768e-05
2.49997e+07 0.579481 0.748879 0.039891 4.42612e-05
1.49648e+07 0.297045 0.844343 0 7.39416e-05
2.49997e+07 0.579481 0.748879 0.039891 4.42612e-05
2.49997e+07 0.579481 0.748879 0.039891 4.42612e-05
2.49997e+07 0.579481 0.748879 0.039891 4.42612e-05
1.49648e+07 0.297045 0.844343 0 7.39416e-05
1.49648e+07 0.297045 0.844343 0 7.39416e-05
1.99254e+07 0.47235 0.724394 0 5.55331e-05
2.49997e+07 0.579481 0.748879 0.039891 4.42612e-05
1.0524e+07 0 1 0 0.000105142
2.49997e+07 0.579481 0.748879 0.039891 4.42612e-05
2.49997e+07 0.579481 0.748879 0.039891 4.42612e-05
1.0524e+07 0 1 0 0.000105142
2.49997e+07 0.579481 0.748879 0.039891 4.42612e-05
1.46604e+07 0.282436 0.824755 0 7.54768e-05
1.0524e+07 0 1 0 0.000105142
1.46604e+07 0.282436 0.824755 0 7.54768e-05
1.49648e+07 0.297045 0.844343 0 7.39416e-05
2.49997e+07 0.579481 0.748879 0.039891 4.42612e-05
1.49648e+07 0.297045 0.844343 0 7.39416e-05
1.49648e+07 0.297045 0.844343 0 7.39416e-05
1.49648e+07 0.297045 0.844343 0 7.39416e-05
1.0524e+07 0 1 0 0.000105142
1.46604e+07 0.282436 0.824755 0 7.54768e-05
1.46604e+07 0.282436 0.824755 0 7.54768e-05
1.46604e+07 0.282436 0.824755 0 7.54768e-05
2.49997e+07 0.579481 0.748879 0.039891 4.42612e-05
1.46604e+07 0.282436 0.824755 0 7.54768e-05
1.49648e+07 0.297045 0.844343 0 7.39416e-05
2.49997e+07 0.579481 0.748879 0.039891 4.42612e-05
1.0524e+07 0 1 0 0.000105142
2.49997e+07 0.579481 0.748879 0.039891 4.42612e-05
2.49997e+07 0.579481 0.748879 0.039891 4.42612e-05
2.49997e+07 0.579481 0.748879 0.039891 4.42612e-05
2.49997e+07 0.579481 0.748879 0.039891 4.42612e-05
1.49648e+07 0.297045 0.844343 0 7.39416e-05
1.99254e+07 0.47235 0.724394 0 5.55331e-05
2.49997e+07 0.579481 0.748879 0.039891 4.42612e-05
2.49997e+07 0.579481 0.748879 0.039891 4.42612e-05
1.46604e+07 0.282436 0.824755 0 7.54768e-05
2.49997e+07 0.579481 0.748879 0.039891 4.42612e-05
2.49997e+07 0.579481 0.748879 0.039891 4.42612e-05
2.49997e+07 0.579481 0.748879 0.039891 4.42612e-05
1.49648e+07 0.297045 0.844343 0 7.39416e-05
2.49997e+07 0.579481 0.748879 0.039891 4.42612e-05
1.49648e+07 0.297045 0.844343 0 7.39416e-05
1.99254e+07 0.47235 0.724394 0 5.55331e-05
2.49997e+07 0.579481 0.748879 0.039891 4.42612e-05
2.49997e+07 0.579481 0.748879 0.039891 4.42612e-05
1.46604e+07 0.282436 0.824755 0 7.54768e-05
2.49997e+07 0.579481 0.748879 0.039891 4.42612e-05
1.46604e+07 0.282436 0.824755 0 7.54768e-05
2.49997e+07 0.579481 0.748879 0.039891 4.42612e-05
1.49648e+07 0.297045 0.844343 0 7.39416e-05
1.99254e+07 0.47235 0.724394 0 5.55331e-05
1.46604e+07 0.282436 0.824755 0 7.54768e-05
2.49997e+07 0.579481 0.748879 0.039891 4.42612e-05
