1.24436e+07 0.473582 0.668898 0.0316684 9.93888e-05
7.70446e+06 0.149266 0.860544 0 0.000160524
9.7554e+06 0.328386 0.675462 0 0.000126776
9.69746e+06 0.324315 0.745018 0 0.000127533
7.70446e+06 0.149266 0.860544 0 0.000160524
1.24436e+07 0.473582 0.668898 0.0316684 9.93888e-05
7.70446e+06 0.149266 0.860544 0 0.000160524
1.24436e+07 0.473582 0.668898 0.0316684 9.93888e-05
9.69746e+06 0.324315 0.745018 0 0.000127533
9.69746e+06 0.324315 0.745018 0 0.000127533
1.24436e+07 0.473582 0.668898 0.0316684 9.93888e-05
1.24436e+07 0.473582 0.668898 0.0316684 9.93888e-05
9.69746e+06 0.324315 0.745018 0 0.000127533
1.31867e+07 0.503435 0.559936 0 9.37875e-05
1.31867e+07 0.503435 0.559936 0 9.37875e-05
7.70446e+06 0.149266 0.860544 0 0.000160524
9.69746e+06 0.324315 0.745018 0 0.000127533
9.69746e+06 0.324315 0.745018 0 0.000127533
9.37877e+06 0.301247 0.798635 0 0.000131867
1.24436e+07 0.473582 0.668898 0.0316684 9.93888e-05
1.24436e+07 0.473582 0.668898 0.0316684 9.93888e-05
1.24436e+07 0.473582 0.668898 0.0316684 9.93888e-05
9.69746e+06 0.324315 0.745018 0 0.000127533
1.2508e+07 0.476295 0.683109 0 9.88768e-05
9.69746e+06 0.324315 0.745018 0 0.000127533
1.24436e+07 0.473582 0.668898 0.0316684 9.93888e-05
1.24436e+07 0.473582 0.668898 0.0316684 9.93888e-05
9.69746e+06 0.324315 0.745018 0 0.000127533
1.24436e+07 0.473582 0.668898 0.0316684 9.93888e-05
9.69746e+06 0.324315 0.745018 0 0.000127533
7.72977e+06 0.15198 0.938091 0 0.000159998
6.55558e+06 0 1 0 0.000188656
1.24436e+07 0.473582 0.668898 0.0316684 9.93888e-05
1.24436e+07 0.473582 0.668898 0.0316684 9.93888e-05
1.24436e+07 0.473582 0.668898 0.0316684 9.93888e-05
1.2508e+07 0.476295 0.683109 0 9.88768e-05
9.69746e+06 0.324315 0.745018 0 0.000127533
9.69746e+06 0.324315 0.745018 0 0.000127533
7.70446e+06 0.149266 0.860544 0 0.000160524
1.24436e+07 0.473582 0.668898 0.0316684 9.93888e-05
1.2508e+07 0.476295 0.683109 0 9.88768e-05
1.24436e+07 0.473582 0.668898 0.0316684 9.93888e-05
7.70446e+06 0.149266 0.860544 0 0.000160524
1.24436e+07 0.473582 0.668898 0.0316684 9.93888e-05
9.69746e+06 0.324315 0.745018 0 0.000127533
1.24436e+07 0.473582 0.668898 0.0316684 9.93888e-05
1.24436e+07 0.473582 0.668898 0.0316684 9.93888e-05
1.24436e+07 0.473582 0.668898 0.0316684 9.93888e-05
9.69746e+06 0.324315 0.745018 0 0.000127533
1.2508e+07 0.476295 0.683109 0 9.88768e-05
1.31867e+07 0.503435 0.559936 0 9.37875e-05
1.24436e+07 0.473582 0.668898 0.0316684 9.93888e-05
6.55558e+06 0 1 0 0.000188656
1.24436e+07 0.473582 0.668898 0.0316684 9.93888e-05
1.24436e+07 0.473582 0.668898 0.0316684 9.93888e-05
6.55558e+06 0 1 0 0.000188656
1.24436e+07 0.473582 0.668898 0.0316684 9.93888e-05
7.70446e+06 0.149266 0.860544 0 0.000160524
6.55558e+06 0 1 0 0.000188656
7.70446e+06 0.149266 0.860544 0 0.000160524
1.2508e+07 0.476295 0.683109 0 9.88768e-05
1.24436e+07 0.473582 0.668898 0.0316684 9.93888e-05
9.69746e+06 0.324315 0.745018 0 0.000127533
1.2508e+07 0.476295 0.683109 0 9.88768e-05
9.69746e+06 0.324315 0.745018 0 0.000127533
6.55558e+06 0 1 0 0.000188656
7.70446e+06 0.149266 0.860544 0 0.000160524
9.37877e+06 0.301247 0.798635 0 0.000131867
7.70446e+06 0.149266 0.860544 0 0.000160524
1.24436e+07 0.473582 0.668898 0.0316684 9.93888e-05
7.70446e+06 0.149266 0.860544 0 0.000160524
9.69746e+06 0.324315 0.745018 0 0.000127533
1.24436e+07 0.473582 0.668898 0.0316684 9.93888e-05
6.55558e+06 0 1 0 0.000188656
1.24436e+07 0.473582 0.668898 0.0316684 9.93888e-05
1.24436e+07 0.473582 0.668898 0.0316684 9.93888e-05
1.24436e+07 0.473582 0.668898 0.0316684 9.93888e-05
1.24436e+07 0.473582 0.668898 0.0316684 9.93888e-05
9.69746e+06 0.324315 0.745018 0 0.000127533
1.31867e+07 0.503435 0.559936 0 9.37875e-05
1.24436e+07 0.473582 0.668898 0.0316684 9.93888e-05
1.24436e+07 0.473582 0.668898 0.0316684 9.93888e-05
7.70446e+06 0.149266 0.860544 0 0.000160524
1.24436e+07 0.473582 0.668898 0.0316684 9.93888e-05
1.24436e+07 0.473582 0.668898 0.0316684 9.93888e-05
1.24436e+07 0.473582 0.668898 0.0316684 9.93888e-05
9.69746e+06 0.324315 0.745018 0 0.000127533
1.24436e+07 0.473582 0.668898 0.0316684 9.93888e-05
9.69746e+06 0.324315 0.745018 0 0.000127533
1.31867e+07 0.503435 0.559936 0 9.37875e-05
1.24436e+07 0.473582 0.668898 0.0316684 9.93888e-05
1.24436e+07 0.473582 0.668898 0.0316684 9.93888e-05
7.70446e+06 0.149266 0.860544 0 0.000160524
1.24436e+07 0.473582 0.668898 0.0316684 9.93888e-05
7.70446e+06 0.149266 0.860544 0 0.000160524
1.24436e+07 0.473582 0.668898 0.0316684 9.93888e-05
9.69746e+06 0.324315 0.745018 0 0.000127533
1.31867e+07 0.503435 0.559936 0 9.37875e-05
7.70446e+06 0.149266 0.860544 0 0.000160524
1.24436e+07 0.473582 0.668898 0.0316684 9.93888e-05
