2.48176e+07 0 1 0 6.84072e-05
2.48176e+07 0 1 0 6.84072e-05
2.48176e+07 0 1 0 6.84072e-05
5.379e+07 0.538891 0.896136 0 3.15616e-05
2.48176e+07 0 1 0 6.84072e-05
2.48176e+07 0 1 0 6.84072e-05
5.379e+07 0.538891 0.896136 0 3.15616e-05
2.48176e+07 0 1 0 6.84072e-05
5.379e+07 0.538891 0.896136 0 3.15616e-05
5.379e+07 0.538891 0.896136 0 3.15616e-05
2.48176e+07 0 1 0 6.84072e-05
2.48176e+07 0 1 0 6.84072e-05
5.379e+07 0.538891 0.896136 0 3.15616e-05
2.48176e+07 0 1 0 6.84072e-05
2.48176e+07 0 1 0 6.84072e-05
2.48176e+07 0 1 0 6.84072e-05
5.379e+07 0.538891 0.896136 0 3.15616e-05
5.379e+07 0.538891 0.896136 0 3.15616e-05
2.48176e+07 0 1 0 6.84072e-05
2.48176e+07 0 1 0 6.84072e-05
2.48176e+07 0 1 0 6.84072e-05
2.48176e+07 0 1 0 6.84072e-05
5.379e+07 0.538891 0.896136 0 3.15616e-05
2.48176e+07 0 1 0 6.84072e-05
5.379e+07 0.538891 0.896136 0 3.15616e-05
2.48176e+07 0 1 0 6.84072e-05
2.48176e+07 0 1 0 6.84072e-05
5.379e+07 0.538891 0.896136 0 3.15616e-05
2.48176e+07 0 1 0 6.84072e-05
5.379e+07 0.538891 0.896136 0 3.15616e-05
2.48176e+07 0 1 0 6.84072e-05
5.58277e+07 0.555731 0.899382 0.0519318 3.04096e-05
2.48176e+07 0 1 0 6.84072e-05
2.48176e+07 0 1 0 6.84072e-05
2.48176e+07 0 1 0 6.84072e-05
2.48176e+07 0 1 0 6.84072e-05
5.379e+07 0.538891 0.896136 0 3.15616e-05
5.379e+07 0.538891 0.896136 0 3.15616e-05
2.48176e+07 0 1 0 6.84072e-05
2.48176e+07 0 1 0 6.84072e-05
2.48176e+07 0 1 0 6.84072e-05
2.48176e+07 0 1 0 6.84072e-05
2.48176e+07 0 1 0 6.84072e-05
2.48176e+07 0 1 0 6.84072e-05
5.379e+07 0.538891 0.896136 0 3.15616e-05
2.48176e+07 0 1 0 6.84072e-05
2.48176e+07 0 1 0 6.84072e-05
2.48176e+07 0 1 0 6.84072e-05
2.48176e+07 0 1 0 6.84072e-05
2.48176e+07 0 1 0 6.84072e-05
2.48176e+07 0 1 0 6.84072e-05
2.48176e+07 0 1 0 6.84072e-05
5.379e+07 0.538891 0.896136 0 3.15616e-05
2.48176e+07 0 1 0 6.84072e-05
2.48176e+07 0 1 0 6.84072e-05
5.58277e+07 0.555731 0.899382 0.0519318 3.04096e-05
2.48176e+07 0 1 0 6.84072e-05
2.48176e+07 0 1 0 6.84072e-05
7.5912e+07 0.673613 0.855565 0.0519318 2.23641e-05
2.48176e+07 0 1 0 6.84072e-05
2.48176e+07 0 1 0 6.84072e-05
2.48176e+07 0 1 0 6.84072e-05
5.379e+07 0.538891 0.896136 0 3.15616e-05
2.48176e+07 0 1 0 6.84072e-05
5.379e+07 0.538891 0.896136 0 3.15616e-05
5.379e+07 0.538891 0.896136 0 3.15616e-05
2.48176e+07 0 1 0 6.84072e-05
2.48176e+07 0 1 0 6.84072e-05
2.48176e+07 0 1 0 6.84072e-05
2.48176e+07 0 1 0 6.84072e-05
5.379e+07 0.538891 0.896136 0 3.15616e-05
5.379e+07 0.538891 0.896136 0 3.15616e-05
2.48176e+07 0 1 0 6.84072e-05
5.379e+07 0.538891 0.896136 0 3.15616e-05
2.48176e+07 0 1 0 6.84072e-05
2.48176e+07 0 1 0 6.84072e-05
2.48176e+07 0 1 0 6.84072e-05
2.48176e+07 0 1 0 6.84072e-05
2.48176e+07 0 1 0 6.84072e-05
2.48176e+07 0 1 0 6.84072e-05
2.48176e+07 0 1 0 6.84072e-05
2.48176e+07 0 1 0 6.84072e-05
2.48176e+07 0 1 0 6.84072e-05
2.48176e+07 0 1 0 6.84072e-05
2.48176e+07 0 1 0 6.84072e-05
2.48176e+07 0 1 0 6.84072e-05
5.379e+07 0.538891 0.896136 0 3.15616e-05
2.48176e+07 0 1 0 6.84072e-05
2.48176e+07 0 1 0 6.84072e-05
2.48176e+07 0 1 0 6.84072e-05
2.48176e+07 0 1 0 6.84072e-05
2.48176e+07 0 1 0 6.84072e-05
2.48176e+07 0 1 0 6.84072e-05
2.48176e+07 0 1 0 6.84072e-05
5.379e+07 0.538891 0.896136 0 3.15616e-05
2.48176e+07 0 1 0 6.84072e-05
5.379e+07 0.538891 0.896136 0 3.15616e-05
2.48176e+07 0 1 0 6.84072e-05
5.379e+07 0.538891 0.896136 0 3.15616e-05
2.48176e+07 0 1 0 6.84072e-05
