2.54993e+07 0.718796 0.615119 0.0261758 4.43495e-05
1.50572e+07 0.523176 0.666515 0 7.51056e-05
1.90894e+07 0.62415 0.595874 0 5.92411e-05
8.93386e+06 0.19562 0.896253 0 0.000126584
1.50572e+07 0.523176 0.666515 0 7.51056e-05
2.54993e+07 0.718796 0.615119 0.0261758 4.43495e-05
1.50572e+07 0.523176 0.666515 0 7.51056e-05
2.54993e+07 0.718796 0.615119 0.0261758 4.43495e-05
8.93386e+06 0.19562 0.896253 0 0.000126584
8.93386e+06 0.19562 0.896253 0 0.000126584
2.54993e+07 0.718796 0.615119 0.0261758 4.43495e-05
2.54993e+07 0.718796 0.615119 0.0261758 4.43495e-05
8.93386e+06 0.19562 0.896253 0 0.000126584
1.02152e+07 0.296594 0.861434 0.0179114 0.000110705
1.02152e+07 0.296594 0.861434 0.0179114 0.000110705
1.50572e+07 0.523176 0.666515 0 7.51056e-05
8.93386e+06 0.19562 0.896253 0 0.000126584
8.93386e+06 0.19562 0.896253 0 0.000126584
1.50572e+07 0.523176 0.666515 0 7.51056e-05
2.54993e+07 0.718796 0.615119 0.0261758 4.43495e-05
2.54993e+07 0.718796 0.615119 0.0261758 4.43495e-05
2.54993e+07 0.718796 0.615119 0.0261758 4.43495e-05
8.93386e+06 0.19562 0.896253 0 0.000126584
8.93386e+06 0.19562 0.896253 0 0.000126584
8.93386e+06 0.19562 0.896253 0 0.000126584
2.54993e+07 0.718796 0.615119 0.0261758 4.43495e-05
2.54993e+07 0.718796 0.615119 0.0261758 4.43495e-05
8.93386e+06 0.19562 0.896253 0 0.000126584
2.54993e+07 0.718796 0.615119 0.0261758 4.43495e-05
8.93386e+06 0.19562 0.896253 0 0.000126584
7.18796e+06 0 1 0 0.00015733
7.18796e+06 0 1 0 0.00015733
2.54993e+07 0.718796 0.615119 0.0261758 4.43495e-05
2.54993e+07 0.718796 0.615119 0.0261758 4.43495e-05
2.54993e+07 0.718796 0.615119 0.0261758 4.43495e-05
8.93386e+06 0.19562 0.896253 0 0.000126584
8.93386e+06 0.19562 0.896253 0 0.000126584
8.93386e+06 0.19562 0.896253 0 0.000126584
1.50572e+07 0.523176 0.666515 0 7.51056e-05
2.54993e+07 0.718796 0.615119 0.0261758 4.43495e-05
8.93386e+06 0.19562 0.896253 0 0.000126584
2.54993e+07 0.718796 0.615119 0.0261758 4.43495e-05
1.50572e+07 0.523176 0.666515 0 7.51056e-05
2.54993e+07 0.718796 0.615119 0.0261758 4.43495e-05
8.93386e+06 0.19562 0.896253 0 0.000126584
2.54993e+07 0.718796 0.615119 0.0261758 4.43495e-05
2.54993e+07 0.718796 0.615119 0.0261758 4.43495e-05
2.54993e+07 0.718796 0.615119 0.0261758 4.43495e-05
8.93386e+06 0.19562 0.896253 0 0.000126584
8.93386e+06 0.19562 0.896253 0 0.000126584
1.02152e+07 0.296594 0.861434 0.0179114 0.000110705
2.54993e+07 0.718796 0.615119 0.0261758 4.43495e-05
7.18796e+06 0 1 0 0.00015733
2.54993e+07 0.718796 0.615119 0.0261758 4.43495e-05
2.54993e+07 0.718796 0.615119 0.0261758 4.43495e-05
7.18796e+06 0 1 0 0.00015733
2.54993e+07 0.718796 0.615119 0.0261758 4.43495e-05
1.50572e+07 0.523176 0.666515 0 7.51056e-05
7.18796e+06 0 1 0 0.00015733
1.50572e+07 0.523176 0.666515 0 7.51056e-05
8.93386e+06 0.19562 0.896253 0 0.000126584
2.54993e+07 0.718796 0.615119 0.0261758 4.43495e-05
8.93386e+06 0.19562 0.896253 0 0.000126584
8.93386e+06 0.19562 0.896253 0 0.000126584
8.93386e+06 0.19562 0.896253 0 0.000126584
7.18796e+06 0 1 0 0.00015733
1.50572e+07 0.523176 0.666515 0 7.51056e-05
1.50572e+07 0.523176 0.666515 0 7.51056e-05
1.50572e+07 0.523176 0.666515 0 7.51056e-05
2.54993e+07 0.718796 0.615119 0.0261758 4.43495e-05
1.50572e+07 0.523176 0.666515 0 7.51056e-05
8.93386e+06 0.19562 0.896253 0 0.000126584
2.54993e+07 0.718796 0.615119 0.0261758 4.43495e-05
7.18796e+06 0 1 0 0.00015733
2.54993e+07 0.718796 0.615119 0.0261758 4.43495e-05
2.54993e+07 0.718796 0.615119 0.0261758 4.43495e-05
2.54993e+07 0.718796 0.615119 0.0261758 4.43495e-05
2.54993e+07 0.718796 0.615119 0.0261758 4.43495e-05
8.93386e+06 0.19562 0.896253 0 0.000126584
1.02152e+07 0.296594 0.861434 0.0179114 0.000110705
2.54993e+07 0.718796 0.615119 0.0261758 4.43495e-05
2.54993e+07 0.718796 0.615119 0.0261758 4.43495e-05
1.50572e+07 0.523176 0.666515 0 7.51056e-05
2.54993e+07 0.718796 0.615119 0.0261758 4.43495e-05
2.54993e+07 0.718796 0.615119 0.0261758 4.43495e-05
2.54993e+07 0.718796 0.615119 0.0261758 4.43495e-05
8.93386e+06 0.19562 0.896253 0 0.000126584
2.54993e+07 0.718796 0.615119 0.0261758 4.43495e-05
8.93386e+06 0.19562 0.896253 0 0.000126584
1.02152e+07 0.296594 0.861434 0.0179114 0.000110705
2.54993e+07 0.718796 0.615119 0.0261758 4.43495e-05
2.54993e+07 0.718796 0.615119 0.0261758 4.43495e-05
1.50572e+07 0.523176 0.666515 0 7.51056e-05
2.54993e+07 0.718796 0.615119 0.0261758 4.43495e-05
1.50572e+07 0.523176 0.666515 0 7.51056e-05
2.54993e+07 0.718796 0.615119 0.0261758 4.43495e-05
8.93386e+06 0.19562 0.896253 0 0.000126584
1.02152e+07 0.296594 0.861434 0.0179114 0.000110705
1.50572e+07 0.523176 0.666515 0 7.51056e-05
2.54993e+07 0.718796 0.615119 0.0261758 4.43495e-05
