1.78185e+07 0.42774 0.811386 0.0269403 6.67463e-05
1.26163e+07 0.191455 0.879928 0 9.42683e-05
1.26163e+07 0.191455 0.879928 0 9.42683e-05
1.73413e+07 0.411982 0.814286 0 6.85831e-05
1.26163e+07 0.191455 0.879928 0 9.42683e-05
1.78185e+07 0.42774 0.811386 0.0269403 6.67463e-05
1.61157e+07 0.367152 0.816637 0 7.37988e-05
1.78185e+07 0.42774 0.811386 0.0269403 6.67463e-05
1.73413e+07 0.411982 0.814286 0 6.85831e-05
1.73413e+07 0.411982 0.814286 0 6.85831e-05
1.78185e+07 0.42774 0.811386 0.0269403 6.67463e-05
1.78185e+07 0.42774 0.811386 0.0269403 6.67463e-05
1.73413e+07 0.411982 0.814286 0 6.85831e-05
1.33557e+07 0.236285 0.877577 0 8.90493e-05
1.33557e+07 0.236285 0.877577 0 8.90493e-05
1.26163e+07 0.191455 0.879928 0 9.42683e-05
1.73413e+07 0.411982 0.814286 0 6.85831e-05
1.73413e+07 0.411982 0.814286 0 6.85831e-05
1.26163e+07 0.191455 0.879928 0 9.42683e-05
1.78185e+07 0.42774 0.811386 0.0269403 6.67463e-05
1.78185e+07 0.42774 0.811386 0.0269403 6.67463e-05
1.78185e+07 0.42774 0.811386 0.0269403 6.67463e-05
1.73413e+07 0.411982 0.814286 0 6.85831e-05
1.33557e+07 0.236285 0.877577 0 8.90493e-05
1.73413e+07 0.411982 0.814286 0 6.85831e-05
1.78185e+07 0.42774 0.811386 0.0269403 6.67463e-05
1.78185e+07 0.42774 0.811386 0.0269403 6.67463e-05
1.73413e+07 0.411982 0.814286 0 6.85831e-05
1.78185e+07 0.42774 0.811386 0.0269403 6.67463e-05
1.73413e+07 0.411982 0.814286 0 6.85831e-05
1.02031e+07 0 1 0 0.000116564
1.24596e+07 0.181188 0.938687 0.0316454 9.54544e-05
1.78185e+07 0.42774 0.811386 0.0269403 6.67463e-05
1.78185e+07 0.42774 0.811386 0.0269403 6.67463e-05
1.78185e+07 0.42774 0.811386 0.0269403 6.67463e-05
1.33557e+07 0.236285 0.877577 0 8.90493e-05
1.73413e+07 0.411982 0.814286 0 6.85831e-05
1.73413e+07 0.411982 0.814286 0 6.85831e-05
1.26163e+07 0.191455 0.879928 0 9.42683e-05
1.78185e+07 0.42774 0.811386 0.0269403 6.67463e-05
1.33557e+07 0.236285 0.877577 0 8.90493e-05
1.78185e+07 0.42774 0.811386 0.0269403 6.67463e-05
1.26163e+07 0.191455 0.879928 0 9.42683e-05
1.78185e+07 0.42774 0.811386 0.0269403 6.67463e-05
1.73413e+07 0.411982 0.814286 0 6.85831e-05
1.78185e+07 0.42774 0.811386 0.0269403 6.67463e-05
1.78185e+07 0.42774 0.811386 0.0269403 6.67463e-05
1.78185e+07 0.42774 0.811386 0.0269403 6.67463e-05
1.33557e+07 0.236285 0.877577 0 8.90493e-05
1.33557e+07 0.236285 0.877577 0 8.90493e-05
1.33557e+07 0.236285 0.877577 0 8.90493e-05
1.78185e+07 0.42774 0.811386 0.0269403 6.67463e-05
1.23766e+07 0.175697 0.936709 0 9.60944e-05
1.78185e+07 0.42774 0.811386 0.0269403 6.67463e-05
1.78185e+07 0.42774 0.811386 0.0269403 6.67463e-05
1.24596e+07 0.181188 0.938687 0.0316454 9.54544e-05
1.78185e+07 0.42774 0.811386 0.0269403 6.67463e-05
1.26163e+07 0.191455 0.879928 0 9.42683e-05
1.23766e+07 0.175697 0.936709 0 9.60944e-05
1.26163e+07 0.191455 0.879928 0 9.42683e-05
1.33557e+07 0.236285 0.877577 0 8.90493e-05
1.78185e+07 0.42774 0.811386 0.0269403 6.67463e-05
1.73413e+07 0.411982 0.814286 0 6.85831e-05
1.33557e+07 0.236285 0.877577 0 8.90493e-05
1.73413e+07 0.411982 0.814286 0 6.85831e-05
1.23766e+07 0.175697 0.936709 0 9.60944e-05
1.26163e+07 0.191455 0.879928 0 9.42683e-05
1.26163e+07 0.191455 0.879928 0 9.42683e-05
1.26163e+07 0.191455 0.879928 0 9.42683e-05
1.78185e+07 0.42774 0.811386 0.0269403 6.67463e-05
1.61157e+07 0.367152 0.816637 0 7.37988e-05
1.73413e+07 0.411982 0.814286 0 6.85831e-05
1.78185e+07 0.42774 0.811386 0.0269403 6.67463e-05
1.46092e+07 0.30198 0.813898 0 8.14092e-05
1.78185e+07 0.42774 0.811386 0.0269403 6.67463e-05
1.78185e+07 0.42774 0.811386 0.0269403 6.67463e-05
1.78185e+07 0.42774 0.811386 0.0269403 6.67463e-05
1.78185e+07 0.42774 0.811386 0.0269403 6.67463e-05
1.59931e+07 0.362568 0.754766 0 7.43648e-05
1.33557e+07 0.236285 0.877577 0 8.90493e-05
1.78185e+07 0.42774 0.811386 0.0269403 6.67463e-05
1.78185e+07 0.42774 0.811386 0.0269403 6.67463e-05
1.26163e+07 0.191455 0.879928 0 9.42683e-05
1.78185e+07 0.42774 0.811386 0.0269403 6.67463e-05
1.78185e+07 0.42774 0.811386 0.0269403 6.67463e-05
1.78185e+07 0.42774 0.811386 0.0269403 6.67463e-05
1.73413e+07 0.411982 0.814286 0 6.85831e-05
1.78185e+07 0.42774 0.811386 0.0269403 6.67463e-05
1.33557e+07 0.236285 0.877577 0 8.90493e-05
1.33557e+07 0.236285 0.877577 0 8.90493e-05
1.78185e+07 0.42774 0.811386 0.0269403 6.67463e-05
1.78185e+07 0.42774 0.811386 0.0269403 6.67463e-05
1.26163e+07 0.191455 0.879928 0 9.42683e-05
1.78185e+07 0.42774 0.811386 0.0269403 6.67463e-05
1.61157e+07 0.367152 0.816637 0 7.37988e-05
1.78185e+07 0.42774 0.811386 0.0269403 6.67463e-05
1.73413e+07 0.411982 0.814286 0 6.85831e-05
1.33557e+07 0.236285 0.877577 0 8.90493e-05
1.61157e+07 0.367152 0.816637 0 7.37988e-05
1.78185e+07 0.42774 0.811386 0.0269403 6.67463e-05
