1.27303e+07 0.481624 0.65544 0.0331421 9.21056e-05
1.28741e+07 0.487392 0.660601 0 9.10768e-05
1.12316e+07 0.412408 0.617564 0 0.000104396
1.00973e+07 0.346077 0.868378 0.045452 0.000116124
9.54779e+06 0.308585 0.720778 0 0.000122806
1.27303e+07 0.481624 0.65544 0.0331421 9.21056e-05
1.27303e+07 0.481624 0.629874 0 9.21056e-05
1.27303e+07 0.481624 0.65544 0.0331421 9.21056e-05
1.00973e+07 0.346077 0.868378 0.045452 0.000116124
1.00973e+07 0.346077 0.868378 0.045452 0.000116124
1.27303e+07 0.481624 0.65544 0.0331421 9.21056e-05
1.27303e+07 0.481624 0.65544 0.0331421 9.21056e-05
1.00973e+07 0.346077 0.868378 0.045452 0.000116124
9.1294e+06 0.276862 0.765164 0 0.000128435
9.1294e+06 0.276862 0.765164 0 0.000128435
1.28741e+07 0.487392 0.660601 0 9.10768e-05
1.00973e+07 0.346077 0.868378 0.045452 0.000116124
1.00973e+07 0.346077 0.868378 0.045452 0.000116124
9.54779e+06 0.308585 0.720778 0 0.000122806
1.27303e+07 0.481624 0.65544 0.0331421 9.21056e-05
1.27303e+07 0.481624 0.65544 0.0331421 9.21056e-05
1.27303e+07 0.481624 0.65544 0.0331421 9.21056e-05
1.00973e+07 0.346077 0.868378 0.045452 0.000116124
7.98489e+06 0.173038 0.868378 0 0.000146844
1.00973e+07 0.346077 0.868378 0.045452 0.000116124
1.27303e+07 0.481624 0.65544 0.0331421 9.21056e-05
1.27303e+07 0.481624 0.65544 0.0331421 9.21056e-05
1.00973e+07 0.346077 0.868378 0.045452 0.000116124
1.27303e+07 0.481624 0.65544 0.0331421 9.21056e-05
1.00973e+07 0.346077 0.868378 0.045452 0.000116124
8.04198e+06 0.178806 0.939823 0 0.000145801
7.98573e+06 0.173038 0.909096 0 0.000146828
1.27303e+07 0.481624 0.65544 0.0331421 9.21056e-05
1.27303e+07 0.481624 0.65544 0.0331421 9.21056e-05
1.27303e+07 0.481624 0.65544 0.0331421 9.21056e-05
7.98489e+06 0.173038 0.868378 0 0.000146844
1.00973e+07 0.346077 0.868378 0.045452 0.000116124
1.00973e+07 0.346077 0.868378 0.045452 0.000116124
9.54779e+06 0.308585 0.720778 0 0.000122806
1.27303e+07 0.481624 0.65544 0.0331421 9.21056e-05
7.98489e+06 0.173038 0.868378 0 0.000146844
1.27303e+07 0.481624 0.65544 0.0331421 9.21056e-05
9.54779e+06 0.308585 0.720778 0 0.000122806
1.27303e+07 0.481624 0.65544 0.0331421 9.21056e-05
1.00973e+07 0.346077 0.868378 0.045452 0.000116124
1.27303e+07 0.481624 0.65544 0.0331421 9.21056e-05
1.27303e+07 0.481624 0.65544 0.0331421 9.21056e-05
1.27303e+07 0.481624 0.65544 0.0331421 9.21056e-05
1.01857e+07 0.351845 0.808202 0 0.000115115
7.98489e+06 0.173038 0.868378 0 0.000146844
9.1294e+06 0.276862 0.765164 0 0.000128435
1.27303e+07 0.481624 0.65544 0.0331421 9.21056e-05
7.98573e+06 0.173038 0.909096 0 0.000146828
1.27303e+07 0.481624 0.65544 0.0331421 9.21056e-05
1.27303e+07 0.481624 0.65544 0.0331421 9.21056e-05
7.98573e+06 0.173038 0.909096 0 0.000146828
1.27303e+07 0.481624 0.65544 0.0331421 9.21056e-05
1.28741e+07 0.487392 0.660601 0 9.10768e-05
7.98573e+06 0.173038 0.909096 0 0.000146828
9.70933e+06 0.320175 0.669005 0.0426113 0.000120763
7.98489e+06 0.173038 0.868378 0 0.000146844
1.27303e+07 0.481624 0.65544 0.0331421 9.21056e-05
1.00973e+07 0.346077 0.868378 0.045452 0.000116124
7.98489e+06 0.173038 0.868378 0 0.000146844
1.00973e+07 0.346077 0.868378 0.045452 0.000116124
1.01871e+07 0.351845 0.848919 0 0.0001151
9.54779e+06 0.308585 0.720778 0 0.000122806
9.54779e+06 0.308585 0.720778 0 0.000122806
9.54779e+06 0.308585 0.720778 0 0.000122806
1.27303e+07 0.481624 0.65544 0.0331421 9.21056e-05
1.27303e+07 0.481624 0.629874 0 9.21056e-05
1.00973e+07 0.346077 0.868378 0.045452 0.000116124
1.27303e+07 0.481624 0.65544 0.0331421 9.21056e-05
7.98573e+06 0.173038 0.909096 0 0.000146828
1.27303e+07 0.481624 0.65544 0.0331421 9.21056e-05
1.27303e+07 0.481624 0.65544 0.0331421 9.21056e-05
1.27303e+07 0.481624 0.65544 0.0331421 9.21056e-05
1.27303e+07 0.481624 0.65544 0.0331421 9.21056e-05
7.98489e+06 0.173038 0.868378 0 0.000146844
9.1294e+06 0.276862 0.765164 0 0.000128435
1.27303e+07 0.481624 0.65544 0.0331421 9.21056e-05
1.27303e+07 0.481624 0.65544 0.0331421 9.21056e-05
1.28741e+07 0.487392 0.660601 0 9.10768e-05
1.27303e+07 0.481624 0.65544 0.0331421 9.21056e-05
1.27303e+07 0.481624 0.65544 0.0331421 9.21056e-05
1.27303e+07 0.481624 0.65544 0.0331421 9.21056e-05
1.00973e+07 0.346077 0.868378 0.045452 0.000116124
1.27303e+07 0.481624 0.65544 0.0331421 9.21056e-05
1.01857e+07 0.351845 0.808202 0 0.000115115
9.1294e+06 0.276862 0.765164 0 0.000128435
1.27303e+07 0.481624 0.65544 0.0331421 9.21056e-05
1.27303e+07 0.481624 0.65544 0.0331421 9.21056e-05
1.28741e+07 0.487392 0.660601 0 9.10768e-05
1.27303e+07 0.481624 0.65544 0.0331421 9.21056e-05
1.27303e+07 0.481624 0.629874 0 9.21056e-05
1.27303e+07 0.481624 0.65544 0.0331421 9.21056e-05
1.00973e+07 0.346077 0.868378 0.045452 0.000116124
9.1294e+06 0.276862 0.765164 0 0.000128435
1.27303e+07 0.481624 0.629874 0 9.21056e-05
1.27303e+07 0.481624 0.65544 0.0331421 9.21056e-05
