9.37455e+06 0.28913 0.688618 0 0.00013299
7.87288e+06 0.153327 0.822081 0 0.000158356
7.87288e+06 0.153327 0.822081 0 0.000158356
1.15888e+07 0.424934 0.76302 0.0458432 0.00010758
1.21922e+07 0.453409 0.729193 0.0485235 0.000102255
9.37455e+06 0.28913 0.688618 0 0.00013299
1.19512e+07 0.442457 0.626877 0 0.000104318
9.37455e+06 0.28913 0.688618 0 0.00013299
1.15888e+07 0.424934 0.76302 0.0458432 0.00010758
1.15888e+07 0.424934 0.76302 0.0458432 0.00010758
9.37455e+06 0.28913 0.688618 0 0.00013299
9.37455e+06 0.28913 0.688618 0 0.00013299
1.15888e+07 0.424934 0.76302 0.0458432 0.00010758
7.71344e+06 0.135804 0.866537 0 0.00016163
7.71344e+06 0.135804 0.866537 0 0.00016163
7.87288e+06 0.153327 0.822081 0 0.000158356
1.15888e+07 0.424934 0.76302 0.0458432 0.00010758
1.15888e+07 0.424934 0.76302 0.0458432 0.00010758
7.87288e+06 0.153327 0.822081 0 0.000158356
9.37455e+06 0.28913 0.688618 0 0.00013299
9.37455e+06 0.28913 0.688618 0 0.00013299
9.37455e+06 0.28913 0.688618 0 0.00013299
1.15888e+07 0.424934 0.76302 0.0458432 0.00010758
7.71344e+06 0.135804 0.866537 0 0.00016163
1.15888e+07 0.424934 0.76302 0.0458432 0.00010758
9.37455e+06 0.28913 0.688618 0 0.00013299
9.37455e+06 0.28913 0.688618 0 0.00013299
1.15888e+07 0.424934 0.76302 0.0458432 0.00010758
9.37455e+06 0.28913 0.688618 0 0.00013299
1.15888e+07 0.424934 0.76302 0.0458432 0.00010758
6.66697e+06 0 1 0 0.000186999
9.37659e+06 0.28913 0.804797 0 0.000132961
9.37455e+06 0.28913 0.688618 0 0.00013299
9.37455e+06 0.28913 0.688618 0 0.00013299
9.37455e+06 0.28913 0.688618 0 0.00013299
7.71344e+06 0.135804 0.866537 0 0.00016163
1.15888e+07 0.424934 0.76302 0.0458432 0.00010758
1.15888e+07 0.424934 0.76302 0.0458432 0.00010758
7.87288e+06 0.153327 0.822081 0 0.000158356
9.37455e+06 0.28913 0.688618 0 0.00013299
7.71344e+06 0.135804 0.866537 0 0.00016163
9.37455e+06 0.28913 0.688618 0 0.00013299
7.87288e+06 0.153327 0.822081 0 0.000158356
9.37455e+06 0.28913 0.688618 0 0.00013299
1.15888e+07 0.424934 0.76302 0.0458432 0.00010758
9.37455e+06 0.28913 0.688618 0 0.00013299
9.37455e+06 0.28913 0.688618 0 0.00013299
9.37455e+06 0.28913 0.688618 0 0.00013299
7.71344e+06 0.135804 0.866537 0 0.00016163
7.71344e+06 0.135804 0.866537 0 0.00016163
7.71344e+06 0.135804 0.866537 0 0.00016163
9.37455e+06 0.28913 0.688618 0 0.00013299
1.62176e+07 0.589212 0.614862 0 7.68744e-05
9.37455e+06 0.28913 0.688618 0 0.00013299
9.37455e+06 0.28913 0.688618 0 0.00013299
9.37659e+06 0.28913 0.804797 0 0.000132961
9.37455e+06 0.28913 0.688618 0 0.00013299
7.87288e+06 0.153327 0.822081 0 0.000158356
9.37659e+06 0.28913 0.804797 0 0.000132961
7.87288e+06 0.153327 0.822081 0 0.000158356
7.71344e+06 0.135804 0.866537 0 0.00016163
9.37455e+06 0.28913 0.688618 0 0.00013299
1.15888e+07 0.424934 0.76302 0.0458432 0.00010758
7.71344e+06 0.135804 0.866537 0 0.00016163
1.15888e+07 0.424934 0.76302 0.0458432 0.00010758
9.37659e+06 0.28913 0.804797 0 0.000132961
7.87288e+06 0.153327 0.822081 0 0.000158356
7.87288e+06 0.153327 0.822081 0 0.000158356
1.21922e+07 0.453409 0.729193 0.0485235 0.000102255
9.37455e+06 0.28913 0.688618 0 0.00013299
1.19512e+07 0.442457 0.626877 0 0.000104318
1.15888e+07 0.424934 0.76302 0.0458432 0.00010758
9.37455e+06 0.28913 0.688618 0 0.00013299
9.37659e+06 0.28913 0.804797 0 0.000132961
9.37455e+06 0.28913 0.688618 0 0.00013299
9.37455e+06 0.28913 0.688618 0 0.00013299
9.37455e+06 0.28913 0.688618 0 0.00013299
9.37455e+06 0.28913 0.688618 0 0.00013299
7.71344e+06 0.135804 0.866537 0 0.00016163
7.71344e+06 0.135804 0.866537 0 0.00016163
9.37455e+06 0.28913 0.688618 0 0.00013299
9.37455e+06 0.28913 0.688618 0 0.00013299
7.87288e+06 0.153327 0.822081 0 0.000158356
9.37455e+06 0.28913 0.688618 0 0.00013299
9.37455e+06 0.28913 0.688618 0 0.00013299
9.37455e+06 0.28913 0.688618 0 0.00013299
1.15888e+07 0.424934 0.76302 0.0458432 0.00010758
9.37455e+06 0.28913 0.688618 0 0.00013299
7.71344e+06 0.135804 0.866537 0 0.00016163
7.71344e+06 0.135804 0.866537 0 0.00016163
9.37455e+06 0.28913 0.688618 0 0.00013299
9.37455e+06 0.28913 0.688618 0 0.00013299
7.87288e+06 0.153327 0.822081 0 0.000158356
9.37455e+06 0.28913 0.688618 0 0.00013299
1.19512e+07 0.442457 0.626877 0 0.000104318
9.37455e+06 0.28913 0.688618 0 0.00013299
1.15888e+07 0.424934 0.76302 0.0458432 0.00010758
7.71344e+06 0.135804 0.866537 0 0.00016163
1.19512e+07 0.442457 0.626877 0 0.000104318
9.37455e+06 0.28913 0.688618 0 0.00013299
