1.71191e+07 0.540894 0.657116 0.0324543 6.83326e-05
1.19273e+07 0.340699 0.72576 0 9.80771e-05
1.41854e+07 0.445847 0.632947 0 8.24645e-05
1.31176e+07 0.400391 0.866447 0.0462044 8.91774e-05
1.19273e+07 0.340699 0.72576 0 9.80771e-05
1.71191e+07 0.540894 0.657116 0.0324543 6.83326e-05
1.71191e+07 0.540894 0.633351 0 6.83326e-05
1.71191e+07 0.540894 0.657116 0.0324543 6.83326e-05
1.31176e+07 0.400391 0.866447 0.0462044 8.91774e-05
1.31176e+07 0.400391 0.866447 0.0462044 8.91774e-05
1.71191e+07 0.540894 0.657116 0.0324543 6.83326e-05
1.71191e+07 0.540894 0.657116 0.0324543 6.83326e-05
1.31176e+07 0.400391 0.866447 0.0462044 8.91774e-05
1.13224e+07 0.305344 0.819838 0.0231023 0.000103316
1.13224e+07 0.305344 0.819838 0.0231023 0.000103316
1.19273e+07 0.340699 0.72576 0 9.80771e-05
1.31176e+07 0.400391 0.866447 0.0462044 8.91774e-05
1.31176e+07 0.400391 0.866447 0.0462044 8.91774e-05
1.19273e+07 0.340699 0.72576 0 9.80771e-05
1.71191e+07 0.540894 0.657116 0.0324543 6.83326e-05
1.71191e+07 0.540894 0.657116 0.0324543 6.83326e-05
1.71191e+07 0.540894 0.657116 0.0324543 6.83326e-05
1.31176e+07 0.400391 0.866447 0.0462044 8.91774e-05
9.83498e+06 0.200195 0.866447 0 0.000118942
1.31176e+07 0.400391 0.866447 0.0462044 8.91774e-05
1.71191e+07 0.540894 0.657116 0.0324543 6.83326e-05
1.71191e+07 0.540894 0.657116 0.0324543 6.83326e-05
1.31176e+07 0.400391 0.866447 0.0462044 8.91774e-05
1.71191e+07 0.540894 0.657116 0.0324543 6.83326e-05
1.31176e+07 0.400391 0.866447 0.0462044 8.91774e-05
7.86803e+06 0 1 0 0.000148676
9.83621e+06 0.200195 0.907591 0 0.000118927
1.71191e+07 0.540894 0.657116 0.0324543 6.83326e-05
1.71191e+07 0.540894 0.657116 0.0324543 6.83326e-05
1.71191e+07 0.540894 0.657116 0.0324543 6.83326e-05
9.83498e+06 0.200195 0.866447 0 0.000118942
1.31176e+07 0.400391 0.866447 0.0462044 8.91774e-05
1.31176e+07 0.400391 0.866447 0.0462044 8.91774e-05
1.19273e+07 0.340699 0.72576 0 9.80771e-05
1.71191e+07 0.540894 0.657116 0.0324543 6.83326e-05
9.83498e+06 0.200195 0.866447 0 0.000118942
1.71191e+07 0.540894 0.657116 0.0324543 6.83326e-05
1.19273e+07 0.340699 0.72576 0 9.80771e-05
1.71191e+07 0.540894 0.657116 0.0324543 6.83326e-05
1.31176e+07 0.400391 0.866447 0.0462044 8.91774e-05
1.71191e+07 0.540894 0.657116 0.0324543 6.83326e-05
1.71191e+07 0.540894 0.657116 0.0324543 6.83326e-05
1.71191e+07 0.540894 0.657116 0.0324543 6.83326e-05
9.83498e+06 0.200195 0.866447 0 0.000118942
9.83498e+06 0.200195 0.866447 0 0.000118942
1.13224e+07 0.305344 0.819838 0.0231023 0.000103316
1.71191e+07 0.540894 0.657116 0.0324543 6.83326e-05
9.83621e+06 0.200195 0.907591 0 0.000118927
1.71191e+07 0.540894 0.657116 0.0324543 6.83326e-05
1.71191e+07 0.540894 0.657116 0.0324543 6.83326e-05
9.83621e+06 0.200195 0.907591 0 0.000118927
1.71191e+07 0.540894 0.657116 0.0324543 6.83326e-05
1.19273e+07 0.340699 0.72576 0 9.80771e-05
9.83621e+06 0.200195 0.907591 0 0.000118927
1.19273e+07 0.340699 0.72576 0 9.80771e-05
9.83498e+06 0.200195 0.866447 0 0.000118942
1.71191e+07 0.540894 0.657116 0.0324543 6.83326e-05
1.31176e+07 0.400391 0.866447 0.0462044 8.91774e-05
9.83498e+06 0.200195 0.866447 0 0.000118942
1.31176e+07 0.400391 0.866447 0.0462044 8.91774e-05
9.83621e+06 0.200195 0.907591 0 0.000118927
1.38517e+07 0.432531 0.649724 0.0331169 8.44511e-05
1.19273e+07 0.340699 0.72576 0 9.80771e-05
1.19273e+07 0.340699 0.72576 0 9.80771e-05
1.71191e+07 0.540894 0.657116 0.0324543 6.83326e-05
1.71191e+07 0.540894 0.633351 0 6.83326e-05
1.31176e+07 0.400391 0.866447 0.0462044 8.91774e-05
1.71191e+07 0.540894 0.657116 0.0324543 6.83326e-05
9.83621e+06 0.200195 0.907591 0 0.000118927
1.71191e+07 0.540894 0.657116 0.0324543 6.83326e-05
1.71191e+07 0.540894 0.657116 0.0324543 6.83326e-05
1.71191e+07 0.540894 0.657116 0.0324543 6.83326e-05
1.71191e+07 0.540894 0.657116 0.0324543 6.83326e-05
9.83498e+06 0.200195 0.866447 0 0.000118942
1.13224e+07 0.305344 0.819838 0.0231023 0.000103316
1.71191e+07 0.540894 0.657116 0.0324543 6.83326e-05
1.71191e+07 0.540894 0.657116 0.0324543 6.83326e-05
1.19273e+07 0.340699 0.72576 0 9.80771e-05
1.71191e+07 0.540894 0.657116 0.0324543 6.83326e-05
1.71191e+07 0.540894 0.657116 0.0324543 6.83326e-05
1.71191e+07 0.540894 0.657116 0.0324543 6.83326e-05
1.31176e+07 0.400391 0.866447 0.0462044 8.91774e-05
1.71191e+07 0.540894 0.657116 0.0324543 6.83326e-05
9.83498e+06 0.200195 0.866447 0 0.000118942
1.13224e+07 0.305344 0.819838 0.0231023 0.000103316
1.71191e+07 0.540894 0.657116 0.0324543 6.83326e-05
1.71191e+07 0.540894 0.657116 0.0324543 6.83326e-05
1.19273e+07 0.340699 0.72576 0 9.80771e-05
1.71191e+07 0.540894 0.657116 0.0324543 6.83326e-05
1.71191e+07 0.540894 0.633351 0 6.83326e-05
1.71191e+07 0.540894 0.657116 0.0324543 6.83326e-05
1.31176e+07 0.400391 0.866447 0.0462044 8.91774e-05
1.13224e+07 0.305344 0.819838 0.0231023 0.000103316
1.71191e+07 0.540894 0.633351 0 6.83326e-05
1.71191e+07 0.540894 0.657116 0.0324543 6.83326e-05
