1.49215e+07 0.268026 0.881149 0 8.49756e-05
1.09261e+07 0 1 0 0.000116049
1.09261e+07 0 1 0 0.000116049
3.79547e+07 0.71253 0.82714 0.0410131 3.34072e-05
1.09261e+07 0 1 0 0.000116049
1.49215e+07 0.268026 0.881149 0 8.49756e-05
1.96596e+07 0.444504 0.863965 0 6.44956e-05
1.49215e+07 0.268026 0.881149 0 8.49756e-05
3.79547e+07 0.71253 0.82714 0.0410131 3.34072e-05
3.79547e+07 0.71253 0.82714 0.0410131 3.34072e-05
1.49215e+07 0.268026 0.881149 0 8.49756e-05
1.49215e+07 0.268026 0.881149 0 8.49756e-05
3.79547e+07 0.71253 0.82714 0.0410131 3.34072e-05
1.49215e+07 0.268026 0.881149 0 8.49756e-05
1.49215e+07 0.268026 0.881149 0 8.49756e-05
1.09261e+07 0 1 0 0.000116049
3.79547e+07 0.71253 0.82714 0.0410131 3.34072e-05
3.79547e+07 0.71253 0.82714 0.0410131 3.34072e-05
1.09261e+07 0 1 0 0.000116049
1.49215e+07 0.268026 0.881149 0 8.49756e-05
1.49215e+07 0.268026 0.881149 0 8.49756e-05
1.49215e+07 0.268026 0.881149 0 8.49756e-05
3.79547e+07 0.71253 0.82714 0.0410131 3.34072e-05
1.49215e+07 0.268026 0.881149 0 8.49756e-05
3.79547e+07 0.71253 0.82714 0.0410131 3.34072e-05
1.49215e+07 0.268026 0.881149 0 8.49756e-05
1.49215e+07 0.268026 0.881149 0 8.49756e-05
3.79547e+07 0.71253 0.82714 0.0410131 3.34072e-05
1.49215e+07 0.268026 0.881149 0 8.49756e-05
3.79547e+07 0.71253 0.82714 0.0410131 3.34072e-05
1.09261e+07 0 1 0 0.000116049
2.01636e+07 0.458395 0.868216 0.0680175 6.28836e-05
1.49215e+07 0.268026 0.881149 0 8.49756e-05
1.49215e+07 0.268026 0.881149 0 8.49756e-05
1.49215e+07 0.268026 0.881149 0 8.49756e-05
1.49215e+07 0.268026 0.881149 0 8.49756e-05
3.79547e+07 0.71253 0.82714 0.0410131 3.34072e-05
3.79547e+07 0.71253 0.82714 0.0410131 3.34072e-05
1.09261e+07 0 1 0 0.000116049
1.49215e+07 0.268026 0.881149 0 8.49756e-05
1.49215e+07 0.268026 0.881149 0 8.49756e-05
1.49215e+07 0.268026 0.881149 0 8.49756e-05
1.09261e+07 0 1 0 0.000116049
1.49215e+07 0.268026 0.881149 0 8.49756e-05
3.79547e+07 0.71253 0.82714 0.0410131 3.34072e-05
1.49215e+07 0.268026 0.881149 0 8.49756e-05
1.49215e+07 0.268026 0.881149 0 8.49756e-05
1.49215e+07 0.268026 0.881149 0 8.49756e-05
1.49215e+07 0.268026 0.881149 0 8.49756e-05
1.49215e+07 0.268026 0.881149 0 8.49756e-05
1.49215e+07 0.268026 0.881149 0 8.49756e-05
1.49215e+07 0.268026 0.881149 0 8.49756e-05
1.96596e+07 0.444504 0.863965 0 6.44956e-05
1.49215e+07 0.268026 0.881149 0 8.49756e-05
1.49215e+07 0.268026 0.881149 0 8.49756e-05
2.01636e+07 0.458395 0.868216 0.0680175 6.28836e-05
1.49215e+07 0.268026 0.881149 0 8.49756e-05
1.09261e+07 0 1 0 0.000116049
1.96596e+07 0.444504 0.863965 0 6.44956e-05
1.09261e+07 0 1 0 0.000116049
1.49215e+07 0.268026 0.881149 0 8.49756e-05
1.49215e+07 0.268026 0.881149 0 8.49756e-05
3.79547e+07 0.71253 0.82714 0.0410131 3.34072e-05
1.49215e+07 0.268026 0.881149 0 8.49756e-05
3.79547e+07 0.71253 0.82714 0.0410131 3.34072e-05
1.96596e+07 0.444504 0.863965 0 6.44956e-05
1.09261e+07 0 1 0 0.000116049
1.09261e+07 0 1 0 0.000116049
1.09261e+07 0 1 0 0.000116049
1.49215e+07 0.268026 0.881149 0 8.49756e-05
1.96596e+07 0.444504 0.863965 0 6.44956e-05
3.79547e+07 0.71253 0.82714 0.0410131 3.34072e-05
1.49215e+07 0.268026 0.881149 0 8.49756e-05
2.54572e+07 0.571347 0.759164 0 4.98075e-05
1.49215e+07 0.268026 0.881149 0 8.49756e-05
1.49215e+07 0.268026 0.881149 0 8.49756e-05
1.49215e+07 0.268026 0.881149 0 8.49756e-05
1.49215e+07 0.268026 0.881149 0 8.49756e-05
1.80442e+07 0.394869 0.837003 0.0303273 7.02695e-05
1.49215e+07 0.268026 0.881149 0 8.49756e-05
1.49215e+07 0.268026 0.881149 0 8.49756e-05
1.49215e+07 0.268026 0.881149 0 8.49756e-05
1.09261e+07 0 1 0 0.000116049
1.49215e+07 0.268026 0.881149 0 8.49756e-05
1.49215e+07 0.268026 0.881149 0 8.49756e-05
1.49215e+07 0.268026 0.881149 0 8.49756e-05
3.79547e+07 0.71253 0.82714 0.0410131 3.34072e-05
1.49215e+07 0.268026 0.881149 0 8.49756e-05
1.49215e+07 0.268026 0.881149 0 8.49756e-05
1.49215e+07 0.268026 0.881149 0 8.49756e-05
1.49215e+07 0.268026 0.881149 0 8.49756e-05
1.49215e+07 0.268026 0.881149 0 8.49756e-05
1.09261e+07 0 1 0 0.000116049
1.49215e+07 0.268026 0.881149 0 8.49756e-05
1.96596e+07 0.444504 0.863965 0 6.44956e-05
1.49215e+07 0.268026 0.881149 0 8.49756e-05
3.79547e+07 0.71253 0.82714 0.0410131 3.34072e-05
1.49215e+07 0.268026 0.881149 0 8.49756e-05
1.96596e+07 0.444504 0.863965 0 6.44956e-05
1.49215e+07 0.268026 0.881149 0 8.49756e-05
