2.6358e+07 0.619979 0.640436 0.0333435 5.06715e-05
1.65998e+07 0.396086 0.710717 0 8.04587e-05
1.65998e+07 0.396086 0.710717 0 8.04587e-05
1.81583e+07 0.447787 0.863032 0.0473817 7.3553e-05
1.65998e+07 0.396086 0.710717 0 8.04587e-05
2.6358e+07 0.619979 0.640436 0.0333435 5.06715e-05
2.6358e+07 0.619979 0.615954 0 5.06715e-05
2.6358e+07 0.619979 0.640436 0.0333435 5.06715e-05
1.81583e+07 0.447787 0.863032 0.0473817 7.3553e-05
1.81583e+07 0.447787 0.863032 0.0473817 7.3553e-05
2.6358e+07 0.619979 0.640436 0.0333435 5.06715e-05
2.6358e+07 0.619979 0.640436 0.0333435 5.06715e-05
1.81583e+07 0.447787 0.863032 0.0473817 7.3553e-05
1.29215e+07 0.223893 0.863032 0 0.000103363
1.29215e+07 0.223893 0.863032 0 0.000103363
1.65998e+07 0.396086 0.710717 0 8.04587e-05
1.81583e+07 0.447787 0.863032 0.0473817 7.3553e-05
1.81583e+07 0.447787 0.863032 0.0473817 7.3553e-05
1.65998e+07 0.396086 0.710717 0 8.04587e-05
2.6358e+07 0.619979 0.640436 0.0333435 5.06715e-05
2.6358e+07 0.619979 0.640436 0.0333435 5.06715e-05
2.6358e+07 0.619979 0.640436 0.0333435 5.06715e-05
1.81583e+07 0.447787 0.863032 0.0473817 7.3553e-05
1.29215e+07 0.223893 0.863032 0 0.000103363
1.81583e+07 0.447787 0.863032 0.0473817 7.3553e-05
2.6358e+07 0.619979 0.640436 0.0333435 5.06715e-05
2.6358e+07 0.619979 0.640436 0.0333435 5.06715e-05
1.81583e+07 0.447787 0.863032 0.0473817 7.3553e-05
2.6358e+07 0.619979 0.640436 0.0333435 5.06715e-05
1.81583e+07 0.447787 0.863032 0.0473817 7.3553e-05
1.00313e+07 0 1 0 0.000133143
1.30409e+07 0.23089 0.908198 0.0473817 0.000102416
2.6358e+07 0.619979 0.640436 0.0333435 5.06715e-05
2.6358e+07 0.619979 0.640436 0.0333435 5.06715e-05
2.6358e+07 0.619979 0.640436 0.0333435 5.06715e-05
1.29215e+07 0.223893 0.863032 0 0.000103363
1.81583e+07 0.447787 0.863032 0.0473817 7.3553e-05
1.81583e+07 0.447787 0.863032 0.0473817 7.3553e-05
1.65998e+07 0.396086 0.710717 0 8.04587e-05
2.6358e+07 0.619979 0.640436 0.0333435 5.06715e-05
1.29215e+07 0.223893 0.863032 0 0.000103363
2.6358e+07 0.619979 0.640436 0.0333435 5.06715e-05
1.65998e+07 0.396086 0.710717 0 8.04587e-05
2.6358e+07 0.619979 0.640436 0.0333435 5.06715e-05
1.81583e+07 0.447787 0.863032 0.0473817 7.3553e-05
2.6358e+07 0.619979 0.640436 0.0333435 5.06715e-05
2.6358e+07 0.619979 0.640436 0.0333435 5.06715e-05
2.6358e+07 0.619979 0.640436 0.0333435 5.06715e-05
1.29215e+07 0.223893 0.863032 0 0.000103363
1.29215e+07 0.223893 0.863032 0 0.000103363
1.29215e+07 0.223893 0.863032 0 0.000103363
2.6358e+07 0.619979 0.640436 0.0333435 5.06715e-05
1.29233e+07 0.223893 0.905237 0 0.000103348
2.6358e+07 0.619979 0.640436 0.0333435 5.06715e-05
2.6358e+07 0.619979 0.640436 0.0333435 5.06715e-05
1.30409e+07 0.23089 0.908198 0.0473817 0.000102416
2.6358e+07 0.619979 0.640436 0.0333435 5.06715e-05
1.65998e+07 0.396086 0.710717 0 8.04587e-05
1.29233e+07 0.223893 0.905237 0 0.000103348
1.65998e+07 0.396086 0.710717 0 8.04587e-05
1.29215e+07 0.223893 0.863032 0 0.000103363
2.6358e+07 0.619979 0.640436 0.0333435 5.06715e-05
1.81583e+07 0.447787 0.863032 0.0473817 7.3553e-05
1.29215e+07 0.223893 0.863032 0 0.000103363
1.81583e+07 0.447787 0.863032 0.0473817 7.3553e-05
1.29233e+07 0.223893 0.905237 0 0.000103348
1.65998e+07 0.396086 0.710717 0 8.04587e-05
1.65998e+07 0.396086 0.710717 0 8.04587e-05
1.65998e+07 0.396086 0.710717 0 8.04587e-05
2.6358e+07 0.619979 0.640436 0.0333435 5.06715e-05
2.6358e+07 0.619979 0.615954 0 5.06715e-05
1.81583e+07 0.447787 0.863032 0.0473817 7.3553e-05
2.6358e+07 0.619979 0.640436 0.0333435 5.06715e-05
1.29233e+07 0.223893 0.905237 0 0.000103348
2.6358e+07 0.619979 0.640436 0.0333435 5.06715e-05
2.6358e+07 0.619979 0.640436 0.0333435 5.06715e-05
2.6358e+07 0.619979 0.640436 0.0333435 5.06715e-05
2.6358e+07 0.619979 0.640436 0.0333435 5.06715e-05
1.29215e+07 0.223893 0.863032 0 0.000103363
1.29215e+07 0.223893 0.863032 0 0.000103363
2.6358e+07 0.619979 0.640436 0.0333435 5.06715e-05
2.6358e+07 0.619979 0.640436 0.0333435 5.06715e-05
1.65998e+07 0.396086 0.710717 0 8.04587e-05
2.6358e+07 0.619979 0.640436 0.0333435 5.06715e-05
2.6358e+07 0.619979 0.640436 0.0333435 5.06715e-05
2.6358e+07 0.619979 0.640436 0.0333435 5.06715e-05
1.81583e+07 0.447787 0.863032 0.0473817 7.3553e-05
2.6358e+07 0.619979 0.640436 0.0333435 5.06715e-05
1.29215e+07 0.223893 0.863032 0 0.000103363
1.29215e+07 0.223893 0.863032 0 0.000103363
2.6358e+07 0.619979 0.640436 0.0333435 5.06715e-05
2.6358e+07 0.619979 0.640436 0.0333435 5.06715e-05
1.65998e+07 0.396086 0.710717 0 8.04587e-05
2.6358e+07 0.619979 0.640436 0.0333435 5.06715e-05
2.6358e+07 0.619979 0.615954 0 5.06715e-05
2.6358e+07 0.619979 0.640436 0.0333435 5.06715e-05
1.81583e+07 0.447787 0.863032 0.0473817 7.3553e-05
1.29215e+07 0.223893 0.863032 0 0.000103363
2.6358e+07 0.619979 0.615954 0 5.06715e-05
2.6358e+07 0.619979 0.640436 0.0333435 5.06715e-05
