1.94211e+07 0.456208 0.790262 0.029109 5.67976e-05
1.3199e+07 0.199489 0.869725 0 8.35725e-05
1.57343e+07 0.328666 0.776443 0 7.01062e-05
1.42138e+07 0.25672 0.862319 0 7.76055e-05
1.3199e+07 0.199489 0.869725 0 8.35725e-05
1.94211e+07 0.456208 0.790262 0.029109 5.67976e-05
1.3199e+07 0.199489 0.869725 0 8.35725e-05
1.94211e+07 0.456208 0.790262 0.029109 5.67976e-05
1.42138e+07 0.25672 0.862319 0 7.76055e-05
1.42138e+07 0.25672 0.862319 0 7.76055e-05
1.94211e+07 0.456208 0.790262 0.029109 5.67976e-05
1.94211e+07 0.456208 0.790262 0.029109 5.67976e-05
1.42138e+07 0.25672 0.862319 0 7.76055e-05
1.71971e+07 0.385897 0.769037 0 6.41429e-05
1.71971e+07 0.385897 0.769037 0 6.41429e-05
1.3199e+07 0.199489 0.869725 0 8.35725e-05
1.42138e+07 0.25672 0.862319 0 7.76055e-05
1.42138e+07 0.25672 0.862319 0 7.76055e-05
1.76714e+07 0.402248 0.81292 0 6.24211e-05
1.94211e+07 0.456208 0.790262 0.029109 5.67976e-05
1.94211e+07 0.456208 0.790262 0.029109 5.67976e-05
1.94211e+07 0.456208 0.790262 0.029109 5.67976e-05
1.42138e+07 0.25672 0.862319 0 7.76055e-05
1.95385e+07 0.459479 0.805514 0 5.64562e-05
1.42138e+07 0.25672 0.862319 0 7.76055e-05
1.94211e+07 0.456208 0.790262 0.029109 5.67976e-05
1.94211e+07 0.456208 0.790262 0.029109 5.67976e-05
1.42138e+07 0.25672 0.862319 0 7.76055e-05
1.94211e+07 0.456208 0.790262 0.029109 5.67976e-05
1.42138e+07 0.25672 0.862319 0 7.76055e-05
1.32547e+07 0.20276 0.943195 0 8.32212e-05
1.05685e+07 0 1 0 0.000104373
1.94211e+07 0.456208 0.790262 0.029109 5.67976e-05
1.94211e+07 0.456208 0.790262 0.029109 5.67976e-05
1.94211e+07 0.456208 0.790262 0.029109 5.67976e-05
1.95385e+07 0.459479 0.805514 0 5.64562e-05
1.42138e+07 0.25672 0.862319 0 7.76055e-05
1.42138e+07 0.25672 0.862319 0 7.76055e-05
1.3199e+07 0.199489 0.869725 0 8.35725e-05
1.94211e+07 0.456208 0.790262 0.029109 5.67976e-05
1.95385e+07 0.459479 0.805514 0 5.64562e-05
1.94211e+07 0.456208 0.790262 0.029109 5.67976e-05
1.3199e+07 0.199489 0.869725 0 8.35725e-05
1.94211e+07 0.456208 0.790262 0.029109 5.67976e-05
1.42138e+07 0.25672 0.862319 0 7.76055e-05
1.94211e+07 0.456208 0.790262 0.029109 5.67976e-05
1.94211e+07 0.456208 0.790262 0.029109 5.67976e-05
1.94211e+07 0.456208 0.790262 0.029109 5.67976e-05
1.42138e+07 0.25672 0.862319 0 7.76055e-05
1.95385e+07 0.459479 0.805514 0 5.64562e-05
1.71971e+07 0.385897 0.769037 0 6.41429e-05
1.94211e+07 0.456208 0.790262 0.029109 5.67976e-05
1.05685e+07 0 1 0 0.000104373
1.94211e+07 0.456208 0.790262 0.029109 5.67976e-05
1.94211e+07 0.456208 0.790262 0.029109 5.67976e-05
1.05685e+07 0 1 0 0.000104373
1.94211e+07 0.456208 0.790262 0.029109 5.67976e-05
1.3199e+07 0.199489 0.869725 0 8.35725e-05
1.05685e+07 0 1 0 0.000104373
1.3199e+07 0.199489 0.869725 0 8.35725e-05
1.95385e+07 0.459479 0.805514 0 5.64562e-05
1.94211e+07 0.456208 0.790262 0.029109 5.67976e-05
1.42138e+07 0.25672 0.862319 0 7.76055e-05
1.95385e+07 0.459479 0.805514 0 5.64562e-05
1.42138e+07 0.25672 0.862319 0 7.76055e-05
1.05685e+07 0 1 0 0.000104373
1.51102e+07 0.300868 0.802345 0.0295862 7.30015e-05
1.76714e+07 0.402248 0.81292 0 6.24211e-05
1.3199e+07 0.199489 0.869725 0 8.35725e-05
1.94211e+07 0.456208 0.790262 0.029109 5.67976e-05
1.3199e+07 0.199489 0.869725 0 8.35725e-05
1.42138e+07 0.25672 0.862319 0 7.76055e-05
1.94211e+07 0.456208 0.790262 0.029109 5.67976e-05
1.05685e+07 0 1 0 0.000104373
1.94211e+07 0.456208 0.790262 0.029109 5.67976e-05
1.94211e+07 0.456208 0.790262 0.029109 5.67976e-05
1.94211e+07 0.456208 0.790262 0.029109 5.67976e-05
1.94211e+07 0.456208 0.790262 0.029109 5.67976e-05
1.42138e+07 0.25672 0.862319 0 7.76055e-05
1.71971e+07 0.385897 0.769037 0 6.41429e-05
1.94211e+07 0.456208 0.790262 0.029109 5.67976e-05
1.94211e+07 0.456208 0.790262 0.029109 5.67976e-05
1.3199e+07 0.199489 0.869725 0 8.35725e-05
1.94211e+07 0.456208 0.790262 0.029109 5.67976e-05
1.94211e+07 0.456208 0.790262 0.029109 5.67976e-05
1.94211e+07 0.456208 0.790262 0.029109 5.67976e-05
1.42138e+07 0.25672 0.862319 0 7.76055e-05
1.94211e+07 0.456208 0.790262 0.029109 5.67976e-05
1.42138e+07 0.25672 0.862319 0 7.76055e-05
1.71971e+07 0.385897 0.769037 0 6.41429e-05
1.94211e+07 0.456208 0.790262 0.029109 5.67976e-05
1.94211e+07 0.456208 0.790262 0.029109 5.67976e-05
1.3199e+07 0.199489 0.869725 0 8.35725e-05
1.94211e+07 0.456208 0.790262 0.029109 5.67976e-05
1.3199e+07 0.199489 0.869725 0 8.35725e-05
1.94211e+07 0.456208 0.790262 0.029109 5.67976e-05
1.42138e+07 0.25672 0.862319 0 7.76055e-05
1.71971e+07 0.385897 0.769037 0 6.41429e-05
1.3199e+07 0.199489 0.869725 0 8.35725e-05
1.94211e+07 0.456208 0.790262 0.029109 5.67976e-05
