1.40735e+07 0.271209 0.877688 0 8.51332e-05
1.02604e+07 0 1 0 0.000116771
1.18203e+07 0.132118 0.921372 0 0.000101361
1.40735e+07 0.271209 0.877688 0 8.51332e-05
1.02604e+07 0 1 0 0.000116771
1.40735e+07 0.271209 0.877688 0 8.51332e-05
1.02604e+07 0 1 0 0.000116771
1.40735e+07 0.271209 0.877688 0 8.51332e-05
1.40735e+07 0.271209 0.877688 0 8.51332e-05
1.40735e+07 0.271209 0.877688 0 8.51332e-05
1.40735e+07 0.271209 0.877688 0 8.51332e-05
1.40735e+07 0.271209 0.877688 0 8.51332e-05
1.40735e+07 0.271209 0.877688 0 8.51332e-05
1.71824e+07 0.403327 0.79906 0 6.97294e-05
1.71824e+07 0.403327 0.79906 0 6.97294e-05
1.02604e+07 0 1 0 0.000116771
1.40735e+07 0.271209 0.877688 0 8.51332e-05
1.40735e+07 0.271209 0.877688 0 8.51332e-05
1.36393e+07 0.247852 0.9422 0 8.78434e-05
1.40735e+07 0.271209 0.877688 0 8.51332e-05
1.40735e+07 0.271209 0.877688 0 8.51332e-05
1.40735e+07 0.271209 0.877688 0 8.51332e-05
1.40735e+07 0.271209 0.877688 0 8.51332e-05
2.13162e+07 0.519061 0.819888 0 5.62071e-05
1.40735e+07 0.271209 0.877688 0 8.51332e-05
1.40735e+07 0.271209 0.877688 0 8.51332e-05
1.40735e+07 0.271209 0.877688 0 8.51332e-05
1.40735e+07 0.271209 0.877688 0 8.51332e-05
1.40735e+07 0.271209 0.877688 0 8.51332e-05
1.40735e+07 0.271209 0.877688 0 8.51332e-05
1.36393e+07 0.247852 0.9422 0 8.78434e-05
1.02604e+07 0 1 0 0.000116771
1.40735e+07 0.271209 0.877688 0 8.51332e-05
1.40735e+07 0.271209 0.877688 0 8.51332e-05
1.40735e+07 0.271209 0.877688 0 8.51332e-05
2.13162e+07 0.519061 0.819888 0 5.62071e-05
1.40735e+07 0.271209 0.877688 0 8.51332e-05
1.40735e+07 0.271209 0.877688 0 8.51332e-05
1.02604e+07 0 1 0 0.000116771
1.40735e+07 0.271209 0.877688 0 8.51332e-05
2.13162e+07 0.519061 0.819888 0 5.62071e-05
1.40735e+07 0.271209 0.877688 0 8.51332e-05
1.02604e+07 0 1 0 0.000116771
1.40735e+07 0.271209 0.877688 0 8.51332e-05
1.40735e+07 0.271209 0.877688 0 8.51332e-05
1.40735e+07 0.271209 0.877688 0 8.51332e-05
1.40735e+07 0.271209 0.877688 0 8.51332e-05
1.40735e+07 0.271209 0.877688 0 8.51332e-05
1.40735e+07 0.271209 0.877688 0 8.51332e-05
2.13162e+07 0.519061 0.819888 0 5.62071e-05
1.71824e+07 0.403327 0.79906 0 6.97294e-05
1.40735e+07 0.271209 0.877688 0 8.51332e-05
1.02604e+07 0 1 0 0.000116771
1.40735e+07 0.271209 0.877688 0 8.51332e-05
1.40735e+07 0.271209 0.877688 0 8.51332e-05
1.02604e+07 0 1 0 0.000116771
1.40735e+07 0.271209 0.877688 0 8.51332e-05
1.02604e+07 0 1 0 0.000116771
1.02604e+07 0 1 0 0.000116771
1.02604e+07 0 1 0 0.000116771
2.13162e+07 0.519061 0.819888 0 5.62071e-05
1.40735e+07 0.271209 0.877688 0 8.51332e-05
1.40735e+07 0.271209 0.877688 0 8.51332e-05
2.13162e+07 0.519061 0.819888 0 5.62071e-05
1.40735e+07 0.271209 0.877688 0 8.51332e-05
1.02604e+07 0 1 0 0.000116771
1.02604e+07 0 1 0 0.000116771
1.36393e+07 0.247852 0.9422 0 8.78434e-05
1.02604e+07 0 1 0 0.000116771
1.40735e+07 0.271209 0.877688 0 8.51332e-05
1.02604e+07 0 1 0 0.000116771
1.40735e+07 0.271209 0.877688 0 8.51332e-05
1.40735e+07 0.271209 0.877688 0 8.51332e-05
1.18025e+07 0.1309 0.890182 0 0.000101514
1.40735e+07 0.271209 0.877688 0 8.51332e-05
1.40735e+07 0.271209 0.877688 0 8.51332e-05
1.40735e+07 0.271209 0.877688 0 8.51332e-05
1.40735e+07 0.271209 0.877688 0 8.51332e-05
1.71494e+07 0.402109 0.831466 0.0317983 6.98639e-05
1.71824e+07 0.403327 0.79906 0 6.97294e-05
1.40735e+07 0.271209 0.877688 0 8.51332e-05
1.40735e+07 0.271209 0.877688 0 8.51332e-05
1.02604e+07 0 1 0 0.000116771
1.40735e+07 0.271209 0.877688 0 8.51332e-05
1.40735e+07 0.271209 0.877688 0 8.51332e-05
1.40735e+07 0.271209 0.877688 0 8.51332e-05
1.40735e+07 0.271209 0.877688 0 8.51332e-05
1.40735e+07 0.271209 0.877688 0 8.51332e-05
1.40735e+07 0.271209 0.877688 0 8.51332e-05
1.71824e+07 0.403327 0.79906 0 6.97294e-05
1.40735e+07 0.271209 0.877688 0 8.51332e-05
1.40735e+07 0.271209 0.877688 0 8.51332e-05
1.02604e+07 0 1 0 0.000116771
1.40735e+07 0.271209 0.877688 0 8.51332e-05
1.02604e+07 0 1 0 0.000116771
1.40735e+07 0.271209 0.877688 0 8.51332e-05
1.40735e+07 0.271209 0.877688 0 8.51332e-05
1.71824e+07 0.403327 0.79906 0 6.97294e-05
1.02604e+07 0 1 0 0.000116771
1.40735e+07 0.271209 0.877688 0 8.51332e-05
