2.61154e+07 0.508805 0.6419 0.0520813 4.96677e-05
1.66925e+07 0.231091 0.768467 0 7.77051e-05
2.07473e+07 0.381604 0.60209 0 6.25184e-05
2.88606e+07 0.555429 0.769271 0.0801138 4.49433e-05
1.66925e+07 0.231091 0.768467 0 7.77051e-05
2.61154e+07 0.508805 0.6419 0.0520813 4.96677e-05
2.61154e+07 0.508805 0.608239 0 4.96677e-05
2.61154e+07 0.508805 0.6419 0.0520813 4.96677e-05
2.88606e+07 0.555429 0.769271 0.0801138 4.49433e-05
2.88606e+07 0.555429 0.769271 0.0801138 4.49433e-05
2.61154e+07 0.508805 0.6419 0.0520813 4.96677e-05
2.61154e+07 0.508805 0.6419 0.0520813 4.96677e-05
2.88606e+07 0.555429 0.769271 0.0801138 4.49433e-05
2.24404e+07 0.428228 0.683008 0.0400569 5.78015e-05
2.24404e+07 0.428228 0.683008 0.0400569 5.78015e-05
1.66925e+07 0.231091 0.768467 0 7.77051e-05
2.88606e+07 0.555429 0.769271 0.0801138 4.49433e-05
2.88606e+07 0.555429 0.769271 0.0801138 4.49433e-05
1.66925e+07 0.231091 0.768467 0 7.77051e-05
2.61154e+07 0.508805 0.6419 0.0520813 4.96677e-05
2.61154e+07 0.508805 0.6419 0.0520813 4.96677e-05
2.61154e+07 0.508805 0.6419 0.0520813 4.96677e-05
2.88606e+07 0.555429 0.769271 0.0801138 4.49433e-05
1.77681e+07 0.277714 0.769271 0 7.30009e-05
2.88606e+07 0.555429 0.769271 0.0801138 4.49433e-05
2.61154e+07 0.508805 0.6419 0.0520813 4.96677e-05
2.61154e+07 0.508805 0.6419 0.0520813 4.96677e-05
2.88606e+07 0.555429 0.769271 0.0801138 4.49433e-05
2.61154e+07 0.508805 0.6419 0.0520813 4.96677e-05
2.88606e+07 0.555429 0.769271 0.0801138 4.49433e-05
1.28386e+07 0 1 0 0.00010103
1.77716e+07 0.277714 0.839772 0 7.29868e-05
2.61154e+07 0.508805 0.6419 0.0520813 4.96677e-05
2.61154e+07 0.508805 0.6419 0.0520813 4.96677e-05
2.61154e+07 0.508805 0.6419 0.0520813 4.96677e-05
1.77681e+07 0.277714 0.769271 0 7.30009e-05
2.88606e+07 0.555429 0.769271 0.0801138 4.49433e-05
2.88606e+07 0.555429 0.769271 0.0801138 4.49433e-05
1.66925e+07 0.231091 0.768467 0 7.77051e-05
2.61154e+07 0.508805 0.6419 0.0520813 4.96677e-05
1.77681e+07 0.277714 0.769271 0 7.30009e-05
2.61154e+07 0.508805 0.6419 0.0520813 4.96677e-05
1.66925e+07 0.231091 0.768467 0 7.77051e-05
2.61154e+07 0.508805 0.6419 0.0520813 4.96677e-05
2.88606e+07 0.555429 0.769271 0.0801138 4.49433e-05
2.61154e+07 0.508805 0.6419 0.0520813 4.96677e-05
2.61154e+07 0.508805 0.6419 0.0520813 4.96677e-05
2.61154e+07 0.508805 0.6419 0.0520813 4.96677e-05
1.77681e+07 0.277714 0.769271 0 7.30009e-05
1.77681e+07 0.277714 0.769271 0 7.30009e-05
2.24404e+07 0.428228 0.683008 0.0400569 5.78015e-05
2.61154e+07 0.508805 0.6419 0.0520813 4.96677e-05
1.77716e+07 0.277714 0.839772 0 7.29868e-05
2.61154e+07 0.508805 0.6419 0.0520813 4.96677e-05
2.61154e+07 0.508805 0.6419 0.0520813 4.96677e-05
1.77716e+07 0.277714 0.839772 0 7.29868e-05
2.61154e+07 0.508805 0.6419 0.0520813 4.96677e-05
1.66925e+07 0.231091 0.768467 0 7.77051e-05
1.77716e+07 0.277714 0.839772 0 7.29868e-05
1.66925e+07 0.231091 0.768467 0 7.77051e-05
1.77681e+07 0.277714 0.769271 0 7.30009e-05
2.61154e+07 0.508805 0.6419 0.0520813 4.96677e-05
2.88606e+07 0.555429 0.769271 0.0801138 4.49433e-05
1.77681e+07 0.277714 0.769271 0 7.30009e-05
2.88606e+07 0.555429 0.769271 0.0801138 4.49433e-05
1.77716e+07 0.277714 0.839772 0 7.29868e-05
1.66925e+07 0.231091 0.768467 0 7.77051e-05
1.66925e+07 0.231091 0.768467 0 7.77051e-05
1.66925e+07 0.231091 0.768467 0 7.77051e-05
2.61154e+07 0.508805 0.6419 0.0520813 4.96677e-05
2.61154e+07 0.508805 0.608239 0 4.96677e-05
2.88606e+07 0.555429 0.769271 0.0801138 4.49433e-05
2.61154e+07 0.508805 0.6419 0.0520813 4.96677e-05
1.77716e+07 0.277714 0.839772 0 7.29868e-05
2.61154e+07 0.508805 0.6419 0.0520813 4.96677e-05
2.61154e+07 0.508805 0.6419 0.0520813 4.96677e-05
2.61154e+07 0.508805 0.6419 0.0520813 4.96677e-05
2.61154e+07 0.508805 0.6419 0.0520813 4.96677e-05
1.77681e+07 0.277714 0.769271 0 7.30009e-05
2.24404e+07 0.428228 0.683008 0.0400569 5.78015e-05
2.61154e+07 0.508805 0.6419 0.0520813 4.96677e-05
2.61154e+07 0.508805 0.6419 0.0520813 4.96677e-05
1.66925e+07 0.231091 0.768467 0 7.77051e-05
2.61154e+07 0.508805 0.6419 0.0520813 4.96677e-05
2.61154e+07 0.508805 0.6419 0.0520813 4.96677e-05
2.61154e+07 0.508805 0.6419 0.0520813 4.96677e-05
2.88606e+07 0.555429 0.769271 0.0801138 4.49433e-05
2.61154e+07 0.508805 0.6419 0.0520813 4.96677e-05
1.77681e+07 0.277714 0.769271 0 7.30009e-05
2.24404e+07 0.428228 0.683008 0.0400569 5.78015e-05
2.61154e+07 0.508805 0.6419 0.0520813 4.96677e-05
2.61154e+07 0.508805 0.6419 0.0520813 4.96677e-05
1.66925e+07 0.231091 0.768467 0 7.77051e-05
2.61154e+07 0.508805 0.6419 0.0520813 4.96677e-05
2.61154e+07 0.508805 0.608239 0 4.96677e-05
2.61154e+07 0.508805 0.6419 0.0520813 4.96677e-05
2.88606e+07 0.555429 0.769271 0.0801138 4.49433e-05
2.24404e+07 0.428228 0.683008 0.0400569 5.78015e-05
2.61154e+07 0.508805 0.608239 0 4.96677e-05
2.61154e+07 0.508805 0.6419 0.0520813 4.96677e-05
