3.22978e+07 0.442219 0.854901 0 3.09137e-05
3.22978e+07 0.442219 0.854901 0 3.09137e-05
3.22978e+07 0.442219 0.854901 0 3.09137e-05
1.80285e+07 0 1 0 5.53814e-05
3.22978e+07 0.442219 0.854901 0 3.09137e-05
3.22978e+07 0.442219 0.854901 0 3.09137e-05
3.22978e+07 0.442219 0.854901 0 3.09137e-05
3.22978e+07 0.442219 0.854901 0 3.09137e-05
1.80285e+07 0 1 0 5.53814e-05
1.80285e+07 0 1 0 5.53814e-05
3.22978e+07 0.442219 0.854901 0 3.09137e-05
3.22978e+07 0.442219 0.854901 0 3.09137e-05
1.80285e+07 0 1 0 5.53814e-05
1.80285e+07 0 1 0 5.53814e-05
1.80285e+07 0 1 0 5.53814e-05
3.22978e+07 0.442219 0.854901 0 3.09137e-05
1.80285e+07 0 1 0 5.53814e-05
1.80285e+07 0 1 0 5.53814e-05
3.22978e+07 0.442219 0.854901 0 3.09137e-05
3.22978e+07 0.442219 0.854901 0 3.09137e-05
3.22978e+07 0.442219 0.854901 0 3.09137e-05
3.22978e+07 0.442219 0.854901 0 3.09137e-05
1.80285e+07 0 1 0 5.53814e-05
1.80285e+07 0 1 0 5.53814e-05
1.80285e+07 0 1 0 5.53814e-05
3.22978e+07 0.442219 0.854901 0 3.09137e-05
3.22978e+07 0.442219 0.854901 0 3.09137e-05
1.80285e+07 0 1 0 5.53814e-05
3.22978e+07 0.442219 0.854901 0 3.09137e-05
1.80285e+07 0 1 0 5.53814e-05
1.80285e+07 0 1 0 5.53814e-05
1.80285e+07 0 1 0 5.53814e-05
3.22978e+07 0.442219 0.854901 0 3.09137e-05
3.22978e+07 0.442219 0.854901 0 3.09137e-05
3.22978e+07 0.442219 0.854901 0 3.09137e-05
1.80285e+07 0 1 0 5.53814e-05
1.80285e+07 0 1 0 5.53814e-05
1.80285e+07 0 1 0 5.53814e-05
3.22978e+07 0.442219 0.854901 0 3.09137e-05
3.22978e+07 0.442219 0.854901 0 3.09137e-05
1.80285e+07 0 1 0 5.53814e-05
3.22978e+07 0.442219 0.854901 0 3.09137e-05
3.22978e+07 0.442219 0.854901 0 3.09137e-05
3.22978e+07 0.442219 0.854901 0 3.09137e-05
1.80285e+07 0 1 0 5.53814e-05
3.22978e+07 0.442219 0.854901 0 3.09137e-05
3.22978e+07 0.442219 0.854901 0 3.09137e-05
3.22978e+07 0.442219 0.854901 0 3.09137e-05
1.80285e+07 0 1 0 5.53814e-05
1.80285e+07 0 1 0 5.53814e-05
1.80285e+07 0 1 0 5.53814e-05
3.22978e+07 0.442219 0.854901 0 3.09137e-05
1.80285e+07 0 1 0 5.53814e-05
3.22978e+07 0.442219 0.854901 0 3.09137e-05
3.22978e+07 0.442219 0.854901 0 3.09137e-05
1.80285e+07 0 1 0 5.53814e-05
3.22978e+07 0.442219 0.854901 0 3.09137e-05
3.22978e+07 0.442219 0.854901 0 3.09137e-05
1.80285e+07 0 1 0 5.53814e-05
3.22978e+07 0.442219 0.854901 0 3.09137e-05
1.80285e+07 0 1 0 5.53814e-05
3.22978e+07 0.442219 0.854901 0 3.09137e-05
1.80285e+07 0 1 0 5.53814e-05
1.80285e+07 0 1 0 5.53814e-05
1.80285e+07 0 1 0 5.53814e-05
1.80285e+07 0 1 0 5.53814e-05
5.67985e+07 0.699538 0.767362 0.0380819 1.75787e-05
3.22978e+07 0.442219 0.854901 0 3.09137e-05
3.22978e+07 0.442219 0.854901 0 3.09137e-05
3.22978e+07 0.442219 0.854901 0 3.09137e-05
3.22978e+07 0.442219 0.854901 0 3.09137e-05
1.80285e+07 0 1 0 5.53814e-05
3.22978e+07 0.442219 0.854901 0 3.09137e-05
1.80285e+07 0 1 0 5.53814e-05
3.22978e+07 0.442219 0.854901 0 3.09137e-05
3.22978e+07 0.442219 0.854901 0 3.09137e-05
3.22978e+07 0.442219 0.854901 0 3.09137e-05
3.22978e+07 0.442219 0.854901 0 3.09137e-05
1.80285e+07 0 1 0 5.53814e-05
1.80285e+07 0 1 0 5.53814e-05
3.22978e+07 0.442219 0.854901 0 3.09137e-05
3.22978e+07 0.442219 0.854901 0 3.09137e-05
3.22978e+07 0.442219 0.854901 0 3.09137e-05
3.22978e+07 0.442219 0.854901 0 3.09137e-05
3.22978e+07 0.442219 0.854901 0 3.09137e-05
3.22978e+07 0.442219 0.854901 0 3.09137e-05
1.80285e+07 0 1 0 5.53814e-05
3.22978e+07 0.442219 0.854901 0 3.09137e-05
1.80285e+07 0 1 0 5.53814e-05
1.80285e+07 0 1 0 5.53814e-05
3.22978e+07 0.442219 0.854901 0 3.09137e-05
3.22978e+07 0.442219 0.854901 0 3.09137e-05
3.22978e+07 0.442219 0.854901 0 3.09137e-05
3.22978e+07 0.442219 0.854901 0 3.09137e-05
3.22978e+07 0.442219 0.854901 0 3.09137e-05
3.22978e+07 0.442219 0.854901 0 3.09137e-05
1.80285e+07 0 1 0 5.53814e-05
1.80285e+07 0 1 0 5.53814e-05
3.22978e+07 0.442219 0.854901 0 3.09137e-05
3.22978e+07 0.442219 0.854901 0 3.09137e-05
