5.02562e+07 0.767186 0.566832 0.037026 2.33917e-05
2.28592e+07 0.487094 0.656811 0 5.14269e-05
2.28592e+07 0.487094 0.656811 0 5.14269e-05
1.62951e+07 0.280092 0.835968 0 7.21433e-05
2.28592e+07 0.487094 0.656811 0 5.14269e-05
5.02562e+07 0.767186 0.566832 0.037026 2.33917e-05
2.28592e+07 0.487094 0.656811 0 5.14269e-05
5.02562e+07 0.767186 0.566832 0.037026 2.33917e-05
1.62951e+07 0.280092 0.835968 0 7.21433e-05
1.62951e+07 0.280092 0.835968 0 7.21433e-05
5.02562e+07 0.767186 0.566832 0.037026 2.33917e-05
5.02562e+07 0.767186 0.566832 0.037026 2.33917e-05
1.62951e+07 0.280092 0.835968 0 7.21433e-05
1.62951e+07 0.280092 0.835968 0 7.21433e-05
1.62951e+07 0.280092 0.835968 0 7.21433e-05
2.28592e+07 0.487094 0.656811 0 5.14269e-05
1.62951e+07 0.280092 0.835968 0 7.21433e-05
1.62951e+07 0.280092 0.835968 0 7.21433e-05
2.28592e+07 0.487094 0.656811 0 5.14269e-05
5.02562e+07 0.767186 0.566832 0.037026 2.33917e-05
5.02562e+07 0.767186 0.566832 0.037026 2.33917e-05
5.02562e+07 0.767186 0.566832 0.037026 2.33917e-05
1.62951e+07 0.280092 0.835968 0 7.21433e-05
1.62951e+07 0.280092 0.835968 0 7.21433e-05
1.62951e+07 0.280092 0.835968 0 7.21433e-05
5.02562e+07 0.767186 0.566832 0.037026 2.33917e-05
5.02562e+07 0.767186 0.566832 0.037026 2.33917e-05
1.62951e+07 0.280092 0.835968 0 7.21433e-05
5.02562e+07 0.767186 0.566832 0.037026 2.33917e-05
1.62951e+07 0.280092 0.835968 0 7.21433e-05
1.17355e+07 0 1 0 0.000100173
1.18375e+07 0.00875288 0.88965 0 9.931e-05
5.02562e+07 0.767186 0.566832 0.037026 2.33917e-05
5.02562e+07 0.767186 0.566832 0.037026 2.33917e-05
5.02562e+07 0.767186 0.566832 0.037026 2.33917e-05
1.62951e+07 0.280092 0.835968 0 7.21433e-05
1.62951e+07 0.280092 0.835968 0 7.21433e-05
1.62951e+07 0.280092 0.835968 0 7.21433e-05
2.28592e+07 0.487094 0.656811 0 5.14269e-05
5.02562e+07 0.767186 0.566832 0.037026 2.33917e-05
1.62951e+07 0.280092 0.835968 0 7.21433e-05
5.02562e+07 0.767186 0.566832 0.037026 2.33917e-05
2.28592e+07 0.487094 0.656811 0 5.14269e-05
5.02562e+07 0.767186 0.566832 0.037026 2.33917e-05
1.62951e+07 0.280092 0.835968 0 7.21433e-05
5.02562e+07 0.767186 0.566832 0.037026 2.33917e-05
5.02562e+07 0.767186 0.566832 0.037026 2.33917e-05
5.02562e+07 0.767186 0.566832 0.037026 2.33917e-05
1.62951e+07 0.280092 0.835968 0 7.21433e-05
1.62951e+07 0.280092 0.835968 0 7.21433e-05
1.62951e+07 0.280092 0.835968 0 7.21433e-05
5.02562e+07 0.767186 0.566832 0.037026 2.33917e-05
1.17355e+07 0 1 0 0.000100173
5.02562e+07 0.767186 0.566832 0.037026 2.33917e-05
5.02562e+07 0.767186 0.566832 0.037026 2.33917e-05
1.18375e+07 0.00875288 0.88965 0 9.931e-05
5.02562e+07 0.767186 0.566832 0.037026 2.33917e-05
2.28592e+07 0.487094 0.656811 0 5.14269e-05
1.17355e+07 0 1 0 0.000100173
2.32293e+07 0.495272 0.665126 0.0415731 5.06077e-05
1.62951e+07 0.280092 0.835968 0 7.21433e-05
5.02562e+07 0.767186 0.566832 0.037026 2.33917e-05
1.62951e+07 0.280092 0.835968 0 7.21433e-05
1.62951e+07 0.280092 0.835968 0 7.21433e-05
1.62951e+07 0.280092 0.835968 0 7.21433e-05
1.17355e+07 0 1 0 0.000100173
2.28592e+07 0.487094 0.656811 0 5.14269e-05
2.28592e+07 0.487094 0.656811 0 5.14269e-05
2.28592e+07 0.487094 0.656811 0 5.14269e-05
5.02562e+07 0.767186 0.566832 0.037026 2.33917e-05
2.28592e+07 0.487094 0.656811 0 5.14269e-05
1.62951e+07 0.280092 0.835968 0 7.21433e-05
5.02562e+07 0.767186 0.566832 0.037026 2.33917e-05
1.17355e+07 0 1 0 0.000100173
5.02562e+07 0.767186 0.566832 0.037026 2.33917e-05
5.02562e+07 0.767186 0.566832 0.037026 2.33917e-05
5.02562e+07 0.767186 0.566832 0.037026 2.33917e-05
5.02562e+07 0.767186 0.566832 0.037026 2.33917e-05
1.62951e+07 0.280092 0.835968 0 7.21433e-05
1.62951e+07 0.280092 0.835968 0 7.21433e-05
5.02562e+07 0.767186 0.566832 0.037026 2.33917e-05
5.02562e+07 0.767186 0.566832 0.037026 2.33917e-05
2.28592e+07 0.487094 0.656811 0 5.14269e-05
5.02562e+07 0.767186 0.566832 0.037026 2.33917e-05
5.02562e+07 0.767186 0.566832 0.037026 2.33917e-05
5.02562e+07 0.767186 0.566832 0.037026 2.33917e-05
1.62951e+07 0.280092 0.835968 0 7.21433e-05
5.02562e+07 0.767186 0.566832 0.037026 2.33917e-05
1.62951e+07 0.280092 0.835968 0 7.21433e-05
1.62951e+07 0.280092 0.835968 0 7.21433e-05
5.02562e+07 0.767186 0.566832 0.037026 2.33917e-05
5.02562e+07 0.767186 0.566832 0.037026 2.33917e-05
2.28592e+07 0.487094 0.656811 0 5.14269e-05
5.02562e+07 0.767186 0.566832 0.037026 2.33917e-05
2.28592e+07 0.487094 0.656811 0 5.14269e-05
5.02562e+07 0.767186 0.566832 0.037026 2.33917e-05
1.62951e+07 0.280092 0.835968 0 7.21433e-05
1.62951e+07 0.280092 0.835968 0 7.21433e-05
2.28592e+07 0.487094 0.656811 0 5.14269e-05
5.02562e+07 0.767186 0.566832 0.037026 2.33917e-05
