3.58852e+07 0.489237 0.842548 0 3.30609e-05
1.83464e+07 0 1 0 6.46666e-05
1.83464e+07 0 1 0 6.46666e-05
3.58852e+07 0.489237 0.842548 0 3.30609e-05
1.83464e+07 0 1 0 6.46666e-05
3.58852e+07 0.489237 0.842548 0 3.30609e-05
1.83464e+07 0 1 0 6.46666e-05
3.58852e+07 0.489237 0.842548 0 3.30609e-05
3.58852e+07 0.489237 0.842548 0 3.30609e-05
3.58852e+07 0.489237 0.842548 0 3.30609e-05
3.58852e+07 0.489237 0.842548 0 3.30609e-05
3.58852e+07 0.489237 0.842548 0 3.30609e-05
3.58852e+07 0.489237 0.842548 0 3.30609e-05
3.58852e+07 0.489237 0.842548 0 3.30609e-05
3.58852e+07 0.489237 0.842548 0 3.30609e-05
1.83464e+07 0 1 0 6.46666e-05
3.58852e+07 0.489237 0.842548 0 3.30609e-05
3.58852e+07 0.489237 0.842548 0 3.30609e-05
1.83464e+07 0 1 0 6.46666e-05
3.58852e+07 0.489237 0.842548 0 3.30609e-05
3.58852e+07 0.489237 0.842548 0 3.30609e-05
3.58852e+07 0.489237 0.842548 0 3.30609e-05
3.58852e+07 0.489237 0.842548 0 3.30609e-05
3.58852e+07 0.489237 0.842548 0 3.30609e-05
3.58852e+07 0.489237 0.842548 0 3.30609e-05
3.58852e+07 0.489237 0.842548 0 3.30609e-05
3.58852e+07 0.489237 0.842548 0 3.30609e-05
3.58852e+07 0.489237 0.842548 0 3.30609e-05
3.58852e+07 0.489237 0.842548 0 3.30609e-05
3.58852e+07 0.489237 0.842548 0 3.30609e-05
1.83464e+07 0 1 0 6.46666e-05
1.83464e+07 0 1 0 6.46666e-05
3.58852e+07 0.489237 0.842548 0 3.30609e-05
3.58852e+07 0.489237 0.842548 0 3.30609e-05
3.58852e+07 0.489237 0.842548 0 3.30609e-05
3.58852e+07 0.489237 0.842548 0 3.30609e-05
3.58852e+07 0.489237 0.842548 0 3.30609e-05
3.58852e+07 0.489237 0.842548 0 3.30609e-05
1.83464e+07 0 1 0 6.46666e-05
3.58852e+07 0.489237 0.842548 0 3.30609e-05
3.58852e+07 0.489237 0.842548 0 3.30609e-05
3.58852e+07 0.489237 0.842548 0 3.30609e-05
1.83464e+07 0 1 0 6.46666e-05
3.58852e+07 0.489237 0.842548 0 3.30609e-05
3.58852e+07 0.489237 0.842548 0 3.30609e-05
3.58852e+07 0.489237 0.842548 0 3.30609e-05
3.58852e+07 0.489237 0.842548 0 3.30609e-05
3.58852e+07 0.489237 0.842548 0 3.30609e-05
3.58852e+07 0.489237 0.842548 0 3.30609e-05
3.58852e+07 0.489237 0.842548 0 3.30609e-05
3.58852e+07 0.489237 0.842548 0 3.30609e-05
3.58852e+07 0.489237 0.842548 0 3.30609e-05
1.83464e+07 0 1 0 6.46666e-05
3.58852e+07 0.489237 0.842548 0 3.30609e-05
3.58852e+07 0.489237 0.842548 0 3.30609e-05
1.83464e+07 0 1 0 6.46666e-05
3.58852e+07 0.489237 0.842548 0 3.30609e-05
1.83464e+07 0 1 0 6.46666e-05
1.83464e+07 0 1 0 6.46666e-05
1.83464e+07 0 1 0 6.46666e-05
3.58852e+07 0.489237 0.842548 0 3.30609e-05
3.58852e+07 0.489237 0.842548 0 3.30609e-05
3.58852e+07 0.489237 0.842548 0 3.30609e-05
3.58852e+07 0.489237 0.842548 0 3.30609e-05
3.58852e+07 0.489237 0.842548 0 3.30609e-05
1.83464e+07 0 1 0 6.46666e-05
1.83464e+07 0 1 0 6.46666e-05
1.83464e+07 0 1 0 6.46666e-05
1.83464e+07 0 1 0 6.46666e-05
3.58852e+07 0.489237 0.842548 0 3.30609e-05
1.83464e+07 0 1 0 6.46666e-05
3.58852e+07 0.489237 0.842548 0 3.30609e-05
3.58852e+07 0.489237 0.842548 0 3.30609e-05
2.39959e+07 0.235876 0.858772 0 4.94418e-05
3.58852e+07 0.489237 0.842548 0 3.30609e-05
3.58852e+07 0.489237 0.842548 0 3.30609e-05
3.58852e+07 0.489237 0.842548 0 3.30609e-05
3.58852e+07 0.489237 0.842548 0 3.30609e-05
6.24421e+07 0.725113 0.783104 0.0408917 1.9e-05
3.58852e+07 0.489237 0.842548 0 3.30609e-05
3.58852e+07 0.489237 0.842548 0 3.30609e-05
3.58852e+07 0.489237 0.842548 0 3.30609e-05
1.83464e+07 0 1 0 6.46666e-05
3.58852e+07 0.489237 0.842548 0 3.30609e-05
3.58852e+07 0.489237 0.842548 0 3.30609e-05
3.58852e+07 0.489237 0.842548 0 3.30609e-05
3.58852e+07 0.489237 0.842548 0 3.30609e-05
3.58852e+07 0.489237 0.842548 0 3.30609e-05
3.58852e+07 0.489237 0.842548 0 3.30609e-05
3.58852e+07 0.489237 0.842548 0 3.30609e-05
3.58852e+07 0.489237 0.842548 0 3.30609e-05
3.58852e+07 0.489237 0.842548 0 3.30609e-05
1.83464e+07 0 1 0 6.46666e-05
3.58852e+07 0.489237 0.842548 0 3.30609e-05
1.83464e+07 0 1 0 6.46666e-05
3.58852e+07 0.489237 0.842548 0 3.30609e-05
3.58852e+07 0.489237 0.842548 0 3.30609e-05
3.58852e+07 0.489237 0.842548 0 3.30609e-05
1.83464e+07 0 1 0 6.46666e-05
3.58852e+07 0.489237 0.842548 0 3.30609e-05
