2.47982e+07 0.355209 0.793816 0 5.65699e-05
1.59984e+07 0 1 0 8.76854e-05
1.59984e+07 0 1 0 8.76854e-05
5.51792e+07 0.710419 0.793816 0.071144 2.54232e-05
1.59984e+07 0 1 0 8.76854e-05
2.47982e+07 0.355209 0.793816 0 5.65699e-05
2.4805e+07 0.355209 0.857712 0 5.65543e-05
2.47982e+07 0.355209 0.793816 0 5.65699e-05
5.51792e+07 0.710419 0.793816 0.071144 2.54232e-05
5.51792e+07 0.710419 0.793816 0.071144 2.54232e-05
2.47982e+07 0.355209 0.793816 0 5.65699e-05
2.47982e+07 0.355209 0.793816 0 5.65699e-05
5.51792e+07 0.710419 0.793816 0.071144 2.54232e-05
2.47982e+07 0.355209 0.793816 0 5.65699e-05
2.47982e+07 0.355209 0.793816 0 5.65699e-05
1.59984e+07 0 1 0 8.76854e-05
5.51792e+07 0.710419 0.793816 0.071144 2.54232e-05
5.51792e+07 0.710419 0.793816 0.071144 2.54232e-05
1.59984e+07 0 1 0 8.76854e-05
2.47982e+07 0.355209 0.793816 0 5.65699e-05
2.47982e+07 0.355209 0.793816 0 5.65699e-05
2.47982e+07 0.355209 0.793816 0 5.65699e-05
5.51792e+07 0.710419 0.793816 0.071144 2.54232e-05
2.47982e+07 0.355209 0.793816 0 5.65699e-05
5.51792e+07 0.710419 0.793816 0.071144 2.54232e-05
2.47982e+07 0.355209 0.793816 0 5.65699e-05
2.47982e+07 0.355209 0.793816 0 5.65699e-05
5.51792e+07 0.710419 0.793816 0.071144 2.54232e-05
2.47982e+07 0.355209 0.793816 0 5.65699e-05
5.51792e+07 0.710419 0.793816 0.071144 2.54232e-05
1.59984e+07 0 1 0 8.76854e-05
2.4805e+07 0.355209 0.857712 0 5.65543e-05
2.47982e+07 0.355209 0.793816 0 5.65699e-05
2.47982e+07 0.355209 0.793816 0 5.65699e-05
2.47982e+07 0.355209 0.793816 0 5.65699e-05
2.47982e+07 0.355209 0.793816 0 5.65699e-05
5.51792e+07 0.710419 0.793816 0.071144 2.54232e-05
5.51792e+07 0.710419 0.793816 0.071144 2.54232e-05
1.59984e+07 0 1 0 8.76854e-05
2.47982e+07 0.355209 0.793816 0 5.65699e-05
2.47982e+07 0.355209 0.793816 0 5.65699e-05
2.47982e+07 0.355209 0.793816 0 5.65699e-05
1.59984e+07 0 1 0 8.76854e-05
2.47982e+07 0.355209 0.793816 0 5.65699e-05
5.51792e+07 0.710419 0.793816 0.071144 2.54232e-05
2.47982e+07 0.355209 0.793816 0 5.65699e-05
2.47982e+07 0.355209 0.793816 0 5.65699e-05
2.47982e+07 0.355209 0.793816 0 5.65699e-05
2.47982e+07 0.355209 0.793816 0 5.65699e-05
2.47982e+07 0.355209 0.793816 0 5.65699e-05
2.47982e+07 0.355209 0.793816 0 5.65699e-05
2.47982e+07 0.355209 0.793816 0 5.65699e-05
2.4805e+07 0.355209 0.857712 0 5.65543e-05
2.47982e+07 0.355209 0.793816 0 5.65699e-05
2.47982e+07 0.355209 0.793816 0 5.65699e-05
2.4805e+07 0.355209 0.857712 0 5.65543e-05
2.47982e+07 0.355209 0.793816 0 5.65699e-05
1.59984e+07 0 1 0 8.76854e-05
2.4805e+07 0.355209 0.857712 0 5.65543e-05
1.59984e+07 0 1 0 8.76854e-05
2.47982e+07 0.355209 0.793816 0 5.65699e-05
2.47982e+07 0.355209 0.793816 0 5.65699e-05
5.51792e+07 0.710419 0.793816 0.071144 2.54232e-05
2.47982e+07 0.355209 0.793816 0 5.65699e-05
5.51792e+07 0.710419 0.793816 0.071144 2.54232e-05
2.4805e+07 0.355209 0.857712 0 5.65543e-05
1.59984e+07 0 1 0 8.76854e-05
1.59984e+07 0 1 0 8.76854e-05
1.59984e+07 0 1 0 8.76854e-05
2.47982e+07 0.355209 0.793816 0 5.65699e-05
2.4805e+07 0.355209 0.857712 0 5.65543e-05
5.51792e+07 0.710419 0.793816 0.071144 2.54232e-05
2.47982e+07 0.355209 0.793816 0 5.65699e-05
3.35435e+07 0.523569 0.675649 0 4.18212e-05
2.47982e+07 0.355209 0.793816 0 5.65699e-05
2.47982e+07 0.355209 0.793816 0 5.65699e-05
2.47982e+07 0.355209 0.793816 0 5.65699e-05
2.47982e+07 0.355209 0.793816 0 5.65699e-05
3.35435e+07 0.523569 0.717129 0.052688 4.18212e-05
2.47982e+07 0.355209 0.793816 0 5.65699e-05
2.47982e+07 0.355209 0.793816 0 5.65699e-05
2.47982e+07 0.355209 0.793816 0 5.65699e-05
1.59984e+07 0 1 0 8.76854e-05
2.47982e+07 0.355209 0.793816 0 5.65699e-05
2.47982e+07 0.355209 0.793816 0 5.65699e-05
2.47982e+07 0.355209 0.793816 0 5.65699e-05
5.51792e+07 0.710419 0.793816 0.071144 2.54232e-05
2.47982e+07 0.355209 0.793816 0 5.65699e-05
2.47982e+07 0.355209 0.793816 0 5.65699e-05
2.47982e+07 0.355209 0.793816 0 5.65699e-05
2.47982e+07 0.355209 0.793816 0 5.65699e-05
2.47982e+07 0.355209 0.793816 0 5.65699e-05
1.59984e+07 0 1 0 8.76854e-05
2.47982e+07 0.355209 0.793816 0 5.65699e-05
2.4805e+07 0.355209 0.857712 0 5.65543e-05
2.47982e+07 0.355209 0.793816 0 5.65699e-05
5.51792e+07 0.710419 0.793816 0.071144 2.54232e-05
2.47982e+07 0.355209 0.793816 0 5.65699e-05
2.4805e+07 0.355209 0.857712 0 5.65543e-05
2.47982e+07 0.355209 0.793816 0 5.65699e-05
