2.98722e+07 0.583648 0.669981 0.0517967 4.24141e-05
1.73284e+07 0.281761 0.772095 0 7.31168e-05
2.21247e+07 0.437736 0.631873 0 5.72664e-05
1.78273e+07 0.301887 0.794293 0 7.10707e-05
1.73284e+07 0.281761 0.772095 0 7.31168e-05
2.98722e+07 0.583648 0.669981 0.0517967 4.24141e-05
1.73284e+07 0.281761 0.772095 0 7.31168e-05
2.98722e+07 0.583648 0.669981 0.0517967 4.24141e-05
1.78273e+07 0.301887 0.794293 0 7.10707e-05
1.78273e+07 0.301887 0.794293 0 7.10707e-05
2.98722e+07 0.583648 0.669981 0.0517967 4.24141e-05
2.98722e+07 0.583648 0.669981 0.0517967 4.24141e-05
1.78273e+07 0.301887 0.794293 0 7.10707e-05
2.29502e+07 0.457862 0.725108 0.0355177 5.52064e-05
2.29502e+07 0.457862 0.725108 0.0355177 5.52064e-05
1.73284e+07 0.281761 0.772095 0 7.31168e-05
1.78273e+07 0.301887 0.794293 0 7.10707e-05
1.78273e+07 0.301887 0.794293 0 7.10707e-05
1.73284e+07 0.281761 0.772095 0 7.31168e-05
2.98722e+07 0.583648 0.669981 0.0517967 4.24141e-05
2.98722e+07 0.583648 0.669981 0.0517967 4.24141e-05
2.98722e+07 0.583648 0.669981 0.0517967 4.24141e-05
1.78273e+07 0.301887 0.794293 0 7.10707e-05
1.78273e+07 0.301887 0.794293 0 7.10707e-05
1.78273e+07 0.301887 0.794293 0 7.10707e-05
2.98722e+07 0.583648 0.669981 0.0517967 4.24141e-05
2.98722e+07 0.583648 0.669981 0.0517967 4.24141e-05
1.78273e+07 0.301887 0.794293 0 7.10707e-05
2.98722e+07 0.583648 0.669981 0.0517967 4.24141e-05
1.78273e+07 0.301887 0.794293 0 7.10707e-05
1.24509e+07 0 1 0 0.00010176
1.24509e+07 0 1 0 0.00010176
2.98722e+07 0.583648 0.669981 0.0517967 4.24141e-05
2.98722e+07 0.583648 0.669981 0.0517967 4.24141e-05
2.98722e+07 0.583648 0.669981 0.0517967 4.24141e-05
1.78273e+07 0.301887 0.794293 0 7.10707e-05
1.78273e+07 0.301887 0.794293 0 7.10707e-05
1.78273e+07 0.301887 0.794293 0 7.10707e-05
1.73284e+07 0.281761 0.772095 0 7.31168e-05
2.98722e+07 0.583648 0.669981 0.0517967 4.24141e-05
1.78273e+07 0.301887 0.794293 0 7.10707e-05
2.98722e+07 0.583648 0.669981 0.0517967 4.24141e-05
1.73284e+07 0.281761 0.772095 0 7.31168e-05
2.98722e+07 0.583648 0.669981 0.0517967 4.24141e-05
1.78273e+07 0.301887 0.794293 0 7.10707e-05
2.98722e+07 0.583648 0.669981 0.0517967 4.24141e-05
2.98722e+07 0.583648 0.669981 0.0517967 4.24141e-05
2.98722e+07 0.583648 0.669981 0.0517967 4.24141e-05
1.78273e+07 0.301887 0.794293 0 7.10707e-05
1.78273e+07 0.301887 0.794293 0 7.10707e-05
2.29502e+07 0.457862 0.725108 0.0355177 5.52064e-05
2.98722e+07 0.583648 0.669981 0.0517967 4.24141e-05
1.24509e+07 0 1 0 0.00010176
2.98722e+07 0.583648 0.669981 0.0517967 4.24141e-05
2.98722e+07 0.583648 0.669981 0.0517967 4.24141e-05
1.24509e+07 0 1 0 0.00010176
2.98722e+07 0.583648 0.669981 0.0517967 4.24141e-05
1.73284e+07 0.281761 0.772095 0 7.31168e-05
1.24509e+07 0 1 0 0.00010176
1.73284e+07 0.281761 0.772095 0 7.31168e-05
1.78273e+07 0.301887 0.794293 0 7.10707e-05
2.98722e+07 0.583648 0.669981 0.0517967 4.24141e-05
1.78273e+07 0.301887 0.794293 0 7.10707e-05
1.78273e+07 0.301887 0.794293 0 7.10707e-05
1.78273e+07 0.301887 0.794293 0 7.10707e-05
1.24509e+07 0 1 0 0.00010176
1.73284e+07 0.281761 0.772095 0 7.31168e-05
1.73284e+07 0.281761 0.772095 0 7.31168e-05
1.73284e+07 0.281761 0.772095 0 7.31168e-05
2.98722e+07 0.583648 0.669981 0.0517967 4.24141e-05
1.73284e+07 0.281761 0.772095 0 7.31168e-05
1.78273e+07 0.301887 0.794293 0 7.10707e-05
2.98722e+07 0.583648 0.669981 0.0517967 4.24141e-05
1.24509e+07 0 1 0 0.00010176
2.98722e+07 0.583648 0.669981 0.0517967 4.24141e-05
2.98722e+07 0.583648 0.669981 0.0517967 4.24141e-05
2.98722e+07 0.583648 0.669981 0.0517967 4.24141e-05
2.98722e+07 0.583648 0.669981 0.0517967 4.24141e-05
1.78273e+07 0.301887 0.794293 0 7.10707e-05
2.29502e+07 0.457862 0.725108 0.0355177 5.52064e-05
2.98722e+07 0.583648 0.669981 0.0517967 4.24141e-05
2.98722e+07 0.583648 0.669981 0.0517967 4.24141e-05
1.73284e+07 0.281761 0.772095 0 7.31168e-05
2.98722e+07 0.583648 0.669981 0.0517967 4.24141e-05
2.98722e+07 0.583648 0.669981 0.0517967 4.24141e-05
2.98722e+07 0.583648 0.669981 0.0517967 4.24141e-05
1.78273e+07 0.301887 0.794293 0 7.10707e-05
2.98722e+07 0.583648 0.669981 0.0517967 4.24141e-05
1.78273e+07 0.301887 0.794293 0 7.10707e-05
2.29502e+07 0.457862 0.725108 0.0355177 5.52064e-05
2.98722e+07 0.583648 0.669981 0.0517967 4.24141e-05
2.98722e+07 0.583648 0.669981 0.0517967 4.24141e-05
1.73284e+07 0.281761 0.772095 0 7.31168e-05
2.98722e+07 0.583648 0.669981 0.0517967 4.24141e-05
1.73284e+07 0.281761 0.772095 0 7.31168e-05
2.98722e+07 0.583648 0.669981 0.0517967 4.24141e-05
1.78273e+07 0.301887 0.794293 0 7.10707e-05
2.29502e+07 0.457862 0.725108 0.0355177 5.52064e-05
1.73284e+07 0.281761 0.772095 0 7.31168e-05
2.98722e+07 0.583648 0.669981 0.0517967 4.24141e-05
