1.49901e+07 0.503744 0.566303 0 7.87972e-05
1.10529e+07 0.326564 0.701396 0 0.000106866
1.26231e+07 0.410491 0.615413 0 9.35732e-05
1.1531e+07 0.35436 0.864907 0.0469021 0.000102435
1.10529e+07 0.326564 0.701396 0 0.000106866
1.49901e+07 0.503744 0.566303 0 7.87972e-05
1.49928e+07 0.503744 0.607592 0 7.87831e-05
1.49901e+07 0.503744 0.566303 0 7.87972e-05
1.1531e+07 0.35436 0.864907 0.0469021 0.000102435
1.1531e+07 0.35436 0.864907 0.0469021 0.000102435
1.49901e+07 0.503744 0.566303 0 7.87972e-05
1.49901e+07 0.503744 0.566303 0 7.87972e-05
1.1531e+07 0.35436 0.864907 0.0469021 0.000102435
1.00742e+07 0.261107 0.778924 0 0.000117247
1.00742e+07 0.261107 0.778924 0 0.000117247
1.10529e+07 0.326564 0.701396 0 0.000106866
1.1531e+07 0.35436 0.864907 0.0469021 0.000102435
1.1531e+07 0.35436 0.864907 0.0469021 0.000102435
1.36712e+07 0.455683 0.650127 0 8.63989e-05
1.49901e+07 0.503744 0.566303 0 7.87972e-05
1.49901e+07 0.503744 0.566303 0 7.87972e-05
1.49901e+07 0.503744 0.566303 0 7.87972e-05
1.1531e+07 0.35436 0.864907 0.0469021 0.000102435
1.07309e+07 0.306299 0.813638 0 0.000110072
1.1531e+07 0.35436 0.864907 0.0469021 0.000102435
1.49901e+07 0.503744 0.566303 0 7.87972e-05
1.49901e+07 0.503744 0.566303 0 7.87972e-05
1.1531e+07 0.35436 0.864907 0.0469021 0.000102435
1.49901e+07 0.503744 0.566303 0 7.87972e-05
1.1531e+07 0.35436 0.864907 0.0469021 0.000102435
8.55038e+06 0.129119 0.948731 0 0.000138144
9.0495e+06 0.17718 0.906196 0 0.000130524
1.49901e+07 0.503744 0.566303 0 7.87972e-05
1.49901e+07 0.503744 0.566303 0 7.87972e-05
1.49901e+07 0.503744 0.566303 0 7.87972e-05
1.07309e+07 0.306299 0.813638 0 0.000110072
1.1531e+07 0.35436 0.864907 0.0469021 0.000102435
1.1531e+07 0.35436 0.864907 0.0469021 0.000102435
1.10529e+07 0.326564 0.701396 0 0.000106866
1.49901e+07 0.503744 0.566303 0 7.87972e-05
1.07309e+07 0.306299 0.813638 0 0.000110072
1.49901e+07 0.503744 0.566303 0 7.87972e-05
1.10529e+07 0.326564 0.701396 0 0.000106866
1.49901e+07 0.503744 0.566303 0 7.87972e-05
1.1531e+07 0.35436 0.864907 0.0469021 0.000102435
1.49901e+07 0.503744 0.566303 0 7.87972e-05
1.49901e+07 0.503744 0.566303 0 7.87972e-05
1.49901e+07 0.503744 0.566303 0 7.87972e-05
9.04853e+06 0.17718 0.864907 0 0.000130538
1.07309e+07 0.306299 0.813638 0 0.000110072
1.00742e+07 0.261107 0.778924 0 0.000117247
1.49901e+07 0.503744 0.566303 0 7.87972e-05
9.0495e+06 0.17718 0.906196 0 0.000130524
1.49901e+07 0.503744 0.566303 0 7.87972e-05
1.49901e+07 0.503744 0.566303 0 7.87972e-05
9.0495e+06 0.17718 0.906196 0 0.000130524
1.49901e+07 0.503744 0.566303 0 7.87972e-05
1.10529e+07 0.326564 0.701396 0 0.000106866
9.0495e+06 0.17718 0.906196 0 0.000130524
1.10529e+07 0.326564 0.701396 0 0.000106866
1.07309e+07 0.306299 0.813638 0 0.000110072
1.49901e+07 0.503744 0.566303 0 7.87972e-05
1.1531e+07 0.35436 0.864907 0.0469021 0.000102435
1.07309e+07 0.306299 0.813638 0 0.000110072
1.1531e+07 0.35436 0.864907 0.0469021 0.000102435
9.0495e+06 0.17718 0.906196 0 0.000130524
1.10529e+07 0.326564 0.701396 0 0.000106866
1.36712e+07 0.455683 0.650127 0 8.63989e-05
1.10529e+07 0.326564 0.701396 0 0.000106866
1.49901e+07 0.503744 0.566303 0 7.87972e-05
1.49928e+07 0.503744 0.607592 0 7.87831e-05
1.1531e+07 0.35436 0.864907 0.0469021 0.000102435
1.49901e+07 0.503744 0.566303 0 7.87972e-05
9.0495e+06 0.17718 0.906196 0 0.000130524
1.49901e+07 0.503744 0.566303 0 7.87972e-05
1.49901e+07 0.503744 0.566303 0 7.87972e-05
1.49901e+07 0.503744 0.566303 0 7.87972e-05
1.49901e+07 0.503744 0.566303 0 7.87972e-05
9.04853e+06 0.17718 0.864907 0 0.000130538
1.00742e+07 0.261107 0.778924 0 0.000117247
1.49901e+07 0.503744 0.566303 0 7.87972e-05
1.49901e+07 0.503744 0.566303 0 7.87972e-05
1.10529e+07 0.326564 0.701396 0 0.000106866
1.49901e+07 0.503744 0.566303 0 7.87972e-05
1.49901e+07 0.503744 0.566303 0 7.87972e-05
1.49901e+07 0.503744 0.566303 0 7.87972e-05
1.1531e+07 0.35436 0.864907 0.0469021 0.000102435
1.49901e+07 0.503744 0.566303 0 7.87972e-05
9.04853e+06 0.17718 0.864907 0 0.000130538
1.00742e+07 0.261107 0.778924 0 0.000117247
1.49901e+07 0.503744 0.566303 0 7.87972e-05
1.49901e+07 0.503744 0.566303 0 7.87972e-05
1.10529e+07 0.326564 0.701396 0 0.000106866
1.49901e+07 0.503744 0.566303 0 7.87972e-05
1.49928e+07 0.503744 0.607592 0 7.87831e-05
1.49901e+07 0.503744 0.566303 0 7.87972e-05
1.1531e+07 0.35436 0.864907 0.0469021 0.000102435
1.00742e+07 0.261107 0.778924 0 0.000117247
1.49928e+07 0.503744 0.607592 0 7.87831e-05
1.49901e+07 0.503744 0.566303 0 7.87972e-05
