2.09401e+07 0.550344 0.684162 0.0315593 7.37034e-05
1.14939e+07 0.180113 0.861314 0 0.000134276
1.50158e+07 0.372733 0.696189 0 0.000102782
2.09446e+07 0.550344 0.759729 0.0403959 7.36879e-05
1.14939e+07 0.180113 0.861314 0 0.000134276
2.09401e+07 0.550344 0.684162 0.0315593 7.37034e-05
1.47267e+07 0.360225 0.780523 0 0.0001048
2.09401e+07 0.550344 0.684162 0.0315593 7.37034e-05
2.09446e+07 0.550344 0.759729 0.0403959 7.36879e-05
2.09446e+07 0.550344 0.759729 0.0403959 7.36879e-05
2.09401e+07 0.550344 0.684162 0.0315593 7.37034e-05
2.09401e+07 0.550344 0.684162 0.0315593 7.37034e-05
2.09446e+07 0.550344 0.759729 0.0403959 7.36879e-05
2.15386e+07 0.562852 0.677639 0.041518 7.16554e-05
2.15386e+07 0.562852 0.677639 0.041518 7.16554e-05
1.14939e+07 0.180113 0.861314 0 0.000134276
2.09446e+07 0.550344 0.759729 0.0403959 7.36879e-05
2.09446e+07 0.550344 0.759729 0.0403959 7.36879e-05
1.14939e+07 0.180113 0.861314 0 0.000134276
2.09401e+07 0.550344 0.684162 0.0315593 7.37034e-05
2.09401e+07 0.550344 0.684162 0.0315593 7.37034e-05
2.09401e+07 0.550344 0.684162 0.0315593 7.37034e-05
2.09446e+07 0.550344 0.759729 0.0403959 7.36879e-05
1.49581e+07 0.370231 0.759729 0 0.000103179
2.09446e+07 0.550344 0.759729 0.0403959 7.36879e-05
2.09401e+07 0.550344 0.684162 0.0315593 7.37034e-05
2.09401e+07 0.550344 0.684162 0.0315593 7.37034e-05
2.09446e+07 0.550344 0.759729 0.0403959 7.36879e-05
2.09401e+07 0.550344 0.684162 0.0315593 7.37034e-05
2.09446e+07 0.550344 0.759729 0.0403959 7.36879e-05
9.42581e+06 0 1 0 0.000163738
1.15747e+07 0.185741 0.921733 0.0403959 0.00013334
2.09401e+07 0.550344 0.684162 0.0315593 7.37034e-05
2.09401e+07 0.550344 0.684162 0.0315593 7.37034e-05
2.09401e+07 0.550344 0.684162 0.0315593 7.37034e-05
1.49581e+07 0.370231 0.759729 0 0.000103179
2.09446e+07 0.550344 0.759729 0.0403959 7.36879e-05
2.09446e+07 0.550344 0.759729 0.0403959 7.36879e-05
1.14939e+07 0.180113 0.861314 0 0.000134276
2.09401e+07 0.550344 0.684162 0.0315593 7.37034e-05
1.49581e+07 0.370231 0.759729 0 0.000103179
2.09401e+07 0.550344 0.684162 0.0315593 7.37034e-05
1.14939e+07 0.180113 0.861314 0 0.000134276
2.09401e+07 0.550344 0.684162 0.0315593 7.37034e-05
2.09446e+07 0.550344 0.759729 0.0403959 7.36879e-05
2.09401e+07 0.550344 0.684162 0.0315593 7.37034e-05
2.09401e+07 0.550344 0.684162 0.0315593 7.37034e-05
2.09401e+07 0.550344 0.684162 0.0315593 7.37034e-05
1.49581e+07 0.370231 0.759729 0 0.000103179
1.49581e+07 0.370231 0.759729 0 0.000103179
2.15386e+07 0.562852 0.677639 0.041518 7.16554e-05
2.09401e+07 0.550344 0.684162 0.0315593 7.37034e-05
1.14952e+07 0.180113 0.919208 0 0.000134261
2.09401e+07 0.550344 0.684162 0.0315593 7.37034e-05
2.09401e+07 0.550344 0.684162 0.0315593 7.37034e-05
1.15747e+07 0.185741 0.921733 0.0403959 0.00013334
2.09401e+07 0.550344 0.684162 0.0315593 7.37034e-05
1.14939e+07 0.180113 0.861314 0 0.000134276
1.14952e+07 0.180113 0.919208 0 0.000134261
1.14939e+07 0.180113 0.861314 0 0.000134276
1.49581e+07 0.370231 0.759729 0 0.000103179
2.09401e+07 0.550344 0.684162 0.0315593 7.37034e-05
2.09446e+07 0.550344 0.759729 0.0403959 7.36879e-05
1.49581e+07 0.370231 0.759729 0 0.000103179
2.09446e+07 0.550344 0.759729 0.0403959 7.36879e-05
1.14952e+07 0.180113 0.919208 0 0.000134261
1.14939e+07 0.180113 0.861314 0 0.000134276
1.14939e+07 0.180113 0.861314 0 0.000134276
1.14939e+07 0.180113 0.861314 0 0.000134276
2.09401e+07 0.550344 0.684162 0.0315593 7.37034e-05
1.47267e+07 0.360225 0.780523 0 0.0001048
2.09446e+07 0.550344 0.759729 0.0403959 7.36879e-05
2.09401e+07 0.550344 0.684162 0.0315593 7.37034e-05
1.14952e+07 0.180113 0.919208 0 0.000134261
2.09401e+07 0.550344 0.684162 0.0315593 7.37034e-05
2.09401e+07 0.550344 0.684162 0.0315593 7.37034e-05
2.09401e+07 0.550344 0.684162 0.0315593 7.37034e-05
2.09401e+07 0.550344 0.684162 0.0315593 7.37034e-05
1.49581e+07 0.370231 0.759729 0 0.000103179
2.15386e+07 0.562852 0.677639 0.041518 7.16554e-05
2.09401e+07 0.550344 0.684162 0.0315593 7.37034e-05
2.09401e+07 0.550344 0.684162 0.0315593 7.37034e-05
1.14939e+07 0.180113 0.861314 0 0.000134276
2.09401e+07 0.550344 0.684162 0.0315593 7.37034e-05
2.09401e+07 0.550344 0.684162 0.0315593 7.37034e-05
2.09401e+07 0.550344 0.684162 0.0315593 7.37034e-05
2.09446e+07 0.550344 0.759729 0.0403959 7.36879e-05
2.09401e+07 0.550344 0.684162 0.0315593 7.37034e-05
1.49581e+07 0.370231 0.759729 0 0.000103179
2.15386e+07 0.562852 0.677639 0.041518 7.16554e-05
2.09401e+07 0.550344 0.684162 0.0315593 7.37034e-05
2.09401e+07 0.550344 0.684162 0.0315593 7.37034e-05
1.14939e+07 0.180113 0.861314 0 0.000134276
2.09401e+07 0.550344 0.684162 0.0315593 7.37034e-05
1.47267e+07 0.360225 0.780523 0 0.0001048
2.09401e+07 0.550344 0.684162 0.0315593 7.37034e-05
2.09446e+07 0.550344 0.759729 0.0403959 7.36879e-05
2.15386e+07 0.562852 0.677639 0.041518 7.16554e-05
1.47267e+07 0.360225 0.780523 0 0.0001048
2.09401e+07 0.550344 0.684162 0.0315593 7.37034e-05
