3.14687e+07 0.59742 0.674552 0.049751 3.79965e-05
1.76686e+07 0.282417 0.78033 0 6.76736e-05
2.29603e+07 0.448065 0.637468 0 5.20768e-05
1.85077e+07 0.315003 0.79472 0 6.46057e-05
1.76686e+07 0.282417 0.78033 0 6.76736e-05
3.14687e+07 0.59742 0.674552 0.049751 3.79965e-05
1.76686e+07 0.282417 0.78033 0 6.76736e-05
3.14687e+07 0.59742 0.674552 0.049751 3.79965e-05
1.85077e+07 0.315003 0.79472 0 6.46057e-05
1.85077e+07 0.315003 0.79472 0 6.46057e-05
3.14687e+07 0.59742 0.674552 0.049751 3.79965e-05
3.14687e+07 0.59742 0.674552 0.049751 3.79965e-05
1.85077e+07 0.315003 0.79472 0 6.46057e-05
2.44035e+07 0.480652 0.722887 0.0355146 4.89971e-05
2.44035e+07 0.480652 0.722887 0.0355146 4.89971e-05
1.76686e+07 0.282417 0.78033 0 6.76736e-05
1.85077e+07 0.315003 0.79472 0 6.46057e-05
1.85077e+07 0.315003 0.79472 0 6.46057e-05
1.76686e+07 0.282417 0.78033 0 6.76736e-05
3.14687e+07 0.59742 0.674552 0.049751 3.79965e-05
3.14687e+07 0.59742 0.674552 0.049751 3.79965e-05
3.14687e+07 0.59742 0.674552 0.049751 3.79965e-05
1.85077e+07 0.315003 0.79472 0 6.46057e-05
1.85077e+07 0.315003 0.79472 0 6.46057e-05
1.85077e+07 0.315003 0.79472 0 6.46057e-05
3.14687e+07 0.59742 0.674552 0.049751 3.79965e-05
3.14687e+07 0.59742 0.674552 0.049751 3.79965e-05
1.85077e+07 0.315003 0.79472 0 6.46057e-05
3.14687e+07 0.59742 0.674552 0.049751 3.79965e-05
1.85077e+07 0.315003 0.79472 0 6.46057e-05
1.26835e+07 0 1 0 9.4272e-05
1.26835e+07 0 1 0 9.4272e-05
3.14687e+07 0.59742 0.674552 0.049751 3.79965e-05
3.14687e+07 0.59742 0.674552 0.049751 3.79965e-05
3.14687e+07 0.59742 0.674552 0.049751 3.79965e-05
1.85077e+07 0.315003 0.79472 0 6.46057e-05
1.85077e+07 0.315003 0.79472 0 6.46057e-05
1.85077e+07 0.315003 0.79472 0 6.46057e-05
1.76686e+07 0.282417 0.78033 0 6.76736e-05
3.14687e+07 0.59742 0.674552 0.049751 3.79965e-05
1.85077e+07 0.315003 0.79472 0 6.46057e-05
3.14687e+07 0.59742 0.674552 0.049751 3.79965e-05
1.76686e+07 0.282417 0.78033 0 6.76736e-05
3.14687e+07 0.59742 0.674552 0.049751 3.79965e-05
1.85077e+07 0.315003 0.79472 0 6.46057e-05
3.14687e+07 0.59742 0.674552 0.049751 3.79965e-05
3.14687e+07 0.59742 0.674552 0.049751 3.79965e-05
3.14687e+07 0.59742 0.674552 0.049751 3.79965e-05
1.85077e+07 0.315003 0.79472 0 6.46057e-05
1.85077e+07 0.315003 0.79472 0 6.46057e-05
2.44035e+07 0.480652 0.722887 0.0355146 4.89971e-05
3.14687e+07 0.59742 0.674552 0.049751 3.79965e-05
1.26835e+07 0 1 0 9.4272e-05
3.14687e+07 0.59742 0.674552 0.049751 3.79965e-05
3.14687e+07 0.59742 0.674552 0.049751 3.79965e-05
1.26835e+07 0 1 0 9.4272e-05
3.14687e+07 0.59742 0.674552 0.049751 3.79965e-05
1.76686e+07 0.282417 0.78033 0 6.76736e-05
1.26835e+07 0 1 0 9.4272e-05
1.79401e+07 0.293279 0.792577 0.061232 6.66496e-05
1.85077e+07 0.315003 0.79472 0 6.46057e-05
3.14687e+07 0.59742 0.674552 0.049751 3.79965e-05
1.85077e+07 0.315003 0.79472 0 6.46057e-05
1.85077e+07 0.315003 0.79472 0 6.46057e-05
1.85077e+07 0.315003 0.79472 0 6.46057e-05
1.26835e+07 0 1 0 9.4272e-05
1.76686e+07 0.282417 0.78033 0 6.76736e-05
1.76686e+07 0.282417 0.78033 0 6.76736e-05
1.76686e+07 0.282417 0.78033 0 6.76736e-05
3.14687e+07 0.59742 0.674552 0.049751 3.79965e-05
1.76686e+07 0.282417 0.78033 0 6.76736e-05
1.85077e+07 0.315003 0.79472 0 6.46057e-05
3.14687e+07 0.59742 0.674552 0.049751 3.79965e-05
1.26835e+07 0 1 0 9.4272e-05
3.14687e+07 0.59742 0.674552 0.049751 3.79965e-05
3.14687e+07 0.59742 0.674552 0.049751 3.79965e-05
3.14687e+07 0.59742 0.674552 0.049751 3.79965e-05
3.14687e+07 0.59742 0.674552 0.049751 3.79965e-05
1.85077e+07 0.315003 0.79472 0 6.46057e-05
2.44035e+07 0.480652 0.722887 0.0355146 4.89971e-05
3.14687e+07 0.59742 0.674552 0.049751 3.79965e-05
3.14687e+07 0.59742 0.674552 0.049751 3.79965e-05
1.76686e+07 0.282417 0.78033 0 6.76736e-05
3.14687e+07 0.59742 0.674552 0.049751 3.79965e-05
3.14687e+07 0.59742 0.674552 0.049751 3.79965e-05
3.14687e+07 0.59742 0.674552 0.049751 3.79965e-05
1.85077e+07 0.315003 0.79472 0 6.46057e-05
3.14687e+07 0.59742 0.674552 0.049751 3.79965e-05
1.85077e+07 0.315003 0.79472 0 6.46057e-05
2.44035e+07 0.480652 0.722887 0.0355146 4.89971e-05
3.14687e+07 0.59742 0.674552 0.049751 3.79965e-05
3.14687e+07 0.59742 0.674552 0.049751 3.79965e-05
1.76686e+07 0.282417 0.78033 0 6.76736e-05
3.14687e+07 0.59742 0.674552 0.049751 3.79965e-05
1.76686e+07 0.282417 0.78033 0 6.76736e-05
3.14687e+07 0.59742 0.674552 0.049751 3.79965e-05
1.85077e+07 0.315003 0.79472 0 6.46057e-05
2.44035e+07 0.480652 0.722887 0.0355146 4.89971e-05
1.76686e+07 0.282417 0.78033 0 6.76736e-05
3.14687e+07 0.59742 0.674552 0.049751 3.79965e-05
