4.79662e+07 0.767952 0.531951 0.0388489 2.16803e-05
2.13804e+07 0.478252 0.636096 0 4.8639e-05
2.13804e+07 0.478252 0.636096 0 4.8639e-05
1.57126e+07 0.2897 0.818157 0 6.61838e-05
2.13804e+07 0.478252 0.636096 0 4.8639e-05
4.79662e+07 0.767952 0.531951 0.0388489 2.16803e-05
2.13804e+07 0.478252 0.636096 0 4.8639e-05
4.79662e+07 0.767952 0.531951 0.0388489 2.16803e-05
1.57126e+07 0.2897 0.818157 0 6.61838e-05
1.57126e+07 0.2897 0.818157 0 6.61838e-05
4.79662e+07 0.767952 0.531951 0.0388489 2.16803e-05
4.79662e+07 0.767952 0.531951 0.0388489 2.16803e-05
1.57126e+07 0.2897 0.818157 0 6.61838e-05
1.57126e+07 0.2897 0.818157 0 6.61838e-05
1.57126e+07 0.2897 0.818157 0 6.61838e-05
2.13804e+07 0.478252 0.636096 0 4.8639e-05
1.57126e+07 0.2897 0.818157 0 6.61838e-05
1.57126e+07 0.2897 0.818157 0 6.61838e-05
2.13804e+07 0.478252 0.636096 0 4.8639e-05
4.79662e+07 0.767952 0.531951 0.0388489 2.16803e-05
4.79662e+07 0.767952 0.531951 0.0388489 2.16803e-05
4.79662e+07 0.767952 0.531951 0.0388489 2.16803e-05
1.57126e+07 0.2897 0.818157 0 6.61838e-05
1.57126e+07 0.2897 0.818157 0 6.61838e-05
1.57126e+07 0.2897 0.818157 0 6.61838e-05
4.79662e+07 0.767952 0.531951 0.0388489 2.16803e-05
4.79662e+07 0.767952 0.531951 0.0388489 2.16803e-05
1.57126e+07 0.2897 0.818157 0 6.61838e-05
4.79662e+07 0.767952 0.531951 0.0388489 2.16803e-05
1.57126e+07 0.2897 0.818157 0 6.61838e-05
1.11652e+07 0 1 0 9.31392e-05
1.11652e+07 0 1 0 9.31392e-05
4.79662e+07 0.767952 0.531951 0.0388489 2.16803e-05
4.79662e+07 0.767952 0.531951 0.0388489 2.16803e-05
4.79662e+07 0.767952 0.531951 0.0388489 2.16803e-05
1.57126e+07 0.2897 0.818157 0 6.61838e-05
1.57126e+07 0.2897 0.818157 0 6.61838e-05
1.57126e+07 0.2897 0.818157 0 6.61838e-05
2.13804e+07 0.478252 0.636096 0 4.8639e-05
4.79662e+07 0.767952 0.531951 0.0388489 2.16803e-05
1.57126e+07 0.2897 0.818157 0 6.61838e-05
4.79662e+07 0.767952 0.531951 0.0388489 2.16803e-05
2.13804e+07 0.478252 0.636096 0 4.8639e-05
4.79662e+07 0.767952 0.531951 0.0388489 2.16803e-05
1.57126e+07 0.2897 0.818157 0 6.61838e-05
4.79662e+07 0.767952 0.531951 0.0388489 2.16803e-05
4.79662e+07 0.767952 0.531951 0.0388489 2.16803e-05
4.79662e+07 0.767952 0.531951 0.0388489 2.16803e-05
1.57126e+07 0.2897 0.818157 0 6.61838e-05
1.57126e+07 0.2897 0.818157 0 6.61838e-05
1.57126e+07 0.2897 0.818157 0 6.61838e-05
4.79662e+07 0.767952 0.531951 0.0388489 2.16803e-05
1.11652e+07 0 1 0 9.31392e-05
4.79662e+07 0.767952 0.531951 0.0388489 2.16803e-05
4.79662e+07 0.767952 0.531951 0.0388489 2.16803e-05
1.11652e+07 0 1 0 9.31392e-05
4.79662e+07 0.767952 0.531951 0.0388489 2.16803e-05
2.13804e+07 0.478252 0.636096 0 4.8639e-05
1.11652e+07 0 1 0 9.31392e-05
2.17467e+07 0.487047 0.645705 0.0480451 4.78198e-05
1.57126e+07 0.2897 0.818157 0 6.61838e-05
4.79662e+07 0.767952 0.531951 0.0388489 2.16803e-05
1.57126e+07 0.2897 0.818157 0 6.61838e-05
1.57126e+07 0.2897 0.818157 0 6.61838e-05
1.57126e+07 0.2897 0.818157 0 6.61838e-05
1.11652e+07 0 1 0 9.31392e-05
2.13804e+07 0.478252 0.636096 0 4.8639e-05
2.13804e+07 0.478252 0.636096 0 4.8639e-05
2.13804e+07 0.478252 0.636096 0 4.8639e-05
4.79662e+07 0.767952 0.531951 0.0388489 2.16803e-05
2.13804e+07 0.478252 0.636096 0 4.8639e-05
1.57126e+07 0.2897 0.818157 0 6.61838e-05
4.79662e+07 0.767952 0.531951 0.0388489 2.16803e-05
1.11652e+07 0 1 0 9.31392e-05
4.79662e+07 0.767952 0.531951 0.0388489 2.16803e-05
4.79662e+07 0.767952 0.531951 0.0388489 2.16803e-05
4.79662e+07 0.767952 0.531951 0.0388489 2.16803e-05
4.79662e+07 0.767952 0.531951 0.0388489 2.16803e-05
1.57126e+07 0.2897 0.818157 0 6.61838e-05
1.57126e+07 0.2897 0.818157 0 6.61838e-05
4.79662e+07 0.767952 0.531951 0.0388489 2.16803e-05
4.79662e+07 0.767952 0.531951 0.0388489 2.16803e-05
2.13804e+07 0.478252 0.636096 0 4.8639e-05
4.79662e+07 0.767952 0.531951 0.0388489 2.16803e-05
4.79662e+07 0.767952 0.531951 0.0388489 2.16803e-05
4.79662e+07 0.767952 0.531951 0.0388489 2.16803e-05
1.57126e+07 0.2897 0.818157 0 6.61838e-05
4.79662e+07 0.767952 0.531951 0.0388489 2.16803e-05
1.57126e+07 0.2897 0.818157 0 6.61838e-05
1.57126e+07 0.2897 0.818157 0 6.61838e-05
4.79662e+07 0.767952 0.531951 0.0388489 2.16803e-05
4.79662e+07 0.767952 0.531951 0.0388489 2.16803e-05
2.13804e+07 0.478252 0.636096 0 4.8639e-05
4.79662e+07 0.767952 0.531951 0.0388489 2.16803e-05
2.13804e+07 0.478252 0.636096 0 4.8639e-05
4.79662e+07 0.767952 0.531951 0.0388489 2.16803e-05
1.57126e+07 0.2897 0.818157 0 6.61838e-05
1.57126e+07 0.2897 0.818157 0 6.61838e-05
2.13804e+07 0.478252 0.636096 0 4.8639e-05
4.79662e+07 0.767952 0.531951 0.0388489 2.16803e-05
