3.76326e+07 0.794594 0.381161 0.0415091 3.168e-05
1.31806e+07 0.372043 0.638963 0 9.04509e-05
1.6549e+07 0.500089 0.503904 0 7.20408e-05
1.4332e+07 0.42255 0.659179 0 8.31846e-05
1.31806e+07 0.372043 0.638963 0 9.04509e-05
3.76326e+07 0.794594 0.381161 0.0415091 3.168e-05
1.31806e+07 0.372043 0.638963 0 9.04509e-05
3.76326e+07 0.794594 0.381161 0.0415091 3.168e-05
1.4332e+07 0.42255 0.659179 0 8.31846e-05
1.4332e+07 0.42255 0.659179 0 8.31846e-05
3.76326e+07 0.794594 0.381161 0.0415091 3.168e-05
3.76326e+07 0.794594 0.381161 0.0415091 3.168e-05
1.4332e+07 0.42255 0.659179 0 8.31846e-05
1.84051e+07 0.550596 0.524119 0 6.47757e-05
1.84051e+07 0.550596 0.524119 0 6.47757e-05
1.31806e+07 0.372043 0.638963 0 9.04509e-05
1.4332e+07 0.42255 0.659179 0 8.31846e-05
1.4332e+07 0.42255 0.659179 0 8.31846e-05
1.31806e+07 0.372043 0.638963 0 9.04509e-05
3.76326e+07 0.794594 0.381161 0.0415091 3.168e-05
3.76326e+07 0.794594 0.381161 0.0415091 3.168e-05
3.76326e+07 0.794594 0.381161 0.0415091 3.168e-05
1.4332e+07 0.42255 0.659179 0 8.31846e-05
1.4332e+07 0.42255 0.659179 0 8.31846e-05
1.4332e+07 0.42255 0.659179 0 8.31846e-05
3.76326e+07 0.794594 0.381161 0.0415091 3.168e-05
3.76326e+07 0.794594 0.381161 0.0415091 3.168e-05
1.4332e+07 0.42255 0.659179 0 8.31846e-05
3.76326e+07 0.794594 0.381161 0.0415091 3.168e-05
1.4332e+07 0.42255 0.659179 0 8.31846e-05
8.28211e+06 0 1 0 0.000143949
8.28211e+06 0 1 0 0.000143949
3.76326e+07 0.794594 0.381161 0.0415091 3.168e-05
3.76326e+07 0.794594 0.381161 0.0415091 3.168e-05
3.76326e+07 0.794594 0.381161 0.0415091 3.168e-05
1.4332e+07 0.42255 0.659179 0 8.31846e-05
1.4332e+07 0.42255 0.659179 0 8.31846e-05
1.4332e+07 0.42255 0.659179 0 8.31846e-05
1.31806e+07 0.372043 0.638963 0 9.04509e-05
3.76326e+07 0.794594 0.381161 0.0415091 3.168e-05
1.4332e+07 0.42255 0.659179 0 8.31846e-05
3.76326e+07 0.794594 0.381161 0.0415091 3.168e-05
1.31806e+07 0.372043 0.638963 0 9.04509e-05
3.76326e+07 0.794594 0.381161 0.0415091 3.168e-05
1.4332e+07 0.42255 0.659179 0 8.31846e-05
3.76326e+07 0.794594 0.381161 0.0415091 3.168e-05
3.76326e+07 0.794594 0.381161 0.0415091 3.168e-05
3.76326e+07 0.794594 0.381161 0.0415091 3.168e-05
1.4332e+07 0.42255 0.659179 0 8.31846e-05
1.4332e+07 0.42255 0.659179 0 8.31846e-05
1.84051e+07 0.550596 0.524119 0 6.47757e-05
3.76326e+07 0.794594 0.381161 0.0415091 3.168e-05
8.28211e+06 0 1 0 0.000143949
3.76326e+07 0.794594 0.381161 0.0415091 3.168e-05
3.76326e+07 0.794594 0.381161 0.0415091 3.168e-05
8.28211e+06 0 1 0 0.000143949
3.76326e+07 0.794594 0.381161 0.0415091 3.168e-05
1.31806e+07 0.372043 0.638963 0 9.04509e-05
8.28211e+06 0 1 0 0.000143949
1.31806e+07 0.372043 0.638963 0 9.04509e-05
1.4332e+07 0.42255 0.659179 0 8.31846e-05
3.76326e+07 0.794594 0.381161 0.0415091 3.168e-05
1.4332e+07 0.42255 0.659179 0 8.31846e-05
1.4332e+07 0.42255 0.659179 0 8.31846e-05
1.4332e+07 0.42255 0.659179 0 8.31846e-05
8.28211e+06 0 1 0 0.000143949
1.31806e+07 0.372043 0.638963 0 9.04509e-05
1.31806e+07 0.372043 0.638963 0 9.04509e-05
1.31806e+07 0.372043 0.638963 0 9.04509e-05
3.76326e+07 0.794594 0.381161 0.0415091 3.168e-05
1.31806e+07 0.372043 0.638963 0 9.04509e-05
1.4332e+07 0.42255 0.659179 0 8.31846e-05
3.76326e+07 0.794594 0.381161 0.0415091 3.168e-05
8.28211e+06 0 1 0 0.000143949
3.76326e+07 0.794594 0.381161 0.0415091 3.168e-05
3.76326e+07 0.794594 0.381161 0.0415091 3.168e-05
3.76326e+07 0.794594 0.381161 0.0415091 3.168e-05
3.76326e+07 0.794594 0.381161 0.0415091 3.168e-05
1.4332e+07 0.42255 0.659179 0 8.31846e-05
1.84051e+07 0.550596 0.524119 0 6.47757e-05
3.76326e+07 0.794594 0.381161 0.0415091 3.168e-05
3.76326e+07 0.794594 0.381161 0.0415091 3.168e-05
1.31806e+07 0.372043 0.638963 0 9.04509e-05
3.76326e+07 0.794594 0.381161 0.0415091 3.168e-05
3.76326e+07 0.794594 0.381161 0.0415091 3.168e-05
3.76326e+07 0.794594 0.381161 0.0415091 3.168e-05
1.4332e+07 0.42255 0.659179 0 8.31846e-05
3.76326e+07 0.794594 0.381161 0.0415091 3.168e-05
1.4332e+07 0.42255 0.659179 0 8.31846e-05
1.84051e+07 0.550596 0.524119 0 6.47757e-05
3.76326e+07 0.794594 0.381161 0.0415091 3.168e-05
3.76326e+07 0.794594 0.381161 0.0415091 3.168e-05
1.31806e+07 0.372043 0.638963 0 9.04509e-05
3.76326e+07 0.794594 0.381161 0.0415091 3.168e-05
1.31806e+07 0.372043 0.638963 0 9.04509e-05
3.76326e+07 0.794594 0.381161 0.0415091 3.168e-05
1.4332e+07 0.42255 0.659179 0 8.31846e-05
1.84051e+07 0.550596 0.524119 0 6.47757e-05
1.31806e+07 0.372043 0.638963 0 9.04509e-05
3.76326e+07 0.794594 0.381161 0.0415091 3.168e-05
