1.44129e+07 0.547188 0.574277 0.0635317 8.91567e-05
8.75093e+06 0.25373 0.718567 0 0.000146843
9.74701e+06 0.330128 0.624662 0 0.000131836
1.15049e+07 0.43246 0.728646 0.0445501 0.000111693
1.06514e+07 0.387004 0.638477 0 0.000120642
1.44129e+07 0.547188 0.574277 0.0635317 8.91567e-05
1.07518e+07 0.392731 0.629467 0 0.000119516
1.44129e+07 0.547188 0.574277 0.0635317 8.91567e-05
1.15049e+07 0.43246 0.728646 0.0445501 0.000111693
1.15049e+07 0.43246 0.728646 0.0445501 0.000111693
1.44129e+07 0.547188 0.574277 0.0635317 8.91567e-05
1.44129e+07 0.547188 0.574277 0.0635317 8.91567e-05
1.15049e+07 0.43246 0.728646 0.0445501 0.000111693
1.03618e+07 0.369857 0.679291 0.022275 0.000124014
1.03618e+07 0.369857 0.679291 0.022275 0.000124014
8.75093e+06 0.25373 0.718567 0 0.000146843
1.15049e+07 0.43246 0.728646 0.0445501 0.000111693
1.15049e+07 0.43246 0.728646 0.0445501 0.000111693
8.75093e+06 0.25373 0.718567 0 0.000146843
1.44129e+07 0.547188 0.574277 0.0635317 8.91567e-05
1.44129e+07 0.547188 0.574277 0.0635317 8.91567e-05
1.44129e+07 0.547188 0.574277 0.0635317 8.91567e-05
1.15049e+07 0.43246 0.728646 0.0445501 0.000111693
9.24244e+06 0.293458 0.728646 0 0.000139034
1.15049e+07 0.43246 0.728646 0.0445501 0.000111693
1.44129e+07 0.547188 0.574277 0.0635317 8.91567e-05
1.44129e+07 0.547188 0.574277 0.0635317 8.91567e-05
1.15049e+07 0.43246 0.728646 0.0445501 0.000111693
1.44129e+07 0.547188 0.574277 0.0635317 8.91567e-05
1.15049e+07 0.43246 0.728646 0.0445501 0.000111693
6.53303e+06 0 1 0 0.000196694
7.62559e+06 0.143345 0.913684 0.0445501 0.000168513
1.44129e+07 0.547188 0.574277 0.0635317 8.91567e-05
1.44129e+07 0.547188 0.574277 0.0635317 8.91567e-05
1.44129e+07 0.547188 0.574277 0.0635317 8.91567e-05
9.24244e+06 0.293458 0.728646 0 0.000139034
1.15049e+07 0.43246 0.728646 0.0445501 0.000111693
1.15049e+07 0.43246 0.728646 0.0445501 0.000111693
8.75093e+06 0.25373 0.718567 0 0.000146843
1.44129e+07 0.547188 0.574277 0.0635317 8.91567e-05
9.24244e+06 0.293458 0.728646 0 0.000139034
1.44129e+07 0.547188 0.574277 0.0635317 8.91567e-05
8.75093e+06 0.25373 0.718567 0 0.000146843
1.44129e+07 0.547188 0.574277 0.0635317 8.91567e-05
1.15049e+07 0.43246 0.728646 0.0445501 0.000111693
1.44129e+07 0.547188 0.574277 0.0635317 8.91567e-05
1.44129e+07 0.547188 0.574277 0.0635317 8.91567e-05
1.44129e+07 0.547188 0.574277 0.0635317 8.91567e-05
9.24244e+06 0.293458 0.728646 0 0.000139034
9.24244e+06 0.293458 0.728646 0 0.000139034
1.03618e+07 0.369857 0.679291 0.022275 0.000124014
1.44129e+07 0.547188 0.574277 0.0635317 8.91567e-05
8.97563e+06 0.272276 0.83081 0 0.000143167
1.44129e+07 0.547188 0.574277 0.0635317 8.91567e-05
1.44129e+07 0.547188 0.574277 0.0635317 8.91567e-05
7.62559e+06 0.143345 0.913684 0.0445501 0.000168513
1.44129e+07 0.547188 0.574277 0.0635317 8.91567e-05
8.75093e+06 0.25373 0.718567 0 0.000146843
7.58712e+06 0.139001 0.9109 0 0.000169367
8.75093e+06 0.25373 0.718567 0 0.000146843
9.24244e+06 0.293458 0.728646 0 0.000139034
1.44129e+07 0.547188 0.574277 0.0635317 8.91567e-05
1.15049e+07 0.43246 0.728646 0.0445501 0.000111693
9.24244e+06 0.293458 0.728646 0 0.000139034
1.15049e+07 0.43246 0.728646 0.0445501 0.000111693
7.58712e+06 0.139001 0.9109 0 0.000169367
8.75093e+06 0.25373 0.718567 0 0.000146843
8.75093e+06 0.25373 0.718567 0 0.000146843
1.06514e+07 0.387004 0.638477 0 0.000120642
1.44129e+07 0.547188 0.574277 0.0635317 8.91567e-05
1.07518e+07 0.392731 0.629467 0 0.000119516
1.15049e+07 0.43246 0.728646 0.0445501 0.000111693
1.44129e+07 0.547188 0.574277 0.0635317 8.91567e-05
7.58712e+06 0.139001 0.9109 0 0.000169367
1.44129e+07 0.547188 0.574277 0.0635317 8.91567e-05
1.44129e+07 0.547188 0.574277 0.0635317 8.91567e-05
1.44129e+07 0.547188 0.574277 0.0635317 8.91567e-05
1.44129e+07 0.547188 0.574277 0.0635317 8.91567e-05
9.24244e+06 0.293458 0.728646 0 0.000139034
1.03618e+07 0.369857 0.679291 0.022275 0.000124014
1.44129e+07 0.547188 0.574277 0.0635317 8.91567e-05
1.44129e+07 0.547188 0.574277 0.0635317 8.91567e-05
8.75093e+06 0.25373 0.718567 0 0.000146843
1.44129e+07 0.547188 0.574277 0.0635317 8.91567e-05
1.44129e+07 0.547188 0.574277 0.0635317 8.91567e-05
1.44129e+07 0.547188 0.574277 0.0635317 8.91567e-05
1.15049e+07 0.43246 0.728646 0.0445501 0.000111693
1.44129e+07 0.547188 0.574277 0.0635317 8.91567e-05
9.24244e+06 0.293458 0.728646 0 0.000139034
1.03618e+07 0.369857 0.679291 0.022275 0.000124014
1.44129e+07 0.547188 0.574277 0.0635317 8.91567e-05
1.44129e+07 0.547188 0.574277 0.0635317 8.91567e-05
8.75093e+06 0.25373 0.718567 0 0.000146843
1.44129e+07 0.547188 0.574277 0.0635317 8.91567e-05
1.07518e+07 0.392731 0.629467 0 0.000119516
1.44129e+07 0.547188 0.574277 0.0635317 8.91567e-05
1.15049e+07 0.43246 0.728646 0.0445501 0.000111693
1.03618e+07 0.369857 0.679291 0.022275 0.000124014
1.07518e+07 0.392731 0.629467 0 0.000119516
1.44129e+07 0.547188 0.574277 0.0635317 8.91567e-05
