2.81452e+07 0.71637 0.454928 0.0365612 4.53939e-05
1.20338e+07 0.335418 0.682 0 0.000106169
1.77294e+07 0.549303 0.460565 0 7.20624e-05
1.29179e+07 0.380952 0.699806 0 9.8903e-05
1.20338e+07 0.335418 0.682 0 0.000106169
2.81452e+07 0.71637 0.454928 0.0365612 4.53939e-05
1.20338e+07 0.335418 0.682 0 0.000106169
2.81452e+07 0.71637 0.454928 0.0365612 4.53939e-05
1.29179e+07 0.380952 0.699806 0 9.8903e-05
1.29179e+07 0.380952 0.699806 0 9.8903e-05
2.81452e+07 0.71637 0.454928 0.0365612 4.53939e-05
2.81452e+07 0.71637 0.454928 0.0365612 4.53939e-05
1.29179e+07 0.380952 0.699806 0 9.8903e-05
1.97214e+07 0.594837 0.529709 0.0256692 6.47834e-05
1.97214e+07 0.594837 0.529709 0.0256692 6.47834e-05
1.20338e+07 0.335418 0.682 0 0.000106169
1.29179e+07 0.380952 0.699806 0 9.8903e-05
1.29179e+07 0.380952 0.699806 0 9.8903e-05
1.20338e+07 0.335418 0.682 0 0.000106169
2.81452e+07 0.71637 0.454928 0.0365612 4.53939e-05
2.81452e+07 0.71637 0.454928 0.0365612 4.53939e-05
2.81452e+07 0.71637 0.454928 0.0365612 4.53939e-05
1.29179e+07 0.380952 0.699806 0 9.8903e-05
1.29179e+07 0.380952 0.699806 0 9.8903e-05
1.29179e+07 0.380952 0.699806 0 9.8903e-05
2.81452e+07 0.71637 0.454928 0.0365612 4.53939e-05
2.81452e+07 0.71637 0.454928 0.0365612 4.53939e-05
1.29179e+07 0.380952 0.699806 0 9.8903e-05
2.81452e+07 0.71637 0.454928 0.0365612 4.53939e-05
1.29179e+07 0.380952 0.699806 0 9.8903e-05
8.00177e+06 0 1 0 0.000159667
8.00177e+06 0 1 0 0.000159667
2.81452e+07 0.71637 0.454928 0.0365612 4.53939e-05
2.81452e+07 0.71637 0.454928 0.0365612 4.53939e-05
2.81452e+07 0.71637 0.454928 0.0365612 4.53939e-05
1.29179e+07 0.380952 0.699806 0 9.8903e-05
1.29179e+07 0.380952 0.699806 0 9.8903e-05
1.29179e+07 0.380952 0.699806 0 9.8903e-05
1.20338e+07 0.335418 0.682 0 0.000106169
2.81452e+07 0.71637 0.454928 0.0365612 4.53939e-05
1.29179e+07 0.380952 0.699806 0 9.8903e-05
2.81452e+07 0.71637 0.454928 0.0365612 4.53939e-05
1.20338e+07 0.335418 0.682 0 0.000106169
2.81452e+07 0.71637 0.454928 0.0365612 4.53939e-05
1.29179e+07 0.380952 0.699806 0 9.8903e-05
2.81452e+07 0.71637 0.454928 0.0365612 4.53939e-05
2.81452e+07 0.71637 0.454928 0.0365612 4.53939e-05
2.81452e+07 0.71637 0.454928 0.0365612 4.53939e-05
1.29179e+07 0.380952 0.699806 0 9.8903e-05
1.29179e+07 0.380952 0.699806 0 9.8903e-05
1.97214e+07 0.594837 0.529709 0.0256692 6.47834e-05
2.81452e+07 0.71637 0.454928 0.0365612 4.53939e-05
8.00177e+06 0 1 0 0.000159667
2.81452e+07 0.71637 0.454928 0.0365612 4.53939e-05
2.81452e+07 0.71637 0.454928 0.0365612 4.53939e-05
8.00177e+06 0 1 0 0.000159667
2.81452e+07 0.71637 0.454928 0.0365612 4.53939e-05
1.20338e+07 0.335418 0.682 0 0.000106169
8.00177e+06 0 1 0 0.000159667
1.20338e+07 0.335418 0.682 0 0.000106169
1.29179e+07 0.380952 0.699806 0 9.8903e-05
2.81452e+07 0.71637 0.454928 0.0365612 4.53939e-05
1.29179e+07 0.380952 0.699806 0 9.8903e-05
1.29179e+07 0.380952 0.699806 0 9.8903e-05
1.29179e+07 0.380952 0.699806 0 9.8903e-05
8.00177e+06 0 1 0 0.000159667
1.20338e+07 0.335418 0.682 0 0.000106169
1.20338e+07 0.335418 0.682 0 0.000106169
1.20338e+07 0.335418 0.682 0 0.000106169
2.81452e+07 0.71637 0.454928 0.0365612 4.53939e-05
1.20338e+07 0.335418 0.682 0 0.000106169
1.29179e+07 0.380952 0.699806 0 9.8903e-05
2.81452e+07 0.71637 0.454928 0.0365612 4.53939e-05
8.00177e+06 0 1 0 0.000159667
2.81452e+07 0.71637 0.454928 0.0365612 4.53939e-05
2.81452e+07 0.71637 0.454928 0.0365612 4.53939e-05
2.81452e+07 0.71637 0.454928 0.0365612 4.53939e-05
2.81452e+07 0.71637 0.454928 0.0365612 4.53939e-05
1.29179e+07 0.380952 0.699806 0 9.8903e-05
1.97214e+07 0.594837 0.529709 0.0256692 6.47834e-05
2.81452e+07 0.71637 0.454928 0.0365612 4.53939e-05
2.81452e+07 0.71637 0.454928 0.0365612 4.53939e-05
1.20338e+07 0.335418 0.682 0 0.000106169
2.81452e+07 0.71637 0.454928 0.0365612 4.53939e-05
2.81452e+07 0.71637 0.454928 0.0365612 4.53939e-05
2.81452e+07 0.71637 0.454928 0.0365612 4.53939e-05
1.29179e+07 0.380952 0.699806 0 9.8903e-05
2.81452e+07 0.71637 0.454928 0.0365612 4.53939e-05
1.29179e+07 0.380952 0.699806 0 9.8903e-05
1.97214e+07 0.594837 0.529709 0.0256692 6.47834e-05
2.81452e+07 0.71637 0.454928 0.0365612 4.53939e-05
2.81452e+07 0.71637 0.454928 0.0365612 4.53939e-05
1.20338e+07 0.335418 0.682 0 0.000106169
2.81452e+07 0.71637 0.454928 0.0365612 4.53939e-05
1.20338e+07 0.335418 0.682 0 0.000106169
2.81452e+07 0.71637 0.454928 0.0365612 4.53939e-05
1.29179e+07 0.380952 0.699806 0 9.8903e-05
1.97214e+07 0.594837 0.529709 0.0256692 6.47834e-05
1.20338e+07 0.335418 0.682 0 0.000106169
2.81452e+07 0.71637 0.454928 0.0365612 4.53939e-05
