1.74673e+07 0.625785 0.452381 0.0381608 7.10368e-05
2.00764e+07 0.674411 0.540812 0.0508811 6.18048e-05
1.43181e+07 0.543392 0.424625 0 8.66608e-05
7.86238e+06 0.167488 0.853564 0 0.000157817
1.20744e+07 0.458297 0.522495 0 0.000102765
1.74673e+07 0.625785 0.452381 0.0381608 7.10368e-05
1.20744e+07 0.458297 0.522495 0 0.000102765
1.74673e+07 0.625785 0.452381 0.0381608 7.10368e-05
7.86238e+06 0.167488 0.853564 0 0.000157817
7.86238e+06 0.167488 0.853564 0 0.000157817
1.74673e+07 0.625785 0.452381 0.0381608 7.10368e-05
1.74673e+07 0.625785 0.452381 0.0381608 7.10368e-05
7.86238e+06 0.167488 0.853564 0 0.000157817
8.75684e+06 0.252583 0.806168 0.025237 0.000141697
8.75684e+06 0.252583 0.806168 0.025237 0.000141697
2.00764e+07 0.674411 0.540812 0.0508811 6.18048e-05
7.86238e+06 0.167488 0.853564 0 0.000157817
7.86238e+06 0.167488 0.853564 0 0.000157817
1.20744e+07 0.458297 0.522495 0 0.000102765
1.74673e+07 0.625785 0.452381 0.0381608 7.10368e-05
1.74673e+07 0.625785 0.452381 0.0381608 7.10368e-05
1.74673e+07 0.625785 0.452381 0.0381608 7.10368e-05
7.86238e+06 0.167488 0.853564 0 0.000157817
7.86238e+06 0.167488 0.853564 0 0.000157817
7.86238e+06 0.167488 0.853564 0 0.000157817
1.74673e+07 0.625785 0.452381 0.0381608 7.10368e-05
1.74673e+07 0.625785 0.452381 0.0381608 7.10368e-05
7.86238e+06 0.167488 0.853564 0 0.000157817
1.74673e+07 0.625785 0.452381 0.0381608 7.10368e-05
7.86238e+06 0.167488 0.853564 0 0.000157817
8.35088e+06 0.216114 0.916555 0 0.000148586
6.54684e+06 0 1 0 0.00018953
1.74673e+07 0.625785 0.452381 0.0381608 7.10368e-05
1.74673e+07 0.625785 0.452381 0.0381608 7.10368e-05
1.74673e+07 0.625785 0.452381 0.0381608 7.10368e-05
7.86238e+06 0.167488 0.853564 0 0.000157817
7.86238e+06 0.167488 0.853564 0 0.000157817
7.86238e+06 0.167488 0.853564 0 0.000157817
1.20744e+07 0.458297 0.522495 0 0.000102765
1.74673e+07 0.625785 0.452381 0.0381608 7.10368e-05
7.86238e+06 0.167488 0.853564 0 0.000157817
1.74673e+07 0.625785 0.452381 0.0381608 7.10368e-05
1.20744e+07 0.458297 0.522495 0 0.000102765
1.74673e+07 0.625785 0.452381 0.0381608 7.10368e-05
7.86238e+06 0.167488 0.853564 0 0.000157817
1.74673e+07 0.625785 0.452381 0.0381608 7.10368e-05
1.74673e+07 0.625785 0.452381 0.0381608 7.10368e-05
1.74673e+07 0.625785 0.452381 0.0381608 7.10368e-05
1.06168e+07 0.383602 0.770119 0 0.000116874
7.86238e+06 0.167488 0.853564 0 0.000157817
8.75684e+06 0.252583 0.806168 0.025237 0.000141697
1.74673e+07 0.625785 0.452381 0.0381608 7.10368e-05
6.54684e+06 0 1 0 0.00018953
1.74673e+07 0.625785 0.452381 0.0381608 7.10368e-05
1.74673e+07 0.625785 0.452381 0.0381608 7.10368e-05
6.54684e+06 0 1 0 0.00018953
1.74673e+07 0.625785 0.452381 0.0381608 7.10368e-05
2.00764e+07 0.674411 0.540812 0.0508811 6.18048e-05
6.54684e+06 0 1 0 0.00018953
1.20744e+07 0.458297 0.522495 0 0.000102765
7.86238e+06 0.167488 0.853564 0 0.000157817
1.74673e+07 0.625785 0.452381 0.0381608 7.10368e-05
7.86238e+06 0.167488 0.853564 0 0.000157817
7.86238e+06 0.167488 0.853564 0 0.000157817
7.86238e+06 0.167488 0.853564 0 0.000157817
8.35088e+06 0.216114 0.916555 0 0.000148586
1.20744e+07 0.458297 0.522495 0 0.000102765
1.20744e+07 0.458297 0.522495 0 0.000102765
1.20744e+07 0.458297 0.522495 0 0.000102765
1.74673e+07 0.625785 0.452381 0.0381608 7.10368e-05
1.20744e+07 0.458297 0.522495 0 0.000102765
7.86238e+06 0.167488 0.853564 0 0.000157817
1.74673e+07 0.625785 0.452381 0.0381608 7.10368e-05
6.54684e+06 0 1 0 0.00018953
1.74673e+07 0.625785 0.452381 0.0381608 7.10368e-05
1.74673e+07 0.625785 0.452381 0.0381608 7.10368e-05
1.74673e+07 0.625785 0.452381 0.0381608 7.10368e-05
1.74673e+07 0.625785 0.452381 0.0381608 7.10368e-05
7.86238e+06 0.167488 0.853564 0 0.000157817
8.75684e+06 0.252583 0.806168 0.025237 0.000141697
1.74673e+07 0.625785 0.452381 0.0381608 7.10368e-05
1.74673e+07 0.625785 0.452381 0.0381608 7.10368e-05
2.00764e+07 0.674411 0.540812 0.0508811 6.18048e-05
1.74673e+07 0.625785 0.452381 0.0381608 7.10368e-05
1.74673e+07 0.625785 0.452381 0.0381608 7.10368e-05
1.74673e+07 0.625785 0.452381 0.0381608 7.10368e-05
7.86238e+06 0.167488 0.853564 0 0.000157817
1.74673e+07 0.625785 0.452381 0.0381608 7.10368e-05
1.06168e+07 0.383602 0.770119 0 0.000116874
8.75684e+06 0.252583 0.806168 0.025237 0.000141697
1.74673e+07 0.625785 0.452381 0.0381608 7.10368e-05
1.74673e+07 0.625785 0.452381 0.0381608 7.10368e-05
2.00764e+07 0.674411 0.540812 0.0508811 6.18048e-05
1.74673e+07 0.625785 0.452381 0.0381608 7.10368e-05
1.20744e+07 0.458297 0.522495 0 0.000102765
1.74673e+07 0.625785 0.452381 0.0381608 7.10368e-05
7.86238e+06 0.167488 0.853564 0 0.000157817
8.75684e+06 0.252583 0.806168 0.025237 0.000141697
1.20744e+07 0.458297 0.522495 0 0.000102765
1.74673e+07 0.625785 0.452381 0.0381608 7.10368e-05
