1.18305e+07 0.368746 0.785728 0.0303783 8.43594e-05
8.93636e+06 0.164057 0.864462 0 0.00011168
1.22718e+07 0.391601 0.657795 0 8.13256e-05
9.39221e+06 0.204688 0.86051 0 0.000106259
1.16751e+07 0.360313 0.777245 0 8.54817e-05
1.18305e+07 0.368746 0.785728 0.0303783 8.43594e-05
8.93636e+06 0.164057 0.864462 0 0.00011168
1.18305e+07 0.368746 0.785728 0.0303783 8.43594e-05
9.39221e+06 0.204688 0.86051 0 0.000106259
9.39221e+06 0.204688 0.86051 0 0.000106259
1.18305e+07 0.368746 0.785728 0.0303783 8.43594e-05
1.18305e+07 0.368746 0.785728 0.0303783 8.43594e-05
9.39221e+06 0.204688 0.86051 0 0.000106259
1.31502e+07 0.432232 0.702357 0.0242572 7.58931e-05
1.31502e+07 0.432232 0.702357 0.0242572 7.58931e-05
8.93636e+06 0.164057 0.864462 0 0.00011168
9.39221e+06 0.204688 0.86051 0 0.000106259
9.39221e+06 0.204688 0.86051 0 0.000106259
8.93636e+06 0.164057 0.864462 0 0.00011168
1.18305e+07 0.368746 0.785728 0.0303783 8.43594e-05
1.18305e+07 0.368746 0.785728 0.0303783 8.43594e-05
1.18305e+07 0.368746 0.785728 0.0303783 8.43594e-05
9.39221e+06 0.204688 0.86051 0 0.000106259
9.39221e+06 0.204688 0.86051 0 0.000106259
9.39221e+06 0.204688 0.86051 0 0.000106259
1.18305e+07 0.368746 0.785728 0.0303783 8.43594e-05
1.18305e+07 0.368746 0.785728 0.0303783 8.43594e-05
9.39221e+06 0.204688 0.86051 0 0.000106259
1.18305e+07 0.368746 0.785728 0.0303783 8.43594e-05
9.39221e+06 0.204688 0.86051 0 0.000106259
7.47166e+06 0 1 0 0.000133573
7.47166e+06 0 1 0 0.000133573
1.18305e+07 0.368746 0.785728 0.0303783 8.43594e-05
1.18305e+07 0.368746 0.785728 0.0303783 8.43594e-05
1.18305e+07 0.368746 0.785728 0.0303783 8.43594e-05
9.39221e+06 0.204688 0.86051 0 0.000106259
9.39221e+06 0.204688 0.86051 0 0.000106259
9.39221e+06 0.204688 0.86051 0 0.000106259
8.93636e+06 0.164057 0.864462 0 0.00011168
1.18305e+07 0.368746 0.785728 0.0303783 8.43594e-05
9.39221e+06 0.204688 0.86051 0 0.000106259
1.18305e+07 0.368746 0.785728 0.0303783 8.43594e-05
8.93636e+06 0.164057 0.864462 0 0.00011168
1.18305e+07 0.368746 0.785728 0.0303783 8.43594e-05
9.39221e+06 0.204688 0.86051 0 0.000106259
1.18305e+07 0.368746 0.785728 0.0303783 8.43594e-05
1.18305e+07 0.368746 0.785728 0.0303783 8.43594e-05
1.18305e+07 0.368746 0.785728 0.0303783 8.43594e-05
9.39221e+06 0.204688 0.86051 0 0.000106259
9.39221e+06 0.204688 0.86051 0 0.000106259
1.31502e+07 0.432232 0.702357 0.0242572 7.58931e-05
1.18305e+07 0.368746 0.785728 0.0303783 8.43594e-05
9.29499e+06 0.196256 0.912783 0 0.000107371
1.18305e+07 0.368746 0.785728 0.0303783 8.43594e-05
1.18305e+07 0.368746 0.785728 0.0303783 8.43594e-05
7.47166e+06 0 1 0 0.000133573
1.18305e+07 0.368746 0.785728 0.0303783 8.43594e-05
8.93636e+06 0.164057 0.864462 0 0.00011168
7.47166e+06 0 1 0 0.000133573
8.93636e+06 0.164057 0.864462 0 0.00011168
9.39221e+06 0.204688 0.86051 0 0.000106259
1.18305e+07 0.368746 0.785728 0.0303783 8.43594e-05
9.39221e+06 0.204688 0.86051 0 0.000106259
9.39221e+06 0.204688 0.86051 0 0.000106259
9.39221e+06 0.204688 0.86051 0 0.000106259
7.47166e+06 0 1 0 0.000133573
8.93636e+06 0.164057 0.864462 0 0.00011168
8.93636e+06 0.164057 0.864462 0 0.00011168
1.16751e+07 0.360313 0.777245 0 8.54817e-05
1.18305e+07 0.368746 0.785728 0.0303783 8.43594e-05
8.93636e+06 0.164057 0.864462 0 0.00011168
9.39221e+06 0.204688 0.86051 0 0.000106259
1.18305e+07 0.368746 0.785728 0.0303783 8.43594e-05
7.47166e+06 0 1 0 0.000133573
1.18305e+07 0.368746 0.785728 0.0303783 8.43594e-05
1.18305e+07 0.368746 0.785728 0.0303783 8.43594e-05
1.18305e+07 0.368746 0.785728 0.0303783 8.43594e-05
1.18305e+07 0.368746 0.785728 0.0303783 8.43594e-05
9.39221e+06 0.204688 0.86051 0 0.000106259
1.31502e+07 0.432232 0.702357 0.0242572 7.58931e-05
1.18305e+07 0.368746 0.785728 0.0303783 8.43594e-05
1.18305e+07 0.368746 0.785728 0.0303783 8.43594e-05
8.93636e+06 0.164057 0.864462 0 0.00011168
1.18305e+07 0.368746 0.785728 0.0303783 8.43594e-05
1.18305e+07 0.368746 0.785728 0.0303783 8.43594e-05
1.18305e+07 0.368746 0.785728 0.0303783 8.43594e-05
9.39221e+06 0.204688 0.86051 0 0.000106259
1.18305e+07 0.368746 0.785728 0.0303783 8.43594e-05
9.39221e+06 0.204688 0.86051 0 0.000106259
1.31502e+07 0.432232 0.702357 0.0242572 7.58931e-05
1.18305e+07 0.368746 0.785728 0.0303783 8.43594e-05
1.18305e+07 0.368746 0.785728 0.0303783 8.43594e-05
8.93636e+06 0.164057 0.864462 0 0.00011168
1.18305e+07 0.368746 0.785728 0.0303783 8.43594e-05
8.93636e+06 0.164057 0.864462 0 0.00011168
1.18305e+07 0.368746 0.785728 0.0303783 8.43594e-05
9.39221e+06 0.204688 0.86051 0 0.000106259
1.31502e+07 0.432232 0.702357 0.0242572 7.58931e-05
8.93636e+06 0.164057 0.864462 0 0.00011168
1.18305e+07 0.368746 0.785728 0.0303783 8.43594e-05
