2.63774e+07 0.661427 0.646764 0.0336109 4.34974e-05
1.12999e+07 0.208522 0.849237 0 0.000101537
1.32976e+07 0.32762 0.75511 0 8.62824e-05
1.6338e+07 0.452905 0.730305 0 7.0226e-05
1.12999e+07 0.208522 0.849237 0 0.000101537
2.63774e+07 0.661427 0.646764 0.0336109 4.34974e-05
1.12999e+07 0.208522 0.849237 0 0.000101537
2.63774e+07 0.661427 0.646764 0.0336109 4.34974e-05
1.6338e+07 0.452905 0.730305 0 7.0226e-05
1.6338e+07 0.452905 0.730305 0 7.0226e-05
2.63774e+07 0.661427 0.646764 0.0336109 4.34974e-05
2.63774e+07 0.661427 0.646764 0.0336109 4.34974e-05
1.6338e+07 0.452905 0.730305 0 7.0226e-05
2.08766e+07 0.572003 0.681753 0.0227875 5.49588e-05
2.08766e+07 0.572003 0.681753 0.0227875 5.49588e-05
1.12999e+07 0.208522 0.849237 0 0.000101537
1.6338e+07 0.452905 0.730305 0 7.0226e-05
1.6338e+07 0.452905 0.730305 0 7.0226e-05
1.12999e+07 0.208522 0.849237 0 0.000101537
2.63774e+07 0.661427 0.646764 0.0336109 4.34974e-05
2.63774e+07 0.661427 0.646764 0.0336109 4.34974e-05
2.63774e+07 0.661427 0.646764 0.0336109 4.34974e-05
1.6338e+07 0.452905 0.730305 0 7.0226e-05
1.6338e+07 0.452905 0.730305 0 7.0226e-05
1.6338e+07 0.452905 0.730305 0 7.0226e-05
2.63774e+07 0.661427 0.646764 0.0336109 4.34974e-05
2.63774e+07 0.661427 0.646764 0.0336109 4.34974e-05
1.6338e+07 0.452905 0.730305 0 7.0226e-05
2.63774e+07 0.661427 0.646764 0.0336109 4.34974e-05
1.6338e+07 0.452905 0.730305 0 7.0226e-05
8.946e+06 0 1 0 0.000128253
8.946e+06 0 1 0 0.000128253
2.63774e+07 0.661427 0.646764 0.0336109 4.34974e-05
2.63774e+07 0.661427 0.646764 0.0336109 4.34974e-05
2.63774e+07 0.661427 0.646764 0.0336109 4.34974e-05
1.6338e+07 0.452905 0.730305 0 7.0226e-05
1.6338e+07 0.452905 0.730305 0 7.0226e-05
1.6338e+07 0.452905 0.730305 0 7.0226e-05
1.12999e+07 0.208522 0.849237 0 0.000101537
2.63774e+07 0.661427 0.646764 0.0336109 4.34974e-05
1.6338e+07 0.452905 0.730305 0 7.0226e-05
2.63774e+07 0.661427 0.646764 0.0336109 4.34974e-05
1.12999e+07 0.208522 0.849237 0 0.000101537
2.63774e+07 0.661427 0.646764 0.0336109 4.34974e-05
1.6338e+07 0.452905 0.730305 0 7.0226e-05
2.63774e+07 0.661427 0.646764 0.0336109 4.34974e-05
2.63774e+07 0.661427 0.646764 0.0336109 4.34974e-05
2.63774e+07 0.661427 0.646764 0.0336109 4.34974e-05
1.6338e+07 0.452905 0.730305 0 7.0226e-05
1.6338e+07 0.452905 0.730305 0 7.0226e-05
2.08766e+07 0.572003 0.681753 0.0227875 5.49588e-05
2.63774e+07 0.661427 0.646764 0.0336109 4.34974e-05
8.946e+06 0 1 0 0.000128253
2.63774e+07 0.661427 0.646764 0.0336109 4.34974e-05
2.63774e+07 0.661427 0.646764 0.0336109 4.34974e-05
8.946e+06 0 1 0 0.000128253
2.63774e+07 0.661427 0.646764 0.0336109 4.34974e-05
1.12999e+07 0.208522 0.849237 0 0.000101537
8.946e+06 0 1 0 0.000128253
1.12999e+07 0.208522 0.849237 0 0.000101537
1.6338e+07 0.452905 0.730305 0 7.0226e-05
2.63774e+07 0.661427 0.646764 0.0336109 4.34974e-05
1.6338e+07 0.452905 0.730305 0 7.0226e-05
1.6338e+07 0.452905 0.730305 0 7.0226e-05
1.6338e+07 0.452905 0.730305 0 7.0226e-05
8.946e+06 0 1 0 0.000128253
1.12999e+07 0.208522 0.849237 0 0.000101537
1.12999e+07 0.208522 0.849237 0 0.000101537
1.12999e+07 0.208522 0.849237 0 0.000101537
2.63774e+07 0.661427 0.646764 0.0336109 4.34974e-05
1.12999e+07 0.208522 0.849237 0 0.000101537
1.6338e+07 0.452905 0.730305 0 7.0226e-05
2.63774e+07 0.661427 0.646764 0.0336109 4.34974e-05
9.86328e+06 0.0931496 0.895843 0 0.000116325
2.63774e+07 0.661427 0.646764 0.0336109 4.34974e-05
2.63774e+07 0.661427 0.646764 0.0336109 4.34974e-05
2.63774e+07 0.661427 0.646764 0.0336109 4.34974e-05
2.63774e+07 0.661427 0.646764 0.0336109 4.34974e-05
1.96846e+07 0.546055 0.686205 0.0300287 5.82868e-05
2.08766e+07 0.572003 0.681753 0.0227875 5.49588e-05
2.63774e+07 0.661427 0.646764 0.0336109 4.34974e-05
2.63774e+07 0.661427 0.646764 0.0336109 4.34974e-05
1.12999e+07 0.208522 0.849237 0 0.000101537
2.63774e+07 0.661427 0.646764 0.0336109 4.34974e-05
2.63774e+07 0.661427 0.646764 0.0336109 4.34974e-05
2.63774e+07 0.661427 0.646764 0.0336109 4.34974e-05
1.6338e+07 0.452905 0.730305 0 7.0226e-05
2.63774e+07 0.661427 0.646764 0.0336109 4.34974e-05
1.6338e+07 0.452905 0.730305 0 7.0226e-05
2.08766e+07 0.572003 0.681753 0.0227875 5.49588e-05
2.63774e+07 0.661427 0.646764 0.0336109 4.34974e-05
2.63774e+07 0.661427 0.646764 0.0336109 4.34974e-05
1.12999e+07 0.208522 0.849237 0 0.000101537
2.63774e+07 0.661427 0.646764 0.0336109 4.34974e-05
1.12999e+07 0.208522 0.849237 0 0.000101537
2.63774e+07 0.661427 0.646764 0.0336109 4.34974e-05
1.6338e+07 0.452905 0.730305 0 7.0226e-05
2.08766e+07 0.572003 0.681753 0.0227875 5.49588e-05
1.12999e+07 0.208522 0.849237 0 0.000101537
2.63774e+07 0.661427 0.646764 0.0336109 4.34974e-05
