2.41476e+07 0.589798 0.721098 0.0239647 5.37516e-05
1.58504e+07 0.374614 0.778822 0 8.1889e-05
1.58504e+07 0.374614 0.778822 0 8.1889e-05
1.26344e+07 0.215183 0.894347 0 0.000102733
1.58504e+07 0.374614 0.778822 0 8.1889e-05
2.41476e+07 0.589798 0.721098 0.0239647 5.37516e-05
1.58504e+07 0.374614 0.778822 0 8.1889e-05
2.41476e+07 0.589798 0.721098 0.0239647 5.37516e-05
1.26344e+07 0.215183 0.894347 0 0.000102733
1.26344e+07 0.215183 0.894347 0 0.000102733
2.41476e+07 0.589798 0.721098 0.0239647 5.37516e-05
2.41476e+07 0.589798 0.721098 0.0239647 5.37516e-05
1.26344e+07 0.215183 0.894347 0 0.000102733
1.26344e+07 0.215183 0.894347 0 0.000102733
1.26344e+07 0.215183 0.894347 0 0.000102733
1.58504e+07 0.374614 0.778822 0 8.1889e-05
1.26344e+07 0.215183 0.894347 0 0.000102733
1.26344e+07 0.215183 0.894347 0 0.000102733
2.11324e+07 0.531111 0.738811 0 6.14209e-05
2.41476e+07 0.589798 0.721098 0.0239647 5.37516e-05
2.41476e+07 0.589798 0.721098 0.0239647 5.37516e-05
2.41476e+07 0.589798 0.721098 0.0239647 5.37516e-05
1.26344e+07 0.215183 0.894347 0 0.000102733
1.57774e+07 0.37168 0.854337 0 8.22674e-05
1.26344e+07 0.215183 0.894347 0 0.000102733
2.41476e+07 0.589798 0.721098 0.0239647 5.37516e-05
2.41476e+07 0.589798 0.721098 0.0239647 5.37516e-05
1.26344e+07 0.215183 0.894347 0 0.000102733
2.41476e+07 0.589798 0.721098 0.0239647 5.37516e-05
1.26344e+07 0.215183 0.894347 0 0.000102733
1.17575e+07 0.156497 0.959989 0 0.000110395
9.98444e+06 0.00672448 0.92894 0 0.000129999
2.41476e+07 0.589798 0.721098 0.0239647 5.37516e-05
2.41476e+07 0.589798 0.721098 0.0239647 5.37516e-05
2.41476e+07 0.589798 0.721098 0.0239647 5.37516e-05
1.57774e+07 0.37168 0.854337 0 8.22674e-05
1.26344e+07 0.215183 0.894347 0 0.000102733
1.26344e+07 0.215183 0.894347 0 0.000102733
1.58504e+07 0.374614 0.778822 0 8.1889e-05
2.41476e+07 0.589798 0.721098 0.0239647 5.37516e-05
1.57774e+07 0.37168 0.854337 0 8.22674e-05
2.41476e+07 0.589798 0.721098 0.0239647 5.37516e-05
1.58504e+07 0.374614 0.778822 0 8.1889e-05
2.41476e+07 0.589798 0.721098 0.0239647 5.37516e-05
1.26344e+07 0.215183 0.894347 0 0.000102733
2.41476e+07 0.589798 0.721098 0.0239647 5.37516e-05
2.41476e+07 0.589798 0.721098 0.0239647 5.37516e-05
2.41476e+07 0.589798 0.721098 0.0239647 5.37516e-05
1.26344e+07 0.215183 0.894347 0 0.000102733
1.57774e+07 0.37168 0.854337 0 8.22674e-05
1.26344e+07 0.215183 0.894347 0 0.000102733
2.41476e+07 0.589798 0.721098 0.0239647 5.37516e-05
9.91837e+06 0 1 0 0.000130865
2.41476e+07 0.589798 0.721098 0.0239647 5.37516e-05
2.41476e+07 0.589798 0.721098 0.0239647 5.37516e-05
9.98444e+06 0.00672448 0.92894 0 0.000129999
2.41476e+07 0.589798 0.721098 0.0239647 5.37516e-05
1.58504e+07 0.374614 0.778822 0 8.1889e-05
9.91837e+06 0 1 0 0.000130865
1.58504e+07 0.374614 0.778822 0 8.1889e-05
1.57774e+07 0.37168 0.854337 0 8.22674e-05
2.41476e+07 0.589798 0.721098 0.0239647 5.37516e-05
1.26344e+07 0.215183 0.894347 0 0.000102733
1.57774e+07 0.37168 0.854337 0 8.22674e-05
1.26344e+07 0.215183 0.894347 0 0.000102733
9.91837e+06 0 1 0 0.000130865
1.58504e+07 0.374614 0.778822 0 8.1889e-05
2.11324e+07 0.531111 0.738811 0 6.14209e-05
1.58504e+07 0.374614 0.778822 0 8.1889e-05
2.41476e+07 0.589798 0.721098 0.0239647 5.37516e-05
1.58504e+07 0.374614 0.778822 0 8.1889e-05
1.26344e+07 0.215183 0.894347 0 0.000102733
2.41476e+07 0.589798 0.721098 0.0239647 5.37516e-05
9.91837e+06 0 1 0 0.000130865
2.41476e+07 0.589798 0.721098 0.0239647 5.37516e-05
2.41476e+07 0.589798 0.721098 0.0239647 5.37516e-05
2.41476e+07 0.589798 0.721098 0.0239647 5.37516e-05
2.41476e+07 0.589798 0.721098 0.0239647 5.37516e-05
1.26344e+07 0.215183 0.894347 0 0.000102733
1.26344e+07 0.215183 0.894347 0 0.000102733
2.41476e+07 0.589798 0.721098 0.0239647 5.37516e-05
2.41476e+07 0.589798 0.721098 0.0239647 5.37516e-05
1.58504e+07 0.374614 0.778822 0 8.1889e-05
2.41476e+07 0.589798 0.721098 0.0239647 5.37516e-05
2.41476e+07 0.589798 0.721098 0.0239647 5.37516e-05
2.41476e+07 0.589798 0.721098 0.0239647 5.37516e-05
1.26344e+07 0.215183 0.894347 0 0.000102733
2.41476e+07 0.589798 0.721098 0.0239647 5.37516e-05
1.26344e+07 0.215183 0.894347 0 0.000102733
1.26344e+07 0.215183 0.894347 0 0.000102733
2.41476e+07 0.589798 0.721098 0.0239647 5.37516e-05
2.41476e+07 0.589798 0.721098 0.0239647 5.37516e-05
1.58504e+07 0.374614 0.778822 0 8.1889e-05
2.41476e+07 0.589798 0.721098 0.0239647 5.37516e-05
1.58504e+07 0.374614 0.778822 0 8.1889e-05
2.41476e+07 0.589798 0.721098 0.0239647 5.37516e-05
1.26344e+07 0.215183 0.894347 0 0.000102733
1.26344e+07 0.215183 0.894347 0 0.000102733
1.58504e+07 0.374614 0.778822 0 8.1889e-05
2.41476e+07 0.589798 0.721098 0.0239647 5.37516e-05
