1.17761e+07 0.273654 0.864797 0 8.38917e-05
8.55674e+06 0 1 0 0.000115455
9.94051e+06 0.139368 0.909383 0 9.9383e-05
1.88905e+07 0.547309 0.864797 0.0466146 5.2297e-05
8.55674e+06 0 1 0 0.000115455
1.17761e+07 0.273654 0.864797 0 8.38917e-05
1.17783e+07 0.273654 0.906771 0 8.38759e-05
1.17761e+07 0.273654 0.864797 0 8.38917e-05
1.88905e+07 0.547309 0.864797 0.0466146 5.2297e-05
1.88905e+07 0.547309 0.864797 0.0466146 5.2297e-05
1.17761e+07 0.273654 0.864797 0 8.38917e-05
1.17761e+07 0.273654 0.864797 0 8.38917e-05
1.88905e+07 0.547309 0.864797 0.0466146 5.2297e-05
1.45691e+07 0.413022 0.820794 0.0233074 6.78089e-05
1.45691e+07 0.413022 0.820794 0.0233074 6.78089e-05
8.55674e+06 0 1 0 0.000115455
1.88905e+07 0.547309 0.864797 0.0466146 5.2297e-05
1.88905e+07 0.547309 0.864797 0.0466146 5.2297e-05
8.55674e+06 0 1 0 0.000115455
1.17761e+07 0.273654 0.864797 0 8.38917e-05
1.17761e+07 0.273654 0.864797 0 8.38917e-05
1.17761e+07 0.273654 0.864797 0 8.38917e-05
1.88905e+07 0.547309 0.864797 0.0466146 5.2297e-05
1.17761e+07 0.273654 0.864797 0 8.38917e-05
1.88905e+07 0.547309 0.864797 0.0466146 5.2297e-05
1.17761e+07 0.273654 0.864797 0 8.38917e-05
1.17761e+07 0.273654 0.864797 0 8.38917e-05
1.88905e+07 0.547309 0.864797 0.0466146 5.2297e-05
1.17761e+07 0.273654 0.864797 0 8.38917e-05
1.88905e+07 0.547309 0.864797 0.0466146 5.2297e-05
8.55674e+06 0 1 0 0.000115455
1.19186e+07 0.282206 0.909684 0.0466146 8.28886e-05
1.17761e+07 0.273654 0.864797 0 8.38917e-05
1.17761e+07 0.273654 0.864797 0 8.38917e-05
1.17761e+07 0.273654 0.864797 0 8.38917e-05
1.17761e+07 0.273654 0.864797 0 8.38917e-05
1.88905e+07 0.547309 0.864797 0.0466146 5.2297e-05
1.88905e+07 0.547309 0.864797 0.0466146 5.2297e-05
8.55674e+06 0 1 0 0.000115455
1.17761e+07 0.273654 0.864797 0 8.38917e-05
1.17761e+07 0.273654 0.864797 0 8.38917e-05
1.17761e+07 0.273654 0.864797 0 8.38917e-05
8.55674e+06 0 1 0 0.000115455
1.17761e+07 0.273654 0.864797 0 8.38917e-05
1.88905e+07 0.547309 0.864797 0.0466146 5.2297e-05
1.17761e+07 0.273654 0.864797 0 8.38917e-05
1.17761e+07 0.273654 0.864797 0 8.38917e-05
1.17761e+07 0.273654 0.864797 0 8.38917e-05
1.17761e+07 0.273654 0.864797 0 8.38917e-05
1.17761e+07 0.273654 0.864797 0 8.38917e-05
1.45691e+07 0.413022 0.820794 0.0233074 6.78089e-05
1.17761e+07 0.273654 0.864797 0 8.38917e-05
1.17783e+07 0.273654 0.906771 0 8.38759e-05
1.17761e+07 0.273654 0.864797 0 8.38917e-05
1.17761e+07 0.273654 0.864797 0 8.38917e-05
1.19186e+07 0.282206 0.909684 0.0466146 8.28886e-05
1.17761e+07 0.273654 0.864797 0 8.38917e-05
8.55674e+06 0 1 0 0.000115455
1.17783e+07 0.273654 0.906771 0 8.38759e-05
8.55674e+06 0 1 0 0.000115455
1.17761e+07 0.273654 0.864797 0 8.38917e-05
1.17761e+07 0.273654 0.864797 0 8.38917e-05
1.88905e+07 0.547309 0.864797 0.0466146 5.2297e-05
1.17761e+07 0.273654 0.864797 0 8.38917e-05
1.88905e+07 0.547309 0.864797 0.0466146 5.2297e-05
1.17783e+07 0.273654 0.906771 0 8.38759e-05
8.55674e+06 0 1 0 0.000115455
8.55674e+06 0 1 0 0.000115455
8.55674e+06 0 1 0 0.000115455
1.17761e+07 0.273654 0.864797 0 8.38917e-05
1.17783e+07 0.273654 0.906771 0 8.38759e-05
1.88905e+07 0.547309 0.864797 0.0466146 5.2297e-05
1.17761e+07 0.273654 0.864797 0 8.38917e-05
1.43809e+07 0.4054 0.78566 0 6.86967e-05
1.17761e+07 0.273654 0.864797 0 8.38917e-05
1.17761e+07 0.273654 0.864797 0 8.38917e-05
1.17761e+07 0.273654 0.864797 0 8.38917e-05
1.17761e+07 0.273654 0.864797 0 8.38917e-05
1.43809e+07 0.4054 0.813817 0.0350652 6.86967e-05
1.45691e+07 0.413022 0.820794 0.0233074 6.78089e-05
1.17761e+07 0.273654 0.864797 0 8.38917e-05
1.17761e+07 0.273654 0.864797 0 8.38917e-05
8.55674e+06 0 1 0 0.000115455
1.17761e+07 0.273654 0.864797 0 8.38917e-05
1.17761e+07 0.273654 0.864797 0 8.38917e-05
1.17761e+07 0.273654 0.864797 0 8.38917e-05
1.88905e+07 0.547309 0.864797 0.0466146 5.2297e-05
1.17761e+07 0.273654 0.864797 0 8.38917e-05
1.17761e+07 0.273654 0.864797 0 8.38917e-05
1.45691e+07 0.413022 0.820794 0.0233074 6.78089e-05
1.17761e+07 0.273654 0.864797 0 8.38917e-05
1.17761e+07 0.273654 0.864797 0 8.38917e-05
8.55674e+06 0 1 0 0.000115455
1.17761e+07 0.273654 0.864797 0 8.38917e-05
1.17783e+07 0.273654 0.906771 0 8.38759e-05
1.17761e+07 0.273654 0.864797 0 8.38917e-05
1.88905e+07 0.547309 0.864797 0.0466146 5.2297e-05
1.45691e+07 0.413022 0.820794 0.0233074 6.78089e-05
1.17783e+07 0.273654 0.906771 0 8.38759e-05
1.17761e+07 0.273654 0.864797 0 8.38917e-05
