1.33936e+07 0.240708 0.800392 0 0.000109859
1.01728e+07 0 1 0 0.00014464
1.15166e+07 0.116814 0.873577 0 0.000127764
3.8519e+07 0.736283 0.655405 0.0684659 3.81993e-05
1.01728e+07 0 1 0 0.00014464
1.33936e+07 0.240708 0.800392 0 0.000109859
2.0157e+07 0.495575 0.718082 0 7.29969e-05
1.33936e+07 0.240708 0.800392 0 0.000109859
3.8519e+07 0.736283 0.655405 0.0684659 3.81993e-05
3.8519e+07 0.736283 0.655405 0.0684659 3.81993e-05
1.33936e+07 0.240708 0.800392 0 0.000109859
1.33936e+07 0.240708 0.800392 0 0.000109859
3.8519e+07 0.736283 0.655405 0.0684659 3.81993e-05
1.58264e+07 0.357522 0.742435 0.0342329 9.29715e-05
1.58264e+07 0.357522 0.742435 0.0342329 9.29715e-05
1.01728e+07 0 1 0 0.00014464
3.8519e+07 0.736283 0.655405 0.0684659 3.81993e-05
3.8519e+07 0.736283 0.655405 0.0684659 3.81993e-05
1.01728e+07 0 1 0 0.00014464
1.33936e+07 0.240708 0.800392 0 0.000109859
1.33936e+07 0.240708 0.800392 0 0.000109859
1.33936e+07 0.240708 0.800392 0 0.000109859
3.8519e+07 0.736283 0.655405 0.0684659 3.81993e-05
1.33936e+07 0.240708 0.800392 0 0.000109859
3.8519e+07 0.736283 0.655405 0.0684659 3.81993e-05
1.33936e+07 0.240708 0.800392 0 0.000109859
1.33936e+07 0.240708 0.800392 0 0.000109859
3.8519e+07 0.736283 0.655405 0.0684659 3.81993e-05
1.33936e+07 0.240708 0.800392 0 0.000109859
3.8519e+07 0.736283 0.655405 0.0684659 3.81993e-05
1.01728e+07 0 1 0 0.00014464
2.04802e+07 0.50354 0.722612 0.0724933 7.18449e-05
1.33936e+07 0.240708 0.800392 0 0.000109859
1.33936e+07 0.240708 0.800392 0 0.000109859
1.33936e+07 0.240708 0.800392 0 0.000109859
1.33936e+07 0.240708 0.800392 0 0.000109859
3.8519e+07 0.736283 0.655405 0.0684659 3.81993e-05
3.8519e+07 0.736283 0.655405 0.0684659 3.81993e-05
1.01728e+07 0 1 0 0.00014464
1.33936e+07 0.240708 0.800392 0 0.000109859
1.33936e+07 0.240708 0.800392 0 0.000109859
1.33936e+07 0.240708 0.800392 0 0.000109859
1.01728e+07 0 1 0 0.00014464
1.33936e+07 0.240708 0.800392 0 0.000109859
3.8519e+07 0.736283 0.655405 0.0684659 3.81993e-05
1.33936e+07 0.240708 0.800392 0 0.000109859
1.33936e+07 0.240708 0.800392 0 0.000109859
1.33936e+07 0.240708 0.800392 0 0.000109859
1.33936e+07 0.240708 0.800392 0 0.000109859
1.33936e+07 0.240708 0.800392 0 0.000109859
1.58264e+07 0.357522 0.742435 0.0342329 9.29715e-05
1.33936e+07 0.240708 0.800392 0 0.000109859
2.0157e+07 0.495575 0.718082 0 7.29969e-05
1.33936e+07 0.240708 0.800392 0 0.000109859
1.33936e+07 0.240708 0.800392 0 0.000109859
2.04802e+07 0.50354 0.722612 0.0724933 7.18449e-05
1.33936e+07 0.240708 0.800392 0 0.000109859
1.01728e+07 0 1 0 0.00014464
2.3063e+07 0.559292 0.661446 0.0724933 6.37993e-05
1.01728e+07 0 1 0 0.00014464
1.33936e+07 0.240708 0.800392 0 0.000109859
1.33936e+07 0.240708 0.800392 0 0.000109859
3.8519e+07 0.736283 0.655405 0.0684659 3.81993e-05
1.33936e+07 0.240708 0.800392 0 0.000109859
3.8519e+07 0.736283 0.655405 0.0684659 3.81993e-05
2.0157e+07 0.495575 0.718082 0 7.29969e-05
1.01728e+07 0 1 0 0.00014464
1.01728e+07 0 1 0 0.00014464
1.01728e+07 0 1 0 0.00014464
1.33936e+07 0.240708 0.800392 0 0.000109859
2.0157e+07 0.495575 0.718082 0 7.29969e-05
3.8519e+07 0.736283 0.655405 0.0684659 3.81993e-05
1.33936e+07 0.240708 0.800392 0 0.000109859
2.0157e+07 0.495575 0.718082 0 7.29969e-05
1.33936e+07 0.240708 0.800392 0 0.000109859
1.33936e+07 0.240708 0.800392 0 0.000109859
1.33936e+07 0.240708 0.800392 0 0.000109859
1.33936e+07 0.240708 0.800392 0 0.000109859
1.33936e+07 0.240708 0.800392 0 0.000109859
1.58264e+07 0.357522 0.742435 0.0342329 9.29715e-05
1.33936e+07 0.240708 0.800392 0 0.000109859
1.33936e+07 0.240708 0.800392 0 0.000109859
1.01728e+07 0 1 0 0.00014464
1.33936e+07 0.240708 0.800392 0 0.000109859
1.33936e+07 0.240708 0.800392 0 0.000109859
1.33936e+07 0.240708 0.800392 0 0.000109859
3.8519e+07 0.736283 0.655405 0.0684659 3.81993e-05
1.33936e+07 0.240708 0.800392 0 0.000109859
1.33936e+07 0.240708 0.800392 0 0.000109859
1.58264e+07 0.357522 0.742435 0.0342329 9.29715e-05
1.33936e+07 0.240708 0.800392 0 0.000109859
1.33936e+07 0.240708 0.800392 0 0.000109859
1.01728e+07 0 1 0 0.00014464
1.33936e+07 0.240708 0.800392 0 0.000109859
2.0157e+07 0.495575 0.718082 0 7.29969e-05
1.33936e+07 0.240708 0.800392 0 0.000109859
3.8519e+07 0.736283 0.655405 0.0684659 3.81993e-05
1.58264e+07 0.357522 0.742435 0.0342329 9.29715e-05
2.0157e+07 0.495575 0.718082 0 7.29969e-05
1.33936e+07 0.240708 0.800392 0 0.000109859
