2.23144e+07 0.674164 0.649936 0.052313 5.24684e-05
1.06051e+07 0.313554 0.76755 0 0.0001104
1.06051e+07 0.313554 0.76755 0 0.0001104
1.58064e+07 0.539602 0.77776 0.0382243 7.40712e-05
1.06051e+07 0.313554 0.76755 0 0.0001104
2.23144e+07 0.674164 0.649936 0.052313 5.24684e-05
1.43393e+07 0.492545 0.691101 0 8.16495e-05
2.23144e+07 0.674164 0.649936 0.052313 5.24684e-05
1.58064e+07 0.539602 0.77776 0.0382243 7.40712e-05
1.58064e+07 0.539602 0.77776 0.0382243 7.40712e-05
2.23144e+07 0.674164 0.649936 0.052313 5.24684e-05
2.23144e+07 0.674164 0.649936 0.052313 5.24684e-05
1.58064e+07 0.539602 0.77776 0.0382243 7.40712e-05
1.13841e+07 0.360611 0.77776 0 0.000102846
1.13841e+07 0.360611 0.77776 0 0.000102846
1.06051e+07 0.313554 0.76755 0 0.0001104
1.58064e+07 0.539602 0.77776 0.0382243 7.40712e-05
1.58064e+07 0.539602 0.77776 0.0382243 7.40712e-05
1.06051e+07 0.313554 0.76755 0 0.0001104
2.23144e+07 0.674164 0.649936 0.052313 5.24684e-05
2.23144e+07 0.674164 0.649936 0.052313 5.24684e-05
2.23144e+07 0.674164 0.649936 0.052313 5.24684e-05
1.58064e+07 0.539602 0.77776 0.0382243 7.40712e-05
1.13841e+07 0.360611 0.77776 0 0.000102846
1.58064e+07 0.539602 0.77776 0.0382243 7.40712e-05
2.23144e+07 0.674164 0.649936 0.052313 5.24684e-05
2.23144e+07 0.674164 0.649936 0.052313 5.24684e-05
1.58064e+07 0.539602 0.77776 0.0382243 7.40712e-05
2.23144e+07 0.674164 0.649936 0.052313 5.24684e-05
1.58064e+07 0.539602 0.77776 0.0382243 7.40712e-05
7.28298e+06 0 1 0 0.000160758
8.93064e+06 0.184585 0.92594 0.0382243 0.000131099
2.23144e+07 0.674164 0.649936 0.052313 5.24684e-05
2.23144e+07 0.674164 0.649936 0.052313 5.24684e-05
2.23144e+07 0.674164 0.649936 0.052313 5.24684e-05
1.13841e+07 0.360611 0.77776 0 0.000102846
1.58064e+07 0.539602 0.77776 0.0382243 7.40712e-05
1.58064e+07 0.539602 0.77776 0.0382243 7.40712e-05
1.06051e+07 0.313554 0.76755 0 0.0001104
2.23144e+07 0.674164 0.649936 0.052313 5.24684e-05
1.13841e+07 0.360611 0.77776 0 0.000102846
2.23144e+07 0.674164 0.649936 0.052313 5.24684e-05
1.06051e+07 0.313554 0.76755 0 0.0001104
2.23144e+07 0.674164 0.649936 0.052313 5.24684e-05
1.58064e+07 0.539602 0.77776 0.0382243 7.40712e-05
2.23144e+07 0.674164 0.649936 0.052313 5.24684e-05
2.23144e+07 0.674164 0.649936 0.052313 5.24684e-05
2.23144e+07 0.674164 0.649936 0.052313 5.24684e-05
1.13841e+07 0.360611 0.77776 0 0.000102846
1.13841e+07 0.360611 0.77776 0 0.000102846
1.13841e+07 0.360611 0.77776 0 0.000102846
2.23144e+07 0.674164 0.649936 0.052313 5.24684e-05
8.86981e+06 0.178992 0.923551 0 0.000131998
2.23144e+07 0.674164 0.649936 0.052313 5.24684e-05
2.23144e+07 0.674164 0.649936 0.052313 5.24684e-05
8.93064e+06 0.184585 0.92594 0.0382243 0.000131099
2.23144e+07 0.674164 0.649936 0.052313 5.24684e-05
1.06051e+07 0.313554 0.76755 0 0.0001104
8.86981e+06 0.178992 0.923551 0 0.000131998
1.06051e+07 0.313554 0.76755 0 0.0001104
1.13841e+07 0.360611 0.77776 0 0.000102846
2.23144e+07 0.674164 0.649936 0.052313 5.24684e-05
1.58064e+07 0.539602 0.77776 0.0382243 7.40712e-05
1.13841e+07 0.360611 0.77776 0 0.000102846
1.58064e+07 0.539602 0.77776 0.0382243 7.40712e-05
8.86981e+06 0.178992 0.923551 0 0.000131998
1.06051e+07 0.313554 0.76755 0 0.0001104
1.06051e+07 0.313554 0.76755 0 0.0001104
1.06051e+07 0.313554 0.76755 0 0.0001104
2.23144e+07 0.674164 0.649936 0.052313 5.24684e-05
1.43393e+07 0.492545 0.691101 0 8.16495e-05
1.58064e+07 0.539602 0.77776 0.0382243 7.40712e-05
2.23144e+07 0.674164 0.649936 0.052313 5.24684e-05
8.86981e+06 0.178992 0.923551 0 0.000131998
2.23144e+07 0.674164 0.649936 0.052313 5.24684e-05
2.23144e+07 0.674164 0.649936 0.052313 5.24684e-05
2.23144e+07 0.674164 0.649936 0.052313 5.24684e-05
2.23144e+07 0.674164 0.649936 0.052313 5.24684e-05
1.13841e+07 0.360611 0.77776 0 0.000102846
1.13841e+07 0.360611 0.77776 0 0.000102846
2.23144e+07 0.674164 0.649936 0.052313 5.24684e-05
2.23144e+07 0.674164 0.649936 0.052313 5.24684e-05
1.06051e+07 0.313554 0.76755 0 0.0001104
2.23144e+07 0.674164 0.649936 0.052313 5.24684e-05
2.23144e+07 0.674164 0.649936 0.052313 5.24684e-05
2.23144e+07 0.674164 0.649936 0.052313 5.24684e-05
1.58064e+07 0.539602 0.77776 0.0382243 7.40712e-05
2.23144e+07 0.674164 0.649936 0.052313 5.24684e-05
1.13841e+07 0.360611 0.77776 0 0.000102846
1.13841e+07 0.360611 0.77776 0 0.000102846
2.23144e+07 0.674164 0.649936 0.052313 5.24684e-05
2.23144e+07 0.674164 0.649936 0.052313 5.24684e-05
1.06051e+07 0.313554 0.76755 0 0.0001104
2.23144e+07 0.674164 0.649936 0.052313 5.24684e-05
1.43393e+07 0.492545 0.691101 0 8.16495e-05
2.23144e+07 0.674164 0.649936 0.052313 5.24684e-05
1.58064e+07 0.539602 0.77776 0.0382243 7.40712e-05
1.13841e+07 0.360611 0.77776 0 0.000102846
1.43393e+07 0.492545 0.691101 0 8.16495e-05
2.23144e+07 0.674164 0.649936 0.052313 5.24684e-05
