1.1763e+07 0.577439 0.535619 0.054364 0.000102971
9.15018e+06 0.456482 0.658878 0.0304845 0.000132374
8.2083e+06 0.394163 0.572328 0 0.000147564
7.87275e+06 0.36813 0.778987 0.0373943 0.000153853
7.42668e+06 0.330266 0.647904 0 0.000163094
1.1763e+07 0.577439 0.535619 0.054364 0.000102971
9.06142e+06 0.451223 0.573115 0 0.000133671
1.1763e+07 0.577439 0.535619 0.054364 0.000102971
7.87275e+06 0.36813 0.778987 0.0373943 0.000153853
7.87275e+06 0.36813 0.778987 0.0373943 0.000153853
1.1763e+07 0.577439 0.535619 0.054364 0.000102971
1.1763e+07 0.577439 0.535619 0.054364 0.000102971
7.87275e+06 0.36813 0.778987 0.0373943 0.000153853
7.2206e+06 0.31107 0.740805 0.0186972 0.000167749
7.2206e+06 0.31107 0.740805 0.0186972 0.000167749
9.15018e+06 0.456482 0.658878 0.0304845 0.000132374
7.87275e+06 0.36813 0.778987 0.0373943 0.000153853
7.87275e+06 0.36813 0.778987 0.0373943 0.000153853
7.42668e+06 0.330266 0.647904 0 0.000163094
1.1763e+07 0.577439 0.535619 0.054364 0.000102971
1.1763e+07 0.577439 0.535619 0.054364 0.000102971
1.1763e+07 0.577439 0.535619 0.054364 0.000102971
7.87275e+06 0.36813 0.778987 0.0373943 0.000153853
6.60826e+06 0.247173 0.778987 0 0.000183293
7.87275e+06 0.36813 0.778987 0.0373943 0.000153853
1.1763e+07 0.577439 0.535619 0.054364 0.000102971
1.1763e+07 0.577439 0.535619 0.054364 0.000102971
7.87275e+06 0.36813 0.778987 0.0373943 0.000153853
1.1763e+07 0.577439 0.535619 0.054364 0.000102971
7.87275e+06 0.36813 0.778987 0.0373943 0.000153853
5.69507e+06 0.126216 0.950005 0 0.000212684
5.68601e+06 0.124901 0.84961 0 0.000213023
1.1763e+07 0.577439 0.535619 0.054364 0.000102971
1.1763e+07 0.577439 0.535619 0.054364 0.000102971
1.1763e+07 0.577439 0.535619 0.054364 0.000102971
6.60826e+06 0.247173 0.778987 0 0.000183293
7.87275e+06 0.36813 0.778987 0.0373943 0.000153853
7.87275e+06 0.36813 0.778987 0.0373943 0.000153853
7.42668e+06 0.330266 0.647904 0 0.000163094
1.1763e+07 0.577439 0.535619 0.054364 0.000102971
6.60826e+06 0.247173 0.778987 0 0.000183293
1.1763e+07 0.577439 0.535619 0.054364 0.000102971
7.42668e+06 0.330266 0.647904 0 0.000163094
1.1763e+07 0.577439 0.535619 0.054364 0.000102971
7.87275e+06 0.36813 0.778987 0.0373943 0.000153853
1.1763e+07 0.577439 0.535619 0.054364 0.000102971
1.1763e+07 0.577439 0.535619 0.054364 0.000102971
1.1763e+07 0.577439 0.535619 0.054364 0.000102971
7.938e+06 0.373389 0.728993 0 0.000152589
6.60826e+06 0.247173 0.778987 0 0.000183293
7.2206e+06 0.31107 0.740805 0.0186972 0.000167749
1.1763e+07 0.577439 0.535619 0.054364 0.000102971
5.66093e+06 0.120957 0.925211 0 0.000213967
1.1763e+07 0.577439 0.535619 0.054364 0.000102971
1.1763e+07 0.577439 0.535619 0.054364 0.000102971
5.68601e+06 0.124901 0.84961 0 0.000213023
1.1763e+07 0.577439 0.535619 0.054364 0.000102971
9.15018e+06 0.456482 0.658878 0.0304845 0.000132374
5.66093e+06 0.120957 0.925211 0 0.000213967
7.42668e+06 0.330266 0.647904 0 0.000163094
6.60826e+06 0.247173 0.778987 0 0.000183293
1.1763e+07 0.577439 0.535619 0.054364 0.000102971
7.87275e+06 0.36813 0.778987 0.0373943 0.000153853
6.60826e+06 0.247173 0.778987 0 0.000183293
7.87275e+06 0.36813 0.778987 0.0373943 0.000153853
6.60941e+06 0.247173 0.875217 0 0.000183261
7.42668e+06 0.330266 0.647904 0 0.000163094
7.42668e+06 0.330266 0.647904 0 0.000163094
7.42668e+06 0.330266 0.647904 0 0.000163094
1.1763e+07 0.577439 0.535619 0.054364 0.000102971
9.06142e+06 0.451223 0.573115 0 0.000133671
7.87275e+06 0.36813 0.778987 0.0373943 0.000153853
1.1763e+07 0.577439 0.535619 0.054364 0.000102971
5.66093e+06 0.120957 0.925211 0 0.000213967
1.1763e+07 0.577439 0.535619 0.054364 0.000102971
1.1763e+07 0.577439 0.535619 0.054364 0.000102971
1.1763e+07 0.577439 0.535619 0.054364 0.000102971
1.1763e+07 0.577439 0.535619 0.054364 0.000102971
6.60826e+06 0.247173 0.778987 0 0.000183293
7.2206e+06 0.31107 0.740805 0.0186972 0.000167749
1.1763e+07 0.577439 0.535619 0.054364 0.000102971
1.1763e+07 0.577439 0.535619 0.054364 0.000102971
9.15018e+06 0.456482 0.658878 0.0304845 0.000132374
1.1763e+07 0.577439 0.535619 0.054364 0.000102971
1.1763e+07 0.577439 0.535619 0.054364 0.000102971
1.1763e+07 0.577439 0.535619 0.054364 0.000102971
7.87275e+06 0.36813 0.778987 0.0373943 0.000153853
1.1763e+07 0.577439 0.535619 0.054364 0.000102971
7.938e+06 0.373389 0.728993 0 0.000152589
7.2206e+06 0.31107 0.740805 0.0186972 0.000167749
1.1763e+07 0.577439 0.535619 0.054364 0.000102971
1.1763e+07 0.577439 0.535619 0.054364 0.000102971
9.15018e+06 0.456482 0.658878 0.0304845 0.000132374
1.1763e+07 0.577439 0.535619 0.054364 0.000102971
9.06142e+06 0.451223 0.573115 0 0.000133671
1.1763e+07 0.577439 0.535619 0.054364 0.000102971
7.87275e+06 0.36813 0.778987 0.0373943 0.000153853
7.2206e+06 0.31107 0.740805 0.0186972 0.000167749
9.06142e+06 0.451223 0.573115 0 0.000133671
1.1763e+07 0.577439 0.535619 0.054364 0.000102971
