1.83702e+07 0.530764 0.54068 0 7.25579e-05
1.30398e+07 0.338482 0.687961 0 0.000102218
1.30398e+07 0.338482 0.687961 0 0.000102218
1.40191e+07 0.384564 0.852719 0.0509608 9.50777e-05
1.75847e+07 0.509547 0.687961 0.042504 7.57988e-05
1.83702e+07 0.530764 0.54068 0 7.25579e-05
1.83739e+07 0.530764 0.586039 0 7.2543e-05
1.83702e+07 0.530764 0.54068 0 7.25579e-05
1.40191e+07 0.384564 0.852719 0.0509608 9.50777e-05
1.40191e+07 0.384564 0.852719 0.0509608 9.50777e-05
1.83702e+07 0.530764 0.54068 0 7.25579e-05
1.83702e+07 0.530764 0.54068 0 7.25579e-05
1.40191e+07 0.384564 0.852719 0.0509608 9.50777e-05
1.06825e+07 0.192282 0.852719 0 0.000124774
1.06825e+07 0.192282 0.852719 0 0.000124774
1.30398e+07 0.338482 0.687961 0 0.000102218
1.40191e+07 0.384564 0.852719 0.0509608 9.50777e-05
1.40191e+07 0.384564 0.852719 0.0509608 9.50777e-05
1.30398e+07 0.338482 0.687961 0 0.000102218
1.83702e+07 0.530764 0.54068 0 7.25579e-05
1.83702e+07 0.530764 0.54068 0 7.25579e-05
1.83702e+07 0.530764 0.54068 0 7.25579e-05
1.40191e+07 0.384564 0.852719 0.0509608 9.50777e-05
1.06825e+07 0.192282 0.852719 0 0.000124774
1.40191e+07 0.384564 0.852719 0.0509608 9.50777e-05
1.83702e+07 0.530764 0.54068 0 7.25579e-05
1.83702e+07 0.530764 0.54068 0 7.25579e-05
1.40191e+07 0.384564 0.852719 0.0509608 9.50777e-05
1.83702e+07 0.530764 0.54068 0 7.25579e-05
1.40191e+07 0.384564 0.852719 0.0509608 9.50777e-05
8.63054e+06 0 1 0 0.00015444
1.07639e+07 0.198291 0.901263 0.0509608 0.000123831
1.83702e+07 0.530764 0.54068 0 7.25579e-05
1.83702e+07 0.530764 0.54068 0 7.25579e-05
1.83702e+07 0.530764 0.54068 0 7.25579e-05
1.06825e+07 0.192282 0.852719 0 0.000124774
1.40191e+07 0.384564 0.852719 0.0509608 9.50777e-05
1.40191e+07 0.384564 0.852719 0.0509608 9.50777e-05
1.30398e+07 0.338482 0.687961 0 0.000102218
1.83702e+07 0.530764 0.54068 0 7.25579e-05
1.06825e+07 0.192282 0.852719 0 0.000124774
1.83702e+07 0.530764 0.54068 0 7.25579e-05
1.30398e+07 0.338482 0.687961 0 0.000102218
1.83702e+07 0.530764 0.54068 0 7.25579e-05
1.40191e+07 0.384564 0.852719 0.0509608 9.50777e-05
1.83702e+07 0.530764 0.54068 0 7.25579e-05
1.83702e+07 0.530764 0.54068 0 7.25579e-05
1.83702e+07 0.530764 0.54068 0 7.25579e-05
1.06825e+07 0.192282 0.852719 0 0.000124774
1.06825e+07 0.192282 0.852719 0 0.000124774
1.06825e+07 0.192282 0.852719 0 0.000124774
1.83702e+07 0.530764 0.54068 0 7.25579e-05
1.3552e+07 0.363346 0.81307 0 9.83545e-05
1.83702e+07 0.530764 0.54068 0 7.25579e-05
1.83702e+07 0.530764 0.54068 0 7.25579e-05
1.07639e+07 0.198291 0.901263 0.0509608 0.000123831
1.83702e+07 0.530764 0.54068 0 7.25579e-05
1.30398e+07 0.338482 0.687961 0 0.000102218
1.06838e+07 0.192282 0.898078 0 0.000124759
1.30398e+07 0.338482 0.687961 0 0.000102218
1.06825e+07 0.192282 0.852719 0 0.000124774
1.83702e+07 0.530764 0.54068 0 7.25579e-05
1.40191e+07 0.384564 0.852719 0.0509608 9.50777e-05
1.06825e+07 0.192282 0.852719 0 0.000124774
1.40191e+07 0.384564 0.852719 0.0509608 9.50777e-05
1.06838e+07 0.192282 0.898078 0 0.000124759
1.30398e+07 0.338482 0.687961 0 0.000102218
1.30398e+07 0.338482 0.687961 0 0.000102218
1.75847e+07 0.509547 0.687961 0.042504 7.57988e-05
1.83702e+07 0.530764 0.54068 0 7.25579e-05
1.83739e+07 0.530764 0.586039 0 7.2543e-05
1.40191e+07 0.384564 0.852719 0.0509608 9.50777e-05
1.83702e+07 0.530764 0.54068 0 7.25579e-05
1.06838e+07 0.192282 0.898078 0 0.000124759
1.83702e+07 0.530764 0.54068 0 7.25579e-05
1.83702e+07 0.530764 0.54068 0 7.25579e-05
1.83702e+07 0.530764 0.54068 0 7.25579e-05
1.83702e+07 0.530764 0.54068 0 7.25579e-05
1.06825e+07 0.192282 0.852719 0 0.000124774
1.06825e+07 0.192282 0.852719 0 0.000124774
1.83702e+07 0.530764 0.54068 0 7.25579e-05
1.83702e+07 0.530764 0.54068 0 7.25579e-05
1.30398e+07 0.338482 0.687961 0 0.000102218
1.83702e+07 0.530764 0.54068 0 7.25579e-05
1.83702e+07 0.530764 0.54068 0 7.25579e-05
1.83702e+07 0.530764 0.54068 0 7.25579e-05
1.40191e+07 0.384564 0.852719 0.0509608 9.50777e-05
1.83702e+07 0.530764 0.54068 0 7.25579e-05
1.06825e+07 0.192282 0.852719 0 0.000124774
1.06825e+07 0.192282 0.852719 0 0.000124774
1.83702e+07 0.530764 0.54068 0 7.25579e-05
1.83702e+07 0.530764 0.54068 0 7.25579e-05
1.30398e+07 0.338482 0.687961 0 0.000102218
1.83702e+07 0.530764 0.54068 0 7.25579e-05
1.83739e+07 0.530764 0.586039 0 7.2543e-05
1.83702e+07 0.530764 0.54068 0 7.25579e-05
1.40191e+07 0.384564 0.852719 0.0509608 9.50777e-05
1.06825e+07 0.192282 0.852719 0 0.000124774
1.83739e+07 0.530764 0.586039 0 7.2543e-05
1.83702e+07 0.530764 0.54068 0 7.25579e-05
