1.66755e+07 0.406518 0.782068 0 8.13683e-05
1.22082e+07 0.188933 0.889023 0 0.000111143
1.46313e+07 0.323471 0.802439 0 9.27369e-05
1.75275e+07 0.43517 0.893045 0.036999 7.74131e-05
1.22082e+07 0.188933 0.889023 0 0.000111143
1.66755e+07 0.406518 0.782068 0 8.13683e-05
1.66786e+07 0.406518 0.815025 0 8.13534e-05
1.66755e+07 0.406518 0.782068 0 8.13683e-05
1.75275e+07 0.43517 0.893045 0.036999 7.74131e-05
1.75275e+07 0.43517 0.893045 0.036999 7.74131e-05
1.66755e+07 0.406518 0.782068 0 8.13683e-05
1.66755e+07 0.406518 0.782068 0 8.13683e-05
1.75275e+07 0.43517 0.893045 0.036999 7.74131e-05
1.52777e+07 0.352122 0.806461 0 8.88133e-05
1.52777e+07 0.352122 0.806461 0 8.88133e-05
1.22082e+07 0.188933 0.889023 0 0.000111143
1.75275e+07 0.43517 0.893045 0.036999 7.74131e-05
1.75275e+07 0.43517 0.893045 0.036999 7.74131e-05
1.22082e+07 0.188933 0.889023 0 0.000111143
1.66755e+07 0.406518 0.782068 0 8.13683e-05
1.66755e+07 0.406518 0.782068 0 8.13683e-05
1.66755e+07 0.406518 0.782068 0 8.13683e-05
1.75275e+07 0.43517 0.893045 0.036999 7.74131e-05
1.26546e+07 0.217585 0.893045 0 0.000107223
1.75275e+07 0.43517 0.893045 0.036999 7.74131e-05
1.66755e+07 0.406518 0.782068 0 8.13683e-05
1.66755e+07 0.406518 0.782068 0 8.13683e-05
1.75275e+07 0.43517 0.893045 0.036999 7.74131e-05
1.66755e+07 0.406518 0.782068 0 8.13683e-05
1.75275e+07 0.43517 0.893045 0.036999 7.74131e-05
9.90388e+06 0 1 0 0.000137003
1.27673e+07 0.224385 0.928315 0.036999 0.000106276
1.66755e+07 0.406518 0.782068 0 8.13683e-05
1.66755e+07 0.406518 0.782068 0 8.13683e-05
1.66755e+07 0.406518 0.782068 0 8.13683e-05
1.26546e+07 0.217585 0.893045 0 0.000107223
1.75275e+07 0.43517 0.893045 0.036999 7.74131e-05
1.75275e+07 0.43517 0.893045 0.036999 7.74131e-05
1.22082e+07 0.188933 0.889023 0 0.000111143
1.66755e+07 0.406518 0.782068 0 8.13683e-05
1.26546e+07 0.217585 0.893045 0 0.000107223
1.66755e+07 0.406518 0.782068 0 8.13683e-05
1.22082e+07 0.188933 0.889023 0 0.000111143
1.66755e+07 0.406518 0.782068 0 8.13683e-05
1.75275e+07 0.43517 0.893045 0.036999 7.74131e-05
1.66755e+07 0.406518 0.782068 0 8.13683e-05
1.66755e+07 0.406518 0.782068 0 8.13683e-05
1.66755e+07 0.406518 0.782068 0 8.13683e-05
1.26546e+07 0.217585 0.893045 0 0.000107223
1.26546e+07 0.217585 0.893045 0 0.000107223
1.52777e+07 0.352122 0.806461 0 8.88133e-05
1.66755e+07 0.406518 0.782068 0 8.13683e-05
1.26563e+07 0.217585 0.926002 0 0.000107208
1.66755e+07 0.406518 0.782068 0 8.13683e-05
1.66755e+07 0.406518 0.782068 0 8.13683e-05
1.27673e+07 0.224385 0.928315 0.036999 0.000106276
1.66755e+07 0.406518 0.782068 0 8.13683e-05
1.22082e+07 0.188933 0.889023 0 0.000111143
1.26563e+07 0.217585 0.926002 0 0.000107208
1.22082e+07 0.188933 0.889023 0 0.000111143
1.26546e+07 0.217585 0.893045 0 0.000107223
1.66755e+07 0.406518 0.782068 0 8.13683e-05
1.75275e+07 0.43517 0.893045 0.036999 7.74131e-05
1.26546e+07 0.217585 0.893045 0 0.000107223
1.75275e+07 0.43517 0.893045 0.036999 7.74131e-05
1.26563e+07 0.217585 0.926002 0 0.000107208
1.22082e+07 0.188933 0.889023 0 0.000111143
1.22082e+07 0.188933 0.889023 0 0.000111143
1.22082e+07 0.188933 0.889023 0 0.000111143
1.66755e+07 0.406518 0.782068 0 8.13683e-05
1.66786e+07 0.406518 0.815025 0 8.13534e-05
1.75275e+07 0.43517 0.893045 0.036999 7.74131e-05
1.66755e+07 0.406518 0.782068 0 8.13683e-05
1.26563e+07 0.217585 0.926002 0 0.000107208
1.66755e+07 0.406518 0.782068 0 8.13683e-05
1.66755e+07 0.406518 0.782068 0 8.13683e-05
1.66755e+07 0.406518 0.782068 0 8.13683e-05
1.66755e+07 0.406518 0.782068 0 8.13683e-05
1.26546e+07 0.217585 0.893045 0 0.000107223
1.52777e+07 0.352122 0.806461 0 8.88133e-05
1.66755e+07 0.406518 0.782068 0 8.13683e-05
1.66755e+07 0.406518 0.782068 0 8.13683e-05
1.22082e+07 0.188933 0.889023 0 0.000111143
1.66755e+07 0.406518 0.782068 0 8.13683e-05
1.66755e+07 0.406518 0.782068 0 8.13683e-05
1.66755e+07 0.406518 0.782068 0 8.13683e-05
1.75275e+07 0.43517 0.893045 0.036999 7.74131e-05
1.66755e+07 0.406518 0.782068 0 8.13683e-05
1.26546e+07 0.217585 0.893045 0 0.000107223
1.52777e+07 0.352122 0.806461 0 8.88133e-05
1.66755e+07 0.406518 0.782068 0 8.13683e-05
1.66755e+07 0.406518 0.782068 0 8.13683e-05
1.22082e+07 0.188933 0.889023 0 0.000111143
1.66755e+07 0.406518 0.782068 0 8.13683e-05
1.66786e+07 0.406518 0.815025 0 8.13534e-05
1.66755e+07 0.406518 0.782068 0 8.13683e-05
1.75275e+07 0.43517 0.893045 0.036999 7.74131e-05
1.52777e+07 0.352122 0.806461 0 8.88133e-05
1.66786e+07 0.406518 0.815025 0 8.13534e-05
1.66755e+07 0.406518 0.782068 0 8.13683e-05
