3.83362e+07 0.742111 0.607436 0.0364005 3.06026e-05
1.91374e+07 0.482581 0.679197 0 6.13034e-05
1.91374e+07 0.482581 0.679197 0 6.13034e-05
1.33806e+07 0.25953 0.855438 0 8.76787e-05
1.91374e+07 0.482581 0.679197 0 6.13034e-05
3.83362e+07 0.742111 0.607436 0.0364005 3.06026e-05
1.91374e+07 0.482581 0.679197 0 6.13034e-05
3.83362e+07 0.742111 0.607436 0.0364005 3.06026e-05
1.33806e+07 0.25953 0.855438 0 8.76787e-05
1.33806e+07 0.25953 0.855438 0 8.76787e-05
3.83362e+07 0.742111 0.607436 0.0364005 3.06026e-05
3.83362e+07 0.742111 0.607436 0.0364005 3.06026e-05
1.33806e+07 0.25953 0.855438 0 8.76787e-05
1.33806e+07 0.25953 0.855438 0 8.76787e-05
1.33806e+07 0.25953 0.855438 0 8.76787e-05
1.91374e+07 0.482581 0.679197 0 6.13034e-05
1.33806e+07 0.25953 0.855438 0 8.76787e-05
1.33806e+07 0.25953 0.855438 0 8.76787e-05
1.91374e+07 0.482581 0.679197 0 6.13034e-05
3.83362e+07 0.742111 0.607436 0.0364005 3.06026e-05
3.83362e+07 0.742111 0.607436 0.0364005 3.06026e-05
3.83362e+07 0.742111 0.607436 0.0364005 3.06026e-05
1.33806e+07 0.25953 0.855438 0 8.76787e-05
1.33806e+07 0.25953 0.855438 0 8.76787e-05
1.33806e+07 0.25953 0.855438 0 8.76787e-05
3.83362e+07 0.742111 0.607436 0.0364005 3.06026e-05
3.83362e+07 0.742111 0.607436 0.0364005 3.06026e-05
1.33806e+07 0.25953 0.855438 0 8.76787e-05
3.83362e+07 0.742111 0.607436 0.0364005 3.06026e-05
1.33806e+07 0.25953 0.855438 0 8.76787e-05
9.91138e+06 0 1 0 0.000118368
9.91138e+06 0 1 0 0.000118368
3.83362e+07 0.742111 0.607436 0.0364005 3.06026e-05
3.83362e+07 0.742111 0.607436 0.0364005 3.06026e-05
3.83362e+07 0.742111 0.607436 0.0364005 3.06026e-05
1.33806e+07 0.25953 0.855438 0 8.76787e-05
1.33806e+07 0.25953 0.855438 0 8.76787e-05
1.33806e+07 0.25953 0.855438 0 8.76787e-05
1.91374e+07 0.482581 0.679197 0 6.13034e-05
3.83362e+07 0.742111 0.607436 0.0364005 3.06026e-05
1.33806e+07 0.25953 0.855438 0 8.76787e-05
3.83362e+07 0.742111 0.607436 0.0364005 3.06026e-05
1.91374e+07 0.482581 0.679197 0 6.13034e-05
3.83362e+07 0.742111 0.607436 0.0364005 3.06026e-05
1.33806e+07 0.25953 0.855438 0 8.76787e-05
3.83362e+07 0.742111 0.607436 0.0364005 3.06026e-05
3.83362e+07 0.742111 0.607436 0.0364005 3.06026e-05
3.83362e+07 0.742111 0.607436 0.0364005 3.06026e-05
1.33806e+07 0.25953 0.855438 0 8.76787e-05
1.33806e+07 0.25953 0.855438 0 8.76787e-05
1.33806e+07 0.25953 0.855438 0 8.76787e-05
3.83362e+07 0.742111 0.607436 0.0364005 3.06026e-05
9.91138e+06 0 1 0 0.000118368
3.83362e+07 0.742111 0.607436 0.0364005 3.06026e-05
3.83362e+07 0.742111 0.607436 0.0364005 3.06026e-05
9.91138e+06 0 1 0 0.000118368
3.83362e+07 0.742111 0.607436 0.0364005 3.06026e-05
1.91374e+07 0.482581 0.679197 0 6.13034e-05
9.91138e+06 0 1 0 0.000118368
1.91374e+07 0.482581 0.679197 0 6.13034e-05
1.33806e+07 0.25953 0.855438 0 8.76787e-05
3.83362e+07 0.742111 0.607436 0.0364005 3.06026e-05
1.33806e+07 0.25953 0.855438 0 8.76787e-05
1.33806e+07 0.25953 0.855438 0 8.76787e-05
1.33806e+07 0.25953 0.855438 0 8.76787e-05
9.91138e+06 0 1 0 0.000118368
2.40634e+07 0.588844 0.54217 0 4.87541e-05
1.91374e+07 0.482581 0.679197 0 6.13034e-05
1.91374e+07 0.482581 0.679197 0 6.13034e-05
3.83362e+07 0.742111 0.607436 0.0364005 3.06026e-05
1.91374e+07 0.482581 0.679197 0 6.13034e-05
1.33806e+07 0.25953 0.855438 0 8.76787e-05
3.83362e+07 0.742111 0.607436 0.0364005 3.06026e-05
9.91138e+06 0 1 0 0.000118368
3.83362e+07 0.742111 0.607436 0.0364005 3.06026e-05
3.83362e+07 0.742111 0.607436 0.0364005 3.06026e-05
3.83362e+07 0.742111 0.607436 0.0364005 3.06026e-05
3.83362e+07 0.742111 0.607436 0.0364005 3.06026e-05
1.33806e+07 0.25953 0.855438 0 8.76787e-05
1.33806e+07 0.25953 0.855438 0 8.76787e-05
3.83362e+07 0.742111 0.607436 0.0364005 3.06026e-05
3.83362e+07 0.742111 0.607436 0.0364005 3.06026e-05
1.91374e+07 0.482581 0.679197 0 6.13034e-05
3.83362e+07 0.742111 0.607436 0.0364005 3.06026e-05
3.83362e+07 0.742111 0.607436 0.0364005 3.06026e-05
3.83362e+07 0.742111 0.607436 0.0364005 3.06026e-05
1.33806e+07 0.25953 0.855438 0 8.76787e-05
3.83362e+07 0.742111 0.607436 0.0364005 3.06026e-05
1.33806e+07 0.25953 0.855438 0 8.76787e-05
1.33806e+07 0.25953 0.855438 0 8.76787e-05
3.83362e+07 0.742111 0.607436 0.0364005 3.06026e-05
3.83362e+07 0.742111 0.607436 0.0364005 3.06026e-05
1.91374e+07 0.482581 0.679197 0 6.13034e-05
3.83362e+07 0.742111 0.607436 0.0364005 3.06026e-05
1.91374e+07 0.482581 0.679197 0 6.13034e-05
3.83362e+07 0.742111 0.607436 0.0364005 3.06026e-05
1.33806e+07 0.25953 0.855438 0 8.76787e-05
1.33806e+07 0.25953 0.855438 0 8.76787e-05
1.91374e+07 0.482581 0.679197 0 6.13034e-05
3.83362e+07 0.742111 0.607436 0.0364005 3.06026e-05
