2.42785e+07 0.667458 0.604593 0.0255012 5.74501e-05
1.19008e+07 0.320665 0.763133 0 0.000117202
1.37205e+07 0.410926 0.691235 0 0.000101658
1.23762e+07 0.346793 0.790458 0 0.000112701
1.19008e+07 0.320665 0.763133 0 0.000117202
2.42785e+07 0.667458 0.604593 0.0255012 5.74501e-05
1.19008e+07 0.320665 0.763133 0 0.000117202
2.42785e+07 0.667458 0.604593 0.0255012 5.74501e-05
1.23762e+07 0.346793 0.790458 0 0.000112701
1.23762e+07 0.346793 0.790458 0 0.000112701
2.42785e+07 0.667458 0.604593 0.0255012 5.74501e-05
2.42785e+07 0.667458 0.604593 0.0255012 5.74501e-05
1.23762e+07 0.346793 0.790458 0 0.000112701
1.43582e+07 0.437055 0.754169 0.0178045 9.71434e-05
1.43582e+07 0.437055 0.754169 0.0178045 9.71434e-05
1.19008e+07 0.320665 0.763133 0 0.000117202
1.23762e+07 0.346793 0.790458 0 0.000112701
1.23762e+07 0.346793 0.790458 0 0.000112701
1.19008e+07 0.320665 0.763133 0 0.000117202
2.42785e+07 0.667458 0.604593 0.0255012 5.74501e-05
2.42785e+07 0.667458 0.604593 0.0255012 5.74501e-05
2.42785e+07 0.667458 0.604593 0.0255012 5.74501e-05
1.23762e+07 0.346793 0.790458 0 0.000112701
1.23762e+07 0.346793 0.790458 0 0.000112701
1.23762e+07 0.346793 0.790458 0 0.000112701
2.42785e+07 0.667458 0.604593 0.0255012 5.74501e-05
2.42785e+07 0.667458 0.604593 0.0255012 5.74501e-05
1.23762e+07 0.346793 0.790458 0 0.000112701
2.42785e+07 0.667458 0.604593 0.0255012 5.74501e-05
1.23762e+07 0.346793 0.790458 0 0.000112701
8.08854e+06 0 1 0 0.000172442
8.13249e+06 0.00549287 0.929091 0 0.00017151
2.42785e+07 0.667458 0.604593 0.0255012 5.74501e-05
2.42785e+07 0.667458 0.604593 0.0255012 5.74501e-05
2.42785e+07 0.667458 0.604593 0.0255012 5.74501e-05
1.23762e+07 0.346793 0.790458 0 0.000112701
1.23762e+07 0.346793 0.790458 0 0.000112701
1.23762e+07 0.346793 0.790458 0 0.000112701
1.19008e+07 0.320665 0.763133 0 0.000117202
2.42785e+07 0.667458 0.604593 0.0255012 5.74501e-05
1.23762e+07 0.346793 0.790458 0 0.000112701
2.42785e+07 0.667458 0.604593 0.0255012 5.74501e-05
1.19008e+07 0.320665 0.763133 0 0.000117202
2.42785e+07 0.667458 0.604593 0.0255012 5.74501e-05
1.23762e+07 0.346793 0.790458 0 0.000112701
2.42785e+07 0.667458 0.604593 0.0255012 5.74501e-05
2.42785e+07 0.667458 0.604593 0.0255012 5.74501e-05
2.42785e+07 0.667458 0.604593 0.0255012 5.74501e-05
1.23762e+07 0.346793 0.790458 0 0.000112701
1.23762e+07 0.346793 0.790458 0 0.000112701
1.43582e+07 0.437055 0.754169 0.0178045 9.71434e-05
2.42785e+07 0.667458 0.604593 0.0255012 5.74501e-05
8.08854e+06 0 1 0 0.000172442
2.42785e+07 0.667458 0.604593 0.0255012 5.74501e-05
2.42785e+07 0.667458 0.604593 0.0255012 5.74501e-05
8.13249e+06 0.00549287 0.929091 0 0.00017151
2.42785e+07 0.667458 0.604593 0.0255012 5.74501e-05
1.19008e+07 0.320665 0.763133 0 0.000117202
8.08854e+06 0 1 0 0.000172442
1.19008e+07 0.320665 0.763133 0 0.000117202
1.23762e+07 0.346793 0.790458 0 0.000112701
2.42785e+07 0.667458 0.604593 0.0255012 5.74501e-05
1.23762e+07 0.346793 0.790458 0 0.000112701
1.23762e+07 0.346793 0.790458 0 0.000112701
1.23762e+07 0.346793 0.790458 0 0.000112701
8.08854e+06 0 1 0 0.000172442
1.19008e+07 0.320665 0.763133 0 0.000117202
1.19008e+07 0.320665 0.763133 0 0.000117202
1.19008e+07 0.320665 0.763133 0 0.000117202
2.42785e+07 0.667458 0.604593 0.0255012 5.74501e-05
1.19008e+07 0.320665 0.763133 0 0.000117202
1.23762e+07 0.346793 0.790458 0 0.000112701
2.42785e+07 0.667458 0.604593 0.0255012 5.74501e-05
8.08854e+06 0 1 0 0.000172442
2.42785e+07 0.667458 0.604593 0.0255012 5.74501e-05
2.42785e+07 0.667458 0.604593 0.0255012 5.74501e-05
2.42785e+07 0.667458 0.604593 0.0255012 5.74501e-05
2.42785e+07 0.667458 0.604593 0.0255012 5.74501e-05
1.23762e+07 0.346793 0.790458 0 0.000112701
1.43582e+07 0.437055 0.754169 0.0178045 9.71434e-05
2.42785e+07 0.667458 0.604593 0.0255012 5.74501e-05
2.42785e+07 0.667458 0.604593 0.0255012 5.74501e-05
1.19008e+07 0.320665 0.763133 0 0.000117202
2.42785e+07 0.667458 0.604593 0.0255012 5.74501e-05
2.42785e+07 0.667458 0.604593 0.0255012 5.74501e-05
2.42785e+07 0.667458 0.604593 0.0255012 5.74501e-05
1.23762e+07 0.346793 0.790458 0 0.000112701
2.42785e+07 0.667458 0.604593 0.0255012 5.74501e-05
1.23762e+07 0.346793 0.790458 0 0.000112701
1.43582e+07 0.437055 0.754169 0.0178045 9.71434e-05
2.42785e+07 0.667458 0.604593 0.0255012 5.74501e-05
2.42785e+07 0.667458 0.604593 0.0255012 5.74501e-05
1.19008e+07 0.320665 0.763133 0 0.000117202
2.42785e+07 0.667458 0.604593 0.0255012 5.74501e-05
1.19008e+07 0.320665 0.763133 0 0.000117202
2.42785e+07 0.667458 0.604593 0.0255012 5.74501e-05
1.23762e+07 0.346793 0.790458 0 0.000112701
1.43582e+07 0.437055 0.754169 0.0178045 9.71434e-05
1.19008e+07 0.320665 0.763133 0 0.000117202
2.42785e+07 0.667458 0.604593 0.0255012 5.74501e-05
