1.86982e+07 0.558624 0.675931 0.0291613 6.74321e-05
1.29502e+07 0.362355 0.73674 0 9.7362e-05
1.49978e+07 0.449586 0.665873 0 8.40698e-05
1.02772e+07 0.196268 0.880868 0 0.000122685
1.29502e+07 0.362355 0.73674 0 9.7362e-05
1.86982e+07 0.558624 0.675931 0.0291613 6.74321e-05
1.29502e+07 0.362355 0.73674 0 9.7362e-05
1.86982e+07 0.558624 0.675931 0.0291613 6.74321e-05
1.02772e+07 0.196268 0.880868 0 0.000122685
1.02772e+07 0.196268 0.880868 0 0.000122685
1.86982e+07 0.558624 0.675931 0.0291613 6.74321e-05
1.86982e+07 0.558624 0.675931 0.0291613 6.74321e-05
1.02772e+07 0.196268 0.880868 0 0.000122685
1.15257e+07 0.283499 0.810001 0 0.000109396
1.15257e+07 0.283499 0.810001 0 0.000109396
1.29502e+07 0.362355 0.73674 0 9.7362e-05
1.02772e+07 0.196268 0.880868 0 0.000122685
1.02772e+07 0.196268 0.880868 0 0.000122685
1.63971e+07 0.496556 0.694484 0 7.68952e-05
1.86982e+07 0.558624 0.675931 0.0291613 6.74321e-05
1.86982e+07 0.558624 0.675931 0.0291613 6.74321e-05
1.86982e+07 0.558624 0.675931 0.0291613 6.74321e-05
1.02772e+07 0.196268 0.880868 0 0.000122685
1.23347e+07 0.330469 0.838612 0 0.00010222
1.02772e+07 0.196268 0.880868 0 0.000122685
1.86982e+07 0.558624 0.675931 0.0291613 6.74321e-05
1.86982e+07 0.558624 0.675931 0.0291613 6.74321e-05
1.02772e+07 0.196268 0.880868 0 0.000122685
1.86982e+07 0.558624 0.675931 0.0291613 6.74321e-05
1.02772e+07 0.196268 0.880868 0 0.000122685
9.54202e+06 0.134201 0.957744 0 0.000132138
8.26212e+06 0 1 0 0.000152607
1.86982e+07 0.558624 0.675931 0.0291613 6.74321e-05
1.86982e+07 0.558624 0.675931 0.0291613 6.74321e-05
1.86982e+07 0.558624 0.675931 0.0291613 6.74321e-05
1.23347e+07 0.330469 0.838612 0 0.00010222
1.02772e+07 0.196268 0.880868 0 0.000122685
1.02772e+07 0.196268 0.880868 0 0.000122685
1.29502e+07 0.362355 0.73674 0 9.7362e-05
1.86982e+07 0.558624 0.675931 0.0291613 6.74321e-05
1.23347e+07 0.330469 0.838612 0 0.00010222
1.86982e+07 0.558624 0.675931 0.0291613 6.74321e-05
1.29502e+07 0.362355 0.73674 0 9.7362e-05
1.86982e+07 0.558624 0.675931 0.0291613 6.74321e-05
1.02772e+07 0.196268 0.880868 0 0.000122685
1.86982e+07 0.558624 0.675931 0.0291613 6.74321e-05
1.86982e+07 0.558624 0.675931 0.0291613 6.74321e-05
1.86982e+07 0.558624 0.675931 0.0291613 6.74321e-05
1.02772e+07 0.196268 0.880868 0 0.000122685
1.23347e+07 0.330469 0.838612 0 0.00010222
1.15257e+07 0.283499 0.810001 0 0.000109396
1.86982e+07 0.558624 0.675931 0.0291613 6.74321e-05
8.26212e+06 0 1 0 0.000152607
1.86982e+07 0.558624 0.675931 0.0291613 6.74321e-05
1.86982e+07 0.558624 0.675931 0.0291613 6.74321e-05
8.26212e+06 0 1 0 0.000152607
1.86982e+07 0.558624 0.675931 0.0291613 6.74321e-05
1.29502e+07 0.362355 0.73674 0 9.7362e-05
8.26212e+06 0 1 0 0.000152607
1.29502e+07 0.362355 0.73674 0 9.7362e-05
1.23347e+07 0.330469 0.838612 0 0.00010222
1.86982e+07 0.558624 0.675931 0.0291613 6.74321e-05
1.02772e+07 0.196268 0.880868 0 0.000122685
1.23347e+07 0.330469 0.838612 0 0.00010222
1.02772e+07 0.196268 0.880868 0 0.000122685
8.26212e+06 0 1 0 0.000152607
1.48491e+07 0.444148 0.62165 0 8.49114e-05
1.63971e+07 0.496556 0.694484 0 7.68952e-05
1.29502e+07 0.362355 0.73674 0 9.7362e-05
1.86982e+07 0.558624 0.675931 0.0291613 6.74321e-05
1.29502e+07 0.362355 0.73674 0 9.7362e-05
1.02772e+07 0.196268 0.880868 0 0.000122685
1.86982e+07 0.558624 0.675931 0.0291613 6.74321e-05
8.26212e+06 0 1 0 0.000152607
1.86982e+07 0.558624 0.675931 0.0291613 6.74321e-05
1.86982e+07 0.558624 0.675931 0.0291613 6.74321e-05
1.86982e+07 0.558624 0.675931 0.0291613 6.74321e-05
1.86982e+07 0.558624 0.675931 0.0291613 6.74321e-05
1.02772e+07 0.196268 0.880868 0 0.000122685
1.15257e+07 0.283499 0.810001 0 0.000109396
1.86982e+07 0.558624 0.675931 0.0291613 6.74321e-05
1.86982e+07 0.558624 0.675931 0.0291613 6.74321e-05
1.29502e+07 0.362355 0.73674 0 9.7362e-05
1.86982e+07 0.558624 0.675931 0.0291613 6.74321e-05
1.86982e+07 0.558624 0.675931 0.0291613 6.74321e-05
1.86982e+07 0.558624 0.675931 0.0291613 6.74321e-05
1.02772e+07 0.196268 0.880868 0 0.000122685
1.86982e+07 0.558624 0.675931 0.0291613 6.74321e-05
1.02772e+07 0.196268 0.880868 0 0.000122685
1.15257e+07 0.283499 0.810001 0 0.000109396
1.86982e+07 0.558624 0.675931 0.0291613 6.74321e-05
1.86982e+07 0.558624 0.675931 0.0291613 6.74321e-05
1.29502e+07 0.362355 0.73674 0 9.7362e-05
1.86982e+07 0.558624 0.675931 0.0291613 6.74321e-05
1.29502e+07 0.362355 0.73674 0 9.7362e-05
1.86982e+07 0.558624 0.675931 0.0291613 6.74321e-05
1.02772e+07 0.196268 0.880868 0 0.000122685
1.15257e+07 0.283499 0.810001 0 0.000109396
1.29502e+07 0.362355 0.73674 0 9.7362e-05
1.86982e+07 0.558624 0.675931 0.0291613 6.74321e-05
