3.40802e+07 0.425962 0.870604 0 3.78546e-05
1.95778e+07 0 1 0 6.58955e-05
1.95778e+07 0 1 0 6.58955e-05
7.41917e+07 0.736758 0.805042 0 1.73886e-05
1.95778e+07 0 1 0 6.58955e-05
3.40802e+07 0.425962 0.870604 0 3.78546e-05
2.84e+07 0.310795 0.934438 0 4.54257e-05
3.40802e+07 0.425962 0.870604 0 3.78546e-05
7.41917e+07 0.736758 0.805042 0 1.73886e-05
7.41917e+07 0.736758 0.805042 0 1.73886e-05
3.40802e+07 0.425962 0.870604 0 3.78546e-05
3.40802e+07 0.425962 0.870604 0 3.78546e-05
7.41917e+07 0.736758 0.805042 0 1.73886e-05
3.40802e+07 0.425962 0.870604 0 3.78546e-05
3.40802e+07 0.425962 0.870604 0 3.78546e-05
1.95778e+07 0 1 0 6.58955e-05
7.41917e+07 0.736758 0.805042 0 1.73886e-05
7.41917e+07 0.736758 0.805042 0 1.73886e-05
1.95778e+07 0 1 0 6.58955e-05
3.40802e+07 0.425962 0.870604 0 3.78546e-05
3.40802e+07 0.425962 0.870604 0 3.78546e-05
3.40802e+07 0.425962 0.870604 0 3.78546e-05
7.41917e+07 0.736758 0.805042 0 1.73886e-05
3.40802e+07 0.425962 0.870604 0 3.78546e-05
7.41917e+07 0.736758 0.805042 0 1.73886e-05
3.40802e+07 0.425962 0.870604 0 3.78546e-05
3.40802e+07 0.425962 0.870604 0 3.78546e-05
7.41917e+07 0.736758 0.805042 0 1.73886e-05
3.40802e+07 0.425962 0.870604 0 3.78546e-05
7.41917e+07 0.736758 0.805042 0 1.73886e-05
1.95778e+07 0 1 0 6.58955e-05
2.84e+07 0.310795 0.934438 0 4.54257e-05
3.40802e+07 0.425962 0.870604 0 3.78546e-05
3.40802e+07 0.425962 0.870604 0 3.78546e-05
3.40802e+07 0.425962 0.870604 0 3.78546e-05
3.40802e+07 0.425962 0.870604 0 3.78546e-05
7.41917e+07 0.736758 0.805042 0 1.73886e-05
7.41917e+07 0.736758 0.805042 0 1.73886e-05
1.95778e+07 0 1 0 6.58955e-05
3.40802e+07 0.425962 0.870604 0 3.78546e-05
3.40802e+07 0.425962 0.870604 0 3.78546e-05
3.40802e+07 0.425962 0.870604 0 3.78546e-05
1.95778e+07 0 1 0 6.58955e-05
3.40802e+07 0.425962 0.870604 0 3.78546e-05
7.41917e+07 0.736758 0.805042 0 1.73886e-05
3.40802e+07 0.425962 0.870604 0 3.78546e-05
3.40802e+07 0.425962 0.870604 0 3.78546e-05
3.40802e+07 0.425962 0.870604 0 3.78546e-05
3.40802e+07 0.425962 0.870604 0 3.78546e-05
3.40802e+07 0.425962 0.870604 0 3.78546e-05
3.40802e+07 0.425962 0.870604 0 3.78546e-05
3.40802e+07 0.425962 0.870604 0 3.78546e-05
2.84e+07 0.310795 0.934438 0 4.54257e-05
3.40802e+07 0.425962 0.870604 0 3.78546e-05
3.40802e+07 0.425962 0.870604 0 3.78546e-05
2.84e+07 0.310795 0.934438 0 4.54257e-05
3.40802e+07 0.425962 0.870604 0 3.78546e-05
1.95778e+07 0 1 0 6.58955e-05
2.84e+07 0.310795 0.934438 0 4.54257e-05
1.98231e+07 0.0125289 0.940534 0 6.50802e-05
3.40802e+07 0.425962 0.870604 0 3.78546e-05
3.40802e+07 0.425962 0.870604 0 3.78546e-05
7.41917e+07 0.736758 0.805042 0 1.73886e-05
3.40802e+07 0.425962 0.870604 0 3.78546e-05
7.41917e+07 0.736758 0.805042 0 1.73886e-05
2.84e+07 0.310795 0.934438 0 4.54257e-05
1.95778e+07 0 1 0 6.58955e-05
1.95778e+07 0 1 0 6.58955e-05
1.95778e+07 0 1 0 6.58955e-05
3.40802e+07 0.425962 0.870604 0 3.78546e-05
2.84e+07 0.310795 0.934438 0 4.54257e-05
7.41917e+07 0.736758 0.805042 0 1.73886e-05
3.40802e+07 0.425962 0.870604 0 3.78546e-05
2.84e+07 0.310795 0.934438 0 4.54257e-05
3.40802e+07 0.425962 0.870604 0 3.78546e-05
3.40802e+07 0.425962 0.870604 0 3.78546e-05
3.40802e+07 0.425962 0.870604 0 3.78546e-05
3.40802e+07 0.425962 0.870604 0 3.78546e-05
3.40802e+07 0.425962 0.870604 0 3.78546e-05
3.40802e+07 0.425962 0.870604 0 3.78546e-05
3.40802e+07 0.425962 0.870604 0 3.78546e-05
3.40802e+07 0.425962 0.870604 0 3.78546e-05
1.95778e+07 0 1 0 6.58955e-05
3.40802e+07 0.425962 0.870604 0 3.78546e-05
3.40802e+07 0.425962 0.870604 0 3.78546e-05
3.40802e+07 0.425962 0.870604 0 3.78546e-05
7.41917e+07 0.736758 0.805042 0 1.73886e-05
3.40802e+07 0.425962 0.870604 0 3.78546e-05
3.40802e+07 0.425962 0.870604 0 3.78546e-05
3.40802e+07 0.425962 0.870604 0 3.78546e-05
3.40802e+07 0.425962 0.870604 0 3.78546e-05
3.40802e+07 0.425962 0.870604 0 3.78546e-05
1.95778e+07 0 1 0 6.58955e-05
3.40802e+07 0.425962 0.870604 0 3.78546e-05
2.84e+07 0.310795 0.934438 0 4.54257e-05
3.40802e+07 0.425962 0.870604 0 3.78546e-05
7.41917e+07 0.736758 0.805042 0 1.73886e-05
3.40802e+07 0.425962 0.870604 0 3.78546e-05
2.84e+07 0.310795 0.934438 0 4.54257e-05
3.40802e+07 0.425962 0.870604 0 3.78546e-05
