2.6353e+07 0.665355 0.608945 0.0376144 4.30816e-05
1.53875e+07 0.426305 0.683099 0 7.37824e-05
1.53875e+07 0.426305 0.683099 0 7.37824e-05
1.69201e+07 0.4781 0.850617 0.0515854 6.70995e-05
1.53875e+07 0.426305 0.683099 0 7.37824e-05
2.6353e+07 0.665355 0.608945 0.0376144 4.30816e-05
2.6353e+07 0.665355 0.579928 0 4.30816e-05
2.6353e+07 0.665355 0.608945 0.0376144 4.30816e-05
1.69201e+07 0.4781 0.850617 0.0515854 6.70995e-05
1.69201e+07 0.4781 0.850617 0.0515854 6.70995e-05
2.6353e+07 0.665355 0.608945 0.0376144 4.30816e-05
2.6353e+07 0.665355 0.608945 0.0376144 4.30816e-05
1.69201e+07 0.4781 0.850617 0.0515854 6.70995e-05
1.16064e+07 0.23905 0.850617 0 9.78195e-05
1.16064e+07 0.23905 0.850617 0 9.78195e-05
1.53875e+07 0.426305 0.683099 0 7.37824e-05
1.69201e+07 0.4781 0.850617 0.0515854 6.70995e-05
1.69201e+07 0.4781 0.850617 0.0515854 6.70995e-05
1.53875e+07 0.426305 0.683099 0 7.37824e-05
2.6353e+07 0.665355 0.608945 0.0376144 4.30816e-05
2.6353e+07 0.665355 0.608945 0.0376144 4.30816e-05
2.6353e+07 0.665355 0.608945 0.0376144 4.30816e-05
1.69201e+07 0.4781 0.850617 0.0515854 6.70995e-05
1.16064e+07 0.23905 0.850617 0 9.78195e-05
1.69201e+07 0.4781 0.850617 0.0515854 6.70995e-05
2.6353e+07 0.665355 0.608945 0.0376144 4.30816e-05
2.6353e+07 0.665355 0.608945 0.0376144 4.30816e-05
1.69201e+07 0.4781 0.850617 0.0515854 6.70995e-05
2.6353e+07 0.665355 0.608945 0.0376144 4.30816e-05
1.69201e+07 0.4781 0.850617 0.0515854 6.70995e-05
8.83465e+06 0 1 0 0.000128509
1.16082e+07 0.23905 0.896829 0 9.78042e-05
2.6353e+07 0.665355 0.608945 0.0376144 4.30816e-05
2.6353e+07 0.665355 0.608945 0.0376144 4.30816e-05
2.6353e+07 0.665355 0.608945 0.0376144 4.30816e-05
1.16064e+07 0.23905 0.850617 0 9.78195e-05
1.69201e+07 0.4781 0.850617 0.0515854 6.70995e-05
1.69201e+07 0.4781 0.850617 0.0515854 6.70995e-05
1.53875e+07 0.426305 0.683099 0 7.37824e-05
2.6353e+07 0.665355 0.608945 0.0376144 4.30816e-05
1.16064e+07 0.23905 0.850617 0 9.78195e-05
2.6353e+07 0.665355 0.608945 0.0376144 4.30816e-05
1.53875e+07 0.426305 0.683099 0 7.37824e-05
2.6353e+07 0.665355 0.608945 0.0376144 4.30816e-05
1.69201e+07 0.4781 0.850617 0.0515854 6.70995e-05
2.6353e+07 0.665355 0.608945 0.0376144 4.30816e-05
2.6353e+07 0.665355 0.608945 0.0376144 4.30816e-05
2.6353e+07 0.665355 0.608945 0.0376144 4.30816e-05
1.16064e+07 0.23905 0.850617 0 9.78195e-05
1.16064e+07 0.23905 0.850617 0 9.78195e-05
1.16064e+07 0.23905 0.850617 0 9.78195e-05
2.6353e+07 0.665355 0.608945 0.0376144 4.30816e-05
1.16082e+07 0.23905 0.896829 0 9.78042e-05
2.6353e+07 0.665355 0.608945 0.0376144 4.30816e-05
2.6353e+07 0.665355 0.608945 0.0376144 4.30816e-05
1.16082e+07 0.23905 0.896829 0 9.78042e-05
2.6353e+07 0.665355 0.608945 0.0376144 4.30816e-05
1.53875e+07 0.426305 0.683099 0 7.37824e-05
1.16082e+07 0.23905 0.896829 0 9.78042e-05
1.55757e+07 0.433352 0.614668 0 7.28912e-05
1.16064e+07 0.23905 0.850617 0 9.78195e-05
2.6353e+07 0.665355 0.608945 0.0376144 4.30816e-05
1.69201e+07 0.4781 0.850617 0.0515854 6.70995e-05
1.16064e+07 0.23905 0.850617 0 9.78195e-05
1.69201e+07 0.4781 0.850617 0.0515854 6.70995e-05
1.16082e+07 0.23905 0.896829 0 9.78042e-05
1.53875e+07 0.426305 0.683099 0 7.37824e-05
1.53875e+07 0.426305 0.683099 0 7.37824e-05
1.53875e+07 0.426305 0.683099 0 7.37824e-05
2.6353e+07 0.665355 0.608945 0.0376144 4.30816e-05
2.6353e+07 0.665355 0.579928 0 4.30816e-05
1.69201e+07 0.4781 0.850617 0.0515854 6.70995e-05
2.6353e+07 0.665355 0.608945 0.0376144 4.30816e-05
1.16082e+07 0.23905 0.896829 0 9.78042e-05
2.6353e+07 0.665355 0.608945 0.0376144 4.30816e-05
2.6353e+07 0.665355 0.608945 0.0376144 4.30816e-05
2.6353e+07 0.665355 0.608945 0.0376144 4.30816e-05
2.6353e+07 0.665355 0.608945 0.0376144 4.30816e-05
1.16064e+07 0.23905 0.850617 0 9.78195e-05
1.16064e+07 0.23905 0.850617 0 9.78195e-05
2.6353e+07 0.665355 0.608945 0.0376144 4.30816e-05
2.6353e+07 0.665355 0.608945 0.0376144 4.30816e-05
1.53875e+07 0.426305 0.683099 0 7.37824e-05
2.6353e+07 0.665355 0.608945 0.0376144 4.30816e-05
2.6353e+07 0.665355 0.608945 0.0376144 4.30816e-05
2.6353e+07 0.665355 0.608945 0.0376144 4.30816e-05
1.69201e+07 0.4781 0.850617 0.0515854 6.70995e-05
2.6353e+07 0.665355 0.608945 0.0376144 4.30816e-05
1.16064e+07 0.23905 0.850617 0 9.78195e-05
1.16064e+07 0.23905 0.850617 0 9.78195e-05
2.6353e+07 0.665355 0.608945 0.0376144 4.30816e-05
2.6353e+07 0.665355 0.608945 0.0376144 4.30816e-05
1.53875e+07 0.426305 0.683099 0 7.37824e-05
2.6353e+07 0.665355 0.608945 0.0376144 4.30816e-05
2.6353e+07 0.665355 0.579928 0 4.30816e-05
2.6353e+07 0.665355 0.608945 0.0376144 4.30816e-05
1.69201e+07 0.4781 0.850617 0.0515854 6.70995e-05
1.16064e+07 0.23905 0.850617 0 9.78195e-05
2.6353e+07 0.665355 0.579928 0 4.30816e-05
2.6353e+07 0.665355 0.608945 0.0376144 4.30816e-05
