3.49935e+07 0.758201 0.589193 0.0261856 3.65625e-05
1.31697e+07 0.355972 0.761139 0 9.71509e-05
1.31697e+07 0.355972 0.761139 0 9.71509e-05
1.41874e+07 0.40223 0.775682 0 9.0182e-05
1.31697e+07 0.355972 0.761139 0 9.71509e-05
3.49935e+07 0.758201 0.589193 0.0261856 3.65625e-05
1.31697e+07 0.355972 0.761139 0 9.71509e-05
3.49935e+07 0.758201 0.589193 0.0261856 3.65625e-05
1.41874e+07 0.40223 0.775682 0 9.0182e-05
1.41874e+07 0.40223 0.775682 0 9.0182e-05
3.49935e+07 0.758201 0.589193 0.0261856 3.65625e-05
3.49935e+07 0.758201 0.589193 0.0261856 3.65625e-05
1.41874e+07 0.40223 0.775682 0 9.0182e-05
1.41874e+07 0.40223 0.775682 0 9.0182e-05
1.41874e+07 0.40223 0.775682 0 9.0182e-05
1.31697e+07 0.355972 0.761139 0 9.71509e-05
1.41874e+07 0.40223 0.775682 0 9.0182e-05
1.41874e+07 0.40223 0.775682 0 9.0182e-05
1.31697e+07 0.355972 0.761139 0 9.71509e-05
3.49935e+07 0.758201 0.589193 0.0261856 3.65625e-05
3.49935e+07 0.758201 0.589193 0.0261856 3.65625e-05
3.49935e+07 0.758201 0.589193 0.0261856 3.65625e-05
1.41874e+07 0.40223 0.775682 0 9.0182e-05
1.41874e+07 0.40223 0.775682 0 9.0182e-05
1.41874e+07 0.40223 0.775682 0 9.0182e-05
3.49935e+07 0.758201 0.589193 0.0261856 3.65625e-05
3.49935e+07 0.758201 0.589193 0.0261856 3.65625e-05
1.41874e+07 0.40223 0.775682 0 9.0182e-05
3.49935e+07 0.758201 0.589193 0.0261856 3.65625e-05
1.41874e+07 0.40223 0.775682 0 9.0182e-05
8.48668e+06 0 1 0 0.00015076
8.48668e+06 0 1 0 0.00015076
3.49935e+07 0.758201 0.589193 0.0261856 3.65625e-05
3.49935e+07 0.758201 0.589193 0.0261856 3.65625e-05
3.49935e+07 0.758201 0.589193 0.0261856 3.65625e-05
1.41874e+07 0.40223 0.775682 0 9.0182e-05
1.41874e+07 0.40223 0.775682 0 9.0182e-05
1.41874e+07 0.40223 0.775682 0 9.0182e-05
1.31697e+07 0.355972 0.761139 0 9.71509e-05
3.49935e+07 0.758201 0.589193 0.0261856 3.65625e-05
1.41874e+07 0.40223 0.775682 0 9.0182e-05
3.49935e+07 0.758201 0.589193 0.0261856 3.65625e-05
1.31697e+07 0.355972 0.761139 0 9.71509e-05
3.49935e+07 0.758201 0.589193 0.0261856 3.65625e-05
1.41874e+07 0.40223 0.775682 0 9.0182e-05
3.49935e+07 0.758201 0.589193 0.0261856 3.65625e-05
3.49935e+07 0.758201 0.589193 0.0261856 3.65625e-05
3.49935e+07 0.758201 0.589193 0.0261856 3.65625e-05
1.41874e+07 0.40223 0.775682 0 9.0182e-05
1.41874e+07 0.40223 0.775682 0 9.0182e-05
1.41874e+07 0.40223 0.775682 0 9.0182e-05
3.49935e+07 0.758201 0.589193 0.0261856 3.65625e-05
8.48668e+06 0 1 0 0.00015076
3.49935e+07 0.758201 0.589193 0.0261856 3.65625e-05
3.49935e+07 0.758201 0.589193 0.0261856 3.65625e-05
8.48668e+06 0 1 0 0.00015076
3.49935e+07 0.758201 0.589193 0.0261856 3.65625e-05
1.31697e+07 0.355972 0.761139 0 9.71509e-05
8.48668e+06 0 1 0 0.00015076
1.31697e+07 0.355972 0.761139 0 9.71509e-05
1.41874e+07 0.40223 0.775682 0 9.0182e-05
3.49935e+07 0.758201 0.589193 0.0261856 3.65625e-05
1.41874e+07 0.40223 0.775682 0 9.0182e-05
1.41874e+07 0.40223 0.775682 0 9.0182e-05
1.41874e+07 0.40223 0.775682 0 9.0182e-05
8.48668e+06 0 1 0 0.00015076
1.31697e+07 0.355972 0.761139 0 9.71509e-05
1.31697e+07 0.355972 0.761139 0 9.71509e-05
1.31697e+07 0.355972 0.761139 0 9.71509e-05
3.49935e+07 0.758201 0.589193 0.0261856 3.65625e-05
1.31697e+07 0.355972 0.761139 0 9.71509e-05
1.41874e+07 0.40223 0.775682 0 9.0182e-05
3.49935e+07 0.758201 0.589193 0.0261856 3.65625e-05
9.40605e+06 0.0979221 0.898105 0 0.000136024
3.49935e+07 0.758201 0.589193 0.0261856 3.65625e-05
3.49935e+07 0.758201 0.589193 0.0261856 3.65625e-05
3.49935e+07 0.758201 0.589193 0.0261856 3.65625e-05
3.49935e+07 0.758201 0.589193 0.0261856 3.65625e-05
1.69602e+07 0.500152 0.732763 0.0294879 7.54384e-05
1.41874e+07 0.40223 0.775682 0 9.0182e-05
3.49935e+07 0.758201 0.589193 0.0261856 3.65625e-05
3.49935e+07 0.758201 0.589193 0.0261856 3.65625e-05
1.31697e+07 0.355972 0.761139 0 9.71509e-05
3.49935e+07 0.758201 0.589193 0.0261856 3.65625e-05
3.49935e+07 0.758201 0.589193 0.0261856 3.65625e-05
3.49935e+07 0.758201 0.589193 0.0261856 3.65625e-05
1.41874e+07 0.40223 0.775682 0 9.0182e-05
3.49935e+07 0.758201 0.589193 0.0261856 3.65625e-05
1.41874e+07 0.40223 0.775682 0 9.0182e-05
1.41874e+07 0.40223 0.775682 0 9.0182e-05
3.49935e+07 0.758201 0.589193 0.0261856 3.65625e-05
3.49935e+07 0.758201 0.589193 0.0261856 3.65625e-05
1.31697e+07 0.355972 0.761139 0 9.71509e-05
3.49935e+07 0.758201 0.589193 0.0261856 3.65625e-05
1.31697e+07 0.355972 0.761139 0 9.71509e-05
3.49935e+07 0.758201 0.589193 0.0261856 3.65625e-05
1.41874e+07 0.40223 0.775682 0 9.0182e-05
1.41874e+07 0.40223 0.775682 0 9.0182e-05
1.31697e+07 0.355972 0.761139 0 9.71509e-05
3.49935e+07 0.758201 0.589193 0.0261856 3.65625e-05
