Profile Result: 
AT12 : 1 1216 0 1 0
AT14 : 3 1475.5 0 1 0
AT22 : 1 9728 0 1 0
AT24 : 1 4864 0 1 0
AT25 : 3 35548 0 1 0
AT28 : 1 3840 0 1 0
AT30 : 3 22358 0 1 0
AT33 : 1 12160 0 1 0
NULL : 5 0 0 1 0
NULL->NULL : 4 0 6600.69 1 0
NULL->AT25 : 3 35548 3072 1 0
NULL->AT30 : 3 22358 3072 1 0
AT25->AT30 : 2 39298 2933.5 1 0
AT14->AT25 : 2 25991.5 17080 1 0
AT30->AT14 : 2 14955.5 868 1 0
NULL->AT28 : 2 7680 2048 1 0
NULL->AT14 : 2 894 2048 1 0
AT33->AT25 : 1 22784 4864 1 0
AT28->AT33 : 1 16000 96 1 0
AT22->AT24 : 1 14592 1216 1 0
AT33->AT12 : 1 13376 4864 1 0
AT25->AT14 : 1 12661.5 1510 1 0
NULL->AT33 : 1 12160 1024 1 0
AT24->AT30 : 1 11392 1216 1 0
AT12->AT22 : 1 10944 2432 1 0
AT30->NULL : 1 8470 529.375 1 0
AT24->AT14 : 1 5272 304 1 0
AT14->NULL : 1 408 6528 1 0
AT30->AT14->AT25 : 2 39879.5 17948 1 0
AT33->AT25->AT30 : 1 30144 6192 1 0
AT28->AT33->AT25 : 1 26624 4960 1 0
AT25->AT14->AT25 : 1 25505.5 10814 1 0
AT33->AT12->AT22 : 1 23104 7296 1 0
AT14->AT25->AT30 : 1 21895.5 10909.5 1 0
AT22->AT24->AT30 : 1 21120 2432 1 0
AT25->AT30->AT14 : 1 18470 1788 1 0
AT28->AT33->AT12 : 1 17216 4960 1 0
AT12->AT22->AT24 : 1 15808 3648 1 0
AT22->AT24->AT14 : 1 15000 1520 1 0
AT14->AT25->AT14 : 1 13147.5 9286 1 0
AT24->AT30->AT14 : 1 11973.5 1624 1 0
AT28->AT33->AT25->AT30 : 1 33984 6288 1 0
AT25->AT14->AT25->AT30 : 1 33975.5 12419.5 1 0
AT33->AT25->AT30->AT14 : 1 30630 6652 1 0
AT25->AT30->AT14->AT25 : 1 30550 9564 1 0
AT30->AT14->AT25->AT30 : 1 28423.5 11317.5 1 0
AT33->AT12->AT22->AT24 : 1 27968 8512 1 0
AT28->AT33->AT12->AT22 : 1 26944 7392 1 0
AT14->AT25->AT14->AT25 : 1 25991.5 18590 1 0
AT24->AT30->AT14->AT25 : 1 24817.5 10928 1 0
AT12->AT22->AT24->AT30 : 1 22336 4864 1 0
AT22->AT24->AT30->AT14 : 1 21701.5 2840 1 0
AT30->AT14->AT25->AT14 : 1 20507.5 9746 1 0
AT12->AT22->AT24->AT14 : 1 16216 3952 1 0
AT33->AT25->AT30->AT14->AT25 : 1 42710 14428 1 0
AT22->AT24->AT30->AT14->AT25 : 1 34545.5 12144 1 0
AT33->AT12->AT22->AT24->AT30 : 1 34496 9728 1 0
AT28->AT33->AT25->AT30->AT14 : 1 34470 6748 1 0
AT14->AT25->AT14->AT25->AT30 : 1 34461.5 20195.5 1 0
AT30->AT14->AT25->AT14->AT25 : 1 33351.5 19050 1 0
AT24->AT30->AT14->AT25->AT30 : 1 33287.5 12533.5 1 0
AT28->AT33->AT12->AT22->AT24 : 1 31808 8608 1 0
AT25->AT30->AT14->AT25->AT14 : 1 31131.5 11074 1 0
AT33->AT12->AT22->AT24->AT14 : 1 28376 8816 1 0
AT12->AT22->AT24->AT30->AT14 : 1 22917.5 5272 1 0
AT28->AT33->AT25->AT30->AT14->AT25 : 1 46550 14524 1 0
AT25->AT30->AT14->AT25->AT14->AT25 : 1 43975.5 20378 1 0
AT33->AT25->AT30->AT14->AT25->AT14 : 1 43291.5 15938 1 0
AT22->AT24->AT30->AT14->AT25->AT30 : 1 43015.5 13749.5 1 0
AT30->AT14->AT25->AT14->AT25->AT30 : 1 41821.5 20655.5 1 0
AT28->AT33->AT12->AT22->AT24->AT30 : 1 38336 9824 1 0
AT12->AT22->AT24->AT30->AT14->AT25 : 1 35761.5 14576 1 0
AT33->AT12->AT22->AT24->AT30->AT14 : 1 35077.5 10136 1 0
AT28->AT33->AT12->AT22->AT24->AT14 : 1 32216 8912 1 0
AT33->AT25->AT30->AT14->AT25->AT14->AT25 : 1 56135.5 25242 1 0
AT25->AT30->AT14->AT25->AT14->AT25->AT30 : 1 52445.5 21983.5 1 0
AT33->AT12->AT22->AT24->AT30->AT14->AT25 : 1 47921.5 19440 1 0
AT28->AT33->AT25->AT30->AT14->AT25->AT14 : 1 47131.5 16034 1 0
AT12->AT22->AT24->AT30->AT14->AT25->AT30 : 1 44231.5 16181.5 1 0
AT28->AT33->AT12->AT22->AT24->AT30->AT14 : 1 38917.5 10232 1 0
AT33->AT25->AT30->AT14->AT25->AT14->AT25->AT30 : 1 64605.5 26847.5 1 0
AT28->AT33->AT25->AT30->AT14->AT25->AT14->AT25 : 1 59975.5 25338 1 0
AT33->AT12->AT22->AT24->AT30->AT14->AT25->AT30 : 1 56391.5 21045.5 1 0
AT28->AT33->AT12->AT22->AT24->AT30->AT14->AT25 : 1 51761.5 19536 1 0
AT28->AT33->AT25->AT30->AT14->AT25->AT14->AT25->AT30 : 1 68445.5 26943.5 1 0
AT28->AT33->AT12->AT22->AT24->AT30->AT14->AT25->AT30 : 1 60231.5 21141.5 1 0
