Profile Result: 
AT16 : 1 1408 0 1 0
AT19 : 5 32768 0 1 0
AT24 : 1 2816 0 1 0
AT30 : 1 6656 0 1 0
NULL : 6 0 0 1 0
NULL->AT19 : 6 43008 6144 1 0
AT19->NULL : 5 25088 1920 1 0
NULL->NULL : 5 0 3560 1 0
AT19->AT19 : 3 40704 1440 1 0
AT24->NULL : 2 5632 880 1 0
AT19->AT30 : 1 16896 1280 1 0
AT19->AT16 : 1 8576 896 1 0
AT30->NULL : 1 6656 416 1 0
NULL->AT30 : 1 6656 1024 1 0
AT16->AT19 : 1 6272 352 1 0
AT16->AT24 : 1 4224 704 1 0
NULL->AT16 : 1 1408 1024 1 0
AT19->AT19->AT19 : 2 40704 1888 1 0
AT19->AT19->AT16 : 1 18816 1536 1 0
AT19->AT16->AT19 : 1 13440 1248 1 0
AT19->AT16->AT24 : 1 11392 1600 1 0
AT19->AT19->AT19->AT19 : 1 27904 1440 1 0
AT19->AT19->AT16->AT19 : 1 23680 1888 1 0
AT19->AT19->AT16->AT24 : 1 21632 2240 1 0
