Profile Result: 
AT14 : 2 1348 0 1 0
AT15 : 1 1792 0 1 0
AT19 : 1 10240 0 1 0
AT23 : 1 480 0 1 0
AT25 : 1 11904 0 1 0
AT30 : 1 6656 0 1 0
NULL : 4 0 0 1 0
NULL->NULL : 3 0 6168 1 0
NULL->AT19 : 2 20480 2048 1 0
NULL->AT14 : 2 1348 2048 1 0
AT23->NULL : 2 960 1920 1 0
AT19->AT30 : 1 16896 1280 1 0
AT25->AT14 : 1 12788 1488 1 0
AT14->AT25 : 1 12368 7424 1 0
AT19->AT15 : 1 12032 640 1 0
NULL->AT25 : 1 11904 1024 1 0
AT30->AT14 : 1 7120 416 1 0
NULL->AT30 : 1 6656 1024 1 0
AT15->AT23 : 1 2272 448 1 0
AT15->NULL : 1 1792 896 1 0
NULL->AT15 : 1 1792 1024 1 0
AT14->NULL : 1 884 14144 1 0
NULL->AT23 : 1 480 1024 1 0
AT30->AT14->AT25 : 1 19024 7840 1 0
AT19->AT30->AT14 : 1 17360 1696 1 0
AT14->AT25->AT14 : 1 13252 8912 1 0
AT19->AT15->AT23 : 1 12512 1088 1 0
AT19->AT30->AT14->AT25 : 1 29264 9120 1 0
AT30->AT14->AT25->AT14 : 1 19908 9328 1 0
AT19->AT30->AT14->AT25->AT14 : 1 30148 10608 1 0
