Profile Result: 
AT13 : 2 832 0 1 0
AT14 : 3 1280 0 1 0
AT24 : 1 4096 0 1 0
AT30 : 1 6144 0 1 0
NULL : 3 0 0 1 0
NULL->AT14 : 3 1280 3072 1 0
AT14->AT13 : 2 1664 13312 1 0
NULL->NULL : 2 0 4832 1 0
AT24->AT30 : 1 10240 1024 1 0
AT30->AT14 : 1 6592 384 1 0
NULL->AT30 : 1 6144 1024 1 0
AT24->AT14 : 1 4480 256 1 0
NULL->AT24 : 1 4096 1024 1 0
AT13->AT14 : 1 832 384 1 0
AT14->NULL : 1 448 7168 1 0
AT13->NULL : 1 448 448 1 0
AT24->AT30->AT14 : 1 10688 1408 1 0
AT30->AT14->AT13 : 1 7040 7552 1 0
AT24->AT14->AT13 : 1 4864 6400 1 0
AT14->AT13->AT14 : 1 1216 6528 1 0
AT24->AT30->AT14->AT13 : 1 11136 8576 1 0
AT24->AT14->AT13->AT14 : 1 5312 6784 1 0
