Profile Result: 
AT14 : 2 1408 0 1 0
AT21 : 1 1024 0 1 0
AT24 : 1 16384 0 1 0
AT25 : 2 27648 0 1 0
AT29 : 1 4096 0 1 0
AT30 : 2 21504 0 1 0
NULL : 3 0 0 1 0
AT14->AT25 : 2 29056 22528 1 0
NULL->AT25 : 2 27648 2048 1 0
NULL->AT30 : 2 21504 2048 1 0
NULL->AT14 : 2 1408 2048 1 0
NULL->NULL : 2 0 2144 1 0
AT24->AT30 : 1 28672 4096 1 0
AT25->AT30 : 1 23552 1792 1 0
AT21->AT24 : 1 17408 4096 1 0
AT24->AT14 : 1 17152 1024 1 0
AT25->NULL : 1 13312 1664 1 0
AT30->AT14 : 1 12928 768 1 0
AT30->NULL : 1 9216 576 1 0
AT29->AT21 : 1 5120 16384 1 0
NULL->AT29 : 1 4096 1024 1 0
AT24->AT14->AT25 : 1 31488 13312 1 0
AT21->AT24->AT30 : 1 29696 8192 1 0
AT24->AT30->AT14 : 1 29312 4864 1 0
AT30->AT14->AT25 : 1 26240 11008 1 0
AT14->AT25->AT30 : 1 24320 14080 1 0
AT29->AT21->AT24 : 1 21504 20480 1 0
AT21->AT24->AT14 : 1 18176 5120 1 0
AT24->AT30->AT14->AT25 : 1 42624 15104 1 0
AT24->AT14->AT25->AT30 : 1 40704 15104 1 0
AT29->AT21->AT24->AT30 : 1 33792 24576 1 0
AT21->AT24->AT14->AT25 : 1 32512 17408 1 0
AT21->AT24->AT30->AT14 : 1 30336 8960 1 0
AT29->AT21->AT24->AT14 : 1 22272 21504 1 0
AT21->AT24->AT30->AT14->AT25 : 1 43648 19200 1 0
AT21->AT24->AT14->AT25->AT30 : 1 41728 19200 1 0
AT29->AT21->AT24->AT14->AT25 : 1 36608 33792 1 0
AT29->AT21->AT24->AT30->AT14 : 1 34432 25344 1 0
AT29->AT21->AT24->AT30->AT14->AT25 : 1 47744 35584 1 0
AT29->AT21->AT24->AT14->AT25->AT30 : 1 45824 35584 1 0
