Profile Result: 
AT15 : 1 1280 0 1 0
AT16 : 1 2048 0 1 0
AT18 : 1 1536 0 1 0
AT19 : 1 6144 0 1 0
AT22 : 1 18944 0 1 0
AT23 : 1 768 0 1 0
AT24 : 2 10240 0 1 0
AT26 : 1 328 0 1 0
AT27 : 1 592 0 1 0
AT30 : 1 4608 0 1 0
NULL : 4 0 0 1 0
NULL->NULL : 3 0 2322.67 1 0
AT24->NULL : 2 10240 640 1 0
AT22->AT23 : 1 19712 2368 1 0
AT27->AT22 : 1 19536 4736 1 0
AT19->AT30 : 1 10752 768 1 0
AT24->AT16 : 1 8192 1536 1 0
AT16->AT19 : 1 8192 512 1 0
AT19->AT15 : 1 7424 384 1 0
AT23->AT24 : 1 6912 1536 1 0
AT16->AT24 : 1 6144 1024 1 0
NULL->AT19 : 1 6144 1024 1 0
AT24->AT18 : 1 5632 1024 1 0
AT23->AT30 : 1 5376 768 1 0
AT30->NULL : 1 4608 288 1 0
NULL->AT16 : 1 2048 1024 1 0
AT15->AT27 : 1 1872 320 1 0
AT18->NULL : 1 1536 384 1 0
NULL->AT18 : 1 1536 1024 1 0
AT15->NULL : 1 1280 640 1 0
NULL->AT15 : 1 1280 1024 1 0
AT27->AT26 : 1 920 592 1 0
NULL->AT23 : 1 768 1024 1 0
NULL->AT27 : 1 592 1024 1 0
AT26->NULL : 1 328 2624 1 0
NULL->AT26 : 1 328 1024 1 0
AT22->AT23->AT24 : 1 25856 3904 1 0
AT22->AT23->AT30 : 1 24320 3136 1 0
AT15->AT27->AT22 : 1 20816 5056 1 0
AT27->AT22->AT23 : 1 20304 7104 1 0
AT24->AT16->AT19 : 1 14336 2048 1 0
AT16->AT19->AT30 : 1 12800 1280 1 0
AT24->AT16->AT24 : 1 12288 2560 1 0
AT16->AT19->AT15 : 1 9472 896 1 0
AT23->AT24->AT16 : 1 8960 3072 1 0
AT19->AT15->AT27 : 1 8016 704 1 0
AT16->AT24->AT18 : 1 7680 2048 1 0
AT15->AT27->AT26 : 1 2200 912 1 0
AT22->AT23->AT24->AT16 : 1 27904 5440 1 0
AT19->AT15->AT27->AT22 : 1 26960 5440 1 0
AT27->AT22->AT23->AT24 : 1 26448 8640 1 0
AT27->AT22->AT23->AT30 : 1 24912 7872 1 0
AT15->AT27->AT22->AT23 : 1 21584 7424 1 0
AT24->AT16->AT19->AT30 : 1 18944 2816 1 0
AT24->AT16->AT19->AT15 : 1 15616 2432 1 0
AT23->AT24->AT16->AT19 : 1 15104 3584 1 0
AT24->AT16->AT24->AT18 : 1 13824 3584 1 0
AT23->AT24->AT16->AT24 : 1 13056 4096 1 0
AT16->AT19->AT15->AT27 : 1 10064 1216 1 0
AT19->AT15->AT27->AT26 : 1 8344 1296 1 0
AT22->AT23->AT24->AT16->AT19 : 1 34048 5952 1 0
AT22->AT23->AT24->AT16->AT24 : 1 32000 6464 1 0
AT16->AT19->AT15->AT27->AT22 : 1 29008 5952 1 0
AT27->AT22->AT23->AT24->AT16 : 1 28496 10176 1 0
AT19->AT15->AT27->AT22->AT23 : 1 27728 7808 1 0
AT15->AT27->AT22->AT23->AT24 : 1 27728 8960 1 0
AT15->AT27->AT22->AT23->AT30 : 1 26192 8192 1 0
AT23->AT24->AT16->AT19->AT30 : 1 19712 4352 1 0
AT23->AT24->AT16->AT19->AT15 : 1 16384 3968 1 0
AT24->AT16->AT19->AT15->AT27 : 1 16208 2752 1 0
AT23->AT24->AT16->AT24->AT18 : 1 14592 5120 1 0
AT16->AT19->AT15->AT27->AT26 : 1 10392 1808 1 0
AT22->AT23->AT24->AT16->AT19->AT30 : 1 38656 6720 1 0
AT22->AT23->AT24->AT16->AT19->AT15 : 1 35328 6336 1 0
AT24->AT16->AT19->AT15->AT27->AT22 : 1 35152 7488 1 0
AT27->AT22->AT23->AT24->AT16->AT19 : 1 34640 10688 1 0
AT19->AT15->AT27->AT22->AT23->AT24 : 1 33872 9344 1 0
AT22->AT23->AT24->AT16->AT24->AT18 : 1 33536 7488 1 0
AT27->AT22->AT23->AT24->AT16->AT24 : 1 32592 11200 1 0
AT19->AT15->AT27->AT22->AT23->AT30 : 1 32336 8576 1 0
AT16->AT19->AT15->AT27->AT22->AT23 : 1 29776 8320 1 0
AT15->AT27->AT22->AT23->AT24->AT16 : 1 29776 10496 1 0
AT23->AT24->AT16->AT19->AT15->AT27 : 1 16976 4288 1 0
AT24->AT16->AT19->AT15->AT27->AT26 : 1 16536 3344 1 0
AT27->AT22->AT23->AT24->AT16->AT19->AT30 : 1 39248 11456 1 0
AT23->AT24->AT16->AT19->AT15->AT27->AT22 : 1 35920 9024 1 0
AT24->AT16->AT19->AT15->AT27->AT22->AT23 : 1 35920 9856 1 0
AT16->AT19->AT15->AT27->AT22->AT23->AT24 : 1 35920 9856 1 0
AT19->AT15->AT27->AT22->AT23->AT24->AT16 : 1 35920 10880 1 0
AT15->AT27->AT22->AT23->AT24->AT16->AT19 : 1 35920 11008 1 0
AT27->AT22->AT23->AT24->AT16->AT19->AT15 : 1 35920 11072 1 0
AT22->AT23->AT24->AT16->AT19->AT15->AT27 : 1 35920 6656 1 0
AT16->AT19->AT15->AT27->AT22->AT23->AT30 : 1 34384 9088 1 0
AT27->AT22->AT23->AT24->AT16->AT24->AT18 : 1 34128 12224 1 0
AT15->AT27->AT22->AT23->AT24->AT16->AT24 : 1 33872 11520 1 0
AT23->AT24->AT16->AT19->AT15->AT27->AT26 : 1 17304 4880 1 0
AT24->AT16->AT19->AT15->AT27->AT22->AT23->AT30 : 1 40528 10624 1 0
AT15->AT27->AT22->AT23->AT24->AT16->AT19->AT30 : 1 40528 11776 1 0
AT19->AT15->AT27->AT22->AT23->AT24->AT16->AT24 : 1 40016 11904 1 0
AT22->AT23->AT24->AT16->AT19->AT15->AT27->AT26 : 1 36248 7248 1 0
AT15->AT27->AT22->AT23->AT24->AT16->AT24->AT18 : 1 35408 12544 1 0
AT19->AT15->AT27->AT22->AT23->AT24->AT16->AT24->AT18 : 1 41552 12928 1 0
