Profile Result: 
AT14 : 1 377 0 1 0
AT20 : 1 1344 0 1 0
AT23 : 3 2316 0 1 0
AT24 : 1 7328 0 1 0
AT25 : 1 11208 0 1 0
AT26 : 1 544 0 1 0
AT30 : 2 12608 0 1 0
NULL : 4 0 0 1 0
NULL->AT23 : 3 2316 3072 1 0
NULL->NULL : 3 0 2777.67 1 0
AT23->AT30 : 2 14332 1724 1 0
AT30->NULL : 2 12608 788 1 0
AT23->AT23 : 2 3124 2800 1 0
NULL->AT26 : 2 1088 2048 1 0
AT24->AT30 : 1 14224 1832 1 0
AT14->AT25 : 1 11585 6032 1 0
AT25->NULL : 1 11208 1401 1 0
NULL->AT25 : 1 11208 1024 1 0
AT23->AT24 : 1 8244 1832 1 0
AT24->AT14 : 1 7705 458 1 0
NULL->AT30 : 1 5712 1024 1 0
AT20->AT23 : 1 1936 672 1 0
AT26->AT20 : 1 1888 4352 1 0
NULL->AT20 : 1 1344 1024 1 0
AT23->AT14 : 1 969 592 1 0
AT23->AT23->AT30 : 2 15732 4524 1 0
AT24->AT14->AT25 : 1 18913 6490 1 0
AT23->AT24->AT30 : 1 15140 3664 1 0
AT23->AT14->AT25 : 1 12177 6624 1 0
AT23->AT23->AT24 : 1 9052 3448 1 0
AT23->AT24->AT14 : 1 8621 2290 1 0
AT20->AT23->AT23 : 1 2744 1856 1 0
AT26->AT20->AT23 : 1 2480 5024 1 0
AT23->AT23->AT23 : 1 2316 2800 1 0
AT20->AT23->AT14 : 1 2313 1264 1 0
AT23->AT24->AT14->AT25 : 1 19829 8322 1 0
AT23->AT23->AT24->AT30 : 1 15948 5280 1 0
AT20->AT23->AT14->AT25 : 1 13521 7296 1 0
AT23->AT23->AT23->AT24 : 1 9644 4632 1 0
AT20->AT23->AT23->AT30 : 1 9640 2664 1 0
AT23->AT23->AT24->AT14 : 1 9429 3906 1 0
AT23->AT23->AT23->AT30 : 1 8028 3716 1 0
AT20->AT23->AT23->AT23 : 1 3660 3472 1 0
AT26->AT20->AT23->AT23 : 1 3288 6208 1 0
AT26->AT20->AT23->AT14 : 1 2857 5616 1 0
AT23->AT23->AT24->AT14->AT25 : 1 20637 9938 1 0
AT23->AT23->AT23->AT24->AT30 : 1 16540 6464 1 0
AT26->AT20->AT23->AT14->AT25 : 1 14065 11648 1 0
AT20->AT23->AT23->AT23->AT24 : 1 10988 5304 1 0
AT26->AT20->AT23->AT23->AT30 : 1 10184 7016 1 0
AT23->AT23->AT23->AT24->AT14 : 1 10021 5090 1 0
AT20->AT23->AT23->AT23->AT30 : 1 9372 4388 1 0
AT26->AT20->AT23->AT23->AT23 : 1 4204 7824 1 0
AT23->AT23->AT23->AT24->AT14->AT25 : 1 21229 11122 1 0
AT20->AT23->AT23->AT23->AT24->AT30 : 1 17884 7136 1 0
AT26->AT20->AT23->AT23->AT23->AT24 : 1 11532 9656 1 0
AT20->AT23->AT23->AT23->AT24->AT14 : 1 11365 5762 1 0
AT26->AT20->AT23->AT23->AT23->AT30 : 1 9916 8740 1 0
AT20->AT23->AT23->AT23->AT24->AT14->AT25 : 1 22573 11794 1 0
AT26->AT20->AT23->AT23->AT23->AT24->AT30 : 1 18428 11488 1 0
AT26->AT20->AT23->AT23->AT23->AT24->AT14 : 1 11909 10114 1 0
AT26->AT20->AT23->AT23->AT23->AT24->AT14->AT25 : 1 23117 16146 1 0
