Profile Result: 
AT10 : 1 306 0 1 0
AT13 : 2 940 0 1 0
AT14 : 2 940 0 1 0
AT22 : 1 21280 0 1 0
AT23 : 1 1177 0 1 0
AT24 : 1 9416 0 1 0
AT25 : 1 8704 0 1 0
AT27 : 1 665 0 1 0
AT30 : 1 6400 0 1 0
AT33 : 1 23540 0 1 0
AT41 : 1 6120 0 1 0
NULL : 3 0 0 1 0
AT24->NULL : 2 18832 4708 1 0
AT14->AT13 : 2 1880 15040 1 0
NULL->NULL : 2 0 4407.88 1 0
AT33->AT25 : 1 32244 9416 1 0
AT27->AT33 : 1 24205 665 1 0
AT33->NULL : 1 23540 9416 1 0
NULL->AT33 : 1 23540 1024 1 0
AT22->AT23 : 1 22457 2660 1 0
AT27->AT22 : 1 21945 5320 1 0
AT25->AT30 : 1 15104 1088 1 0
AT23->AT24 : 1 10593 2354 1 0
NULL->AT25 : 1 8704 1024 1 0
AT30->AT14 : 1 6856 400 1 0
AT13->AT41 : 1 6604 484 1 0
AT41->AT10 : 1 6426 1224 1 0
NULL->AT30 : 1 6400 1024 1 0
NULL->AT41 : 1 6120 1024 1 0
AT23->NULL : 1 1177 1177 1 0
NULL->AT23 : 1 1177 1024 1 0
AT10->AT27 : 1 971 612 1 0
AT13->AT14 : 1 940 456 1 0
AT10->AT14 : 1 762 612 1 0
NULL->AT27 : 1 665 1024 1 0
NULL->AT14 : 1 484 1024 1 0
AT33->AT25->AT30 : 1 38644 10504 1 0
AT27->AT33->AT25 : 1 32909 10081 1 0
AT22->AT23->AT24 : 1 31873 5014 1 0
AT10->AT27->AT33 : 1 24511 1277 1 0
AT27->AT22->AT23 : 1 23122 7980 1 0
AT10->AT27->AT22 : 1 22251 5932 1 0
AT25->AT30->AT14 : 1 15560 1488 1 0
AT30->AT14->AT13 : 1 7312 7696 1 0
AT41->AT10->AT27 : 1 7091 1836 1 0
AT14->AT13->AT41 : 1 7088 8228 1 0
AT13->AT41->AT10 : 1 6910 1708 1 0
AT41->AT10->AT14 : 1 6882 1836 1 0
AT13->AT14->AT13 : 1 1424 8200 1 0
AT14->AT13->AT14 : 1 1396 7752 1 0
AT10->AT14->AT13 : 1 1218 7908 1 0
AT27->AT33->AT25->AT30 : 1 39309 11169 1 0
AT33->AT25->AT30->AT14 : 1 39100 10904 1 0
AT10->AT27->AT33->AT25 : 1 33215 10693 1 0
AT27->AT22->AT23->AT24 : 1 32538 10334 1 0
AT41->AT10->AT27->AT33 : 1 30631 2501 1 0
AT41->AT10->AT27->AT22 : 1 28371 7156 1 0
AT10->AT27->AT22->AT23 : 1 23428 8592 1 0
AT25->AT30->AT14->AT13 : 1 16016 8784 1 0
AT30->AT14->AT13->AT14 : 1 7796 8152 1 0
AT13->AT41->AT10->AT27 : 1 7575 2320 1 0
AT13->AT14->AT13->AT41 : 1 7544 8684 1 0
AT14->AT13->AT41->AT10 : 1 7394 9452 1 0
AT13->AT41->AT10->AT14 : 1 7366 2320 1 0
AT41->AT10->AT14->AT13 : 1 7338 9132 1 0
AT14->AT13->AT14->AT13 : 1 1880 15496 1 0
AT10->AT14->AT13->AT14 : 1 1702 8364 1 0
AT27->AT33->AT25->AT30->AT14 : 1 39765 11569 1 0
AT10->AT27->AT33->AT25->AT30 : 1 39615 11781 1 0
AT33->AT25->AT30->AT14->AT13 : 1 39556 18200 1 0
AT41->AT10->AT27->AT33->AT25 : 1 39335 11917 1 0
AT10->AT27->AT22->AT23->AT24 : 1 32844 10946 1 0
AT13->AT41->AT10->AT27->AT33 : 1 31115 2985 1 0
AT41->AT10->AT27->AT22->AT23 : 1 29548 9816 1 0
AT13->AT41->AT10->AT27->AT22 : 1 28855 7640 1 0
AT25->AT30->AT14->AT13->AT14 : 1 16500 9240 1 0
AT30->AT14->AT13->AT14->AT13 : 1 8280 15896 1 0
AT14->AT13->AT41->AT10->AT27 : 1 8059 10064 1 0
AT14->AT13->AT14->AT13->AT41 : 1 8000 15980 1 0
AT13->AT14->AT13->AT41->AT10 : 1 7850 9908 1 0
AT14->AT13->AT41->AT10->AT14 : 1 7850 10064 1 0
AT13->AT41->AT10->AT14->AT13 : 1 7822 9616 1 0
AT41->AT10->AT14->AT13->AT14 : 1 7822 9588 1 0
AT10->AT14->AT13->AT14->AT13 : 1 2186 16108 1 0
AT41->AT10->AT27->AT33->AT25->AT30 : 1 45735 13005 1 0
AT27->AT33->AT25->AT30->AT14->AT13 : 1 40221 18865 1 0
AT10->AT27->AT33->AT25->AT30->AT14 : 1 40071 12181 1 0
AT33->AT25->AT30->AT14->AT13->AT14 : 1 40040 18656 1 0
AT13->AT41->AT10->AT27->AT33->AT25 : 1 39819 12401 1 0
AT41->AT10->AT27->AT22->AT23->AT24 : 1 38964 12170 1 0
AT14->AT13->AT41->AT10->AT27->AT33 : 1 31599 10729 1 0
AT13->AT41->AT10->AT27->AT22->AT23 : 1 30032 10300 1 0
AT14->AT13->AT41->AT10->AT27->AT22 : 1 29339 15384 1 0
AT25->AT30->AT14->AT13->AT14->AT13 : 1 16984 16984 1 0
AT30->AT14->AT13->AT14->AT13->AT41 : 1 14400 16380 1 0
AT13->AT14->AT13->AT41->AT10->AT27 : 1 8515 10520 1 0
AT14->AT13->AT14->AT13->AT41->AT10 : 1 8306 17204 1 0
AT13->AT14->AT13->AT41->AT10->AT14 : 1 8306 10520 1 0
AT14->AT13->AT41->AT10->AT14->AT13 : 1 8306 17360 1 0
AT13->AT41->AT10->AT14->AT13->AT14 : 1 8306 10072 1 0
AT41->AT10->AT14->AT13->AT14->AT13 : 1 8306 17332 1 0
AT10->AT14->AT13->AT14->AT13->AT41 : 1 8306 16592 1 0
AT13->AT41->AT10->AT27->AT33->AT25->AT30 : 1 46219 13489 1 0
AT41->AT10->AT27->AT33->AT25->AT30->AT14 : 1 46191 13405 1 0
AT27->AT33->AT25->AT30->AT14->AT13->AT14 : 1 40705 19321 1 0
AT10->AT27->AT33->AT25->AT30->AT14->AT13 : 1 40527 19477 1 0
AT33->AT25->AT30->AT14->AT13->AT14->AT13 : 1 40524 26400 1 0
AT14->AT13->AT41->AT10->AT27->AT33->AT25 : 1 40303 20145 1 0
AT13->AT41->AT10->AT27->AT22->AT23->AT24 : 1 39448 12654 1 0
AT13->AT14->AT13->AT41->AT10->AT27->AT33 : 1 32055 11185 1 0
AT14->AT13->AT41->AT10->AT27->AT22->AT23 : 1 30516 18044 1 0
AT13->AT14->AT13->AT41->AT10->AT27->AT22 : 1 29795 15840 1 0
AT25->AT30->AT14->AT13->AT14->AT13->AT41 : 1 23104 17468 1 0
AT30->AT14->AT13->AT14->AT13->AT41->AT10 : 1 14706 17604 1 0
AT14->AT13->AT14->AT13->AT41->AT10->AT27 : 1 8971 17816 1 0
AT14->AT13->AT41->AT10->AT27->AT33->AT25->AT30 : 1 46703 21233 1 0
AT13->AT41->AT10->AT27->AT33->AT25->AT30->AT14 : 1 46675 13889 1 0
AT41->AT10->AT27->AT33->AT25->AT30->AT14->AT13 : 1 46647 20701 1 0
AT33->AT25->AT30->AT14->AT13->AT14->AT13->AT41 : 1 46644 26884 1 0
AT27->AT33->AT25->AT30->AT14->AT13->AT14->AT13 : 1 41189 27065 1 0
AT10->AT27->AT33->AT25->AT30->AT14->AT13->AT14 : 1 41011 19933 1 0
AT13->AT14->AT13->AT41->AT10->AT27->AT33->AT25 : 1 40759 20601 1 0
AT14->AT13->AT41->AT10->AT27->AT22->AT23->AT24 : 1 39932 20398 1 0
AT14->AT13->AT14->AT13->AT41->AT10->AT27->AT33 : 1 32511 18481 1 0
AT13->AT14->AT13->AT41->AT10->AT27->AT22->AT23 : 1 30972 18500 1 0
AT14->AT13->AT14->AT13->AT41->AT10->AT27->AT22 : 1 30251 23136 1 0
AT25->AT30->AT14->AT13->AT14->AT13->AT41->AT10 : 1 23410 18692 1 0
AT30->AT14->AT13->AT14->AT13->AT41->AT10->AT27 : 1 15371 18216 1 0
AT27->AT33->AT25->AT30->AT14->AT13->AT14->AT13->AT41 : 1 47309 27549 1 0
AT13->AT14->AT13->AT41->AT10->AT27->AT33->AT25->AT30 : 1 47159 21689 1 0
AT14->AT13->AT41->AT10->AT27->AT33->AT25->AT30->AT14 : 1 47159 21633 1 0
AT13->AT41->AT10->AT27->AT33->AT25->AT30->AT14->AT13 : 1 47131 21185 1 0
AT41->AT10->AT27->AT33->AT25->AT30->AT14->AT13->AT14 : 1 47131 21157 1 0
AT33->AT25->AT30->AT14->AT13->AT14->AT13->AT41->AT10 : 1 46950 28108 1 0
AT10->AT27->AT33->AT25->AT30->AT14->AT13->AT14->AT13 : 1 41495 27677 1 0
AT14->AT13->AT14->AT13->AT41->AT10->AT27->AT33->AT25 : 1 41215 27897 1 0
AT13->AT14->AT13->AT41->AT10->AT27->AT22->AT23->AT24 : 1 40388 20854 1 0
AT30->AT14->AT13->AT14->AT13->AT41->AT10->AT27->AT33 : 1 38911 18881 1 0
AT30->AT14->AT13->AT14->AT13->AT41->AT10->AT27->AT22 : 1 36651 23536 1 0
AT14->AT13->AT14->AT13->AT41->AT10->AT27->AT22->AT23 : 1 31428 25796 1 0
AT25->AT30->AT14->AT13->AT14->AT13->AT41->AT10->AT27 : 1 24075 19304 1 0
AT25->AT30->AT14->AT13->AT14->AT13->AT41->AT10->AT27->AT33 : 1 47615 19969 1 0
AT30->AT14->AT13->AT14->AT13->AT41->AT10->AT27->AT33->AT25 : 1 47615 28297 1 0
AT14->AT13->AT14->AT13->AT41->AT10->AT27->AT33->AT25->AT30 : 1 47615 28985 1 0
AT13->AT14->AT13->AT41->AT10->AT27->AT33->AT25->AT30->AT14 : 1 47615 22089 1 0
AT14->AT13->AT41->AT10->AT27->AT33->AT25->AT30->AT14->AT13 : 1 47615 28929 1 0
AT13->AT41->AT10->AT27->AT33->AT25->AT30->AT14->AT13->AT14 : 1 47615 21641 1 0
AT41->AT10->AT27->AT33->AT25->AT30->AT14->AT13->AT14->AT13 : 1 47615 28901 1 0
AT10->AT27->AT33->AT25->AT30->AT14->AT13->AT14->AT13->AT41 : 1 47615 28161 1 0
AT27->AT33->AT25->AT30->AT14->AT13->AT14->AT13->AT41->AT10 : 1 47615 28773 1 0
AT33->AT25->AT30->AT14->AT13->AT14->AT13->AT41->AT10->AT27 : 1 47615 28720 1 0
AT25->AT30->AT14->AT13->AT14->AT13->AT41->AT10->AT27->AT22 : 1 45355 24624 1 0
AT14->AT13->AT14->AT13->AT41->AT10->AT27->AT22->AT23->AT24 : 1 40844 28150 1 0
AT30->AT14->AT13->AT14->AT13->AT41->AT10->AT27->AT22->AT23 : 1 37828 26196 1 0
AT33->AT25->AT30->AT14->AT13->AT14->AT13->AT41->AT10->AT27->AT22 : 1 68895 34040 1 0
AT30->AT14->AT13->AT14->AT13->AT41->AT10->AT27->AT22->AT23->AT24 : 1 47244 28550 1 0
AT25->AT30->AT14->AT13->AT14->AT13->AT41->AT10->AT27->AT22->AT23 : 1 46532 27284 1 0
AT33->AT25->AT30->AT14->AT13->AT14->AT13->AT41->AT10->AT27->AT22->AT23 : 1 70072 36700 1 0
AT25->AT30->AT14->AT13->AT14->AT13->AT41->AT10->AT27->AT22->AT23->AT24 : 1 55948 29638 1 0
AT33->AT25->AT30->AT14->AT13->AT14->AT13->AT41->AT10->AT27->AT22->AT23->AT24 : 1 79488 39054 1 0
