Profile Result: 
AT8 : 1 1280 0 1 0
AT14 : 3 1261 0 1 0
AT21 : 1 64 0 1 0
AT25 : 4 36456 0 1 0
AT30 : 3 18884 0 1 0
NULL : 4 0 0 1 0
NULL->AT25 : 4 36456 4096 1 0
AT25->AT30 : 3 44364 3185 1 0
AT14->AT25 : 3 35925 20176 1 0
NULL->AT30 : 3 18884 3072 1 0
NULL->NULL : 3 0 3072 1 0
AT30->AT14 : 2 11357 652 1 0
NULL->AT14 : 2 684 2048 1 0
AT25->AT14 : 1 11553 1372 1 0
AT30->NULL : 1 8452 528.25 1 0
AT8->AT25 : 1 3072 160 1 0
AT8->AT14 : 1 1616 160 1 0
AT21->AT8 : 1 1344 256 1 0
NULL->AT8 : 1 1280 1024 1 0
NULL->AT21 : 1 64 1024 1 0
AT14->AT25->AT30 : 2 40541 17569 1 0
AT30->AT14->AT25 : 2 35141 15452 1 0
AT25->AT30->AT14 : 2 24029 2236 1 0
AT25->AT14->AT25 : 1 24361 10604 1 0
AT8->AT14->AT25 : 1 12496 5536 1 0
AT14->AT25->AT14 : 1 11901 6940 1 0
AT8->AT25->AT30 : 1 6016 384 1 0
AT21->AT8->AT25 : 1 3136 416 1 0
AT21->AT8->AT14 : 1 1680 416 1 0
AT25->AT30->AT14->AT25 : 2 47813 17036 1 0
AT25->AT14->AT25->AT30 : 1 32813 12205 1 0
AT30->AT14->AT25->AT30 : 1 29325 11301 1 0
AT14->AT25->AT14->AT25 : 1 24709 16172 1 0
AT8->AT14->AT25->AT30 : 1 19984 6896 1 0
AT14->AT25->AT30->AT14 : 1 19281 7204 1 0
AT30->AT14->AT25->AT14 : 1 14845 7124 1 0
AT21->AT8->AT14->AT25 : 1 12560 5792 1 0
AT8->AT25->AT30->AT14 : 1 6364 568 1 0
AT21->AT8->AT25->AT30 : 1 6080 640 1 0
AT25->AT30->AT14->AT25->AT30 : 1 40205 12661 1 0
AT14->AT25->AT14->AT25->AT30 : 1 33161 17773 1 0
AT14->AT25->AT30->AT14->AT25 : 1 32089 16436 1 0
AT30->AT14->AT25->AT14->AT25 : 1 27653 16356 1 0
AT8->AT14->AT25->AT30->AT14 : 1 20561 7364 1 0
AT21->AT8->AT14->AT25->AT30 : 1 20048 7152 1 0
AT8->AT25->AT30->AT14->AT25 : 1 17340 6136 1 0
AT25->AT30->AT14->AT25->AT14 : 1 16637 7348 1 0
AT21->AT8->AT25->AT30->AT14 : 1 6428 824 1 0
AT14->AT25->AT30->AT14->AT25->AT30 : 1 40541 18037 1 0
AT30->AT14->AT25->AT14->AT25->AT30 : 1 36105 17957 1 0
AT8->AT14->AT25->AT30->AT14->AT25 : 1 33369 16596 1 0
AT25->AT30->AT14->AT25->AT14->AT25 : 1 29445 16580 1 0
AT21->AT8->AT14->AT25->AT30->AT14 : 1 20625 7620 1 0
AT8->AT25->AT30->AT14->AT25->AT14 : 1 17917 7508 1 0
AT21->AT8->AT25->AT30->AT14->AT25 : 1 17404 6392 1 0
AT8->AT14->AT25->AT30->AT14->AT25->AT30 : 1 41821 18197 1 0
AT25->AT30->AT14->AT25->AT14->AT25->AT30 : 1 37897 18181 1 0
AT21->AT8->AT14->AT25->AT30->AT14->AT25 : 1 33433 16852 1 0
AT8->AT25->AT30->AT14->AT25->AT14->AT25 : 1 30725 16740 1 0
AT21->AT8->AT25->AT30->AT14->AT25->AT14 : 1 17981 7764 1 0
AT21->AT8->AT14->AT25->AT30->AT14->AT25->AT30 : 1 41885 18453 1 0
AT8->AT25->AT30->AT14->AT25->AT14->AT25->AT30 : 1 39177 18341 1 0
AT21->AT8->AT25->AT30->AT14->AT25->AT14->AT25 : 1 30789 16996 1 0
AT21->AT8->AT25->AT30->AT14->AT25->AT14->AT25->AT30 : 1 39241 18597 1 0
