Profile Result: 
AT19 : 5 32384 0 1 0
AT30 : 5 28576 0 1 0
NULL : 6 0 0 1 0
NULL->AT19 : 6 42624 6144 1 0
AT19->AT30 : 5 60960 4048 1 0
AT30->NULL : 5 28576 1786 1 0
NULL->AT30 : 5 28576 5120 1 0
NULL->NULL : 5 0 3776.5 1 0
AT19->AT19 : 4 50048 1744 1 0
AT19->NULL : 1 4480 280 1 0
AT19->AT19->AT30 : 4 71968 4512 1 0
AT19->AT19->AT19 : 3 55680 2544 1 0
AT19->AT19->AT19->AT30 : 3 71712 4416 1 0
AT19->AT19->AT19->AT19 : 2 50048 2544 1 0
AT19->AT19->AT19->AT19->AT30 : 2 60576 3712 1 0
AT19->AT19->AT19->AT19->AT19 : 1 32384 1744 1 0
AT19->AT19->AT19->AT19->AT19->AT30 : 1 37600 2304 1 0
