Profile Result: 
AT14 : 1 416 0 1 0
AT23 : 2 1664 0 1 0
AT24 : 1 7168 0 1 0
AT25 : 1 11520 0 1 0
AT30 : 3 18432 0 1 0
NULL : 4 0 0 1 0
NULL->AT30 : 3 18432 3072 1 0
NULL->AT23 : 3 2432 3072 1 0
NULL->NULL : 3 0 2728 1 0
AT30->NULL : 2 13312 832 1 0
AT23->AT30 : 2 12416 1664 1 0
AT24->AT30 : 1 14848 1792 1 0
AT14->AT25 : 1 11936 6656 1 0
AT25->NULL : 1 11520 1440 1 0
NULL->AT25 : 1 11520 1024 1 0
AT23->AT24 : 1 8064 1792 1 0
AT24->NULL : 1 7168 448 1 0
AT30->AT14 : 1 5536 320 1 0
AT23->AT23 : 1 1664 1536 1 0
NULL->AT14 : 1 416 1024 1 0
AT30->AT14->AT25 : 1 17056 6976 1 0
AT23->AT24->AT30 : 1 15744 3584 1 0
AT23->AT23->AT24 : 1 8832 3328 1 0
AT23->AT23->AT30 : 1 7296 2432 1 0
AT23->AT30->AT14 : 1 6304 1088 1 0
AT23->AT30->AT14->AT25 : 1 17824 7744 1 0
AT23->AT23->AT24->AT30 : 1 16512 5120 1 0
