Profile Result: 
AT14 : 2 752 0 1 0
AT18 : 1 1408 0 1 0
AT22 : 2 10240 0 1 0
AT24 : 2 5120 0 1 0
AT25 : 3 24448 0 1 0
AT30 : 2 10944 0 1 0
AT32 : 1 3840 0 1 0
AT36 : 1 768 0 1 0
NULL : 4 0 0 1 0
NULL->AT25 : 3 24448 3072 1 0
NULL->NULL : 3 0 2355 1 0
AT25->AT30 : 2 24640 1712 1 0
AT14->AT25 : 2 23152 12032 1 0
AT22->AT24 : 2 15360 1280 1 0
AT30->NULL : 2 10944 684 1 0
NULL->AT30 : 2 10944 2048 1 0
AT25->AT14 : 1 11184 1344 1 0
AT36->AT22 : 1 6912 1536 1 0
AT32->AT25 : 1 5888 192 1 0
AT36->AT32 : 1 4608 1536 1 0
AT24->AT18 : 1 4480 768 1 0
AT32->AT14 : 1 4272 192 1 0
NULL->AT22 : 1 4096 1024 1 0
AT24->NULL : 1 3072 192 1 0
AT24->AT36 : 1 2816 512 1 0
AT24->AT14 : 1 2368 128 1 0
AT18->NULL : 1 1408 352 1 0
NULL->AT18 : 1 1408 1024 1 0
NULL->AT36 : 1 768 1024 1 0
NULL->AT14 : 1 320 1024 1 0
AT25->AT14->AT25 : 1 22832 8256 1 0
AT14->AT25->AT30 : 1 19952 8368 1 0
AT32->AT14->AT25 : 1 15920 7104 1 0
AT24->AT14->AT25 : 1 13120 5248 1 0
AT14->AT25->AT14 : 1 11504 6464 1 0
AT22->AT24->AT18 : 1 10624 1536 1 0
AT36->AT22->AT24 : 1 9984 2304 1 0
AT24->AT36->AT22 : 1 8960 2048 1 0
AT32->AT25->AT30 : 1 8960 448 1 0
AT22->AT24->AT36 : 1 6912 1024 1 0
AT24->AT36->AT32 : 1 6656 2048 1 0
AT36->AT32->AT25 : 1 6656 1728 1 0
AT22->AT24->AT14 : 1 6464 640 1 0
AT36->AT32->AT14 : 1 5040 1728 1 0
AT25->AT14->AT25->AT30 : 1 30704 9712 1 0
AT32->AT14->AT25->AT30 : 1 23792 8560 1 0
AT14->AT25->AT14->AT25 : 1 23152 13376 1 0
AT22->AT24->AT14->AT25 : 1 17216 5760 1 0
AT36->AT32->AT14->AT25 : 1 16688 8640 1 0
AT24->AT14->AT25->AT14 : 1 13552 6592 1 0
AT22->AT24->AT36->AT22 : 1 13056 2560 1 0
AT24->AT36->AT22->AT24 : 1 12032 2816 1 0
AT36->AT22->AT24->AT18 : 1 11392 3072 1 0
AT22->AT24->AT36->AT32 : 1 10752 2560 1 0
AT36->AT32->AT25->AT30 : 1 9728 1984 1 0
AT24->AT36->AT32->AT25 : 1 8704 2240 1 0
AT24->AT36->AT32->AT14 : 1 7088 2240 1 0
AT14->AT25->AT14->AT25->AT30 : 1 31024 14832 1 0
AT24->AT14->AT25->AT14->AT25 : 1 25200 13504 1 0
AT36->AT32->AT14->AT25->AT30 : 1 24560 10096 1 0
AT24->AT36->AT32->AT14->AT25 : 1 18736 9152 1 0
AT22->AT24->AT14->AT25->AT14 : 1 17648 7104 1 0
AT22->AT24->AT36->AT22->AT24 : 1 16128 3328 1 0
AT24->AT36->AT22->AT24->AT18 : 1 13440 3584 1 0
AT22->AT24->AT36->AT32->AT25 : 1 12800 2752 1 0
AT24->AT36->AT32->AT25->AT30 : 1 11776 2496 1 0
AT22->AT24->AT36->AT32->AT14 : 1 11184 2752 1 0
AT24->AT14->AT25->AT14->AT25->AT30 : 1 33072 14960 1 0
AT22->AT24->AT14->AT25->AT14->AT25 : 1 29296 14016 1 0
AT24->AT36->AT32->AT14->AT25->AT30 : 1 26608 10608 1 0
AT22->AT24->AT36->AT32->AT14->AT25 : 1 22832 9664 1 0
AT22->AT24->AT36->AT22->AT24->AT18 : 1 17536 4096 1 0
AT22->AT24->AT36->AT32->AT25->AT30 : 1 15872 3008 1 0
AT22->AT24->AT14->AT25->AT14->AT25->AT30 : 1 37168 15472 1 0
AT22->AT24->AT36->AT32->AT14->AT25->AT30 : 1 30704 11120 1 0
