Profile Result: 
AT14 : 3 1186 0 1 0
AT18 : 2 2980 0 1 0
AT21 : 1 64 0 1 0
AT23 : 1 804 0 1 0
AT24 : 2 7456 0 1 0
AT25 : 2 21888 0 1 0
AT30 : 2 15040 0 1 0
AT41 : 1 5840 0 1 0
NULL : 5 0 0 1 0
NULL->NULL : 4 0 6014.33 1 0
AT25->AT30 : 2 36928 2736 1 0
AT14->AT25 : 2 22576 11008 1 0
NULL->AT25 : 2 21888 2048 1 0
NULL->AT30 : 2 15040 2048 1 0
AT24->AT18 : 2 10436 1864 1 0
NULL->AT18 : 2 2980 2048 1 0
NULL->AT14 : 2 898 2048 1 0
AT30->AT41 : 1 13136 456 1 0
AT30->AT14 : 1 8242 484 1 0
AT23->AT24 : 1 7236 1608 1 0
AT41->AT23 : 1 6644 1168 1 0
AT24->NULL : 1 6432 402 1 0
NULL->AT41 : 1 5840 1024 1 0
AT18->NULL : 1 1828 457 1 0
AT18->AT14 : 1 1552 288 1 0
AT24->AT14 : 1 1312 64 1 0
AT23->AT14 : 1 1092 804 1 0
AT21->AT24 : 1 1088 256 1 0
NULL->AT23 : 1 804 1024 1 0
AT14->NULL : 1 498 7968 1 0
NULL->AT21 : 1 64 1024 1 0
AT14->AT25->AT30 : 2 37616 13744 1 0
AT25->AT30->AT41 : 1 23632 1768 1 0
AT25->AT30->AT14 : 1 19634 1908 1 0
AT30->AT41->AT23 : 1 13940 1624 1 0
AT41->AT23->AT24 : 1 13076 2776 1 0
AT18->AT14->AT25 : 1 12944 6688 1 0
AT24->AT14->AT25 : 1 11808 4672 1 0
AT23->AT14->AT25 : 1 11588 5412 1 0
AT23->AT24->AT18 : 1 9064 3216 1 0
AT41->AT23->AT14 : 1 6932 1972 1 0
AT24->AT18->AT14 : 1 2576 544 1 0
AT21->AT24->AT18 : 1 2240 512 1 0
AT21->AT24->AT14 : 1 1376 320 1 0
AT25->AT30->AT41->AT23 : 1 24436 2936 1 0
AT14->AT25->AT30->AT41 : 1 23920 6376 1 0
AT18->AT14->AT25->AT30 : 1 20688 8112 1 0
AT30->AT41->AT23->AT24 : 1 20372 3232 1 0
AT14->AT25->AT30->AT14 : 1 20034 8308 1 0
AT24->AT14->AT25->AT30 : 1 19104 5984 1 0
AT23->AT14->AT25->AT30 : 1 18884 6724 1 0
AT41->AT23->AT14->AT25 : 1 17428 6580 1 0
AT41->AT23->AT24->AT18 : 1 14904 4384 1 0
AT30->AT41->AT23->AT14 : 1 14228 2428 1 0
AT24->AT18->AT14->AT25 : 1 13968 6944 1 0
AT21->AT24->AT14->AT25 : 1 11872 4928 1 0
AT21->AT24->AT18->AT14 : 1 2640 800 1 0
AT25->AT30->AT41->AT23->AT24 : 1 30868 4544 1 0
AT24->AT14->AT25->AT30->AT41 : 1 24944 6440 1 0
AT14->AT25->AT30->AT41->AT23 : 1 24724 7544 1 0
AT25->AT30->AT41->AT23->AT14 : 1 24724 3740 1 0
AT30->AT41->AT23->AT14->AT25 : 1 24724 7036 1 0
AT41->AT23->AT14->AT25->AT30 : 1 24724 7892 1 0
AT23->AT14->AT25->AT30->AT41 : 1 24724 7180 1 0
AT30->AT41->AT23->AT24->AT18 : 1 22200 4840 1 0
AT24->AT18->AT14->AT25->AT30 : 1 21712 8368 1 0
AT18->AT14->AT25->AT30->AT14 : 1 21186 8596 1 0
AT21->AT24->AT14->AT25->AT30 : 1 19168 6240 1 0
AT21->AT24->AT18->AT14->AT25 : 1 14032 7200 1 0
AT25->AT30->AT41->AT23->AT24->AT18 : 1 32696 6152 1 0
AT14->AT25->AT30->AT41->AT23->AT24 : 1 31156 9152 1 0
AT24->AT14->AT25->AT30->AT41->AT23 : 1 25748 7608 1 0
AT21->AT24->AT14->AT25->AT30->AT41 : 1 25008 6696 1 0
AT24->AT18->AT14->AT25->AT30->AT14 : 1 22210 8852 1 0
AT21->AT24->AT18->AT14->AT25->AT30 : 1 21776 8624 1 0
AT14->AT25->AT30->AT41->AT23->AT24->AT18 : 1 32984 10760 1 0
AT24->AT14->AT25->AT30->AT41->AT23->AT24 : 1 32180 9216 1 0
AT21->AT24->AT14->AT25->AT30->AT41->AT23 : 1 25812 7864 1 0
AT21->AT24->AT18->AT14->AT25->AT30->AT14 : 1 22274 9108 1 0
AT24->AT14->AT25->AT30->AT41->AT23->AT24->AT18 : 1 34008 10824 1 0
AT21->AT24->AT14->AT25->AT30->AT41->AT23->AT24 : 1 32244 9472 1 0
AT21->AT24->AT14->AT25->AT30->AT41->AT23->AT24->AT18 : 1 34072 11080 1 0
