Profile Result: 
AT18 : 1 2320 0 1 0
AT20 : 1 1088 0 1 0
AT22 : 2 45312 0 1 0
AT24 : 2 22656 0 1 0
AT26 : 1 416 0 1 0
AT27 : 2 1416 0 1 0
AT30 : 1 10240 0 1 0
NULL : 4 0 0 1 0
NULL->AT27 : 3 2184 3072 1 0
NULL->NULL : 3 0 2373 1 0
AT22->AT24 : 2 67968 5664 1 0
AT27->AT22 : 2 46728 11328 1 0
AT24->NULL : 2 22656 1416 1 0
AT24->AT30 : 1 22528 3072 1 0
AT24->AT18 : 1 12688 2592 1 0
AT30->NULL : 1 10240 640 1 0
NULL->AT30 : 1 10240 1024 1 0
AT18->NULL : 1 2320 580 1 0
NULL->AT18 : 1 2320 1024 1 0
AT20->AT27 : 1 1736 544 1 0
AT26->AT20 : 1 1504 3328 1 0
AT27->AT26 : 1 1184 768 1 0
NULL->AT20 : 1 1088 1024 1 0
AT27->NULL : 1 648 648 1 0
NULL->AT26 : 1 416 1024 1 0
AT27->AT22->AT24 : 2 69384 16992 1 0
AT22->AT24->AT30 : 1 47104 6144 1 0
AT22->AT24->AT18 : 1 33424 5184 1 0
AT20->AT27->AT22 : 1 22472 5728 1 0
AT27->AT26->AT20 : 1 2272 4096 1 0
AT26->AT20->AT27 : 1 2152 3872 1 0
AT27->AT22->AT24->AT30 : 1 47872 12288 1 0
AT27->AT22->AT24->AT18 : 1 34072 10368 1 0
AT20->AT27->AT22->AT24 : 1 32840 8320 1 0
AT26->AT20->AT27->AT22 : 1 22888 9056 1 0
AT27->AT26->AT20->AT27 : 1 2920 4640 1 0
AT20->AT27->AT22->AT24->AT18 : 1 35160 10912 1 0
AT26->AT20->AT27->AT22->AT24 : 1 33256 11648 1 0
AT27->AT26->AT20->AT27->AT22 : 1 23656 9824 1 0
AT26->AT20->AT27->AT22->AT24->AT18 : 1 35576 14240 1 0
AT27->AT26->AT20->AT27->AT22->AT24 : 1 34024 12416 1 0
AT27->AT26->AT20->AT27->AT22->AT24->AT18 : 1 36344 15008 1 0
