Profile Result: 
AT14 : 2 1000 0 1 0
AT18 : 1 1792 0 1 0
AT23 : 1 768 0 1 0
AT24 : 2 10240 0 1 0
AT25 : 2 24384 0 1 0
AT30 : 3 19744 0 1 0
AT41 : 1 5120 0 1 0
NULL : 4 0 0 1 0
NULL->AT30 : 3 19744 3072 1 0
NULL->NULL : 3 0 2438 1 0
AT14->AT25 : 2 25384 16000 1 0
NULL->AT25 : 2 24384 2048 1 0
AT30->NULL : 2 14624 914 1 0
NULL->AT23 : 2 1536 2048 1 0
AT25->AT30 : 1 21344 1608 1 0
AT25->AT14 : 1 12104 1440 1 0
AT24->AT41 : 1 11264 384 1 0
AT24->AT30 : 1 10240 1024 1 0
AT41->AT24 : 1 9216 1024 1 0
AT24->AT18 : 1 7936 1536 1 0
AT23->AT24 : 1 6912 1536 1 0
AT23->AT30 : 1 5888 768 1 0
AT30->AT14 : 1 5536 320 1 0
NULL->AT41 : 1 5120 1024 1 0
AT24->NULL : 1 4096 256 1 0
AT18->AT14 : 1 2376 448 1 0
NULL->AT18 : 1 1792 1024 1 0
NULL->AT14 : 1 416 1024 1 0
AT25->AT14->AT25 : 1 24968 10784 1 0
AT14->AT25->AT30 : 1 21928 10952 1 0
AT30->AT14->AT25 : 1 17056 6976 1 0
AT24->AT41->AT24 : 1 15360 1408 1 0
AT41->AT24->AT30 : 1 15360 2048 1 0
AT18->AT14->AT25 : 1 15240 9792 1 0
AT14->AT25->AT14 : 1 12520 8096 1 0
AT23->AT24->AT41 : 1 12032 1920 1 0
AT23->AT24->AT18 : 1 8704 3072 1 0
AT24->AT18->AT14 : 1 8520 1984 1 0
AT23->AT30->AT14 : 1 6304 1088 1 0
AT25->AT14->AT25->AT30 : 1 33448 12392 1 0
AT14->AT25->AT14->AT25 : 1 25384 17440 1 0
AT18->AT14->AT25->AT30 : 1 23720 11400 1 0
AT24->AT41->AT24->AT30 : 1 21504 2432 1 0
AT24->AT18->AT14->AT25 : 1 21384 11328 1 0
AT23->AT30->AT14->AT25 : 1 17824 7744 1 0
AT30->AT14->AT25->AT14 : 1 17640 8416 1 0
AT23->AT24->AT41->AT24 : 1 16128 2944 1 0
AT23->AT24->AT18->AT14 : 1 9288 3520 1 0
AT14->AT25->AT14->AT25->AT30 : 1 33864 19048 1 0
AT30->AT14->AT25->AT14->AT25 : 1 30504 17760 1 0
AT24->AT18->AT14->AT25->AT30 : 1 29864 12936 1 0
AT23->AT24->AT41->AT24->AT30 : 1 22272 3968 1 0
AT23->AT24->AT18->AT14->AT25 : 1 22152 12864 1 0
AT23->AT30->AT14->AT25->AT14 : 1 18408 9184 1 0
AT30->AT14->AT25->AT14->AT25->AT30 : 1 38984 19368 1 0
AT23->AT30->AT14->AT25->AT14->AT25 : 1 31272 18528 1 0
AT23->AT24->AT18->AT14->AT25->AT30 : 1 30632 14472 1 0
AT23->AT30->AT14->AT25->AT14->AT25->AT30 : 1 39752 20136 1 0
