Profile Result: 
AT14 : 1 416 0 1 0
AT23 : 1 768 0 1 0
AT24 : 1 6144 0 1 0
AT25 : 1 11520 0 1 0
AT30 : 2 13952 0 1 0
NULL : 3 0 0 1 0
NULL->AT23 : 2 1536 2048 1 0
NULL->NULL : 2 0 1492 1 0
AT25->AT30 : 1 20352 1440 1 0
AT24->AT30 : 1 14976 1536 1 0
AT14->AT25 : 1 11936 6656 1 0
NULL->AT25 : 1 11520 1024 1 0
AT30->NULL : 1 8832 552 1 0
AT23->AT24 : 1 6912 1536 1 0
AT24->NULL : 1 6144 384 1 0
AT23->AT30 : 1 5888 768 1 0
AT30->AT14 : 1 5536 320 1 0
NULL->AT30 : 1 5120 1024 1 0
NULL->AT14 : 1 416 1024 1 0
AT14->AT25->AT30 : 1 20768 8096 1 0
AT30->AT14->AT25 : 1 17056 6976 1 0
AT23->AT24->AT30 : 1 15744 3072 1 0
AT23->AT30->AT14 : 1 6304 1088 1 0
AT30->AT14->AT25->AT30 : 1 25888 8416 1 0
AT23->AT30->AT14->AT25 : 1 17824 7744 1 0
AT23->AT30->AT14->AT25->AT30 : 1 26656 9184 1 0
