Profile Result: 
AT14 : 4 2220 0 1 0
AT18 : 1 1536 0 1 0
AT24 : 1 4096 0 1 0
AT25 : 3 35200 0 1 0
AT30 : 1 7680 0 1 0
NULL : 3 0 0 1 0
AT14->AT25 : 3 36528 21248 1 0
NULL->AT25 : 3 35200 3072 1 0
NULL->AT14 : 3 1836 3072 1 0
AT25->AT14 : 2 25212 2992 1 0
NULL->NULL : 2 0 2048 1 0
AT25->AT30 : 1 18944 1408 1 0
AT30->AT14 : 1 8176 480 1 0
NULL->AT30 : 1 7680 1024 1 0
AT24->AT18 : 1 5632 1024 1 0
AT24->AT14 : 1 4480 256 1 0
NULL->AT24 : 1 4096 1024 1 0
AT18->AT14 : 1 1984 384 1 0
NULL->AT18 : 1 1536 1024 1 0
AT14->NULL : 1 892 14272 1 0
AT14->AT25->AT14 : 2 26156 18096 1 0
AT25->AT14->AT25 : 1 23424 7616 1 0
AT30->AT14->AT25 : 1 20336 8416 1 0
AT25->AT30->AT14 : 1 19440 1888 1 0
AT14->AT25->AT30 : 1 19328 7552 1 0
AT24->AT14->AT25 : 1 15744 6400 1 0
AT18->AT14->AT25 : 1 13760 7552 1 0
AT24->AT18->AT14 : 1 6080 1408 1 0
AT25->AT30->AT14->AT25 : 1 31600 9824 1 0
AT25->AT14->AT25->AT30 : 1 31104 9024 1 0
AT14->AT25->AT14->AT25 : 1 23872 14784 1 0
AT24->AT14->AT25->AT30 : 1 23424 7808 1 0
AT30->AT14->AT25->AT14 : 1 21228 9936 1 0
AT14->AT25->AT30->AT14 : 1 19824 8032 1 0
AT24->AT18->AT14->AT25 : 1 17856 8576 1 0
AT18->AT14->AT25->AT14 : 1 14144 9024 1 0
AT25->AT30->AT14->AT25->AT14 : 1 32492 11344 1 0
AT14->AT25->AT30->AT14->AT25 : 1 31984 15968 1 0
AT25->AT14->AT25->AT30->AT14 : 1 31600 9504 1 0
AT14->AT25->AT14->AT25->AT30 : 1 31552 16192 1 0
AT18->AT14->AT25->AT14->AT25 : 1 25408 15168 1 0
AT24->AT14->AT25->AT30->AT14 : 1 23920 8288 1 0
AT24->AT18->AT14->AT25->AT14 : 1 18240 10048 1 0
AT25->AT14->AT25->AT30->AT14->AT25 : 1 43760 17440 1 0
AT24->AT14->AT25->AT30->AT14->AT25 : 1 36080 16224 1 0
AT18->AT14->AT25->AT14->AT25->AT30 : 1 33088 16576 1 0
AT14->AT25->AT30->AT14->AT25->AT14 : 1 32876 17488 1 0
AT14->AT25->AT14->AT25->AT30->AT14 : 1 32048 16672 1 0
AT24->AT18->AT14->AT25->AT14->AT25 : 1 29504 16192 1 0
AT25->AT14->AT25->AT30->AT14->AT25->AT14 : 1 44652 18960 1 0
AT14->AT25->AT14->AT25->AT30->AT14->AT25 : 1 44208 24608 1 0
AT24->AT18->AT14->AT25->AT14->AT25->AT30 : 1 37184 17600 1 0
AT24->AT14->AT25->AT30->AT14->AT25->AT14 : 1 36972 17744 1 0
AT18->AT14->AT25->AT14->AT25->AT30->AT14 : 1 33584 17056 1 0
AT18->AT14->AT25->AT14->AT25->AT30->AT14->AT25 : 1 45744 24992 1 0
AT14->AT25->AT14->AT25->AT30->AT14->AT25->AT14 : 1 45100 26128 1 0
AT24->AT18->AT14->AT25->AT14->AT25->AT30->AT14 : 1 37680 18080 1 0
AT24->AT18->AT14->AT25->AT14->AT25->AT30->AT14->AT25 : 1 49840 26016 1 0
AT18->AT14->AT25->AT14->AT25->AT30->AT14->AT25->AT14 : 1 46636 26512 1 0
AT24->AT18->AT14->AT25->AT14->AT25->AT30->AT14->AT25->AT14 : 1 50732 27536 1 0
