Profile Result: 
AT14 : 2 1328 0 1 0
AT18 : 1 1536 0 1 0
AT23 : 2 1829 0 1 0
AT25 : 2 27008 0 1 0
AT30 : 1 9664 0 1 0
AT41 : 1 7320 0 1 0
NULL : 4 0 0 1 0
NULL->NULL : 3 0 3474.5 1 0
AT14->AT25 : 2 28336 21248 1 0
NULL->AT25 : 2 27008 2048 1 0
NULL->AT18 : 2 3072 2048 1 0
AT23->NULL : 2 1902 3804 1 0
NULL->AT23 : 2 1829 2048 1 0
AT25->AT30 : 1 24896 1904 1 0
AT30->AT41 : 1 16984 604 1 0
AT25->AT14 : 1 12656 1472 1 0
NULL->AT30 : 1 9664 1024 1 0
AT41->AT23 : 1 8198 1464 1 0
NULL->AT41 : 1 7320 1024 1 0
AT18->AT14 : 1 1984 384 1 0
AT23->AT23 : 1 1829 1756 1 0
AT23->AT14 : 1 1326 878 1 0
NULL->AT14 : 1 880 1024 1 0
AT25->AT30->AT41 : 1 32216 2508 1 0
AT25->AT14->AT25 : 1 27888 15552 1 0
AT14->AT25->AT30 : 1 25776 15984 1 0
AT30->AT41->AT23 : 1 17862 2068 1 0
AT18->AT14->AT25 : 1 13760 7552 1 0
AT14->AT25->AT14 : 1 13104 8640 1 0
AT23->AT14->AT25 : 1 13102 8046 1 0
AT41->AT23->AT23 : 1 9149 3220 1 0
AT41->AT23->AT14 : 1 8646 2342 1 0
AT25->AT14->AT25->AT30 : 1 37552 17456 1 0
AT14->AT25->AT30->AT41 : 1 33096 16588 1 0
AT25->AT30->AT41->AT23 : 1 33094 3972 1 0
AT14->AT25->AT14->AT25 : 1 28336 22720 1 0
AT41->AT23->AT14->AT25 : 1 20422 9510 1 0
AT30->AT41->AT23->AT23 : 1 18813 3824 1 0
AT30->AT41->AT23->AT14 : 1 18310 2946 1 0
AT18->AT14->AT25->AT14 : 1 14640 9024 1 0
AT23->AT14->AT25->AT14 : 1 13982 9518 1 0
AT25->AT14->AT25->AT30->AT41 : 1 44872 18060 1 0
AT14->AT25->AT14->AT25->AT30 : 1 38000 24624 1 0
AT25->AT30->AT41->AT23->AT23 : 1 34045 5728 1 0
AT14->AT25->AT30->AT41->AT23 : 1 33974 18052 1 0
AT25->AT30->AT41->AT23->AT14 : 1 33542 4850 1 0
AT30->AT41->AT23->AT14->AT25 : 1 30086 10114 1 0
AT18->AT14->AT25->AT14->AT25 : 1 29872 23104 1 0
AT23->AT14->AT25->AT14->AT25 : 1 29214 23598 1 0
AT41->AT23->AT14->AT25->AT14 : 1 21302 10982 1 0
AT25->AT14->AT25->AT30->AT41->AT23 : 1 45750 19524 1 0
AT14->AT25->AT14->AT25->AT30->AT41 : 1 45320 25228 1 0
AT25->AT30->AT41->AT23->AT14->AT25 : 1 45318 12018 1 0
AT18->AT14->AT25->AT14->AT25->AT30 : 1 39536 25008 1 0
AT23->AT14->AT25->AT14->AT25->AT30 : 1 38878 25502 1 0
AT41->AT23->AT14->AT25->AT14->AT25 : 1 36534 25062 1 0
AT14->AT25->AT30->AT41->AT23->AT23 : 1 34925 19808 1 0
AT14->AT25->AT30->AT41->AT23->AT14 : 1 34422 18930 1 0
AT30->AT41->AT23->AT14->AT25->AT14 : 1 30966 11586 1 0
AT18->AT14->AT25->AT14->AT25->AT30->AT41 : 1 46856 25612 1 0
AT25->AT14->AT25->AT30->AT41->AT23->AT23 : 1 46701 21280 1 0
AT14->AT25->AT14->AT25->AT30->AT41->AT23 : 1 46198 26692 1 0
AT25->AT14->AT25->AT30->AT41->AT23->AT14 : 1 46198 20402 1 0
AT14->AT25->AT30->AT41->AT23->AT14->AT25 : 1 46198 26098 1 0
AT25->AT30->AT41->AT23->AT14->AT25->AT14 : 1 46198 13490 1 0
AT30->AT41->AT23->AT14->AT25->AT14->AT25 : 1 46198 25666 1 0
AT41->AT23->AT14->AT25->AT14->AT25->AT30 : 1 46198 26966 1 0
AT23->AT14->AT25->AT14->AT25->AT30->AT41 : 1 46198 26106 1 0
AT18->AT14->AT25->AT14->AT25->AT30->AT41->AT23 : 1 47734 27076 1 0
AT14->AT25->AT14->AT25->AT30->AT41->AT23->AT23 : 1 47149 28448 1 0
AT18->AT14->AT25->AT14->AT25->AT30->AT41->AT23->AT23 : 1 48685 28832 1 0
