Profile Result: 
AT16 : 2 4736 0 1 0
AT19 : 4 43264 0 1 0
AT33 : 1 30720 0 1 0
AT37 : 1 640 0 1 0
NULL : 4 0 0 1 0
NULL->AT19 : 3 24832 3072 1 0
AT19->NULL : 3 19456 1696 1 0
NULL->NULL : 3 0 6320 1 0
AT19->AT19 : 2 48640 1856 1 0
AT19->AT16 : 2 34432 3712 1 0
AT16->AT19 : 2 29056 1184 1 0
AT16->NULL : 2 4736 2368 1 0
NULL->AT16 : 2 4736 2048 1 0
AT19->AT33 : 1 38400 480 1 0
AT33->AT37 : 1 31360 12288 1 0
AT33->NULL : 1 30720 12288 1 0
NULL->AT33 : 1 30720 1024 1 0
AT37->AT19 : 1 19072 5120 1 0
AT37->NULL : 1 640 640 1 0
NULL->AT37 : 1 640 1024 1 0
AT33->AT37->AT19 : 1 49792 17408 1 0
AT19->AT19->AT33 : 1 49664 1184 1 0
AT19->AT33->AT37 : 1 39040 12768 1 0
AT19->AT19->AT19 : 1 37376 1856 1 0
AT16->AT19->AT19 : 1 32512 1856 1 0
AT19->AT19->AT16 : 1 31616 2560 1 0
AT37->AT19->AT19 : 1 30336 6272 1 0
AT37->AT19->AT16 : 1 21888 7424 1 0
AT19->AT16->AT19 : 1 19072 1888 1 0
AT19->AT19->AT19->AT33 : 1 68096 2336 1 0
AT33->AT37->AT19->AT19 : 1 61056 18560 1 0
AT19->AT33->AT37->AT19 : 1 57472 17888 1 0
AT33->AT37->AT19->AT16 : 1 52608 19712 1 0
AT19->AT19->AT33->AT37 : 1 50304 13472 1 0
AT16->AT19->AT19->AT19 : 1 40192 2560 1 0
AT37->AT19->AT19->AT19 : 1 38016 6976 1 0
AT19->AT19->AT16->AT19 : 1 37504 3040 1 0
AT16->AT19->AT19->AT16 : 1 34432 3264 1 0
AT37->AT19->AT19->AT16 : 1 32256 7680 1 0
AT16->AT19->AT19->AT19->AT33 : 1 70912 3040 1 0
AT33->AT37->AT19->AT19->AT19 : 1 68736 19264 1 0
AT37->AT19->AT19->AT19->AT33 : 1 68736 7456 1 0
AT19->AT19->AT19->AT33->AT37 : 1 68736 14624 1 0
AT19->AT19->AT33->AT37->AT19 : 1 68736 18592 1 0
AT19->AT33->AT37->AT19->AT19 : 1 68736 19040 1 0
AT33->AT37->AT19->AT19->AT16 : 1 62976 19968 1 0
AT19->AT33->AT37->AT19->AT16 : 1 60288 20192 1 0
AT16->AT19->AT19->AT16->AT19 : 1 40320 3744 1 0
AT37->AT19->AT19->AT16->AT19 : 1 38144 8160 1 0
AT19->AT19->AT33->AT37->AT19->AT16 : 1 71552 20896 1 0
AT16->AT19->AT19->AT19->AT33->AT37 : 1 71552 15328 1 0
AT19->AT33->AT37->AT19->AT19->AT16 : 1 70656 20448 1 0
AT33->AT37->AT19->AT19->AT16->AT19 : 1 68864 20448 1 0
AT19->AT33->AT37->AT19->AT19->AT16->AT19 : 1 76544 20928 1 0
