Profile Result: 
AT14 : 1 400 0 1 0
AT18 : 2 3656 0 1 0
AT19 : 1 14400 0 1 0
AT21 : 1 450 0 1 0
AT22 : 1 4096 0 1 0
AT23 : 2 1472 0 1 0
AT24 : 1 6656 0 1 0
AT25 : 1 11392 0 1 0
AT30 : 2 9984 0 1 0
AT33 : 1 18000 0 1 0
AT37 : 1 388 0 1 0
NULL : 6 0 0 1 0
NULL->NULL : 5 0 5941.16 1 0
AT19->AT18 : 2 32400 1800 1 0
AT23->AT30 : 2 11456 1472 1 0
NULL->AT30 : 2 9984 2048 1 0
AT18->NULL : 2 3656 914 1 0
NULL->AT23 : 2 1472 2048 1 0
AT33->AT21 : 1 18450 7200 1 0
AT37->AT33 : 1 18388 388 1 0
AT33->NULL : 1 18000 7200 1 0
NULL->AT33 : 1 18000 1024 1 0
AT37->AT19 : 1 14788 3104 1 0
NULL->AT19 : 1 14400 1024 1 0
AT14->AT25 : 1 11792 6400 1 0
AT25->AT37 : 1 11780 1424 1 0
NULL->AT25 : 1 11392 1024 1 0
AT24->AT18 : 1 8512 1664 1 0
AT23->AT24 : 1 7488 1664 1 0
AT24->NULL : 1 6656 416 1 0
AT30->NULL : 1 5376 336 1 0
AT30->AT14 : 1 5008 288 1 0
AT22->AT23 : 1 4736 512 1 0
NULL->AT22 : 1 4096 1024 1 0
NULL->AT18 : 1 1856 1024 1 0
AT23->AT23 : 1 1472 1280 1 0
AT21->NULL : 1 450 1800 1 0
NULL->AT14 : 1 400 1024 1 0
NULL->AT37 : 1 388 1024 1 0
AT37->AT19->AT18 : 2 33176 8008 1 0
AT25->AT37->AT33 : 1 29780 1812 1 0
AT25->AT37->AT19 : 1 26180 4528 1 0
AT37->AT33->AT21 : 1 18838 7588 1 0
AT30->AT14->AT25 : 1 16400 6688 1 0
AT14->AT25->AT37 : 1 12180 7824 1 0
AT22->AT23->AT30 : 1 9344 1152 1 0
AT23->AT24->AT18 : 1 9344 3328 1 0
AT23->AT23->AT24 : 1 8128 2944 1 0
AT23->AT23->AT30 : 1 6848 2112 1 0
AT23->AT30->AT14 : 1 5648 928 1 0
AT22->AT23->AT23 : 1 5568 1792 1 0
AT25->AT37->AT19->AT18 : 2 55960 10856 1 0
AT25->AT37->AT33->AT21 : 1 30230 9012 1 0
AT14->AT25->AT37->AT33 : 1 30180 8212 1 0
AT14->AT25->AT37->AT19 : 1 26580 10928 1 0
AT23->AT30->AT14->AT25 : 1 17040 7328 1 0
AT30->AT14->AT25->AT37 : 1 16788 8112 1 0
AT22->AT23->AT23->AT24 : 1 12224 3456 1 0
AT22->AT23->AT23->AT30 : 1 10944 2624 1 0
AT23->AT23->AT24->AT18 : 1 9984 4608 1 0
AT22->AT23->AT30->AT14 : 1 9744 1440 1 0
AT14->AT25->AT37->AT19->AT18 : 2 56760 23656 1 0
AT30->AT14->AT25->AT37->AT33 : 1 34788 8500 1 0
AT30->AT14->AT25->AT37->AT19 : 1 31188 11216 1 0
AT14->AT25->AT37->AT33->AT21 : 1 30630 15412 1 0
AT22->AT23->AT30->AT14->AT25 : 1 21136 7840 1 0
AT23->AT30->AT14->AT25->AT37 : 1 17428 8752 1 0
AT22->AT23->AT23->AT24->AT18 : 1 14080 5120 1 0
AT30->AT14->AT25->AT37->AT19->AT18 : 2 65976 24232 1 0
AT23->AT30->AT14->AT25->AT37->AT33 : 1 35428 9140 1 0
AT30->AT14->AT25->AT37->AT33->AT21 : 1 35238 15700 1 0
AT23->AT30->AT14->AT25->AT37->AT19 : 1 31828 11856 1 0
AT22->AT23->AT30->AT14->AT25->AT37 : 1 21524 9264 1 0
AT23->AT30->AT14->AT25->AT37->AT19->AT18 : 2 67256 25512 1 0
AT22->AT23->AT30->AT14->AT25->AT37->AT33 : 1 39524 9652 1 0
AT22->AT23->AT30->AT14->AT25->AT37->AT19 : 1 35924 12368 1 0
AT23->AT30->AT14->AT25->AT37->AT33->AT21 : 1 35878 16340 1 0
AT22->AT23->AT30->AT14->AT25->AT37->AT19->AT18 : 2 75448 26536 1 0
AT22->AT23->AT30->AT14->AT25->AT37->AT33->AT21 : 1 39974 16852 1 0
