Profile Result: 
AT18 : 1 1472 0 1 0
AT19 : 2 17408 0 1 0
AT21 : 1 624 0 1 0
AT23 : 2 2216 0 1 0
AT25 : 1 13184 0 1 0
AT30 : 1 6656 0 1 0
AT33 : 1 24960 0 1 0
NULL : 5 0 0 1 0
NULL->NULL : 4 0 3632 1 0
NULL->AT19 : 3 27648 3072 1 0
AT23->NULL : 3 3296 5456 1 0
NULL->AT23 : 2 2216 2048 1 0
AT33->AT25 : 1 38144 9984 1 0
AT19->AT33 : 1 32128 448 1 0
AT33->AT21 : 1 25584 9984 1 0
NULL->AT33 : 1 24960 1024 1 0
AT25->AT30 : 1 19840 1648 1 0
AT19->AT19 : 1 17408 640 1 0
AT19->AT30 : 1 16896 1280 1 0
NULL->AT25 : 1 13184 1024 1 0
AT19->AT18 : 1 8640 896 1 0
AT30->NULL : 1 6656 416 1 0
AT23->AT23 : 1 2216 2272 1 0
AT21->AT23 : 1 1760 2496 1 0
AT18->NULL : 1 1472 368 1 0
NULL->AT18 : 1 1472 1024 1 0
AT19->AT33->AT25 : 1 45312 10432 1 0
AT33->AT25->AT30 : 1 44800 11632 1 0
AT19->AT19->AT33 : 1 42368 1088 1 0
AT19->AT33->AT21 : 1 32752 10432 1 0
AT33->AT21->AT23 : 1 26720 12480 1 0
AT19->AT19->AT18 : 1 18880 1536 1 0
AT21->AT23->AT23 : 1 2840 4768 1 0
AT19->AT19->AT33->AT25 : 1 55552 11072 1 0
AT19->AT33->AT25->AT30 : 1 51968 12080 1 0
AT19->AT19->AT33->AT21 : 1 42992 11072 1 0
AT19->AT33->AT21->AT23 : 1 33888 12928 1 0
AT33->AT21->AT23->AT23 : 1 27800 14752 1 0
AT19->AT19->AT33->AT25->AT30 : 1 62208 12720 1 0
AT19->AT19->AT33->AT21->AT23 : 1 44128 13568 1 0
AT19->AT33->AT21->AT23->AT23 : 1 34968 15200 1 0
AT19->AT19->AT33->AT21->AT23->AT23 : 1 45208 15840 1 0
