Profile Result: 
AT13 : 1 384 0 1 0
AT14 : 2 832 0 1 0
AT18 : 2 3072 0 1 0
AT24 : 2 8192 0 1 0
AT25 : 1 11776 0 1 0
AT26 : 1 232 0 1 0
AT32 : 1 4640 0 1 0
AT37 : 1 400 0 1 0
AT41 : 1 5120 0 1 0
NULL : 4 0 0 1 0
NULL->NULL : 3 0 2324 1 0
AT24->AT18 : 2 11264 2048 1 0
AT32->NULL : 2 9280 464 1 0
NULL->AT18 : 2 3072 2048 1 0
NULL->AT14 : 2 832 2048 1 0
AT14->AT25 : 1 12224 7168 1 0
AT25->AT37 : 1 12176 1472 1 0
NULL->AT25 : 1 11776 1024 1 0
AT41->AT24 : 1 9216 1024 1 0
AT18->AT41 : 1 6656 384 1 0
AT37->AT41 : 1 5520 3200 1 0
AT26->AT32 : 1 4872 1856 1 0
AT24->AT14 : 1 4480 256 1 0
AT24->NULL : 1 4096 256 1 0
NULL->AT24 : 1 4096 1024 1 0
AT18->NULL : 1 1536 384 1 0
AT13->AT14 : 1 832 384 1 0
AT14->AT13 : 1 768 6144 1 0
AT37->AT26 : 1 632 400 1 0
NULL->AT37 : 1 400 1024 1 0
NULL->AT26 : 1 232 1024 1 0
AT25->AT37->AT41 : 1 17296 4672 1 0
AT14->AT25->AT37 : 1 12624 8640 1 0
AT13->AT14->AT25 : 1 12608 7552 1 0
AT25->AT37->AT26 : 1 12408 1872 1 0
AT24->AT18->AT41 : 1 10752 1408 1 0
AT18->AT41->AT24 : 1 10752 1408 1 0
AT41->AT24->AT18 : 1 10752 2048 1 0
AT37->AT41->AT24 : 1 9616 4224 1 0
AT37->AT26->AT32 : 1 5272 2256 1 0
AT24->AT14->AT13 : 1 4864 6400 1 0
AT14->AT13->AT14 : 1 1216 6528 1 0
AT25->AT37->AT41->AT24 : 1 21392 5696 1 0
AT14->AT25->AT37->AT41 : 1 17744 11840 1 0
AT25->AT37->AT26->AT32 : 1 17048 3728 1 0
AT24->AT18->AT41->AT24 : 1 14848 2432 1 0
AT13->AT14->AT25->AT37 : 1 13008 9024 1 0
AT14->AT13->AT14->AT25 : 1 12992 13696 1 0
AT14->AT25->AT37->AT26 : 1 12856 9040 1 0
AT18->AT41->AT24->AT18 : 1 12288 2432 1 0
AT37->AT41->AT24->AT18 : 1 11152 5248 1 0
AT24->AT14->AT13->AT14 : 1 5312 6784 1 0
AT25->AT37->AT41->AT24->AT18 : 1 22928 6720 1 0
AT14->AT25->AT37->AT41->AT24 : 1 21840 12864 1 0
AT13->AT14->AT25->AT37->AT41 : 1 18128 12224 1 0
AT14->AT25->AT37->AT26->AT32 : 1 17496 10896 1 0
AT24->AT14->AT13->AT14->AT25 : 1 17088 13952 1 0
AT24->AT18->AT41->AT24->AT18 : 1 16384 3456 1 0
AT14->AT13->AT14->AT25->AT37 : 1 13392 15168 1 0
AT13->AT14->AT25->AT37->AT26 : 1 13240 9424 1 0
AT14->AT25->AT37->AT41->AT24->AT18 : 1 23376 13888 1 0
AT13->AT14->AT25->AT37->AT41->AT24 : 1 22224 13248 1 0
AT14->AT13->AT14->AT25->AT37->AT41 : 1 18512 18368 1 0
AT13->AT14->AT25->AT37->AT26->AT32 : 1 17880 11280 1 0
AT24->AT14->AT13->AT14->AT25->AT37 : 1 17488 15424 1 0
AT14->AT13->AT14->AT25->AT37->AT26 : 1 13624 15568 1 0
AT13->AT14->AT25->AT37->AT41->AT24->AT18 : 1 23760 14272 1 0
AT24->AT14->AT13->AT14->AT25->AT37->AT41 : 1 22608 18624 1 0
AT14->AT13->AT14->AT25->AT37->AT41->AT24 : 1 22608 19392 1 0
AT14->AT13->AT14->AT25->AT37->AT26->AT32 : 1 18264 17424 1 0
AT24->AT14->AT13->AT14->AT25->AT37->AT26 : 1 17720 15824 1 0
AT24->AT14->AT13->AT14->AT25->AT37->AT41->AT24 : 1 26704 19648 1 0
AT14->AT13->AT14->AT25->AT37->AT41->AT24->AT18 : 1 24144 20416 1 0
AT24->AT14->AT13->AT14->AT25->AT37->AT26->AT32 : 1 22360 17680 1 0
AT24->AT14->AT13->AT14->AT25->AT37->AT41->AT24->AT18 : 1 28240 20672 1 0
