Profile Result: 
AT14 : 3 2214 0 1 0
AT23 : 1 768 0 1 0
AT25 : 2 29568 0 1 0
AT30 : 1 9920 0 1 0
NULL : 4 0 0 1 0
NULL->AT14 : 3 2214 3072 1 0
NULL->NULL : 3 0 7344 1 0
AT14->AT25 : 2 31216 26368 1 0
NULL->AT25 : 2 29568 2048 1 0
NULL->AT23 : 2 1536 2048 1 0
AT25->AT30 : 1 25664 1968 1 0
AT25->AT14 : 1 14768 1728 1 0
AT30->AT14 : 1 10486 620 1 0
NULL->AT30 : 1 9920 1024 1 0
AT23->AT14 : 1 1472 768 1 0
AT23->NULL : 1 768 1536 1 0
AT14->NULL : 1 566 9056 1 0
AT25->AT14->AT25 : 1 30512 16832 1 0
AT14->AT25->AT30 : 1 26608 17072 1 0
AT25->AT30->AT14 : 1 26230 2588 1 0
AT14->AT25->AT14 : 1 15472 12992 1 0
AT23->AT14->AT25 : 1 15296 12032 1 0
AT25->AT14->AT25->AT30 : 1 40432 18800 1 0
AT14->AT25->AT14->AT25 : 1 31216 28096 1 0
AT14->AT25->AT30->AT14 : 1 27174 17692 1 0
AT23->AT14->AT25->AT14 : 1 16240 13760 1 0
AT14->AT25->AT14->AT25->AT30 : 1 41136 30064 1 0
AT25->AT14->AT25->AT30->AT14 : 1 40998 19420 1 0
AT23->AT14->AT25->AT14->AT25 : 1 31984 28864 1 0
AT23->AT14->AT25->AT14->AT25->AT30 : 1 41904 30832 1 0
AT14->AT25->AT14->AT25->AT30->AT14 : 1 41702 30684 1 0
AT23->AT14->AT25->AT14->AT25->AT30->AT14 : 1 42470 31452 1 0
