Profile Result: 
AT14 : 1 602 0 1 0
AT20 : 1 416 0 1 0
AT23 : 1 360 0 1 0
AT26 : 1 80 0 1 0
AT28 : 1 3840 0 1 0
NULL : 3 0 0 1 0
NULL->AT28 : 2 7680 2048 1 0
NULL->NULL : 2 0 6200 1 0
AT28->AT26 : 1 3920 96 1 0
AT23->AT14 : 1 962 360 1 0
AT20->AT23 : 1 776 208 1 0
AT14->NULL : 1 602 9632 1 0
NULL->AT14 : 1 602 1024 1 0
AT26->AT20 : 1 496 640 1 0
NULL->AT20 : 1 416 1024 1 0
AT23->NULL : 1 360 720 1 0
NULL->AT23 : 1 360 1024 1 0
NULL->AT26 : 1 80 1024 1 0
AT28->AT26->AT20 : 1 4336 736 1 0
AT20->AT23->AT14 : 1 1378 568 1 0
AT26->AT20->AT23 : 1 856 848 1 0
AT28->AT26->AT20->AT23 : 1 4696 944 1 0
AT26->AT20->AT23->AT14 : 1 1458 1208 1 0
AT28->AT26->AT20->AT23->AT14 : 1 5298 1304 1 0
