Profile Result: 
AT15 : 1 2080 0 1 0
AT16 : 1 3136 0 1 0
AT18 : 1 1928 0 1 0
AT20 : 1 848 0 1 0
AT23 : 3 2118 0 1 0
AT24 : 1 7232 0 1 0
AT26 : 2 840 0 1 0
AT27 : 1 528 0 1 0
AT32 : 1 10880 0 1 0
NULL : 5 0 0 1 0
NULL->NULL : 4 0 3391.75 1 0
AT23->NULL : 3 2118 2118 1 0
NULL->AT26 : 3 1384 3072 1 0
AT23->AT23 : 2 2428 2428 1 0
NULL->AT23 : 2 1650 2048 1 0
AT26->AT32 : 1 11424 4352 1 0
AT32->AT27 : 1 11408 544 1 0
AT32->NULL : 1 10880 544 1 0
AT24->AT18 : 1 9160 1808 1 0
AT23->AT24 : 1 8136 1808 1 0
AT24->NULL : 1 7232 452 1 0
AT16->AT15 : 1 5216 784 1 0
AT16->AT23 : 1 4040 1568 1 0
AT27->AT16 : 1 3664 4224 1 0
NULL->AT16 : 1 3136 1024 1 0
AT15->AT27 : 1 2608 520 1 0
AT15->NULL : 1 2080 1040 1 0
NULL->AT15 : 1 2080 1024 1 0
AT18->NULL : 1 1928 482 1 0
NULL->AT18 : 1 1928 1024 1 0
AT20->AT23 : 1 1316 424 1 0
AT26->AT20 : 1 1144 2368 1 0
NULL->AT20 : 1 848 1024 1 0
AT27->AT26 : 1 824 528 1 0
AT32->AT27->AT16 : 1 14544 4768 1 0
AT26->AT32->AT27 : 1 11952 4896 1 0
AT32->AT27->AT26 : 1 11704 1072 1 0
AT16->AT23->AT24 : 1 11272 3376 1 0
AT23->AT24->AT18 : 1 10064 3616 1 0
AT27->AT16->AT15 : 1 5744 5008 1 0
AT16->AT15->AT27 : 1 5744 1304 1 0
AT15->AT27->AT16 : 1 5744 4744 1 0
AT27->AT16->AT23 : 1 4568 5792 1 0
AT15->AT27->AT26 : 1 2904 1048 1 0
AT20->AT23->AT23 : 1 2062 1360 1 0
AT27->AT26->AT20 : 1 1672 2896 1 0
AT26->AT20->AT23 : 1 1612 2792 1 0
AT32->AT27->AT16->AT15 : 1 16624 5552 1 0
AT32->AT27->AT16->AT23 : 1 15448 6336 1 0
AT26->AT32->AT27->AT16 : 1 15088 9120 1 0
AT16->AT23->AT24->AT18 : 1 13200 5184 1 0
AT32->AT27->AT26->AT20 : 1 12552 3440 1 0
AT26->AT32->AT27->AT26 : 1 12248 5424 1 0
AT27->AT16->AT23->AT24 : 1 11800 7600 1 0
AT15->AT27->AT16->AT23 : 1 6648 6312 1 0
AT16->AT15->AT27->AT26 : 1 6040 1832 1 0
AT15->AT27->AT26->AT20 : 1 3752 3416 1 0
AT26->AT20->AT23->AT23 : 1 2358 3728 1 0
AT27->AT26->AT20->AT23 : 1 2140 3320 1 0
AT32->AT27->AT16->AT23->AT24 : 1 22680 8144 1 0
AT26->AT32->AT27->AT16->AT15 : 1 17168 9904 1 0
AT26->AT32->AT27->AT16->AT23 : 1 15992 10688 1 0
AT15->AT27->AT16->AT23->AT24 : 1 13880 8120 1 0
AT27->AT16->AT23->AT24->AT18 : 1 13728 9408 1 0
AT26->AT32->AT27->AT26->AT20 : 1 13096 7792 1 0
AT32->AT27->AT26->AT20->AT23 : 1 13020 3864 1 0
AT16->AT15->AT27->AT26->AT20 : 1 6888 4200 1 0
AT15->AT27->AT26->AT20->AT23 : 1 4220 3840 1 0
AT27->AT26->AT20->AT23->AT23 : 1 2886 4256 1 0
AT32->AT27->AT16->AT23->AT24->AT18 : 1 24608 9952 1 0
AT26->AT32->AT27->AT16->AT23->AT24 : 1 23224 12496 1 0
AT15->AT27->AT16->AT23->AT24->AT18 : 1 15808 9928 1 0
AT32->AT27->AT26->AT20->AT23->AT23 : 1 13766 4800 1 0
AT26->AT32->AT27->AT26->AT20->AT23 : 1 13564 8216 1 0
AT16->AT15->AT27->AT26->AT20->AT23 : 1 7356 4624 1 0
AT15->AT27->AT26->AT20->AT23->AT23 : 1 4966 4776 1 0
AT26->AT32->AT27->AT16->AT23->AT24->AT18 : 1 25152 14304 1 0
AT26->AT32->AT27->AT26->AT20->AT23->AT23 : 1 14310 9152 1 0
AT16->AT15->AT27->AT26->AT20->AT23->AT23 : 1 8102 5560 1 0
