Profile Result: 
AT14 : 1 388 0 1 0
AT18 : 1 1552 0 1 0
AT24 : 2 8352 0 1 0
AT25 : 2 20000 0 1 0
AT30 : 2 14096 0 1 0
AT41 : 2 10440 0 1 0
NULL : 4 0 0 1 0
NULL->AT25 : 3 28704 3072 1 0
NULL->NULL : 3 0 2417.5 1 0
AT25->AT30 : 2 34096 2500 1 0
AT41->AT24 : 2 18792 2088 1 0
NULL->AT41 : 2 10440 2048 1 0
AT14->AT25 : 1 11684 6208 1 0
AT30->AT41 : 1 11680 400 1 0
AT24->AT30 : 1 10528 1032 1 0
AT30->NULL : 1 7696 481 1 0
NULL->AT30 : 1 7696 1024 1 0
AT18->AT41 : 1 6712 388 1 0
AT24->AT18 : 1 5776 1056 1 0
AT24->AT14 : 1 4612 264 1 0
AT24->NULL : 1 4128 258 1 0
NULL->AT18 : 1 1552 1024 1 0
NULL->AT14 : 1 388 1024 1 0
AT25->AT30->AT41 : 1 20384 1488 1 0
AT14->AT25->AT30 : 1 19380 7620 1 0
AT24->AT14->AT25 : 1 15908 6472 1 0
AT30->AT41->AT24 : 1 15904 1456 1 0
AT24->AT30->AT41 : 1 15808 1432 1 0
AT41->AT24->AT30 : 1 15688 2064 1 0
AT41->AT24->AT18 : 1 11056 2112 1 0
AT24->AT18->AT41 : 1 10936 1444 1 0
AT18->AT41->AT24 : 1 10840 1420 1 0
AT41->AT24->AT14 : 1 9892 1320 1 0
AT25->AT30->AT41->AT24 : 1 24608 2544 1 0
AT24->AT14->AT25->AT30 : 1 23604 7884 1 0
AT41->AT24->AT14->AT25 : 1 21188 7528 1 0
AT41->AT24->AT30->AT41 : 1 20968 2464 1 0
AT24->AT30->AT41->AT24 : 1 20032 2488 1 0
AT30->AT41->AT24->AT18 : 1 17456 2512 1 0
AT18->AT41->AT24->AT30 : 1 17240 2452 1 0
AT30->AT41->AT24->AT14 : 1 16292 1720 1 0
AT41->AT24->AT18->AT41 : 1 16216 2500 1 0
AT24->AT18->AT41->AT24 : 1 15064 2476 1 0
AT41->AT24->AT14->AT25->AT30 : 1 28884 8940 1 0
AT30->AT41->AT24->AT14->AT25 : 1 27588 7928 1 0
AT25->AT30->AT41->AT24->AT18 : 1 26160 3600 1 0
AT41->AT24->AT30->AT41->AT24 : 1 25192 3520 1 0
AT25->AT30->AT41->AT24->AT14 : 1 24996 2808 1 0
AT30->AT41->AT24->AT18->AT41 : 1 22616 2900 1 0
AT18->AT41->AT24->AT30->AT41 : 1 22520 2852 1 0
AT24->AT30->AT41->AT24->AT18 : 1 21584 3544 1 0
AT24->AT18->AT41->AT24->AT30 : 1 21464 3508 1 0
AT24->AT30->AT41->AT24->AT14 : 1 20420 2752 1 0
AT41->AT24->AT18->AT41->AT24 : 1 20344 3532 1 0
AT25->AT30->AT41->AT24->AT14->AT25 : 1 36292 9016 1 0
AT30->AT41->AT24->AT14->AT25->AT30 : 1 35284 9340 1 0
AT24->AT30->AT41->AT24->AT14->AT25 : 1 31716 8960 1 0
AT25->AT30->AT41->AT24->AT18->AT41 : 1 31320 3988 1 0
AT30->AT41->AT24->AT18->AT41->AT24 : 1 26744 3932 1 0
AT41->AT24->AT18->AT41->AT24->AT30 : 1 26744 4564 1 0
AT24->AT18->AT41->AT24->AT30->AT41 : 1 26744 3908 1 0
AT18->AT41->AT24->AT30->AT41->AT24 : 1 26744 3908 1 0
AT41->AT24->AT30->AT41->AT24->AT18 : 1 26744 4576 1 0
AT24->AT30->AT41->AT24->AT18->AT41 : 1 26744 3932 1 0
AT41->AT24->AT30->AT41->AT24->AT14 : 1 25580 3784 1 0
AT25->AT30->AT41->AT24->AT14->AT25->AT30 : 1 43988 10428 1 0
AT24->AT30->AT41->AT24->AT14->AT25->AT30 : 1 39412 10372 1 0
AT41->AT24->AT30->AT41->AT24->AT14->AT25 : 1 36876 9992 1 0
AT25->AT30->AT41->AT24->AT18->AT41->AT24 : 1 35448 5020 1 0
AT18->AT41->AT24->AT30->AT41->AT24->AT14 : 1 27132 4172 1 0
AT41->AT24->AT30->AT41->AT24->AT14->AT25->AT30 : 1 44572 11404 1 0
AT18->AT41->AT24->AT30->AT41->AT24->AT14->AT25 : 1 38428 10380 1 0
AT18->AT41->AT24->AT30->AT41->AT24->AT14->AT25->AT30 : 1 46124 11792 1 0
