Profile Result: 
AT20 : 1 1088 0 1 0
AT22 : 1 24576 0 1 0
AT23 : 3 2960 0 1 0
AT24 : 1 9216 0 1 0
AT26 : 1 416 0 1 0
AT27 : 1 768 0 1 0
AT30 : 1 9728 0 1 0
NULL : 4 0 0 1 0
NULL->AT23 : 3 2960 3072 1 0
AT23->NULL : 3 2208 3264 1 0
NULL->NULL : 3 0 2652 1 0
NULL->AT27 : 2 1536 2048 1 0
AT22->AT23 : 1 25856 3072 1 0
AT27->AT22 : 1 25344 6144 1 0
AT24->AT30 : 1 18944 2304 1 0
AT23->AT30 : 1 11008 1280 1 0
AT23->AT24 : 1 10368 2304 1 0
AT30->NULL : 1 9728 608 1 0
AT24->NULL : 1 9216 576 1 0
AT23->AT23 : 1 2432 2560 1 0
AT20->AT23 : 1 1616 544 1 0
AT26->AT20 : 1 1504 3328 1 0
AT27->AT26 : 1 1184 768 1 0
NULL->AT20 : 1 1088 1024 1 0
NULL->AT26 : 1 416 1024 1 0
AT22->AT23->AT30 : 1 35584 4352 1 0
AT22->AT23->AT23 : 1 27008 5632 1 0
AT27->AT22->AT23 : 1 26624 9216 1 0
AT23->AT24->AT30 : 1 20096 4608 1 0
AT23->AT23->AT24 : 1 11648 4864 1 0
AT27->AT26->AT20 : 1 2272 4096 1 0
AT26->AT20->AT23 : 1 2032 3872 1 0
AT27->AT22->AT23->AT30 : 1 36352 10496 1 0
AT22->AT23->AT23->AT24 : 1 36224 7936 1 0
AT27->AT22->AT23->AT23 : 1 27776 11776 1 0
AT23->AT23->AT24->AT30 : 1 21376 7168 1 0
AT27->AT26->AT20->AT23 : 1 2800 4640 1 0
AT22->AT23->AT23->AT24->AT30 : 1 45952 10240 1 0
AT27->AT22->AT23->AT23->AT24 : 1 36992 14080 1 0
AT27->AT22->AT23->AT23->AT24->AT30 : 1 46720 16384 1 0
