Profile Result: 
AT14 : 3 1809 0 1 0
AT22 : 1 4096 0 1 0
AT23 : 1 640 0 1 0
AT24 : 2 4096 0 1 0
AT25 : 2 23712 0 1 0
AT30 : 3 18048 0 1 0
AT41 : 3 9600 0 1 0
NULL : 5 0 0 1 0
NULL->NULL : 4 0 8560 1 0
NULL->AT41 : 3 9600 3072 1 0
NULL->AT14 : 3 1809 3072 1 0
AT14->AT25 : 2 24628 14656 1 0
NULL->AT25 : 2 23712 2048 1 0
AT24->AT30 : 2 14336 1024 1 0
AT30->AT14 : 2 13844 808 1 0
NULL->AT30 : 2 12928 2048 1 0
AT24->AT41 : 2 9216 256 1 0
AT25->AT30 : 1 19328 1440 1 0
AT25->AT14 : 1 13085 1524 1 0
AT30->AT41 : 1 9600 320 1 0
AT22->AT24 : 1 6144 512 1 0
AT23->AT30 : 1 5760 640 1 0
AT41->AT24 : 1 4608 512 1 0
AT41->NULL : 1 4480 896 1 0
NULL->AT22 : 1 4096 1024 1 0
AT41->AT23 : 1 3200 512 1 0
AT14->NULL : 1 893 14288 1 0
AT23->NULL : 1 640 1280 1 0
NULL->AT23 : 1 640 1024 1 0
AT30->AT14->AT25 : 2 37556 15464 1 0
AT25->AT30->AT14 : 1 19828 1928 1 0
AT14->AT25->AT30 : 1 19744 8096 1 0
AT14->AT25->AT14 : 1 13585 9524 1 0
AT24->AT30->AT41 : 1 11648 832 1 0
AT22->AT24->AT30 : 1 11264 1024 1 0
AT41->AT24->AT30 : 1 9728 1024 1 0
AT22->AT24->AT41 : 1 8704 640 1 0
AT41->AT23->AT30 : 1 8320 1152 1 0
AT24->AT30->AT14 : 1 7584 832 1 0
AT41->AT24->AT41 : 1 7168 640 1 0
AT24->AT41->AT24 : 1 6656 640 1 0
AT23->AT30->AT14 : 1 6176 960 1 0
AT24->AT41->AT23 : 1 5248 640 1 0
AT25->AT30->AT14->AT25 : 1 32020 9928 1 0
AT30->AT14->AT25->AT30 : 1 24864 8416 1 0
AT30->AT14->AT25->AT14 : 1 21393 10012 1 0
AT14->AT25->AT30->AT14 : 1 20244 8584 1 0
AT24->AT30->AT14->AT25 : 1 19104 7488 1 0
AT23->AT30->AT14->AT25 : 1 17696 7616 1 0
AT41->AT24->AT30->AT41 : 1 14208 1344 1 0
AT24->AT41->AT24->AT30 : 1 11776 1152 1 0
AT22->AT24->AT30->AT14 : 1 11680 1344 1 0
AT22->AT24->AT41->AT24 : 1 10752 1152 1 0
AT24->AT41->AT23->AT30 : 1 10368 1280 1 0
AT24->AT41->AT24->AT41 : 1 9216 768 1 0
AT41->AT23->AT30->AT14 : 1 8736 1472 1 0
AT41->AT24->AT41->AT23 : 1 7808 1152 1 0
AT25->AT30->AT14->AT25->AT14 : 1 32913 11452 1 0
AT14->AT25->AT30->AT14->AT25 : 1 32436 16584 1 0
AT24->AT30->AT14->AT25->AT30 : 1 26912 8928 1 0
AT23->AT30->AT14->AT25->AT30 : 1 25504 9056 1 0
AT30->AT14->AT25->AT30->AT14 : 1 25364 8904 1 0
AT22->AT24->AT30->AT14->AT25 : 1 23200 8000 1 0
AT41->AT23->AT30->AT14->AT25 : 1 20256 8128 1 0
AT24->AT41->AT24->AT30->AT41 : 1 16256 1472 1 0
AT22->AT24->AT41->AT24->AT30 : 1 15872 1664 1 0
AT22->AT24->AT41->AT24->AT41 : 1 13312 1280 1 0
AT41->AT24->AT41->AT23->AT30 : 1 12928 1792 1 0
AT24->AT41->AT23->AT30->AT14 : 1 10784 1600 1 0
AT24->AT41->AT24->AT41->AT23 : 1 9856 1280 1 0
AT30->AT14->AT25->AT30->AT14->AT25 : 1 37556 16904 1 0
AT14->AT25->AT30->AT14->AT25->AT14 : 1 33329 18108 1 0
AT22->AT24->AT30->AT14->AT25->AT30 : 1 31008 9440 1 0
AT41->AT23->AT30->AT14->AT25->AT30 : 1 28064 9568 1 0
AT24->AT30->AT14->AT25->AT30->AT14 : 1 27412 9416 1 0
AT23->AT30->AT14->AT25->AT30->AT14 : 1 26004 9544 1 0
AT24->AT41->AT23->AT30->AT14->AT25 : 1 22304 8256 1 0
AT22->AT24->AT41->AT24->AT30->AT41 : 1 20352 1984 1 0
AT24->AT41->AT24->AT41->AT23->AT30 : 1 14976 1920 1 0
AT22->AT24->AT41->AT24->AT41->AT23 : 1 13952 1792 1 0
AT41->AT24->AT41->AT23->AT30->AT14 : 1 13344 2112 1 0
AT24->AT30->AT14->AT25->AT30->AT14->AT25 : 1 39604 17416 1 0
AT30->AT14->AT25->AT30->AT14->AT25->AT14 : 1 38449 18428 1 0
AT23->AT30->AT14->AT25->AT30->AT14->AT25 : 1 38196 17544 1 0
AT22->AT24->AT30->AT14->AT25->AT30->AT14 : 1 31508 9928 1 0
AT24->AT41->AT23->AT30->AT14->AT25->AT30 : 1 30112 9696 1 0
AT41->AT23->AT30->AT14->AT25->AT30->AT14 : 1 28564 10056 1 0
AT41->AT24->AT41->AT23->AT30->AT14->AT25 : 1 24864 8768 1 0
AT22->AT24->AT41->AT24->AT41->AT23->AT30 : 1 19072 2432 1 0
AT24->AT41->AT24->AT41->AT23->AT30->AT14 : 1 15392 2240 1 0
AT22->AT24->AT30->AT14->AT25->AT30->AT14->AT25 : 1 43700 17928 1 0
AT41->AT23->AT30->AT14->AT25->AT30->AT14->AT25 : 1 40756 18056 1 0
AT24->AT30->AT14->AT25->AT30->AT14->AT25->AT14 : 1 40497 18940 1 0
AT23->AT30->AT14->AT25->AT30->AT14->AT25->AT14 : 1 39089 19068 1 0
AT41->AT24->AT41->AT23->AT30->AT14->AT25->AT30 : 1 32672 10208 1 0
AT24->AT41->AT23->AT30->AT14->AT25->AT30->AT14 : 1 30612 10184 1 0
AT24->AT41->AT24->AT41->AT23->AT30->AT14->AT25 : 1 26912 8896 1 0
AT22->AT24->AT41->AT24->AT41->AT23->AT30->AT14 : 1 19488 2752 1 0
AT22->AT24->AT30->AT14->AT25->AT30->AT14->AT25->AT14 : 1 44593 19452 1 0
AT24->AT41->AT23->AT30->AT14->AT25->AT30->AT14->AT25 : 1 42804 18184 1 0
AT41->AT23->AT30->AT14->AT25->AT30->AT14->AT25->AT14 : 1 41649 19580 1 0
AT24->AT41->AT24->AT41->AT23->AT30->AT14->AT25->AT30 : 1 34720 10336 1 0
AT41->AT24->AT41->AT23->AT30->AT14->AT25->AT30->AT14 : 1 33172 10696 1 0
AT22->AT24->AT41->AT24->AT41->AT23->AT30->AT14->AT25 : 1 31008 9408 1 0
AT41->AT24->AT41->AT23->AT30->AT14->AT25->AT30->AT14->AT25 : 1 45364 18696 1 0
AT24->AT41->AT23->AT30->AT14->AT25->AT30->AT14->AT25->AT14 : 1 43697 19708 1 0
AT22->AT24->AT41->AT24->AT41->AT23->AT30->AT14->AT25->AT30 : 1 38816 10848 1 0
AT24->AT41->AT24->AT41->AT23->AT30->AT14->AT25->AT30->AT14 : 1 35220 10824 1 0
AT24->AT41->AT24->AT41->AT23->AT30->AT14->AT25->AT30->AT14->AT25 : 1 47412 18824 1 0
AT41->AT24->AT41->AT23->AT30->AT14->AT25->AT30->AT14->AT25->AT14 : 1 46257 20220 1 0
AT22->AT24->AT41->AT24->AT41->AT23->AT30->AT14->AT25->AT30->AT14 : 1 39316 11336 1 0
AT22->AT24->AT41->AT24->AT41->AT23->AT30->AT14->AT25->AT30->AT14->AT25 : 1 51508 19336 1 0
AT24->AT41->AT24->AT41->AT23->AT30->AT14->AT25->AT30->AT14->AT25->AT14 : 1 48305 20348 1 0
AT22->AT24->AT41->AT24->AT41->AT23->AT30->AT14->AT25->AT30->AT14->AT25->AT14 : 1 52401 20860 1 0
