Profile Result: 
AT14 : 3 2100.5 0 1 0
AT25 : 2 23072 0 1 0
AT30 : 1 9232 0 1 0
AT44 : 1 2080 0 1 0
NULL : 3 0 0 1 0
NULL->AT25 : 3 31776 3072 1 0
NULL->AT14 : 3 2100.5 3072 1 0
NULL->NULL : 2 0 2048 1 0
AT25->AT30 : 1 23600 1796 1 0
AT14->AT25 : 1 15140 12352 1 0
AT30->AT14 : 1 9776.5 577 1 0
AT25->AT14 : 1 9488 1088 1 0
NULL->AT30 : 1 9232 1024 1 0
AT14->AT44 : 1 2864 12544 1 0
AT44->AT14 : 1 2852 1040 1 0
NULL->AT44 : 1 2080 1024 1 0
AT14->NULL : 1 544.5 8712 1 0
AT14->AT25->AT30 : 1 24372 14148 1 0
AT25->AT30->AT14 : 1 24144.5 2373 1 0
AT44->AT14->AT25 : 1 17220 13392 1 0
AT25->AT14->AT44 : 1 11568 13632 1 0
AT14->AT44->AT14 : 1 3636 13584 1 0
AT44->AT14->AT25->AT30 : 1 26452 15188 1 0
AT14->AT25->AT30->AT14 : 1 24916.5 14725 1 0
AT14->AT44->AT14->AT25 : 1 18004 25936 1 0
AT25->AT14->AT44->AT14 : 1 12340 14672 1 0
AT14->AT44->AT14->AT25->AT30 : 1 27236 27732 1 0
AT44->AT14->AT25->AT30->AT14 : 1 26996.5 15765 1 0
AT25->AT14->AT44->AT14->AT25 : 1 26708 27024 1 0
AT25->AT14->AT44->AT14->AT25->AT30 : 1 35940 28820 1 0
AT14->AT44->AT14->AT25->AT30->AT14 : 1 27780.5 28309 1 0
AT25->AT14->AT44->AT14->AT25->AT30->AT14 : 1 36484.5 29397 1 0
