Profile Result: 
AT13 : 1 768 0 1 0
AT14 : 2 1408 0 1 0
AT21 : 1 1024 0 1 0
AT23 : 3 2960 0 1 0
AT24 : 1 16384 0 1 0
AT25 : 1 13312 0 1 0
AT29 : 1 4096 0 1 0
AT30 : 3 26880 0 1 0
AT41 : 1 8960 0 1 0
NULL : 4 0 0 1 0
NULL->AT23 : 3 2960 3072 1 0
NULL->NULL : 3 0 3032 1 0
AT23->AT30 : 2 20128 1952 1 0
AT30->NULL : 2 14592 912 1 0
NULL->AT30 : 2 14592 2048 1 0
AT23->AT23 : 2 3952 3904 1 0
AT23->NULL : 2 2016 4032 1 0
NULL->AT14 : 2 1408 2048 1 0
AT24->AT30 : 1 28672 4096 1 0
AT25->AT30 : 1 22016 1664 1 0
AT21->AT24 : 1 17408 4096 1 0
AT24->AT14 : 1 17152 1024 1 0
AT14->AT25 : 1 13952 10240 1 0
NULL->AT25 : 1 13312 1024 1 0
AT30->AT14 : 1 12928 768 1 0
AT41->AT23 : 1 9920 1792 1 0
AT13->AT41 : 1 9728 768 1 0
NULL->AT41 : 1 8960 1024 1 0
AT29->AT21 : 1 5120 16384 1 0
NULL->AT29 : 1 4096 1024 1 0
AT14->AT13 : 1 1536 12288 1 0
AT21->AT24->AT30 : 1 29696 8192 1 0
AT24->AT30->AT14 : 1 29312 4864 1 0
AT30->AT14->AT25 : 1 26240 11008 1 0
AT14->AT25->AT30 : 1 22656 11904 1 0
AT29->AT21->AT24 : 1 21504 20480 1 0
AT21->AT24->AT14 : 1 18176 5120 1 0
AT24->AT14->AT13 : 1 17920 13312 1 0
AT41->AT23->AT30 : 1 15808 2752 1 0
AT23->AT23->AT30 : 1 14240 2912 1 0
AT23->AT30->AT14 : 1 13920 1760 1 0
AT41->AT23->AT23 : 1 10912 3712 1 0
AT13->AT41->AT23 : 1 10688 2560 1 0
AT14->AT13->AT41 : 1 10496 13056 1 0
AT23->AT23->AT23 : 1 2960 3904 1 0
AT24->AT30->AT14->AT25 : 1 42624 15104 1 0
AT30->AT14->AT25->AT30 : 1 34944 12672 1 0
AT29->AT21->AT24->AT30 : 1 33792 24576 1 0
AT21->AT24->AT30->AT14 : 1 30336 8960 1 0
AT23->AT30->AT14->AT25 : 1 27232 12000 1 0
AT24->AT14->AT13->AT41 : 1 26880 14080 1 0
AT41->AT23->AT23->AT30 : 1 23200 4704 1 0
AT29->AT21->AT24->AT14 : 1 22272 21504 1 0
AT21->AT24->AT14->AT13 : 1 18944 17408 1 0
AT13->AT41->AT23->AT30 : 1 16576 3520 1 0
AT23->AT23->AT30->AT14 : 1 14880 3680 1 0
AT41->AT23->AT23->AT23 : 1 11920 5696 1 0
AT13->AT41->AT23->AT23 : 1 11680 4480 1 0
AT14->AT13->AT41->AT23 : 1 11456 14848 1 0
AT24->AT30->AT14->AT25->AT30 : 1 51328 16768 1 0
AT21->AT24->AT30->AT14->AT25 : 1 43648 19200 1 0
AT23->AT30->AT14->AT25->AT30 : 1 35936 13664 1 0
AT29->AT21->AT24->AT30->AT14 : 1 34432 25344 1 0
AT23->AT23->AT30->AT14->AT25 : 1 28192 13920 1 0
AT21->AT24->AT14->AT13->AT41 : 1 27904 18176 1 0
AT24->AT14->AT13->AT41->AT23 : 1 27840 15872 1 0
AT13->AT41->AT23->AT23->AT30 : 1 23968 5472 1 0
AT41->AT23->AT23->AT30->AT14 : 1 23840 5472 1 0
AT29->AT21->AT24->AT14->AT13 : 1 23040 33792 1 0
AT14->AT13->AT41->AT23->AT30 : 1 17344 15808 1 0
AT13->AT41->AT23->AT23->AT23 : 1 12688 6464 1 0
AT14->AT13->AT41->AT23->AT23 : 1 12448 16768 1 0
AT21->AT24->AT30->AT14->AT25->AT30 : 1 52352 20864 1 0
AT29->AT21->AT24->AT30->AT14->AT25 : 1 47744 35584 1 0
AT41->AT23->AT23->AT30->AT14->AT25 : 1 37152 15712 1 0
AT23->AT23->AT30->AT14->AT25->AT30 : 1 36896 15584 1 0
AT24->AT14->AT13->AT41->AT23->AT30 : 1 33728 16832 1 0
AT29->AT21->AT24->AT14->AT13->AT41 : 1 32000 34560 1 0
AT21->AT24->AT14->AT13->AT41->AT23 : 1 28864 19968 1 0
AT24->AT14->AT13->AT41->AT23->AT23 : 1 28832 17792 1 0
AT14->AT13->AT41->AT23->AT23->AT30 : 1 24736 17760 1 0
AT13->AT41->AT23->AT23->AT30->AT14 : 1 24608 6240 1 0
AT14->AT13->AT41->AT23->AT23->AT23 : 1 13456 18752 1 0
AT29->AT21->AT24->AT30->AT14->AT25->AT30 : 1 56448 37248 1 0
AT41->AT23->AT23->AT30->AT14->AT25->AT30 : 1 45856 17376 1 0
AT24->AT14->AT13->AT41->AT23->AT23->AT30 : 1 41120 18784 1 0
AT13->AT41->AT23->AT23->AT30->AT14->AT25 : 1 37920 16480 1 0
AT21->AT24->AT14->AT13->AT41->AT23->AT30 : 1 34752 20928 1 0
AT29->AT21->AT24->AT14->AT13->AT41->AT23 : 1 32960 36352 1 0
AT21->AT24->AT14->AT13->AT41->AT23->AT23 : 1 29856 21888 1 0
AT24->AT14->AT13->AT41->AT23->AT23->AT23 : 1 29840 19776 1 0
AT14->AT13->AT41->AT23->AT23->AT30->AT14 : 1 25376 18528 1 0
AT13->AT41->AT23->AT23->AT30->AT14->AT25->AT30 : 1 46624 18144 1 0
AT21->AT24->AT14->AT13->AT41->AT23->AT23->AT30 : 1 42144 22880 1 0
AT24->AT14->AT13->AT41->AT23->AT23->AT30->AT14 : 1 41760 19552 1 0
AT29->AT21->AT24->AT14->AT13->AT41->AT23->AT30 : 1 38848 37312 1 0
AT14->AT13->AT41->AT23->AT23->AT30->AT14->AT25 : 1 38688 28768 1 0
AT29->AT21->AT24->AT14->AT13->AT41->AT23->AT23 : 1 33952 38272 1 0
AT21->AT24->AT14->AT13->AT41->AT23->AT23->AT23 : 1 30864 23872 1 0
AT24->AT14->AT13->AT41->AT23->AT23->AT30->AT14->AT25 : 1 55072 29792 1 0
AT14->AT13->AT41->AT23->AT23->AT30->AT14->AT25->AT30 : 1 47392 30432 1 0
AT29->AT21->AT24->AT14->AT13->AT41->AT23->AT23->AT30 : 1 46240 39264 1 0
AT21->AT24->AT14->AT13->AT41->AT23->AT23->AT30->AT14 : 1 42784 23648 1 0
AT29->AT21->AT24->AT14->AT13->AT41->AT23->AT23->AT23 : 1 34960 40256 1 0
AT24->AT14->AT13->AT41->AT23->AT23->AT30->AT14->AT25->AT30 : 1 63776 31456 1 0
AT21->AT24->AT14->AT13->AT41->AT23->AT23->AT30->AT14->AT25 : 1 56096 33888 1 0
AT29->AT21->AT24->AT14->AT13->AT41->AT23->AT23->AT30->AT14 : 1 46880 40032 1 0
AT21->AT24->AT14->AT13->AT41->AT23->AT23->AT30->AT14->AT25->AT30 : 1 64800 35552 1 0
AT29->AT21->AT24->AT14->AT13->AT41->AT23->AT23->AT30->AT14->AT25 : 1 60192 50272 1 0
AT29->AT21->AT24->AT14->AT13->AT41->AT23->AT23->AT30->AT14->AT25->AT30 : 1 68896 51936 1 0
