Profile Result: 
AT14 : 5 3694 0 1 0
AT24 : 1 4096 0 1 0
AT25 : 5 70512 0 1 0
AT30 : 3 22488 0 1 0
AT41 : 1 5120 0 1 0
NULL : 5 0 0 1 0
AT14->AT25 : 5 74206 59104 1 0
NULL->AT25 : 5 70512 5120 1 0
NULL->AT14 : 5 3694 5120 1 0
NULL->NULL : 4 0 4096 1 0
AT25->AT14 : 3 45294 5304 1 0
NULL->AT30 : 3 22488 3072 1 0
AT25->AT30 : 2 44424 3510 1 0
AT30->AT41 : 1 11264 384 1 0
AT24->AT30 : 1 10240 1024 1 0
AT30->NULL : 1 10200 637.5 1 0
AT41->AT24 : 1 9216 1024 1 0
AT30->AT14 : 1 6592 384 1 0
NULL->AT41 : 1 5120 1024 1 0
AT24->AT14 : 1 4480 256 1 0
AT25->AT14->AT25 : 3 92766 51096 1 0
AT14->AT25->AT14 : 3 47526 41016 1 0
AT14->AT25->AT30 : 2 45886 26902 1 0
AT25->AT30->AT41 : 1 23040 1856 1 0
AT30->AT14->AT25 : 1 18368 7552 1 0
AT24->AT14->AT25 : 1 15744 6400 1 0
AT30->AT41->AT24 : 1 15360 1408 1 0
AT41->AT24->AT30 : 1 15360 2048 1 0
AT24->AT30->AT14 : 1 10688 1408 1 0
AT41->AT24->AT14 : 1 9600 1280 1 0
AT14->AT25->AT14->AT25 : 3 94998 86808 1 0
AT25->AT14->AT25->AT14 : 2 61382 36760 1 0
AT25->AT14->AT25->AT30 : 1 43582 20270 1 0
AT25->AT30->AT41->AT24 : 1 27136 2880 1 0
AT30->AT14->AT25->AT30 : 1 24512 9024 1 0
AT14->AT25->AT30->AT41 : 1 23488 9024 1 0
AT24->AT30->AT14->AT25 : 1 22464 8576 1 0
AT30->AT41->AT24->AT30 : 1 21504 2432 1 0
AT41->AT24->AT14->AT25 : 1 20864 7424 1 0
AT24->AT14->AT25->AT14 : 1 16608 7808 1 0
AT41->AT24->AT30->AT14 : 1 15808 2432 1 0
AT30->AT41->AT24->AT14 : 1 15744 1664 1 0
AT25->AT14->AT25->AT14->AT25 : 2 93750 68728 1 0
AT14->AT25->AT14->AT25->AT14 : 2 62630 56728 1 0
AT14->AT25->AT14->AT25->AT30 : 1 44566 36014 1 0
AT25->AT30->AT41->AT24->AT30 : 1 33280 3904 1 0
AT24->AT14->AT25->AT14->AT25 : 1 31712 21632 1 0
AT30->AT14->AT25->AT30->AT41 : 1 29632 9408 1 0
AT24->AT30->AT14->AT25->AT30 : 1 28608 10048 1 0
AT41->AT24->AT30->AT14->AT25 : 1 27584 9600 1 0
AT14->AT25->AT30->AT41->AT24 : 1 27584 10048 1 0
AT25->AT30->AT41->AT24->AT14 : 1 27520 3136 1 0
AT30->AT41->AT24->AT14->AT25 : 1 27008 7808 1 0
AT30->AT41->AT24->AT30->AT14 : 1 21952 2816 1 0
AT41->AT24->AT14->AT25->AT14 : 1 21728 8832 1 0
AT14->AT25->AT14->AT25->AT14->AT25 : 2 94998 88696 1 0
AT25->AT14->AT25->AT14->AT25->AT30 : 1 59670 37902 1 0
AT25->AT14->AT25->AT14->AT25->AT14 : 1 45294 34872 1 0
AT25->AT30->AT41->AT24->AT14->AT25 : 1 38784 9280 1 0
AT41->AT24->AT14->AT25->AT14->AT25 : 1 36832 22656 1 0
AT30->AT41->AT24->AT30->AT14->AT25 : 1 33728 9984 1 0
AT41->AT24->AT30->AT14->AT25->AT30 : 1 33728 11072 1 0
AT24->AT30->AT14->AT25->AT30->AT41 : 1 33728 10432 1 0
AT30->AT14->AT25->AT30->AT41->AT24 : 1 33728 10432 1 0
AT14->AT25->AT30->AT41->AT24->AT30 : 1 33728 11072 1 0
AT25->AT30->AT41->AT24->AT30->AT14 : 1 33728 4288 1 0
AT24->AT14->AT25->AT14->AT25->AT14 : 1 32696 23520 1 0
AT14->AT25->AT30->AT41->AT24->AT14 : 1 27968 10304 1 0
AT30->AT41->AT24->AT14->AT25->AT14 : 1 27872 9216 1 0
AT25->AT14->AT25->AT14->AT25->AT14->AT25 : 1 61598 51096 1 0
AT14->AT25->AT14->AT25->AT14->AT25->AT30 : 1 60534 51726 1 0
AT24->AT14->AT25->AT14->AT25->AT14->AT25 : 1 48760 39264 1 0
AT14->AT25->AT14->AT25->AT14->AT25->AT14 : 1 45678 41016 1 0
AT30->AT41->AT24->AT14->AT25->AT14->AT25 : 1 42976 23040 1 0
AT25->AT30->AT41->AT24->AT14->AT25->AT14 : 1 39648 10688 1 0
AT14->AT25->AT30->AT41->AT24->AT14->AT25 : 1 39232 16448 1 0
AT41->AT24->AT14->AT25->AT14->AT25->AT14 : 1 37816 24544 1 0
AT30->AT14->AT25->AT30->AT41->AT24->AT14 : 1 34112 10688 1 0
AT25->AT14->AT25->AT14->AT25->AT14->AT25->AT30 : 1 71798 53134 1 0
AT14->AT25->AT14->AT25->AT14->AT25->AT14->AT25 : 1 61982 57240 1 0
AT25->AT30->AT41->AT24->AT14->AT25->AT14->AT25 : 1 54752 24512 1 0
AT41->AT24->AT14->AT25->AT14->AT25->AT14->AT25 : 1 53880 40288 1 0
AT24->AT14->AT25->AT14->AT25->AT14->AT25->AT14 : 1 49774 41272 1 0
AT30->AT14->AT25->AT30->AT41->AT24->AT14->AT25 : 1 45376 16832 1 0
AT30->AT41->AT24->AT14->AT25->AT14->AT25->AT14 : 1 43960 24928 1 0
AT14->AT25->AT30->AT41->AT24->AT14->AT25->AT14 : 1 40096 17856 1 0
AT14->AT25->AT14->AT25->AT14->AT25->AT14->AT25->AT30 : 1 72182 59278 1 0
AT24->AT14->AT25->AT14->AT25->AT14->AT25->AT14->AT25 : 1 66078 57496 1 0
AT30->AT41->AT24->AT14->AT25->AT14->AT25->AT14->AT25 : 1 60024 40672 1 0
AT25->AT30->AT41->AT24->AT14->AT25->AT14->AT25->AT14 : 1 55736 26400 1 0
AT14->AT25->AT30->AT41->AT24->AT14->AT25->AT14->AT25 : 1 55200 31680 1 0
AT41->AT24->AT14->AT25->AT14->AT25->AT14->AT25->AT14 : 1 54894 42296 1 0
AT30->AT14->AT25->AT30->AT41->AT24->AT14->AT25->AT14 : 1 46240 18240 1 0
AT24->AT14->AT25->AT14->AT25->AT14->AT25->AT14->AT25->AT30 : 1 76278 59534 1 0
AT25->AT30->AT41->AT24->AT14->AT25->AT14->AT25->AT14->AT25 : 1 71800 42144 1 0
AT41->AT24->AT14->AT25->AT14->AT25->AT14->AT25->AT14->AT25 : 1 71198 58520 1 0
AT30->AT14->AT25->AT30->AT41->AT24->AT14->AT25->AT14->AT25 : 1 61344 32064 1 0
AT30->AT41->AT24->AT14->AT25->AT14->AT25->AT14->AT25->AT14 : 1 61038 42680 1 0
AT14->AT25->AT30->AT41->AT24->AT14->AT25->AT14->AT25->AT14 : 1 56184 33568 1 0
AT41->AT24->AT14->AT25->AT14->AT25->AT14->AT25->AT14->AT25->AT30 : 1 81398 60558 1 0
AT30->AT41->AT24->AT14->AT25->AT14->AT25->AT14->AT25->AT14->AT25 : 1 77342 58904 1 0
AT25->AT30->AT41->AT24->AT14->AT25->AT14->AT25->AT14->AT25->AT14 : 1 72814 44152 1 0
AT14->AT25->AT30->AT41->AT24->AT14->AT25->AT14->AT25->AT14->AT25 : 1 72248 49312 1 0
AT30->AT14->AT25->AT30->AT41->AT24->AT14->AT25->AT14->AT25->AT14 : 1 62328 33952 1 0
AT25->AT30->AT41->AT24->AT14->AT25->AT14->AT25->AT14->AT25->AT14->AT25 : 1 89118 60376 1 0
AT30->AT41->AT24->AT14->AT25->AT14->AT25->AT14->AT25->AT14->AT25->AT30 : 1 87542 60942 1 0
AT30->AT14->AT25->AT30->AT41->AT24->AT14->AT25->AT14->AT25->AT14->AT25 : 1 78392 49696 1 0
AT14->AT25->AT30->AT41->AT24->AT14->AT25->AT14->AT25->AT14->AT25->AT14 : 1 73262 51320 1 0
AT25->AT30->AT41->AT24->AT14->AT25->AT14->AT25->AT14->AT25->AT14->AT25->AT30 : 1 99318 62414 1 0
AT14->AT25->AT30->AT41->AT24->AT14->AT25->AT14->AT25->AT14->AT25->AT14->AT25 : 1 89566 67544 1 0
AT30->AT14->AT25->AT30->AT41->AT24->AT14->AT25->AT14->AT25->AT14->AT25->AT14 : 1 79406 51704 1 0
AT14->AT25->AT30->AT41->AT24->AT14->AT25->AT14->AT25->AT14->AT25->AT14->AT25->AT30 : 1 99766 69582 1 0
AT30->AT14->AT25->AT30->AT41->AT24->AT14->AT25->AT14->AT25->AT14->AT25->AT14->AT25 : 1 95710 67928 1 0
AT30->AT14->AT25->AT30->AT41->AT24->AT14->AT25->AT14->AT25->AT14->AT25->AT14->AT25->AT30 : 1 105910 69966 1 0
