Profile Result: 
AT13 : 1 64 0 1 0
AT14 : 4 1792.06 0 1 0
AT25 : 4 47104.5 0 1 0
AT30 : 4 31744.2 0 1 0
AT41 : 1 6398.91 0 1 0
NULL : 5 0 0 1 0
AT25->AT30 : 4 78848.8 5888.06 1 0
AT14->AT25 : 4 48896.6 28673 1 0
NULL->AT25 : 4 47104.5 4096 1 0
NULL->AT30 : 4 31744.2 4096 1 0
NULL->AT14 : 4 1792.06 4096 1 0
NULL->NULL : 4 0 4096 1 0
AT30->AT14 : 3 25058.1 1472.12 1 0
AT30->AT41 : 1 14589.2 511.891 1 0
AT41->NULL : 1 6398.91 1279.78 1 0
NULL->AT41 : 1 6398.91 1024 1 0
AT13->AT14 : 1 352 64 1 0
NULL->AT13 : 1 64 1024 1 0
AT14->AT25->AT30 : 4 80640.8 34561.1 1 0
AT30->AT14->AT25 : 3 61666.6 25537.1 1 0
AT25->AT30->AT14 : 3 59878.1 5824.62 1 0
AT25->AT30->AT41 : 1 26873.7 2047.45 1 0
AT13->AT14->AT25 : 1 10848 4672 1 0
AT25->AT30->AT14->AT25 : 3 96486.6 29889.6 1 0
AT30->AT14->AT25->AT30 : 3 86114.8 30113.2 1 0
AT14->AT25->AT30->AT14 : 3 61158.6 26312.6 1 0
AT14->AT25->AT30->AT41 : 1 27385.2 10232.5 1 0
AT13->AT14->AT25->AT30 : 1 18144 5984 1 0
AT25->AT30->AT14->AT25->AT30 : 3 120935 34465.7 1 0
AT14->AT25->AT30->AT14->AT25 : 3 97767.1 50377.6 1 0
AT30->AT14->AT25->AT30->AT14 : 2 57970.6 20897.6 1 0
AT30->AT14->AT25->AT30->AT41 : 1 35563.2 10743.6 1 0
AT13->AT14->AT25->AT30->AT14 : 1 18628 6440 1 0
AT14->AT25->AT30->AT14->AT25->AT30 : 3 122215 54953.7 1 0
AT30->AT14->AT25->AT30->AT14->AT25 : 2 82515.1 37218.6 1 0
AT25->AT30->AT14->AT25->AT30->AT14 : 2 80530.6 23717.6 1 0
AT25->AT30->AT14->AT25->AT30->AT41 : 1 47823.2 12276.1 1 0
AT13->AT14->AT25->AT30->AT14->AT25 : 1 30692 14184 1 0
AT25->AT30->AT14->AT25->AT30->AT14->AT25 : 2 105075 40038.6 1 0
AT30->AT14->AT25->AT30->AT14->AT25->AT30 : 2 98883.3 40286.7 1 0
AT14->AT25->AT30->AT14->AT25->AT30->AT14 : 2 81302.6 36069.6 1 0
AT14->AT25->AT30->AT14->AT25->AT30->AT41 : 1 48331.7 20412.1 1 0
AT13->AT14->AT25->AT30->AT14->AT25->AT30 : 1 38772 15692 1 0
AT25->AT30->AT14->AT25->AT30->AT14->AT25->AT30 : 2 121443 43106.7 1 0
AT14->AT25->AT30->AT14->AT25->AT30->AT14->AT25 : 2 105847 52390.6 1 0
AT30->AT14->AT25->AT30->AT14->AT25->AT30->AT41 : 1 56411.7 20917.1 1 0
AT30->AT14->AT25->AT30->AT14->AT25->AT30->AT14 : 1 49382.1 20392.6 1 0
AT13->AT14->AT25->AT30->AT14->AT25->AT30->AT14 : 1 39280.5 16197 1 0
AT14->AT25->AT30->AT14->AT25->AT30->AT14->AT25->AT30 : 2 122215 55458.7 1 0
AT25->AT30->AT14->AT25->AT30->AT14->AT25->AT30->AT41 : 1 68475.7 22425.1 1 0
AT30->AT14->AT25->AT30->AT14->AT25->AT30->AT14->AT25 : 1 61666.6 28577.6 1 0
AT25->AT30->AT14->AT25->AT30->AT14->AT25->AT30->AT14 : 1 59878.1 21704.6 1 0
AT13->AT14->AT25->AT30->AT14->AT25->AT30->AT14->AT25 : 1 51540.5 24333 1 0
AT25->AT30->AT14->AT25->AT30->AT14->AT25->AT30->AT14->AT25 : 1 72162.6 29889.6 1 0
AT30->AT14->AT25->AT30->AT14->AT25->AT30->AT14->AT25->AT30 : 1 69856.8 30113.2 1 0
AT14->AT25->AT30->AT14->AT25->AT30->AT14->AT25->AT30->AT41 : 1 68959.7 30169.1 1 0
AT14->AT25->AT30->AT14->AT25->AT30->AT14->AT25->AT30->AT14 : 1 60166.1 26312.6 1 0
AT13->AT14->AT25->AT30->AT14->AT25->AT30->AT14->AT25->AT30 : 1 59718.5 25865.5 1 0
AT25->AT30->AT14->AT25->AT30->AT14->AT25->AT30->AT14->AT25->AT30 : 1 80352.8 31425.2 1 0
AT30->AT14->AT25->AT30->AT14->AT25->AT30->AT14->AT25->AT30->AT41 : 1 76255.7 30625.1 1 0
AT14->AT25->AT30->AT14->AT25->AT30->AT14->AT25->AT30->AT14->AT25 : 1 72450.6 34497.6 1 0
AT13->AT14->AT25->AT30->AT14->AT25->AT30->AT14->AT25->AT30->AT14 : 1 60230.1 26376.6 1 0
AT25->AT30->AT14->AT25->AT30->AT14->AT25->AT30->AT14->AT25->AT30->AT41 : 1 86751.7 31937.1 1 0
AT14->AT25->AT30->AT14->AT25->AT30->AT14->AT25->AT30->AT14->AT25->AT30 : 1 80640.8 36033.2 1 0
AT13->AT14->AT25->AT30->AT14->AT25->AT30->AT14->AT25->AT30->AT14->AT25 : 1 72514.6 34561.6 1 0
AT14->AT25->AT30->AT14->AT25->AT30->AT14->AT25->AT30->AT14->AT25->AT30->AT41 : 1 87039.7 36545.1 1 0
AT13->AT14->AT25->AT30->AT14->AT25->AT30->AT14->AT25->AT30->AT14->AT25->AT30 : 1 80704.8 36097.2 1 0
AT13->AT14->AT25->AT30->AT14->AT25->AT30->AT14->AT25->AT30->AT14->AT25->AT30->AT41 : 1 87103.7 36609.1 1 0
