Profile Result: 
AT13 : 2 1298.12 0 1 0
AT14 : 4 2475.12 0 1 0
AT23 : 1 833.062 0 1 0
AT25 : 3 34504 0 1 0
AT30 : 3 22376.2 0 1 0
AT41 : 1 6421.25 0 1 0
NULL : 5 0 0 1 0
NULL->AT25 : 4 43208 4096 1 0
NULL->AT14 : 4 2475.12 4096 1 0
NULL->NULL : 4 0 4073.2 1 0
NULL->AT30 : 3 22376.2 3072 1 0
AT25->AT30 : 2 42796 3225 1 0
AT14->AT25 : 2 26977 18832 1 0
AT30->AT14 : 2 18039.1 1062.25 1 0
AT14->AT13 : 2 2596.25 20770 1 0
AT25->AT14 : 1 9488 1088 1 0
AT41->AT23 : 1 7254.31 1284.25 1 0
AT13->AT41 : 1 6935.38 514.125 1 0
NULL->AT41 : 1 6421.25 1024 1 0
AT23->AT30 : 1 6213.31 833.062 1 0
AT30->NULL : 1 5380.25 336.266 1 0
AT13->AT14 : 1 1432 784 1 0
AT23->NULL : 1 833.062 1666.12 1 0
NULL->AT23 : 1 833.062 1024 1 0
AT14->AT25->AT30 : 2 43973 22057 1 0
AT25->AT30->AT14 : 2 43839.1 4287.25 1 0
AT30->AT14->AT25 : 1 21689 9010 1 0
AT13->AT14->AT25 : 1 14808 11152 1 0
AT41->AT23->AT30 : 1 12634.6 2117.31 1 0
AT25->AT14->AT13 : 1 10272 13632 1 0
AT30->AT14->AT13 : 1 9288.25 8742.25 1 0
AT13->AT41->AT23 : 1 7768.44 1798.38 1 0
AT14->AT13->AT41 : 1 7449.5 8740.12 1 0
AT14->AT13->AT14 : 1 2216 13328 1 0
AT14->AT25->AT30->AT14 : 2 45016.1 23119.2 1 0
AT25->AT30->AT14->AT25 : 1 35065 10682 1 0
AT30->AT14->AT25->AT30 : 1 29949 10563 1 0
AT13->AT14->AT25->AT30 : 1 23544 12824 1 0
AT25->AT30->AT14->AT13 : 1 21712.2 10295.2 1 0
AT30->AT14->AT13->AT41 : 1 15709.5 9256.38 1 0
AT14->AT13->AT14->AT25 : 1 15592 23696 1 0
AT13->AT41->AT23->AT30 : 1 13148.7 2631.44 1 0
AT25->AT14->AT13->AT14 : 1 10920 14416 1 0
AT14->AT13->AT41->AT23 : 1 8282.56 10024.4 1 0
AT25->AT30->AT14->AT25->AT30 : 1 43325 12235 1 0
AT14->AT25->AT30->AT14->AT25 : 1 35713 21050 1 0
AT30->AT14->AT25->AT30->AT14 : 1 30463.1 11079.2 1 0
AT25->AT30->AT14->AT13->AT41 : 1 28133.5 10809.4 1 0
AT14->AT13->AT14->AT25->AT30 : 1 24328 25368 1 0
AT25->AT14->AT13->AT14->AT25 : 1 24296 24784 1 0
AT13->AT14->AT25->AT30->AT14 : 1 24073 13370 1 0
AT14->AT25->AT30->AT14->AT13 : 1 22241.2 18759.2 1 0
AT30->AT14->AT13->AT41->AT23 : 1 16542.6 10540.6 1 0
AT14->AT13->AT41->AT23->AT30 : 1 13662.8 10857.4 1 0
AT14->AT25->AT30->AT14->AT25->AT30 : 1 43973 22603 1 0
AT25->AT30->AT14->AT25->AT30->AT14 : 1 43839.1 12751.2 1 0
AT13->AT14->AT25->AT30->AT14->AT25 : 1 36497 21834 1 0
AT25->AT14->AT13->AT14->AT25->AT30 : 1 33032 26456 1 0
AT30->AT14->AT25->AT30->AT14->AT13 : 1 30977.2 19305.2 1 0
AT25->AT30->AT14->AT13->AT41->AT23 : 1 28966.6 12093.6 1 0
AT14->AT25->AT30->AT14->AT13->AT41 : 1 28662.5 19273.4 1 0
AT14->AT13->AT14->AT25->AT30->AT14 : 1 24857 25914 1 0
AT30->AT14->AT13->AT41->AT23->AT30 : 1 21922.8 11373.7 1 0
AT13->AT14->AT25->AT30->AT14->AT25->AT30 : 1 44757 23387 1 0
AT14->AT25->AT30->AT14->AT25->AT30->AT14 : 1 44487.1 23119.2 1 0
AT25->AT30->AT14->AT25->AT30->AT14->AT13 : 1 44353.2 20977.2 1 0
AT30->AT14->AT25->AT30->AT14->AT13->AT41 : 1 37398.5 19819.4 1 0
AT14->AT13->AT14->AT25->AT30->AT14->AT25 : 1 37281 34378 1 0
AT25->AT30->AT14->AT13->AT41->AT23->AT30 : 1 34346.8 12926.7 1 0
AT25->AT14->AT13->AT14->AT25->AT30->AT14 : 1 33561 27002 1 0
AT14->AT25->AT30->AT14->AT13->AT41->AT23 : 1 29495.6 20557.6 1 0
AT25->AT30->AT14->AT25->AT30->AT14->AT13->AT41 : 1 50774.5 21491.4 1 0
AT25->AT14->AT13->AT14->AT25->AT30->AT14->AT25 : 1 45985 35466 1 0
AT14->AT13->AT14->AT25->AT30->AT14->AT25->AT30 : 1 45541 35931 1 0
AT13->AT14->AT25->AT30->AT14->AT25->AT30->AT14 : 1 45271.1 23903.2 1 0
AT14->AT25->AT30->AT14->AT25->AT30->AT14->AT13 : 1 45001.2 31345.2 1 0
AT30->AT14->AT25->AT30->AT14->AT13->AT41->AT23 : 1 38231.6 21103.6 1 0
AT14->AT25->AT30->AT14->AT13->AT41->AT23->AT30 : 1 34875.8 21390.7 1 0
AT25->AT14->AT13->AT14->AT25->AT30->AT14->AT25->AT30 : 1 54245 37019 1 0
AT25->AT30->AT14->AT25->AT30->AT14->AT13->AT41->AT23 : 1 51607.6 22775.6 1 0
AT14->AT25->AT30->AT14->AT25->AT30->AT14->AT13->AT41 : 1 51422.5 31859.4 1 0
AT14->AT13->AT14->AT25->AT30->AT14->AT25->AT30->AT14 : 1 46055.1 36447.2 1 0
AT13->AT14->AT25->AT30->AT14->AT25->AT30->AT14->AT13 : 1 45785.2 32129.2 1 0
AT30->AT14->AT25->AT30->AT14->AT13->AT41->AT23->AT30 : 1 43611.8 21936.7 1 0
AT25->AT30->AT14->AT25->AT30->AT14->AT13->AT41->AT23->AT30 : 1 56987.8 23608.7 1 0
AT25->AT14->AT13->AT14->AT25->AT30->AT14->AT25->AT30->AT14 : 1 54759.1 37535.2 1 0
AT14->AT25->AT30->AT14->AT25->AT30->AT14->AT13->AT41->AT23 : 1 52255.6 33143.6 1 0
AT13->AT14->AT25->AT30->AT14->AT25->AT30->AT14->AT13->AT41 : 1 52206.5 32643.4 1 0
AT14->AT13->AT14->AT25->AT30->AT14->AT25->AT30->AT14->AT13 : 1 46569.2 44673.2 1 0
AT14->AT25->AT30->AT14->AT25->AT30->AT14->AT13->AT41->AT23->AT30 : 1 57635.8 33976.7 1 0
AT25->AT14->AT13->AT14->AT25->AT30->AT14->AT25->AT30->AT14->AT13 : 1 55273.2 45761.2 1 0
AT13->AT14->AT25->AT30->AT14->AT25->AT30->AT14->AT13->AT41->AT23 : 1 53039.6 33927.6 1 0
AT14->AT13->AT14->AT25->AT30->AT14->AT25->AT30->AT14->AT13->AT41 : 1 52990.5 45187.4 1 0
AT25->AT14->AT13->AT14->AT25->AT30->AT14->AT25->AT30->AT14->AT13->AT41 : 1 61694.5 46275.4 1 0
AT13->AT14->AT25->AT30->AT14->AT25->AT30->AT14->AT13->AT41->AT23->AT30 : 1 58419.8 34760.7 1 0
AT14->AT13->AT14->AT25->AT30->AT14->AT25->AT30->AT14->AT13->AT41->AT23 : 1 53823.6 46471.6 1 0
AT25->AT14->AT13->AT14->AT25->AT30->AT14->AT25->AT30->AT14->AT13->AT41->AT23 : 1 62527.6 47559.6 1 0
AT14->AT13->AT14->AT25->AT30->AT14->AT25->AT30->AT14->AT13->AT41->AT23->AT30 : 1 59203.8 47304.7 1 0
AT25->AT14->AT13->AT14->AT25->AT30->AT14->AT25->AT30->AT14->AT13->AT41->AT23->AT30 : 1 67907.8 48392.7 1 0
