Profile Result: 
AT14 : 3 1680 0 1 0
AT23 : 2 1664 0 1 0
AT24 : 1 7168 0 1 0
AT25 : 1 13824 0 1 0
AT30 : 3 22272 0 1 0
NULL : 4 0 0 1 0
NULL->AT30 : 3 22272 3072 1 0
NULL->AT23 : 3 2432 3072 1 0
NULL->NULL : 3 0 7370.67 1 0
AT30->AT14 : 2 17840 1040 1 0
AT14->NULL : 2 976 15616 1 0
NULL->AT14 : 2 976 2048 1 0
AT25->AT30 : 1 22784 1728 1 0
AT24->AT30 : 1 14848 1792 1 0
AT14->AT25 : 1 14528 11264 1 0
NULL->AT25 : 1 13824 1024 1 0
AT23->AT24 : 1 8064 1792 1 0
AT24->AT14 : 1 7648 448 1 0
AT23->AT30 : 1 6528 896 1 0
AT30->NULL : 1 5632 352 1 0
AT23->AT23 : 1 1664 1536 1 0
AT23->AT14 : 1 1472 768 1 0
AT14->AT25->AT30 : 1 23488 12992 1 0
AT25->AT30->AT14 : 1 23488 2288 1 0
AT30->AT14->AT25 : 1 23488 11824 1 0
AT23->AT24->AT30 : 1 15744 3584 1 0
AT24->AT30->AT14 : 1 15344 2272 1 0
AT23->AT14->AT25 : 1 15296 12032 1 0
AT23->AT23->AT24 : 1 8832 3328 1 0
AT23->AT24->AT14 : 1 8544 2240 1 0
AT23->AT23->AT30 : 1 7296 2432 1 0
AT23->AT14->AT25->AT30 : 1 24256 13760 1 0
AT23->AT23->AT24->AT30 : 1 16512 5120 1 0
AT23->AT24->AT30->AT14 : 1 16240 4064 1 0
AT23->AT23->AT24->AT14 : 1 9312 3776 1 0
AT23->AT23->AT24->AT30->AT14 : 1 17008 5600 1 0
