Profile Result: 
AT16 : 1 4640 0 1 0
AT17 : 1 1024 0 1 0
AT18 : 1 1280 0 1 0
AT20 : 1 1408 0 1 0
AT24 : 1 9280 0 1 0
AT25 : 1 13264 0 1 0
AT26 : 1 576 0 1 0
AT27 : 1 688 0 1 0
AT33 : 1 25360 0 1 0
NULL : 3 0 0 1 0
NULL->NULL : 2 0 4199.5 1 0
AT33->AT25 : 1 38624 10144 1 0
AT16->AT33 : 1 30000 1160 1 0
AT27->AT33 : 1 26048 688 1 0
AT33->NULL : 1 25360 10144 1 0
AT16->AT24 : 1 13920 2320 1 0
AT24->AT16 : 1 13920 2320 1 0
AT25->NULL : 1 13264 1658 1 0
NULL->AT25 : 1 13264 1024 1 0
AT24->NULL : 1 9280 580 1 0
AT27->AT16 : 1 5328 5504 1 0
AT17->AT18 : 1 2304 512 1 0
AT20->AT27 : 1 2096 704 1 0
AT26->AT20 : 1 1984 4608 1 0
AT17->AT26 : 1 1600 2048 1 0
NULL->AT20 : 1 1408 1024 1 0
AT18->NULL : 1 1280 320 1 0
NULL->AT18 : 1 1280 1024 1 0
NULL->AT17 : 1 1024 1024 1 0
NULL->AT27 : 1 688 1024 1 0
NULL->AT26 : 1 576 1024 1 0
AT16->AT33->AT25 : 1 43264 11304 1 0
AT27->AT33->AT25 : 1 39312 10832 1 0
AT24->AT16->AT33 : 1 39280 3480 1 0
AT27->AT16->AT33 : 1 30688 6664 1 0
AT20->AT27->AT33 : 1 27456 1392 1 0
AT27->AT16->AT24 : 1 14608 7824 1 0
AT20->AT27->AT16 : 1 6736 6208 1 0
AT17->AT26->AT20 : 1 3008 6656 1 0
AT26->AT20->AT27 : 1 2672 5312 1 0
AT24->AT16->AT33->AT25 : 1 52544 13624 1 0
AT27->AT16->AT33->AT25 : 1 43952 16808 1 0
AT20->AT27->AT33->AT25 : 1 40720 11536 1 0
AT20->AT27->AT16->AT33 : 1 32096 7368 1 0
AT26->AT20->AT27->AT33 : 1 28032 6000 1 0
AT20->AT27->AT16->AT24 : 1 16016 8528 1 0
AT26->AT20->AT27->AT16 : 1 7312 10816 1 0
AT17->AT26->AT20->AT27 : 1 3696 7360 1 0
AT20->AT27->AT16->AT33->AT25 : 1 45360 17512 1 0
AT26->AT20->AT27->AT33->AT25 : 1 41296 16144 1 0
AT26->AT20->AT27->AT16->AT33 : 1 32672 11976 1 0
AT17->AT26->AT20->AT27->AT33 : 1 29056 8048 1 0
AT26->AT20->AT27->AT16->AT24 : 1 16592 13136 1 0
AT17->AT26->AT20->AT27->AT16 : 1 8336 12864 1 0
AT26->AT20->AT27->AT16->AT33->AT25 : 1 45936 22120 1 0
AT17->AT26->AT20->AT27->AT33->AT25 : 1 42320 18192 1 0
AT17->AT26->AT20->AT27->AT16->AT33 : 1 33696 14024 1 0
AT17->AT26->AT20->AT27->AT16->AT24 : 1 17616 15184 1 0
AT17->AT26->AT20->AT27->AT16->AT33->AT25 : 1 46960 24168 1 0
