Profile Result: 
AT14 : 3 1272.75 0 1 0
AT20 : 1 1344 0 1 0
AT23 : 2 1400 0 1 0
AT24 : 1 6464 0 1 0
AT25 : 3 34758 0 1 0
AT26 : 1 544 0 1 0
AT30 : 2 14872 0 1 0
NULL : 3 0 0 1 0
AT14->AT25 : 3 36030.8 20364 1 0
NULL->AT25 : 3 34758 3072 1 0
AT25->AT30 : 2 37504 2829 1 0
AT30->AT14 : 2 15794.8 929.5 1 0
AT23->AT14 : 2 2181 1400 1 0
NULL->AT23 : 2 1400 2048 1 0
NULL->AT26 : 2 1088 2048 1 0
NULL->NULL : 2 0 2048 1 0
AT24->AT30 : 1 13792 1616 1 0
AT25->NULL : 1 12126 1515.75 1 0
NULL->AT30 : 1 7544 1024 1 0
AT23->AT24 : 1 7272 1616 1 0
AT24->AT14 : 1 6814 404 1 0
AT20->AT23 : 1 1936 672 1 0
AT26->AT20 : 1 1888 4352 1 0
AT23->AT23 : 1 1400 1184 1 0
NULL->AT20 : 1 1344 1024 1 0
NULL->AT14 : 1 491.75 1024 1 0
AT30->AT14->AT25 : 2 39560.8 15693.5 1 0
AT25->AT30->AT14 : 2 38426.8 3758.5 1 0
AT14->AT25->AT30 : 2 38285 15325 1 0
AT23->AT14->AT25 : 2 24813 13896 1 0
AT24->AT14->AT25 : 1 17806 6004 1 0
AT23->AT24->AT30 : 1 14600 3232 1 0
AT24->AT30->AT14 : 1 14223 2074 1 0
AT23->AT23->AT24 : 1 7864 2800 1 0
AT23->AT24->AT14 : 1 7622 2020 1 0
AT20->AT23->AT23 : 1 2744 1856 1 0
AT26->AT20->AT23 : 1 2480 5024 1 0
AT20->AT23->AT14 : 1 2286 1264 1 0
AT23->AT23->AT14 : 1 1831 1992 1 0
AT23->AT14->AT25->AT30 : 2 39685 16725 1 0
AT25->AT30->AT14->AT25 : 1 31153.8 9713.5 1 0
AT24->AT30->AT14->AT25 : 1 25863 8970 1 0
AT24->AT14->AT25->AT30 : 1 25350 7378 1 0
AT14->AT25->AT30->AT14 : 1 19377.8 7445.5 1 0
AT23->AT24->AT14->AT25 : 1 18614 7620 1 0
AT23->AT23->AT24->AT30 : 1 15192 4416 1 0
AT23->AT24->AT30->AT14 : 1 15031 3690 1 0
AT23->AT23->AT14->AT25 : 1 13471 8888 1 0
AT20->AT23->AT14->AT25 : 1 13278 6864 1 0
AT20->AT23->AT23->AT24 : 1 9208 3472 1 0
AT23->AT23->AT24->AT14 : 1 8214 3204 1 0
AT26->AT20->AT23->AT23 : 1 3288 6208 1 0
AT20->AT23->AT23->AT14 : 1 3175 2664 1 0
AT26->AT20->AT23->AT14 : 1 2830 5616 1 0
AT14->AT25->AT30->AT14->AT25 : 1 31503.8 15313.5 1 0
AT23->AT24->AT30->AT14->AT25 : 1 26671 10586 1 0
AT23->AT24->AT14->AT25->AT30 : 1 26158 8994 1 0
AT24->AT14->AT25->AT30->AT14 : 1 25841.8 7849.5 1 0
AT20->AT23->AT14->AT25->AT30 : 1 20822 8238 1 0
AT23->AT23->AT14->AT25->AT30 : 1 20799 10343 1 0
AT23->AT14->AT25->AT30->AT14 : 1 19969.8 8037.5 1 0
AT23->AT23->AT24->AT14->AT25 : 1 19206 8804 1 0
AT20->AT23->AT23->AT24->AT30 : 1 16536 5088 1 0
AT23->AT23->AT24->AT30->AT14 : 1 15623 4874 1 0
AT20->AT23->AT23->AT14->AT25 : 1 14815 9560 1 0
AT26->AT20->AT23->AT14->AT25 : 1 13822 11216 1 0
AT26->AT20->AT23->AT23->AT24 : 1 9752 7824 1 0
AT20->AT23->AT23->AT24->AT14 : 1 9558 3876 1 0
AT26->AT20->AT23->AT23->AT14 : 1 3719 7016 1 0
AT24->AT14->AT25->AT30->AT14->AT25 : 1 37967.8 15717.5 1 0
AT23->AT14->AT25->AT30->AT14->AT25 : 1 32095.8 15905.5 1 0
AT23->AT23->AT24->AT30->AT14->AT25 : 1 27263 11770 1 0
AT23->AT23->AT24->AT14->AT25->AT30 : 1 26750 10178 1 0
AT23->AT24->AT14->AT25->AT30->AT14 : 1 26649.8 9465.5 1 0
AT20->AT23->AT23->AT14->AT25->AT30 : 1 22143 11015 1 0
AT26->AT20->AT23->AT14->AT25->AT30 : 1 21366 12590 1 0
AT20->AT23->AT14->AT25->AT30->AT14 : 1 21313.8 8709.5 1 0
AT20->AT23->AT23->AT24->AT14->AT25 : 1 20550 9476 1 0
AT26->AT20->AT23->AT23->AT24->AT30 : 1 17080 9440 1 0
AT20->AT23->AT23->AT24->AT30->AT14 : 1 16967 5546 1 0
AT26->AT20->AT23->AT23->AT14->AT25 : 1 15359 13912 1 0
AT26->AT20->AT23->AT23->AT24->AT14 : 1 10102 8228 1 0
AT23->AT24->AT14->AT25->AT30->AT14->AT25 : 1 38775.8 17333.5 1 0
AT20->AT23->AT14->AT25->AT30->AT14->AT25 : 1 33439.8 16577.5 1 0
AT20->AT23->AT23->AT24->AT30->AT14->AT25 : 1 28607 12442 1 0
AT20->AT23->AT23->AT24->AT14->AT25->AT30 : 1 28094 10850 1 0
AT23->AT23->AT24->AT14->AT25->AT30->AT14 : 1 27241.8 10649.5 1 0
AT26->AT20->AT23->AT23->AT14->AT25->AT30 : 1 22687 15367 1 0
AT26->AT20->AT23->AT14->AT25->AT30->AT14 : 1 21857.8 13061.5 1 0
AT26->AT20->AT23->AT23->AT24->AT14->AT25 : 1 21094 13828 1 0
AT26->AT20->AT23->AT23->AT24->AT30->AT14 : 1 17511 9898 1 0
AT23->AT23->AT24->AT14->AT25->AT30->AT14->AT25 : 1 39367.8 18517.5 1 0
AT26->AT20->AT23->AT14->AT25->AT30->AT14->AT25 : 1 33983.8 20929.5 1 0
AT26->AT20->AT23->AT23->AT24->AT30->AT14->AT25 : 1 29151 16794 1 0
AT26->AT20->AT23->AT23->AT24->AT14->AT25->AT30 : 1 28638 15202 1 0
AT20->AT23->AT23->AT24->AT14->AT25->AT30->AT14 : 1 28585.8 11321.5 1 0
AT20->AT23->AT23->AT24->AT14->AT25->AT30->AT14->AT25 : 1 40711.8 19189.5 1 0
AT26->AT20->AT23->AT23->AT24->AT14->AT25->AT30->AT14 : 1 29129.8 15673.5 1 0
AT26->AT20->AT23->AT23->AT24->AT14->AT25->AT30->AT14->AT25 : 1 41255.8 23541.5 1 0
