Profile Result: 
AT14 : 1 432 0 1 0
AT18 : 1 1920 0 1 0
AT23 : 2 1664 0 1 0
AT24 : 1 7168 0 1 0
AT25 : 1 11648 0 1 0
AT30 : 2 10752 0 1 0
AT41 : 1 4480 0 1 0
NULL : 4 0 0 1 0
NULL->NULL : 3 0 2842.67 1 0
AT23->AT30 : 2 12416 1664 1 0
NULL->AT30 : 2 10752 2048 1 0
NULL->AT23 : 2 1664 2048 1 0
AT14->AT25 : 1 12080 6912 1 0
AT25->NULL : 1 11648 1456 1 0
NULL->AT25 : 1 11648 1024 1 0
AT30->AT41 : 1 9600 320 1 0
AT24->AT18 : 1 9088 1792 1 0
AT23->AT24 : 1 8064 1792 1 0
AT24->NULL : 1 7168 448 1 0
AT30->AT14 : 1 6064 352 1 0
AT41->AT23 : 1 5248 896 1 0
NULL->AT41 : 1 4480 1024 1 0
AT18->NULL : 1 1920 480 1 0
NULL->AT18 : 1 1920 1024 1 0
AT23->AT23 : 1 1664 1536 1 0
NULL->AT14 : 1 432 1024 1 0
AT30->AT14->AT25 : 1 17712 7264 1 0
AT23->AT30->AT41 : 1 10368 1088 1 0
AT30->AT41->AT23 : 1 10368 1216 1 0
AT41->AT23->AT30 : 1 10368 1664 1 0
AT23->AT24->AT18 : 1 9984 3584 1 0
AT23->AT23->AT24 : 1 8832 3328 1 0
AT23->AT23->AT30 : 1 7296 2432 1 0
AT23->AT30->AT14 : 1 6960 1248 1 0
AT41->AT23->AT23 : 1 6144 2432 1 0
AT23->AT30->AT14->AT25 : 1 18608 8160 1 0
AT41->AT23->AT23->AT24 : 1 13312 4224 1 0
AT41->AT23->AT23->AT30 : 1 11776 3328 1 0
AT30->AT41->AT23->AT23 : 1 11264 2752 1 0
AT23->AT23->AT24->AT18 : 1 10752 5120 1 0
AT23->AT23->AT30->AT14 : 1 7728 2784 1 0
AT23->AT23->AT30->AT14->AT25 : 1 19376 9696 1 0
AT30->AT41->AT23->AT23->AT24 : 1 18432 4544 1 0
AT30->AT41->AT23->AT23->AT30 : 1 16896 3648 1 0
AT41->AT23->AT23->AT24->AT18 : 1 15232 6016 1 0
AT41->AT23->AT23->AT30->AT14 : 1 12208 3680 1 0
AT41->AT23->AT23->AT30->AT14->AT25 : 1 23856 10592 1 0
AT30->AT41->AT23->AT23->AT24->AT18 : 1 20352 6336 1 0
AT30->AT41->AT23->AT23->AT30->AT14 : 1 17328 4000 1 0
AT30->AT41->AT23->AT23->AT30->AT14->AT25 : 1 28976 10912 1 0
