Profile Result: 
AT14 : 1 416 0 1 0
AT17 : 1 1024 0 1 0
AT18 : 1 1280 0 1 0
AT20 : 1 1408 0 1 0
AT23 : 2 1424 0 1 0
AT26 : 1 576 0 1 0
AT30 : 2 9792 0 1 0
NULL : 4 0 0 1 0
NULL->NULL : 3 0 4470.67 1 0
AT23->AT30 : 2 11216 1424 1 0
AT30->NULL : 2 9792 612 1 0
NULL->AT30 : 2 9792 2048 1 0
AT23->AT23 : 2 2848 2848 1 0
AT17->AT18 : 1 2304 512 1 0
AT20->AT23 : 1 2016 704 1 0
AT26->AT20 : 1 1984 4608 1 0
AT18->AT14 : 1 1696 320 1 0
AT17->AT26 : 1 1600 2048 1 0
NULL->AT20 : 1 1408 1024 1 0
NULL->AT18 : 1 1280 1024 1 0
NULL->AT17 : 1 1024 1024 1 0
NULL->AT23 : 1 816 1024 1 0
NULL->AT26 : 1 576 1024 1 0
AT14->NULL : 1 416 6656 1 0
NULL->AT14 : 1 416 1024 1 0
AT23->AT23->AT30 : 2 12640 4272 1 0
AT20->AT23->AT30 : 1 6496 1312 1 0
AT17->AT26->AT20 : 1 3008 6656 1 0
AT20->AT23->AT23 : 1 2832 1920 1 0
AT17->AT18->AT14 : 1 2720 832 1 0
AT26->AT20->AT23 : 1 2592 5312 1 0
AT20->AT23->AT23->AT30 : 1 8144 2736 1 0
AT26->AT20->AT23->AT30 : 1 7072 5920 1 0
AT17->AT26->AT20->AT23 : 1 3616 7360 1 0
AT26->AT20->AT23->AT23 : 1 3408 6528 1 0
AT26->AT20->AT23->AT23->AT30 : 1 8720 7344 1 0
AT17->AT26->AT20->AT23->AT30 : 1 8096 7968 1 0
AT17->AT26->AT20->AT23->AT23 : 1 4432 8576 1 0
AT17->AT26->AT20->AT23->AT23->AT30 : 1 9744 9392 1 0
