Profile Result: 
AT14 : 1 312 0 1 0
AT20 : 1 512 0 1 0
AT23 : 5 3684 0 1 0
AT24 : 1 5632 0 1 0
AT25 : 1 10688 0 1 0
AT30 : 4 24768 0 1 0
AT41 : 1 4800 0 1 0
NULL : 5 0 0 1 0
AT23->AT23 : 4 5912 5960 1 0
NULL->AT23 : 4 3300 4096 1 0
NULL->NULL : 4 0 3590 1 0
AT23->AT30 : 3 19720 2344 1 0
AT30->NULL : 3 17856 1116 1 0
NULL->AT30 : 3 17856 3072 1 0
NULL->AT20 : 2 1024 2048 1 0
AT25->AT30 : 1 18080 1336 1 0
AT24->AT30 : 1 12544 1408 1 0
AT14->AT25 : 1 11000 4992 1 0
NULL->AT25 : 1 10688 1024 1 0
AT24->AT41 : 1 10432 352 1 0
AT30->AT14 : 1 7224 432 1 0
AT23->AT24 : 1 6336 1408 1 0
AT41->AT23 : 1 5552 960 1 0
NULL->AT41 : 1 4800 1024 1 0
AT23->NULL : 1 956 956 1 0
AT20->AT23 : 1 896 256 1 0
AT23->AT14 : 1 696 384 1 0
AT23->AT23->AT23 : 3 6868 9648 1 0
AT23->AT23->AT30 : 2 13192 3864 1 0
AT14->AT25->AT30 : 1 18392 6328 1 0
AT30->AT14->AT25 : 1 17912 5424 1 0
AT23->AT24->AT30 : 1 13248 2816 1 0
AT24->AT30->AT14 : 1 12856 1840 1 0
AT41->AT23->AT30 : 1 12464 1712 1 0
AT23->AT14->AT25 : 1 11384 5376 1 0
AT24->AT41->AT23 : 1 11184 1312 1 0
AT23->AT24->AT41 : 1 11136 1760 1 0
AT23->AT30->AT14 : 1 7976 1184 1 0
AT23->AT23->AT24 : 1 6720 2176 1 0
AT41->AT23->AT23 : 1 6440 2464 1 0
AT23->AT23->AT14 : 1 1652 2296 1 0
AT20->AT23->AT23 : 1 1600 1024 1 0
AT20->AT23->AT14 : 1 1208 640 1 0
AT23->AT23->AT23->AT23 : 2 5912 9648 1 0
AT30->AT14->AT25->AT30 : 1 25304 6760 1 0
AT24->AT30->AT14->AT25 : 1 23544 6832 1 0
AT23->AT14->AT25->AT30 : 1 18776 6712 1 0
AT23->AT30->AT14->AT25 : 1 18664 6176 1 0
AT24->AT41->AT23->AT30 : 1 18096 2064 1 0
AT23->AT23->AT24->AT30 : 1 13632 3584 1 0
AT23->AT24->AT30->AT14 : 1 13560 3248 1 0
AT41->AT23->AT30->AT14 : 1 12776 2144 1 0
AT23->AT23->AT14->AT25 : 1 12340 7288 1 0
AT24->AT41->AT23->AT23 : 1 12072 2816 1 0
AT41->AT23->AT23->AT30 : 1 12040 3352 1 0
AT20->AT23->AT14->AT25 : 1 11896 5632 1 0
AT23->AT24->AT41->AT23 : 1 11888 2720 1 0
AT23->AT23->AT24->AT41 : 1 11520 2528 1 0
AT23->AT23->AT23->AT24 : 1 7676 4088 1 0
AT41->AT23->AT23->AT23 : 1 7396 4240 1 0
AT20->AT23->AT23->AT24 : 1 7232 2432 1 0
AT23->AT23->AT23->AT30 : 1 6908 3384 1 0
AT20->AT23->AT23->AT30 : 1 6464 1728 1 0
AT23->AT23->AT23->AT14 : 1 2540 4072 1 0
AT24->AT30->AT14->AT25->AT30 : 1 30936 8168 1 0
AT23->AT30->AT14->AT25->AT30 : 1 26056 7512 1 0
AT23->AT24->AT30->AT14->AT25 : 1 24248 8240 1 0
AT41->AT23->AT30->AT14->AT25 : 1 23464 7136 1 0
AT23->AT23->AT14->AT25->AT30 : 1 19732 8624 1 0
AT20->AT23->AT14->AT25->AT30 : 1 19288 6968 1 0
AT23->AT24->AT41->AT23->AT30 : 1 18800 3472 1 0
AT24->AT41->AT23->AT30->AT14 : 1 18408 2496 1 0
AT24->AT41->AT23->AT23->AT30 : 1 17672 3704 1 0
AT23->AT23->AT23->AT24->AT30 : 1 14588 5496 1 0
AT20->AT23->AT23->AT24->AT30 : 1 14144 3840 1 0
AT23->AT23->AT24->AT30->AT14 : 1 13944 4016 1 0
AT23->AT23->AT23->AT14->AT25 : 1 13228 9064 1 0
AT24->AT41->AT23->AT23->AT23 : 1 13028 4592 1 0
AT23->AT24->AT41->AT23->AT23 : 1 12776 4224 1 0
AT23->AT23->AT23->AT24->AT41 : 1 12476 4440 1 0
AT23->AT23->AT24->AT41->AT23 : 1 12272 3488 1 0
AT20->AT23->AT23->AT24->AT41 : 1 12032 2784 1 0
AT23->AT23->AT23->AT23->AT24 : 1 8564 5864 1 0
AT23->AT23->AT23->AT23->AT30 : 1 7796 5160 1 0
AT41->AT23->AT23->AT23->AT23 : 1 7780 6152 1 0
AT23->AT23->AT23->AT23->AT23 : 1 3684 5960 1 0
AT23->AT23->AT23->AT23->AT14 : 1 3292 5576 1 0
AT23->AT24->AT30->AT14->AT25->AT30 : 1 31640 9576 1 0
AT41->AT23->AT30->AT14->AT25->AT30 : 1 30856 8472 1 0
AT24->AT41->AT23->AT30->AT14->AT25 : 1 29096 7488 1 0
AT23->AT23->AT24->AT30->AT14->AT25 : 1 24632 9008 1 0
AT23->AT23->AT23->AT14->AT25->AT30 : 1 20620 10400 1 0
AT23->AT23->AT24->AT41->AT23->AT30 : 1 19184 4240 1 0
AT23->AT24->AT41->AT23->AT30->AT14 : 1 19112 3904 1 0
AT23->AT24->AT41->AT23->AT23->AT30 : 1 18376 5112 1 0
AT23->AT23->AT23->AT23->AT24->AT30 : 1 15476 7272 1 0
AT23->AT23->AT23->AT24->AT30->AT14 : 1 14900 5928 1 0
AT20->AT23->AT23->AT24->AT30->AT14 : 1 14456 4272 1 0
AT23->AT23->AT23->AT23->AT14->AT25 : 1 13980 10568 1 0
AT23->AT24->AT41->AT23->AT23->AT23 : 1 13732 6000 1 0
AT24->AT41->AT23->AT23->AT23->AT23 : 1 13412 6504 1 0
AT23->AT23->AT23->AT23->AT24->AT41 : 1 13364 6216 1 0
AT23->AT23->AT23->AT24->AT41->AT23 : 1 13228 5400 1 0
AT23->AT23->AT24->AT41->AT23->AT23 : 1 13160 4992 1 0
AT20->AT23->AT23->AT24->AT41->AT23 : 1 12784 3744 1 0
AT23->AT23->AT23->AT23->AT23->AT24 : 1 9316 7368 1 0
AT23->AT23->AT23->AT23->AT23->AT30 : 1 8548 6664 1 0
AT41->AT23->AT23->AT23->AT23->AT23 : 1 8484 6920 1 0
AT41->AT23->AT23->AT23->AT23->AT14 : 1 8092 6536 1 0
AT24->AT41->AT23->AT30->AT14->AT25->AT30 : 1 36488 8824 1 0
AT23->AT23->AT24->AT30->AT14->AT25->AT30 : 1 32024 10344 1 0
AT23->AT24->AT41->AT23->AT30->AT14->AT25 : 1 29800 8896 1 0
AT23->AT23->AT23->AT24->AT30->AT14->AT25 : 1 25588 10920 1 0
AT20->AT23->AT23->AT24->AT30->AT14->AT25 : 1 25144 9264 1 0
AT23->AT23->AT23->AT23->AT14->AT25->AT30 : 1 21372 11904 1 0
AT23->AT23->AT23->AT24->AT41->AT23->AT30 : 1 20140 6152 1 0
AT20->AT23->AT23->AT24->AT41->AT23->AT30 : 1 19696 4496 1 0
AT23->AT23->AT24->AT41->AT23->AT30->AT14 : 1 19496 4672 1 0
AT41->AT23->AT23->AT23->AT23->AT14->AT25 : 1 18780 11528 1 0
AT23->AT23->AT24->AT41->AT23->AT23->AT30 : 1 18760 5880 1 0
AT23->AT23->AT23->AT23->AT23->AT24->AT30 : 1 16228 8776 1 0
AT23->AT23->AT23->AT23->AT24->AT30->AT14 : 1 15788 7704 1 0
AT23->AT23->AT24->AT41->AT23->AT23->AT23 : 1 14116 6768 1 0
AT23->AT24->AT41->AT23->AT23->AT23->AT23 : 1 14116 7912 1 0
AT24->AT41->AT23->AT23->AT23->AT23->AT23 : 1 14116 7272 1 0
AT41->AT23->AT23->AT23->AT23->AT23->AT24 : 1 14116 8328 1 0
AT23->AT23->AT23->AT23->AT23->AT24->AT41 : 1 14116 7720 1 0
AT23->AT23->AT23->AT23->AT24->AT41->AT23 : 1 14116 7176 1 0
AT23->AT23->AT23->AT24->AT41->AT23->AT23 : 1 14116 6904 1 0
AT24->AT41->AT23->AT23->AT23->AT23->AT14 : 1 13724 6888 1 0
AT20->AT23->AT23->AT24->AT41->AT23->AT23 : 1 13672 5248 1 0
AT41->AT23->AT23->AT23->AT23->AT23->AT30 : 1 13348 7624 1 0
AT23->AT24->AT41->AT23->AT30->AT14->AT25->AT30 : 1 37192 10232 1 0
AT23->AT23->AT23->AT24->AT30->AT14->AT25->AT30 : 1 32980 12256 1 0
AT20->AT23->AT23->AT24->AT30->AT14->AT25->AT30 : 1 32536 10600 1 0
AT23->AT23->AT24->AT41->AT23->AT30->AT14->AT25 : 1 30184 9664 1 0
AT23->AT23->AT23->AT23->AT24->AT30->AT14->AT25 : 1 26476 12696 1 0
AT41->AT23->AT23->AT23->AT23->AT14->AT25->AT30 : 1 26172 12864 1 0
AT24->AT41->AT23->AT23->AT23->AT23->AT14->AT25 : 1 24412 11880 1 0
AT41->AT23->AT23->AT23->AT23->AT23->AT24->AT30 : 1 21028 9736 1 0
AT23->AT23->AT23->AT23->AT24->AT41->AT23->AT30 : 1 21028 7928 1 0
AT23->AT23->AT23->AT24->AT41->AT23->AT30->AT14 : 1 20452 6584 1 0
AT20->AT23->AT23->AT24->AT41->AT23->AT30->AT14 : 1 20008 4928 1 0
AT23->AT23->AT23->AT24->AT41->AT23->AT23->AT30 : 1 19716 7792 1 0
AT20->AT23->AT23->AT24->AT41->AT23->AT23->AT30 : 1 19272 6136 1 0
AT24->AT41->AT23->AT23->AT23->AT23->AT23->AT30 : 1 18980 7976 1 0
AT23->AT23->AT23->AT23->AT23->AT24->AT30->AT14 : 1 16540 9208 1 0
AT20->AT23->AT23->AT24->AT41->AT23->AT23->AT23 : 1 14628 7024 1 0
AT23->AT24->AT41->AT23->AT23->AT23->AT23->AT14 : 1 14428 8296 1 0
AT23->AT23->AT24->AT41->AT23->AT30->AT14->AT25->AT30 : 1 37576 11000 1 0
AT23->AT23->AT23->AT23->AT24->AT30->AT14->AT25->AT30 : 1 33868 14032 1 0
AT24->AT41->AT23->AT23->AT23->AT23->AT14->AT25->AT30 : 1 31804 13216 1 0
AT23->AT23->AT23->AT24->AT41->AT23->AT30->AT14->AT25 : 1 31140 11576 1 0
AT20->AT23->AT23->AT24->AT41->AT23->AT30->AT14->AT25 : 1 30696 9920 1 0
AT23->AT23->AT23->AT23->AT23->AT24->AT30->AT14->AT25 : 1 27228 14200 1 0
AT23->AT24->AT41->AT23->AT23->AT23->AT23->AT14->AT25 : 1 25116 13288 1 0
AT41->AT23->AT23->AT23->AT23->AT23->AT24->AT30->AT14 : 1 21340 10168 1 0
AT23->AT23->AT23->AT23->AT24->AT41->AT23->AT30->AT14 : 1 21340 8360 1 0
AT23->AT23->AT23->AT24->AT41->AT23->AT30->AT14->AT25->AT30 : 1 38532 12912 1 0
AT20->AT23->AT23->AT24->AT41->AT23->AT30->AT14->AT25->AT30 : 1 38088 11256 1 0
AT23->AT23->AT23->AT23->AT23->AT24->AT30->AT14->AT25->AT30 : 1 34620 15536 1 0
AT23->AT24->AT41->AT23->AT23->AT23->AT23->AT14->AT25->AT30 : 1 32508 14624 1 0
AT41->AT23->AT23->AT23->AT23->AT23->AT24->AT30->AT14->AT25 : 1 32028 15160 1 0
AT23->AT23->AT23->AT23->AT24->AT41->AT23->AT30->AT14->AT25 : 1 32028 13352 1 0
AT41->AT23->AT23->AT23->AT23->AT23->AT24->AT30->AT14->AT25->AT30 : 1 39420 16496 1 0
AT23->AT23->AT23->AT23->AT24->AT41->AT23->AT30->AT14->AT25->AT30 : 1 39420 14688 1 0
