Profile Result: 
AT9 : 1 23552 0 1 0
AT14 : 3 1328 0 1 0
AT24 : 1 4096 0 1 0
AT25 : 2 23040 0 1 0
AT30 : 3 21760 0 1 0
NULL : 4 0 0 1 0
NULL->AT30 : 3 21760 3072 1 0
NULL->AT14 : 3 1328 3072 1 0
NULL->NULL : 3 0 6264 1 0
AT14->AT25 : 2 23872 13312 1 0
NULL->AT25 : 2 23040 2048 1 0
AT30->AT14 : 2 14768 864 1 0
AT25->AT9 : 1 35328 1472 1 0
AT9->AT30 : 1 31488 1472 1 0
AT25->AT30 : 1 18944 1408 1 0
AT24->AT30 : 1 10240 1024 1 0
AT30->NULL : 1 7936 496 1 0
AT24->AT14 : 1 4480 256 1 0
NULL->AT24 : 1 4096 1024 1 0
AT14->NULL : 1 496 7936 1 0
AT25->AT9->AT30 : 1 43264 2944 1 0
AT14->AT25->AT9 : 1 35776 8640 1 0
AT25->AT30->AT14 : 1 19440 1888 1 0
AT14->AT25->AT30 : 1 19328 7552 1 0
AT30->AT14->AT25 : 1 18368 7552 1 0
AT24->AT14->AT25 : 1 15744 6400 1 0
AT24->AT30->AT14 : 1 10688 1408 1 0
AT14->AT25->AT9->AT30 : 1 43712 10112 1 0
AT30->AT14->AT25->AT9 : 1 41920 9024 1 0
AT24->AT14->AT25->AT30 : 1 23424 7808 1 0
AT24->AT30->AT14->AT25 : 1 22464 8576 1 0
AT14->AT25->AT30->AT14 : 1 19824 8032 1 0
AT30->AT14->AT25->AT9->AT30 : 1 49856 10496 1 0
AT24->AT30->AT14->AT25->AT9 : 1 46016 10048 1 0
AT24->AT14->AT25->AT30->AT14 : 1 23920 8288 1 0
AT24->AT30->AT14->AT25->AT9->AT30 : 1 53952 11520 1 0
