Profile Result: 
AT14 : 5 3625.5 0 1 0
AT25 : 5 68656 0 1 0
AT30 : 3 26368 0 1 0
AT31 : 1 6144 0 1 0
NULL : 5 0 0 1 0
NULL->AT25 : 5 68656 5120 1 0
AT14->AT25 : 4 57014 43104 1 0
NULL->AT14 : 4 2971.5 4096 1 0
NULL->NULL : 4 0 4096 1 0
AT25->AT14 : 3 43041.5 5062 1 0
AT30->AT14 : 3 28102 1648 1 0
NULL->AT30 : 3 26368 3072 1 0
AT25->AT30 : 2 46336 3520 1 0
NULL->AT31 : 2 12288 2048 1 0
AT31->AT25 : 1 20480 12288 1 0
AT31->AT30 : 1 14336 1536 1 0
AT14->NULL : 1 931.5 14904 1 0
AT30->AT14->AT25 : 3 66550 29392 1 0
AT25->AT14->AT25 : 2 57982 29208 1 0
AT14->AT25->AT30 : 2 47808 27072 1 0
AT25->AT30->AT14 : 2 47558 4656 1 0
AT14->AT25->AT14 : 2 28967.5 22822 1 0
AT31->AT25->AT14 : 1 21440 14080 1 0
AT31->AT30->AT14 : 1 14848 2048 1 0
AT25->AT30->AT14->AT25 : 2 73718 24208 1 0
AT14->AT25->AT30->AT14 : 2 49030 28208 1 0
AT30->AT14->AT25->AT14 : 2 47143.5 23958 1 0
AT25->AT14->AT25->AT30 : 1 41152 19136 1 0
AT31->AT25->AT14->AT25 : 1 37312 29440 1 0
AT30->AT14->AT25->AT30 : 1 29184 10240 1 0
AT25->AT14->AT25->AT14 : 1 27745.5 13734 1 0
AT14->AT25->AT14->AT25 : 1 27382 21144 1 0
AT31->AT30->AT14->AT25 : 1 27136 10240 1 0
AT25->AT30->AT14->AT25->AT14 : 2 75303.5 27478 1 0
AT14->AT25->AT30->AT14->AT25 : 2 75190 47760 1 0
AT31->AT25->AT14->AT25->AT30 : 1 47296 31424 1 0
AT25->AT14->AT25->AT30->AT14 : 1 41720 19760 1 0
AT30->AT14->AT25->AT14->AT25 : 1 37366 21768 1 0
AT31->AT30->AT14->AT25->AT30 : 1 35328 11776 1 0
AT30->AT14->AT25->AT30->AT14 : 1 29838 10752 1 0
AT14->AT25->AT14->AT25->AT14 : 1 28313.5 22822 1 0
AT14->AT25->AT30->AT14->AT25->AT14 : 2 76775.5 51030 1 0
AT25->AT14->AT25->AT30->AT14->AT25 : 1 54456 28848 1 0
AT25->AT30->AT14->AT25->AT14->AT25 : 1 53238 23752 1 0
AT31->AT25->AT14->AT25->AT30->AT14 : 1 47864 32048 1 0
AT30->AT14->AT25->AT30->AT14->AT25 : 1 43262 21216 1 0
AT30->AT14->AT25->AT14->AT25->AT14 : 1 38297.5 23446 1 0
AT31->AT30->AT14->AT25->AT30->AT14 : 1 35982 12288 1 0
AT31->AT25->AT14->AT25->AT30->AT14->AT25 : 1 60600 41136 1 0
AT25->AT14->AT25->AT30->AT14->AT25->AT14 : 1 55110 30440 1 0
AT14->AT25->AT30->AT14->AT25->AT14->AT25 : 1 54198 39112 1 0
AT25->AT30->AT14->AT25->AT14->AT25->AT14 : 1 54169.5 25430 1 0
AT31->AT30->AT14->AT25->AT30->AT14->AT25 : 1 49406 22752 1 0
AT30->AT14->AT25->AT30->AT14->AT25->AT14 : 1 44193.5 22894 1 0
AT25->AT14->AT25->AT30->AT14->AT25->AT14->AT25 : 1 68534 40904 1 0
AT31->AT25->AT14->AT25->AT30->AT14->AT25->AT14 : 1 61254 42728 1 0
AT14->AT25->AT30->AT14->AT25->AT14->AT25->AT14 : 1 55129.5 40790 1 0
AT31->AT30->AT14->AT25->AT30->AT14->AT25->AT14 : 1 50337.5 24430 1 0
AT31->AT25->AT14->AT25->AT30->AT14->AT25->AT14->AT25 : 1 74678 53192 1 0
AT25->AT14->AT25->AT30->AT14->AT25->AT14->AT25->AT14 : 1 69465.5 42582 1 0
AT31->AT25->AT14->AT25->AT30->AT14->AT25->AT14->AT25->AT14 : 1 75609.5 54870 1 0
