Profile Result: 
AT14 : 1 832 0 1 0
AT21 : 1 768 0 1 0
AT24 : 1 12288 0 1 0
AT25 : 2 29184 0 1 0
AT30 : 1 10240 0 1 0
AT33 : 1 30720 0 1 0
NULL : 3 0 0 1 0
NULL->AT33 : 2 61440 2048 1 0
NULL->AT25 : 2 29184 2048 1 0
NULL->NULL : 2 0 2272 1 0
AT33->AT25 : 1 45056 12288 1 0
AT33->AT21 : 1 31488 12288 1 0
AT24->AT30 : 1 22528 3072 1 0
AT14->AT25 : 1 15680 13312 1 0
AT25->AT14 : 1 15168 1792 1 0
AT25->NULL : 1 14848 1856 1 0
AT24->AT14 : 1 13120 768 1 0
AT21->AT24 : 1 13056 3072 1 0
AT30->NULL : 1 10240 640 1 0
NULL->AT30 : 1 10240 1024 1 0
AT33->AT25->AT14 : 1 45888 14080 1 0
AT33->AT21->AT24 : 1 43776 15360 1 0
AT25->AT14->AT25 : 1 30016 15104 1 0
AT24->AT14->AT25 : 1 27968 14080 1 0
AT21->AT24->AT30 : 1 23296 6144 1 0
AT21->AT24->AT14 : 1 13888 3840 1 0
AT33->AT25->AT14->AT25 : 1 60736 27392 1 0
AT33->AT21->AT24->AT30 : 1 54016 18432 1 0
AT33->AT21->AT24->AT14 : 1 44608 16128 1 0
AT21->AT24->AT14->AT25 : 1 28736 17152 1 0
AT33->AT21->AT24->AT14->AT25 : 1 59456 29440 1 0
