Profile Result: 
AT13 : 2 1013.5 0 1 0
AT14 : 4 1979.75 0 1 0
AT25 : 3 32818 0 1 0
AT30 : 3 22553 0 1 0
NULL : 4 0 0 1 0
NULL->AT25 : 4 41522 4096 1 0
NULL->AT14 : 4 1979.75 4096 1 0
AT25->AT30 : 3 55371 4102.25 1 0
NULL->AT30 : 3 22553 3072 1 0
NULL->NULL : 3 0 3072 1 0
AT14->AT25 : 2 25080.2 15460 1 0
AT30->AT14 : 2 15329 898 1 0
AT13->AT14 : 2 2032.25 1013.5 1 0
AT14->AT13 : 2 2027 16216 1 0
AT30->NULL : 1 8185 511.562 1 0
AT14->AT25->AT30 : 2 41233.2 18474.2 1 0
AT25->AT30->AT14 : 2 35873 3466 1 0
AT14->AT13->AT14 : 2 3045.75 17229.5 1 0
AT30->AT14->AT25 : 1 18696 7696 1 0
AT13->AT14->AT25 : 1 13292.8 8672.5 1 0
AT30->AT14->AT13 : 1 8978 8578 1 0
AT13->AT14->AT13 : 1 1522 8641 1 0
AT25->AT30->AT14->AT25 : 1 27400 8784 1 0
AT30->AT14->AT25->AT30 : 1 26664 9176 1 0
AT13->AT14->AT25->AT30 : 1 21477.8 10206.8 1 0
AT25->AT30->AT14->AT13 : 1 20818 10058 1 0
AT14->AT25->AT30->AT14 : 1 20769 9274 1 0
AT14->AT13->AT14->AT25 : 1 13801.2 16808.5 1 0
AT30->AT14->AT13->AT14 : 1 9486.5 9083 1 0
AT13->AT14->AT13->AT14 : 1 2032.25 9149.5 1 0
AT14->AT13->AT14->AT13 : 1 2027 16721 1 0
AT25->AT30->AT14->AT25->AT30 : 1 35368 10264 1 0
AT30->AT14->AT25->AT30->AT14 : 1 27169 9674 1 0
AT14->AT13->AT14->AT25->AT30 : 1 21986.2 18342.8 1 0
AT25->AT30->AT14->AT13->AT14 : 1 21326.5 10563 1 0
AT14->AT25->AT30->AT14->AT13 : 1 21274 17354 1 0
AT13->AT14->AT13->AT14->AT25 : 1 14306.2 17313.5 1 0
AT30->AT14->AT13->AT14->AT13 : 1 9995 17219 1 0
AT14->AT13->AT14->AT13->AT14 : 1 2537.25 17229.5 1 0
AT25->AT30->AT14->AT25->AT30->AT14 : 1 35873 10762 1 0
AT30->AT14->AT25->AT30->AT14->AT13 : 1 27674 17754 1 0
AT13->AT14->AT13->AT14->AT25->AT30 : 1 22491.2 18847.8 1 0
AT25->AT30->AT14->AT13->AT14->AT13 : 1 21835 18699 1 0
AT14->AT25->AT30->AT14->AT13->AT14 : 1 21782.5 17859 1 0
AT14->AT13->AT14->AT13->AT14->AT25 : 1 14811.2 25393.5 1 0
AT30->AT14->AT13->AT14->AT13->AT14 : 1 10505.2 17727.5 1 0
AT25->AT30->AT14->AT25->AT30->AT14->AT13 : 1 36378 18842 1 0
AT30->AT14->AT25->AT30->AT14->AT13->AT14 : 1 28182.5 18259 1 0
AT14->AT13->AT14->AT13->AT14->AT25->AT30 : 1 22996.2 26927.8 1 0
AT30->AT14->AT13->AT14->AT13->AT14->AT25 : 1 22779.2 25891.5 1 0
AT25->AT30->AT14->AT13->AT14->AT13->AT14 : 1 22345.2 19207.5 1 0
AT14->AT25->AT30->AT14->AT13->AT14->AT13 : 1 22291 25995 1 0
AT25->AT30->AT14->AT25->AT30->AT14->AT13->AT14 : 1 36886.5 19347 1 0
AT25->AT30->AT14->AT13->AT14->AT13->AT14->AT25 : 1 34619.2 27371.5 1 0
AT30->AT14->AT13->AT14->AT13->AT14->AT25->AT30 : 1 30964.2 27425.8 1 0
AT30->AT14->AT25->AT30->AT14->AT13->AT14->AT13 : 1 28691 26395 1 0
AT14->AT25->AT30->AT14->AT13->AT14->AT13->AT14 : 1 22801.2 26503.5 1 0
AT25->AT30->AT14->AT13->AT14->AT13->AT14->AT25->AT30 : 1 42804.2 28905.8 1 0
AT25->AT30->AT14->AT25->AT30->AT14->AT13->AT14->AT13 : 1 37395 27483 1 0
AT14->AT25->AT30->AT14->AT13->AT14->AT13->AT14->AT25 : 1 35075.2 34667.5 1 0
AT30->AT14->AT25->AT30->AT14->AT13->AT14->AT13->AT14 : 1 29201.2 26903.5 1 0
AT14->AT25->AT30->AT14->AT13->AT14->AT13->AT14->AT25->AT30 : 1 43260.2 36201.8 1 0
AT30->AT14->AT25->AT30->AT14->AT13->AT14->AT13->AT14->AT25 : 1 41475.2 35067.5 1 0
AT25->AT30->AT14->AT25->AT30->AT14->AT13->AT14->AT13->AT14 : 1 37905.2 27991.5 1 0
AT25->AT30->AT14->AT25->AT30->AT14->AT13->AT14->AT13->AT14->AT25 : 1 50179.2 36155.5 1 0
AT30->AT14->AT25->AT30->AT14->AT13->AT14->AT13->AT14->AT25->AT30 : 1 49660.2 36601.8 1 0
AT25->AT30->AT14->AT25->AT30->AT14->AT13->AT14->AT13->AT14->AT25->AT30 : 1 58364.2 37689.8 1 0
