Profile Result: 
AT14 : 2 1080 0 1 0
AT20 : 1 512 0 1 0
AT23 : 2 1232 0 1 0
AT30 : 1 3968 0 1 0
NULL : 3 0 0 1 0
AT23->AT23 : 2 2464 2464 1 0
AT14->NULL : 2 1080 17280 1 0
NULL->AT14 : 2 1080 2048 1 0
NULL->AT20 : 2 1024 2048 1 0
NULL->NULL : 2 0 9664 1 0
AT23->AT30 : 1 4448 480 1 0
AT30->AT14 : 1 4348 248 1 0
NULL->AT30 : 1 3968 1024 1 0
AT23->AT14 : 1 1452 752 1 0
AT20->AT23 : 1 992 256 1 0
NULL->AT23 : 1 752 1024 1 0
AT23->AT23->AT30 : 1 5200 1984 1 0
AT20->AT23->AT30 : 1 4960 736 1 0
AT23->AT30->AT14 : 1 4828 728 1 0
AT23->AT23->AT14 : 1 1932 1712 1 0
AT20->AT23->AT23 : 1 1744 1216 1 0
AT23->AT23->AT30->AT14 : 1 5580 2232 1 0
AT20->AT23->AT30->AT14 : 1 5340 984 1 0
AT20->AT23->AT23->AT14 : 1 2444 1968 1 0
