Profile Result: 
AT14 : 1 540 0 1 0
AT18 : 1 1792 0 1 0
AT19 : 2 19712 0 1 0
AT21 : 1 368 0 1 0
AT23 : 1 768 0 1 0
AT24 : 2 12032 0 1 0
AT25 : 1 11136 0 1 0
AT30 : 1 7040 0 1 0
AT33 : 1 14720 0 1 0
AT37 : 1 224 0 1 0
NULL : 5 0 0 1 0
NULL->NULL : 4 0 5531.34 1 0
NULL->AT19 : 2 19712 2048 1 0
AT24->NULL : 2 11776 1840 1 0
NULL->AT23 : 2 1536 2048 1 0
AT33->AT25 : 1 25856 5888 1 0
AT19->AT19 : 1 19712 736 1 0
AT19->AT30 : 1 18816 1472 1 0
AT33->AT21 : 1 15088 5888 1 0
AT37->AT33 : 1 14944 224 1 0
NULL->AT33 : 1 14720 1024 1 0
AT37->AT19 : 1 12000 1792 1 0
AT25->AT14 : 1 11676 1392 1 0
NULL->AT25 : 1 11136 1024 1 0
AT19->AT18 : 1 9728 496 1 0
AT24->AT18 : 1 7936 1536 1 0
AT19->NULL : 1 7936 992 1 0
AT30->NULL : 1 7040 440 1 0
NULL->AT30 : 1 7040 1024 1 0
AT23->AT24 : 1 6912 1536 1 0
AT24->AT14 : 1 6684 384 1 0
AT21->AT24 : 1 6256 1472 1 0
AT18->NULL : 1 1792 448 1 0
AT23->AT37 : 1 992 768 1 0
AT14->NULL : 1 540 8640 1 0
NULL->AT37 : 1 224 1024 1 0
AT33->AT25->AT14 : 1 26396 7280 1 0
AT37->AT33->AT25 : 1 26080 6112 1 0
AT19->AT19->AT18 : 1 21504 1232 1 0
AT33->AT21->AT24 : 1 20976 7360 1 0
AT37->AT19->AT19 : 1 19936 2528 1 0
AT37->AT19->AT30 : 1 19040 3264 1 0
AT23->AT37->AT33 : 1 15712 992 1 0
AT37->AT33->AT21 : 1 15312 6112 1 0
AT23->AT37->AT19 : 1 12768 2560 1 0
AT23->AT24->AT18 : 1 8704 3072 1 0
AT23->AT24->AT14 : 1 7452 1920 1 0
AT23->AT37->AT33->AT25 : 1 26848 6880 1 0
AT37->AT33->AT25->AT14 : 1 26620 7504 1 0
AT37->AT19->AT19->AT18 : 1 21728 3024 1 0
AT37->AT33->AT21->AT24 : 1 21200 7584 1 0
AT23->AT37->AT19->AT19 : 1 20704 3296 1 0
AT23->AT37->AT19->AT30 : 1 19808 4032 1 0
AT23->AT37->AT33->AT21 : 1 16080 6880 1 0
AT23->AT37->AT33->AT25->AT14 : 1 27388 8272 1 0
AT23->AT37->AT19->AT19->AT18 : 1 22496 3792 1 0
AT23->AT37->AT33->AT21->AT24 : 1 21968 8352 1 0
