Profile Result: 
AT14 : 3 2216 0 1 0
AT25 : 2 26880 0 1 0
AT30 : 1 9216 0 1 0
NULL : 2 0 0 1 0
NULL->AT14 : 4 2984 4096 1 0
AT14->AT25 : 2 28192 20992 1 0
NULL->AT25 : 2 26880 2048 1 0
AT25->AT30 : 1 23552 1792 1 0
AT25->AT14 : 1 13448 1568 1 0
AT30->AT14 : 1 9760 576 1 0
NULL->AT30 : 1 9216 1024 1 0
AT14->NULL : 1 904 14464 1 0
NULL->NULL : 1 0 1024 1 0
AT14->AT25->AT30 : 1 24320 14080 1 0
AT25->AT30->AT14 : 1 24096 2368 1 0
AT30->AT14->AT25 : 1 22304 9280 1 0
AT14->AT25->AT14 : 1 13992 10272 1 0
AT25->AT30->AT14->AT25 : 1 36640 11072 1 0
AT14->AT25->AT30->AT14 : 1 24864 14656 1 0
AT30->AT14->AT25->AT14 : 1 23208 10848 1 0
AT25->AT30->AT14->AT25->AT14 : 1 37544 12640 1 0
AT14->AT25->AT30->AT14->AT25 : 1 37408 23360 1 0
AT14->AT25->AT30->AT14->AT25->AT14 : 1 38312 24928 1 0
