Profile Result: 
AT14 : 3 1328 0 1 0
AT18 : 1 1280 0 1 0
AT22 : 1 4096 0 1 0
AT24 : 1 2048 0 1 0
AT25 : 3 35200 0 1 0
AT30 : 2 15936 0 1 0
AT41 : 1 6600 0 1 0
NULL : 3 0 0 1 0
AT14->AT25 : 3 36528 21248 1 0
NULL->AT25 : 3 35200 3072 1 0
AT25->AT30 : 2 39616 2960 1 0
NULL->AT30 : 2 15936 2048 1 0
NULL->AT14 : 2 736 2048 1 0
NULL->NULL : 2 0 2048 1 0
AT30->AT41 : 1 15112 532 1 0
AT25->AT14 : 1 12112 1440 1 0
AT30->AT14 : 1 8016 464 1 0
AT41->NULL : 1 6600 1320 1 0
NULL->AT41 : 1 6600 1024 1 0
AT22->AT24 : 1 6144 512 1 0
NULL->AT22 : 1 4096 1024 1 0
AT24->AT18 : 1 3328 512 1 0
AT24->AT14 : 1 2368 128 1 0
AT18->AT14 : 1 1696 320 1 0
NULL->AT18 : 1 1280 1024 1 0
AT14->AT25->AT30 : 2 40528 17552 1 0
AT25->AT30->AT41 : 1 28040 2148 1 0
AT25->AT14->AT25 : 1 25040 10912 1 0
AT30->AT14->AT25 : 1 20944 9936 1 0
AT25->AT30->AT14 : 1 18768 1808 1 0
AT18->AT14->AT25 : 1 13216 6976 1 0
AT24->AT14->AT25 : 1 13120 5248 1 0
AT14->AT25->AT14 : 1 12528 8096 1 0
AT22->AT24->AT18 : 1 7424 1024 1 0
AT22->AT24->AT14 : 1 6464 640 1 0
AT24->AT18->AT14 : 1 3744 832 1 0
AT25->AT14->AT25->AT30 : 1 33552 12528 1 0
AT25->AT30->AT14->AT25 : 1 31696 11280 1 0
AT30->AT14->AT25->AT30 : 1 29456 11552 1 0
AT14->AT25->AT30->AT41 : 1 28632 11620 1 0
AT14->AT25->AT14->AT25 : 1 25456 17568 1 0
AT24->AT14->AT25->AT30 : 1 20544 6592 1 0
AT14->AT25->AT30->AT14 : 1 19088 6928 1 0
AT22->AT24->AT14->AT25 : 1 17216 5760 1 0
AT24->AT18->AT14->AT25 : 1 15264 7488 1 0
AT18->AT14->AT25->AT14 : 1 13808 8416 1 0
AT22->AT24->AT18->AT14 : 1 7840 1344 1 0
AT25->AT30->AT14->AT25->AT30 : 1 40208 12896 1 0
AT25->AT14->AT25->AT30->AT41 : 1 40152 13060 1 0
AT30->AT14->AT25->AT30->AT41 : 1 36056 12084 1 0
AT14->AT25->AT14->AT25->AT30 : 1 33968 19184 1 0
AT14->AT25->AT30->AT14->AT25 : 1 32016 16400 1 0
AT18->AT14->AT25->AT14->AT25 : 1 26736 17888 1 0
AT22->AT24->AT14->AT25->AT30 : 1 24640 7104 1 0
AT24->AT14->AT25->AT30->AT14 : 1 21136 7056 1 0
AT22->AT24->AT18->AT14->AT25 : 1 19360 8000 1 0
AT24->AT18->AT14->AT25->AT14 : 1 15856 8928 1 0
AT25->AT30->AT14->AT25->AT30->AT41 : 1 46808 13428 1 0
AT14->AT25->AT14->AT25->AT30->AT41 : 1 40568 19716 1 0
AT14->AT25->AT30->AT14->AT25->AT30 : 1 40528 18016 1 0
AT18->AT14->AT25->AT14->AT25->AT30 : 1 35248 19504 1 0
AT24->AT14->AT25->AT30->AT14->AT25 : 1 34064 16528 1 0
AT24->AT18->AT14->AT25->AT14->AT25 : 1 28784 18400 1 0
AT22->AT24->AT14->AT25->AT30->AT14 : 1 25232 7568 1 0
AT22->AT24->AT18->AT14->AT25->AT14 : 1 19952 9440 1 0
AT14->AT25->AT30->AT14->AT25->AT30->AT41 : 1 47128 18548 1 0
AT24->AT14->AT25->AT30->AT14->AT25->AT30 : 1 42576 18144 1 0
AT18->AT14->AT25->AT14->AT25->AT30->AT41 : 1 41848 20036 1 0
AT22->AT24->AT14->AT25->AT30->AT14->AT25 : 1 38160 17040 1 0
AT24->AT18->AT14->AT25->AT14->AT25->AT30 : 1 37296 20016 1 0
AT22->AT24->AT18->AT14->AT25->AT14->AT25 : 1 32880 18912 1 0
AT24->AT14->AT25->AT30->AT14->AT25->AT30->AT41 : 1 49176 18676 1 0
AT22->AT24->AT14->AT25->AT30->AT14->AT25->AT30 : 1 46672 18656 1 0
AT24->AT18->AT14->AT25->AT14->AT25->AT30->AT41 : 1 43896 20548 1 0
AT22->AT24->AT18->AT14->AT25->AT14->AT25->AT30 : 1 41392 20528 1 0
AT22->AT24->AT14->AT25->AT30->AT14->AT25->AT30->AT41 : 1 53272 19188 1 0
AT22->AT24->AT18->AT14->AT25->AT14->AT25->AT30->AT41 : 1 47992 21060 1 0
