Profile Result: 
AT14 : 2 982 0 1 0
AT18 : 2 3424 0 1 0
AT23 : 2 1568 0 1 0
AT24 : 2 11008 0 1 0
AT25 : 2 24240 0 1 0
AT30 : 2 13304 0 1 0
AT41 : 1 3840 0 1 0
NULL : 4 0 0 1 0
NULL->NULL : 3 0 2482.5 1 0
AT14->AT25 : 2 25222 15712 1 0
NULL->AT25 : 2 24240 2048 1 0
AT24->AT18 : 2 14432 2752 1 0
AT30->NULL : 2 13304 831.5 1 0
NULL->AT30 : 2 13304 2048 1 0
NULL->AT18 : 2 3424 2048 1 0
NULL->AT23 : 2 1568 2048 1 0
AT25->AT30 : 1 21224 1598 1 0
AT25->AT14 : 1 12030 1432 1 0
AT24->AT41 : 1 7936 256 1 0
AT23->AT24 : 1 7776 1728 1 0
AT24->AT14 : 1 7486 432 1 0
AT23->AT30 : 1 5568 704 1 0
AT41->AT23 : 1 4544 768 1 0
NULL->AT24 : 1 4096 1024 1 0
NULL->AT41 : 1 3840 1024 1 0
AT18->AT14 : 1 1944 384 1 0
AT18->NULL : 1 1888 472 1 0
AT23->AT23 : 1 1568 1408 1 0
AT23->AT14 : 1 1272 864 1 0
AT25->AT14->AT25 : 1 24814 10616 1 0
AT14->AT25->AT30 : 1 21798 10782 1 0
AT24->AT14->AT25 : 1 20270 9616 1 0
AT18->AT14->AT25 : 1 13400 6912 1 0
AT23->AT14->AT25 : 1 12728 7392 1 0
AT14->AT25->AT14 : 1 12438 7960 1 0
AT23->AT24->AT18 : 1 9664 3456 1 0
AT41->AT23->AT30 : 1 9408 1472 1 0
AT24->AT41->AT23 : 1 8640 1024 1 0
AT23->AT23->AT24 : 1 8480 3136 1 0
AT23->AT24->AT14 : 1 8350 2160 1 0
AT24->AT18->AT14 : 1 6040 1408 1 0
AT41->AT23->AT23 : 1 5408 2176 1 0
AT23->AT23->AT14 : 1 1976 2272 1 0
AT25->AT14->AT25->AT30 : 1 33254 12214 1 0
AT24->AT14->AT25->AT30 : 1 28710 11214 1 0
AT14->AT25->AT14->AT25 : 1 25222 17144 1 0
AT23->AT24->AT14->AT25 : 1 21134 11344 1 0
AT24->AT18->AT14->AT25 : 1 17496 7936 1 0
AT18->AT14->AT25->AT14 : 1 13974 8344 1 0
AT24->AT41->AT23->AT30 : 1 13504 1728 1 0
AT23->AT23->AT14->AT25 : 1 13432 8800 1 0
AT23->AT14->AT25->AT14 : 1 13302 8824 1 0
AT41->AT23->AT23->AT24 : 1 12320 3904 1 0
AT23->AT23->AT24->AT18 : 1 10368 4864 1 0
AT24->AT41->AT23->AT23 : 1 9504 2432 1 0
AT23->AT23->AT24->AT14 : 1 9054 3568 1 0
AT41->AT23->AT23->AT14 : 1 5816 3040 1 0
AT14->AT25->AT14->AT25->AT30 : 1 33662 18742 1 0
AT23->AT24->AT14->AT25->AT30 : 1 29574 12942 1 0
AT18->AT14->AT25->AT14->AT25 : 1 26758 17528 1 0
AT23->AT14->AT25->AT14->AT25 : 1 26086 18008 1 0
AT23->AT23->AT24->AT14->AT25 : 1 21838 12752 1 0
AT24->AT18->AT14->AT25->AT14 : 1 18070 9368 1 0
AT41->AT23->AT23->AT14->AT25 : 1 17272 9568 1 0
AT24->AT41->AT23->AT23->AT24 : 1 16416 4160 1 0
AT41->AT23->AT23->AT24->AT18 : 1 14208 5632 1 0
AT23->AT23->AT14->AT25->AT14 : 1 14006 10232 1 0
AT41->AT23->AT23->AT24->AT14 : 1 12894 4336 1 0
AT24->AT41->AT23->AT23->AT14 : 1 9912 3296 1 0
AT18->AT14->AT25->AT14->AT25->AT30 : 1 35198 19126 1 0
AT23->AT14->AT25->AT14->AT25->AT30 : 1 34526 19606 1 0
AT24->AT18->AT14->AT25->AT14->AT25 : 1 30854 18552 1 0
AT23->AT23->AT24->AT14->AT25->AT30 : 1 30278 14350 1 0
AT23->AT23->AT14->AT25->AT14->AT25 : 1 26790 19416 1 0
AT41->AT23->AT23->AT24->AT14->AT25 : 1 25678 13520 1 0
AT24->AT41->AT23->AT23->AT14->AT25 : 1 21368 9824 1 0
AT24->AT41->AT23->AT23->AT24->AT18 : 1 18304 5888 1 0
AT41->AT23->AT23->AT14->AT25->AT14 : 1 17846 11000 1 0
AT24->AT41->AT23->AT23->AT24->AT14 : 1 16990 4592 1 0
AT24->AT18->AT14->AT25->AT14->AT25->AT30 : 1 39294 20150 1 0
AT23->AT23->AT14->AT25->AT14->AT25->AT30 : 1 35230 21014 1 0
AT41->AT23->AT23->AT24->AT14->AT25->AT30 : 1 34118 15118 1 0
AT41->AT23->AT23->AT14->AT25->AT14->AT25 : 1 30630 20184 1 0
AT24->AT41->AT23->AT23->AT24->AT14->AT25 : 1 29774 13776 1 0
AT24->AT41->AT23->AT23->AT14->AT25->AT14 : 1 21942 11256 1 0
AT41->AT23->AT23->AT14->AT25->AT14->AT25->AT30 : 1 39070 21782 1 0
AT24->AT41->AT23->AT23->AT24->AT14->AT25->AT30 : 1 38214 15374 1 0
AT24->AT41->AT23->AT23->AT14->AT25->AT14->AT25 : 1 34726 20440 1 0
AT24->AT41->AT23->AT23->AT14->AT25->AT14->AT25->AT30 : 1 43166 22038 1 0
