Profile Result: 
AT18 : 1 1856 0 1 0
AT22 : 1 4096 0 1 0
AT23 : 2 1472 0 1 0
AT24 : 1 6656 0 1 0
AT30 : 1 4608 0 1 0
AT37 : 1 240 0 1 0
NULL : 4 0 0 1 0
NULL->NULL : 3 0 2186 1 0
NULL->AT23 : 2 1472 2048 1 0
AT37->NULL : 2 480 480 1 0
AT24->AT18 : 1 8512 1664 1 0
AT23->AT24 : 1 7488 1664 1 0
AT24->NULL : 1 6656 416 1 0
AT23->AT30 : 1 5248 640 1 0
AT22->AT23 : 1 4736 512 1 0
AT30->NULL : 1 4608 288 1 0
NULL->AT30 : 1 4608 1024 1 0
NULL->AT22 : 1 4096 1024 1 0
AT18->NULL : 1 1856 464 1 0
NULL->AT18 : 1 1856 1024 1 0
AT23->AT23 : 1 1472 1280 1 0
AT23->AT37 : 1 1072 832 1 0
NULL->AT37 : 1 240 1024 1 0
AT22->AT23->AT30 : 1 9344 1152 1 0
AT23->AT24->AT18 : 1 9344 3328 1 0
AT23->AT23->AT24 : 1 8128 2944 1 0
AT22->AT23->AT23 : 1 5568 1792 1 0
AT23->AT23->AT37 : 1 1712 2112 1 0
AT22->AT23->AT23->AT24 : 1 12224 3456 1 0
AT23->AT23->AT24->AT18 : 1 9984 4608 1 0
AT22->AT23->AT23->AT37 : 1 5808 2624 1 0
AT22->AT23->AT23->AT24->AT18 : 1 14080 5120 1 0
