Profile Result: 
AT20 : 1 1088 0 1 0
AT22 : 2 45312 0 1 0
AT23 : 3 3520 0 1 0
AT26 : 2 772 0 1 0
AT27 : 2 1416 0 1 0
NULL : 5 0 0 1 0
AT23->NULL : 4 4608 5696 1 0
NULL->NULL : 4 0 5600 1 0
NULL->AT23 : 3 3520 3072 1 0
NULL->AT27 : 3 2184 3072 1 0
AT27->AT22 : 2 46728 11328 1 0
AT23->AT23 : 2 4672 4864 1 0
AT27->AT26 : 2 2188 1416 1 0
NULL->AT26 : 2 772 2048 1 0
AT22->AT23 : 1 25856 3072 1 0
AT22->NULL : 1 20736 2592 1 0
AT20->AT27 : 1 1736 544 1 0
AT26->AT20 : 1 1504 3328 1 0
NULL->AT20 : 1 1088 1024 1 0
AT26->NULL : 1 356 2848 1 0
AT22->AT23->AT23 : 1 27008 5632 1 0
AT27->AT22->AT23 : 1 26624 9216 1 0
AT20->AT27->AT22 : 1 22472 5728 1 0
AT23->AT23->AT23 : 1 3520 4864 1 0
AT27->AT26->AT20 : 1 2272 4096 1 0
AT26->AT20->AT27 : 1 2152 3872 1 0
AT20->AT27->AT26 : 1 2092 1192 1 0
AT22->AT23->AT23->AT23 : 1 28096 7936 1 0
AT27->AT22->AT23->AT23 : 1 27776 11776 1 0
AT26->AT20->AT27->AT22 : 1 22888 9056 1 0
AT27->AT26->AT20->AT27 : 1 2920 4640 1 0
AT26->AT20->AT27->AT26 : 1 2508 4520 1 0
AT27->AT22->AT23->AT23->AT23 : 1 28864 14080 1 0
AT27->AT26->AT20->AT27->AT22 : 1 23656 9824 1 0
AT27->AT26->AT20->AT27->AT26 : 1 3276 5288 1 0
