Profile Result: 
AT15 : 1 1024 0 1 0
AT16 : 1 1024 0 1 0
AT17 : 2 5632 0 1 0
AT23 : 3 2400 0 1 0
AT26 : 1 576 0 1 0
AT27 : 1 576 0 1 0
AT30 : 1 7168 0 1 0
NULL : 4 0 0 1 0
AT23->NULL : 3 2688 4544 1 0
NULL->AT23 : 3 2400 3072 1 0
NULL->NULL : 3 0 4770.66 1 0
AT23->AT23 : 2 3232 2944 1 0
AT17->AT30 : 1 11776 2304 1 0
AT23->AT30 : 1 7808 640 1 0
AT30->NULL : 1 7168 448 1 0
AT26->AT17 : 1 5184 4608 1 0
AT17->NULL : 1 4608 9216 1 0
AT17->AT16 : 1 2048 512 1 0
AT16->AT15 : 1 2048 256 1 0
AT16->AT23 : 1 1664 512 1 0
AT17->AT26 : 1 1600 2048 1 0
AT15->AT27 : 1 1600 256 1 0
AT27->AT16 : 1 1600 4608 1 0
AT27->AT26 : 1 1152 576 1 0
AT15->NULL : 1 1024 512 1 0
NULL->AT17 : 1 1024 1024 1 0
NULL->AT15 : 1 1024 1024 1 0
NULL->AT27 : 1 576 1024 1 0
AT26->AT17->AT30 : 1 12352 6912 1 0
AT16->AT23->AT30 : 1 8832 1152 1 0
AT17->AT26->AT17 : 1 6208 6656 1 0
AT27->AT26->AT17 : 1 5760 5184 1 0
AT17->AT16->AT15 : 1 3072 768 1 0
AT17->AT16->AT23 : 1 2688 1024 1 0
AT16->AT15->AT27 : 1 2624 512 1 0
AT15->AT27->AT16 : 1 2624 4864 1 0
AT27->AT16->AT15 : 1 2624 4864 1 0
AT16->AT23->AT23 : 1 2496 1792 1 0
AT23->AT23->AT23 : 1 2400 2944 1 0
AT27->AT16->AT23 : 1 2240 5120 1 0
AT15->AT27->AT26 : 1 2176 832 1 0
AT17->AT26->AT17->AT30 : 1 13376 8960 1 0
AT27->AT26->AT17->AT30 : 1 12928 7488 1 0
AT17->AT16->AT23->AT30 : 1 9856 1664 1 0
AT27->AT16->AT23->AT30 : 1 9408 5760 1 0
AT15->AT27->AT26->AT17 : 1 6784 5440 1 0
AT17->AT16->AT15->AT27 : 1 3648 1024 1 0
AT17->AT16->AT23->AT23 : 1 3520 2304 1 0
AT16->AT23->AT23->AT23 : 1 3424 3456 1 0
AT15->AT27->AT16->AT23 : 1 3264 5376 1 0
AT16->AT15->AT27->AT26 : 1 3200 1088 1 0
AT27->AT16->AT23->AT23 : 1 3072 6400 1 0
AT15->AT27->AT26->AT17->AT30 : 1 13952 7744 1 0
AT15->AT27->AT16->AT23->AT30 : 1 10432 6016 1 0
AT16->AT15->AT27->AT26->AT17 : 1 7808 5696 1 0
AT17->AT16->AT23->AT23->AT23 : 1 4448 3968 1 0
AT17->AT16->AT15->AT27->AT26 : 1 4224 1600 1 0
AT15->AT27->AT16->AT23->AT23 : 1 4096 6656 1 0
AT27->AT16->AT23->AT23->AT23 : 1 4000 8064 1 0
AT16->AT15->AT27->AT26->AT17->AT30 : 1 14976 8000 1 0
AT17->AT16->AT15->AT27->AT26->AT17 : 1 8832 6208 1 0
AT15->AT27->AT16->AT23->AT23->AT23 : 1 5024 8320 1 0
AT17->AT16->AT15->AT27->AT26->AT17->AT30 : 1 16000 8512 1 0
