Profile Result: 
AT15 : 1 4768 0 1 0
AT17 : 1 2976 0 1 0
AT18 : 1 1768 0 1 0
AT20 : 1 1344 0 1 0
AT23 : 3 2771 0 1 0
AT26 : 2 916 0 1 0
AT27 : 1 680 0 1 0
AT30 : 2 11256 0 1 0
NULL : 5 0 0 1 0
NULL->NULL : 4 0 4197.5 1 0
AT23->AT23 : 3 5542 5542 1 0
AT23->AT30 : 2 13046 1790 1 0
AT30->NULL : 2 11256 703.5 1 0
NULL->AT30 : 2 11256 2048 1 0
NULL->AT23 : 2 1919 2048 1 0
NULL->AT26 : 2 1088 2048 1 0
AT15->AT23 : 1 5620 1192 1 0
AT27->AT15 : 1 5448 5440 1 0
AT15->NULL : 1 4768 2384 1 0
NULL->AT15 : 1 4768 1024 1 0
AT17->AT18 : 1 4744 1488 1 0
AT26->AT17 : 1 3348 2976 1 0
AT17->AT26 : 1 3348 5952 1 0
AT20->AT27 : 1 2024 672 1 0
AT26->AT20 : 1 1888 4352 1 0
AT18->NULL : 1 1768 442 1 0
NULL->AT18 : 1 1768 1024 1 0
NULL->AT20 : 1 1344 1024 1 0
AT27->AT26 : 1 1052 680 1 0
AT23->NULL : 1 981 981 1 0
NULL->AT27 : 1 680 1024 1 0
AT23->AT23->AT23 : 3 8313 11084 1 0
AT23->AT23->AT30 : 2 14879 5456 1 0
AT15->AT23->AT30 : 1 11076 2044 1 0
AT20->AT27->AT15 : 1 6792 6112 1 0
AT15->AT23->AT23 : 1 6558 2896 1 0
AT27->AT15->AT23 : 1 6300 6632 1 0
AT26->AT17->AT18 : 1 5116 4464 1 0
AT27->AT26->AT17 : 1 4028 3656 1 0
AT26->AT20->AT27 : 1 2568 5024 1 0
AT20->AT27->AT26 : 1 2396 1352 1 0
AT23->AT23->AT23->AT30 : 2 16798 9294 1 0
AT15->AT23->AT23->AT30 : 1 12358 3834 1 0
AT27->AT15->AT23->AT30 : 1 11756 7484 1 0
AT20->AT27->AT15->AT23 : 1 7644 7304 1 0
AT15->AT23->AT23->AT23 : 1 7539 4772 1 0
AT26->AT20->AT27->AT15 : 1 7336 10464 1 0
AT27->AT15->AT23->AT23 : 1 7238 8336 1 0
AT27->AT26->AT17->AT18 : 1 5796 5144 1 0
AT20->AT27->AT26->AT17 : 1 5372 4328 1 0
AT26->AT20->AT27->AT26 : 1 2940 5704 1 0
AT20->AT27->AT15->AT23->AT30 : 1 13100 8156 1 0
AT27->AT15->AT23->AT23->AT30 : 1 13038 9274 1 0
AT20->AT27->AT15->AT23->AT23 : 1 8582 9008 1 0
AT27->AT15->AT23->AT23->AT23 : 1 8219 10212 1 0
AT26->AT20->AT27->AT15->AT23 : 1 8188 11656 1 0
AT20->AT27->AT26->AT17->AT18 : 1 7140 5816 1 0
AT26->AT20->AT27->AT26->AT17 : 1 5916 8680 1 0
AT20->AT27->AT15->AT23->AT23->AT30 : 1 14382 9946 1 0
AT26->AT20->AT27->AT15->AT23->AT30 : 1 13644 12508 1 0
AT20->AT27->AT15->AT23->AT23->AT23 : 1 9563 10884 1 0
AT26->AT20->AT27->AT15->AT23->AT23 : 1 9126 13360 1 0
AT26->AT20->AT27->AT26->AT17->AT18 : 1 7684 10168 1 0
AT26->AT20->AT27->AT15->AT23->AT23->AT30 : 1 14926 14298 1 0
AT26->AT20->AT27->AT15->AT23->AT23->AT23 : 1 10107 15236 1 0
