Profile Result: 
AT14 : 1 456 0 1 0
AT17 : 1 1864 0 1 0
AT18 : 1 1490 0 1 0
AT25 : 2 20544 0 1 0
AT26 : 2 466 0 1 0
AT28 : 1 9320 0 1 0
AT30 : 1 6400 0 1 0
AT32 : 1 4660 0 1 0
AT37 : 1 402 0 1 0
NULL : 4 0 0 1 0
NULL->AT25 : 3 29248 3072 1 0
NULL->NULL : 3 0 2327.5 1 0
AT32->NULL : 2 9320 466 1 0
AT25->AT30 : 1 15104 1088 1 0
AT14->AT25 : 1 12296 7296 1 0
AT25->AT37 : 1 12242 1480 1 0
AT37->AT28 : 1 9722 3216 1 0
AT28->AT26 : 1 9553 233 1 0
NULL->AT28 : 1 9320 1024 1 0
AT30->AT14 : 1 6856 400 1 0
NULL->AT30 : 1 6400 1024 1 0
AT26->AT32 : 1 4893 1864 1 0
AT17->AT18 : 1 3354 932 1 0
AT26->AT17 : 1 2097 1864 1 0
AT17->AT26 : 1 2097 3728 1 0
AT18->NULL : 1 1490 372.5 1 0
NULL->AT18 : 1 1490 1024 1 0
AT37->AT26 : 1 635 402 1 0
NULL->AT14 : 1 456 1024 1 0
NULL->AT37 : 1 402 1024 1 0
NULL->AT26 : 1 233 1024 1 0
AT25->AT37->AT28 : 1 21562 4696 1 0
AT30->AT14->AT25 : 1 18696 7696 1 0
AT25->AT30->AT14 : 1 15560 1488 1 0
AT28->AT26->AT32 : 1 14213 2097 1 0
AT14->AT25->AT37 : 1 12698 8776 1 0
AT25->AT37->AT26 : 1 12475 1882 1 0
AT37->AT28->AT26 : 1 9955 3449 1 0
AT17->AT26->AT32 : 1 6757 5592 1 0
AT26->AT17->AT18 : 1 3587 2796 1 0
AT37->AT26->AT17 : 1 2499 2266 1 0
AT26->AT17->AT26 : 1 2330 5592 1 0
AT25->AT30->AT14->AT25 : 1 27400 8784 1 0
AT14->AT25->AT37->AT28 : 1 22018 11992 1 0
AT25->AT37->AT28->AT26 : 1 21795 4929 1 0
AT30->AT14->AT25->AT37 : 1 19098 9176 1 0
AT37->AT28->AT26->AT32 : 1 14615 5313 1 0
AT25->AT37->AT26->AT17 : 1 14339 3746 1 0
AT14->AT25->AT37->AT26 : 1 12931 9178 1 0
AT26->AT17->AT26->AT32 : 1 6990 7456 1 0
AT37->AT26->AT17->AT18 : 1 3989 3198 1 0
AT37->AT26->AT17->AT26 : 1 2732 5994 1 0
AT30->AT14->AT25->AT37->AT28 : 1 28418 12392 1 0
AT25->AT30->AT14->AT25->AT37 : 1 27802 10264 1 0
AT25->AT37->AT28->AT26->AT32 : 1 26455 6793 1 0
AT14->AT25->AT37->AT28->AT26 : 1 22251 12225 1 0
AT30->AT14->AT25->AT37->AT26 : 1 19331 9578 1 0
AT25->AT37->AT26->AT17->AT18 : 1 15829 4678 1 0
AT14->AT25->AT37->AT26->AT17 : 1 14795 11042 1 0
AT25->AT37->AT26->AT17->AT26 : 1 14572 7474 1 0
AT37->AT26->AT17->AT26->AT32 : 1 7392 7858 1 0
AT25->AT30->AT14->AT25->AT37->AT28 : 1 37122 13480 1 0
AT30->AT14->AT25->AT37->AT28->AT26 : 1 28651 12625 1 0
AT25->AT30->AT14->AT25->AT37->AT26 : 1 28035 10666 1 0
AT14->AT25->AT37->AT28->AT26->AT32 : 1 26911 14089 1 0
AT30->AT14->AT25->AT37->AT26->AT17 : 1 21195 11442 1 0
AT25->AT37->AT26->AT17->AT26->AT32 : 1 19232 9338 1 0
AT14->AT25->AT37->AT26->AT17->AT18 : 1 16285 11974 1 0
AT14->AT25->AT37->AT26->AT17->AT26 : 1 15028 14770 1 0
AT25->AT30->AT14->AT25->AT37->AT28->AT26 : 1 37355 13713 1 0
AT30->AT14->AT25->AT37->AT28->AT26->AT32 : 1 33311 14489 1 0
AT25->AT30->AT14->AT25->AT37->AT26->AT17 : 1 29899 12530 1 0
AT30->AT14->AT25->AT37->AT26->AT17->AT18 : 1 22685 12374 1 0
AT30->AT14->AT25->AT37->AT26->AT17->AT26 : 1 21428 15170 1 0
AT14->AT25->AT37->AT26->AT17->AT26->AT32 : 1 19688 16634 1 0
AT25->AT30->AT14->AT25->AT37->AT28->AT26->AT32 : 1 42015 15577 1 0
AT25->AT30->AT14->AT25->AT37->AT26->AT17->AT18 : 1 31389 13462 1 0
AT25->AT30->AT14->AT25->AT37->AT26->AT17->AT26 : 1 30132 16258 1 0
AT30->AT14->AT25->AT37->AT26->AT17->AT26->AT32 : 1 26088 17034 1 0
AT25->AT30->AT14->AT25->AT37->AT26->AT17->AT26->AT32 : 1 34792 18122 1 0
