Profile Result: 
AT14 : 1 704 0 1 0
AT23 : 2 1664 0 1 0
AT24 : 1 7168 0 1 0
AT25 : 1 13824 0 1 0
AT30 : 3 22272 0 1 0
AT41 : 1 6080 0 1 0
NULL : 4 0 0 1 0
NULL->AT30 : 3 22272 3072 1 0
NULL->AT23 : 3 2432 3072 1 0
NULL->NULL : 3 0 2757.33 1 0
AT30->NULL : 2 14592 912 1 0
AT25->AT30 : 1 22784 1728 1 0
AT24->AT30 : 1 14848 1792 1 0
AT14->AT25 : 1 14528 11264 1 0
NULL->AT25 : 1 13824 1024 1 0
AT30->AT41 : 1 13760 480 1 0
AT23->AT24 : 1 8064 1792 1 0
AT24->AT14 : 1 7872 448 1 0
AT23->AT30 : 1 6528 896 1 0
AT41->NULL : 1 6080 1216 1 0
NULL->AT41 : 1 6080 1024 1 0
AT23->AT23 : 1 1664 1536 1 0
AT23->AT14 : 1 1472 768 1 0
AT14->AT25->AT30 : 1 23488 12992 1 0
AT24->AT14->AT25 : 1 21696 11712 1 0
AT24->AT30->AT41 : 1 20928 2272 1 0
AT23->AT24->AT30 : 1 15744 3584 1 0
AT23->AT14->AT25 : 1 15296 12032 1 0
AT23->AT23->AT24 : 1 8832 3328 1 0
AT23->AT24->AT14 : 1 8768 2240 1 0
AT23->AT23->AT30 : 1 7296 2432 1 0
AT24->AT14->AT25->AT30 : 1 30656 13440 1 0
AT23->AT14->AT25->AT30 : 1 24256 13760 1 0
AT23->AT24->AT14->AT25 : 1 22592 13504 1 0
AT23->AT24->AT30->AT41 : 1 21824 4064 1 0
AT23->AT23->AT24->AT30 : 1 16512 5120 1 0
AT23->AT23->AT24->AT14 : 1 9536 3776 1 0
AT23->AT24->AT14->AT25->AT30 : 1 31552 15232 1 0
AT23->AT23->AT24->AT14->AT25 : 1 23360 15040 1 0
AT23->AT23->AT24->AT30->AT41 : 1 22592 5600 1 0
AT23->AT23->AT24->AT14->AT25->AT30 : 1 32320 16768 1 0
