Profile Result: 
AT14 : 1 384 0 1 0
AT24 : 2 8192 0 1 0
AT25 : 1 11264 0 1 0
AT30 : 2 12288 0 1 0
AT41 : 1 5120 0 1 0
NULL : 3 0 0 1 0
AT24->AT30 : 2 20480 2048 1 0
NULL->NULL : 2 0 1344 1 0
AT25->AT30 : 1 17408 1408 1 0
AT14->AT25 : 1 11648 6144 1 0
AT30->AT41 : 1 11264 384 1 0
NULL->AT25 : 1 11264 1024 1 0
AT41->AT24 : 1 9216 1024 1 0
AT30->NULL : 1 6144 384 1 0
NULL->AT30 : 1 6144 1024 1 0
NULL->AT41 : 1 5120 1024 1 0
AT24->AT14 : 1 4480 256 1 0
AT24->NULL : 1 4096 256 1 0
NULL->AT24 : 1 4096 1024 1 0
NULL->AT14 : 1 384 1024 1 0
AT25->AT30->AT41 : 1 22528 1792 1 0
AT14->AT25->AT30 : 1 17792 7552 1 0
AT24->AT14->AT25 : 1 15744 6400 1 0
AT24->AT30->AT41 : 1 15360 1408 1 0
AT30->AT41->AT24 : 1 15360 1408 1 0
AT41->AT24->AT30 : 1 15360 2048 1 0
AT25->AT30->AT41->AT24 : 1 26624 2816 1 0
AT14->AT25->AT30->AT41 : 1 22912 7936 1 0
AT24->AT14->AT25->AT30 : 1 21888 7808 1 0
AT30->AT41->AT24->AT30 : 1 21504 2432 1 0
AT24->AT30->AT41->AT24 : 1 19456 2432 1 0
AT25->AT30->AT41->AT24->AT30 : 1 32768 3840 1 0
AT24->AT14->AT25->AT30->AT41 : 1 27008 8192 1 0
AT14->AT25->AT30->AT41->AT24 : 1 27008 8960 1 0
AT24->AT30->AT41->AT24->AT30 : 1 25600 3456 1 0
AT14->AT25->AT30->AT41->AT24->AT30 : 1 33152 9984 1 0
AT24->AT14->AT25->AT30->AT41->AT24 : 1 31104 9216 1 0
AT24->AT14->AT25->AT30->AT41->AT24->AT30 : 1 37248 10240 1 0
