Profile Result: 
AT14 : 1 320 0 1 0
AT16 : 1 1792 0 1 0
AT22 : 1 4096 0 1 0
AT23 : 1 640 0 1 0
AT24 : 2 8704 0 1 0
AT25 : 1 10752 0 1 0
NULL : 2 0 0 1 0
AT24->NULL : 2 7168 1792 1 0
AT14->AT25 : 1 11072 5120 1 0
AT25->NULL : 1 10752 1344 1 0
NULL->AT25 : 1 10752 1024 1 0
AT24->AT16 : 1 6912 1280 1 0
AT23->AT24 : 1 5760 1280 1 0
AT24->AT14 : 1 5440 320 1 0
AT16->AT24 : 1 5376 896 1 0
AT22->AT23 : 1 4736 512 1 0
NULL->AT22 : 1 4096 1024 1 0
AT16->NULL : 1 1792 448 1 0
NULL->AT16 : 1 1792 1024 1 0
AT23->AT14 : 1 960 640 1 0
NULL->AT23 : 1 640 1024 1 0
NULL->NULL : 1 0 728 1 0
AT24->AT14->AT25 : 1 16192 5440 1 0
AT23->AT14->AT25 : 1 11712 5760 1 0
AT24->AT16->AT24 : 1 10496 2176 1 0
AT22->AT23->AT24 : 1 9856 1792 1 0
AT23->AT24->AT16 : 1 7552 2560 1 0
AT23->AT24->AT14 : 1 6080 1600 1 0
AT22->AT23->AT14 : 1 5056 1152 1 0
AT23->AT24->AT14->AT25 : 1 16832 6720 1 0
AT22->AT23->AT14->AT25 : 1 15808 6272 1 0
AT22->AT23->AT24->AT16 : 1 11648 3072 1 0
AT23->AT24->AT16->AT24 : 1 11136 3456 1 0
AT22->AT23->AT24->AT14 : 1 10176 2112 1 0
AT22->AT23->AT24->AT14->AT25 : 1 20928 7232 1 0
AT22->AT23->AT24->AT16->AT24 : 1 15232 3968 1 0
