Profile Result: 
AT14 : 4 2403.75 0 1 0
AT25 : 4 51998 0 1 0
AT30 : 4 32399 0 1 0
AT41 : 1 6414.38 0 1 0
NULL : 5 0 0 1 0
NULL->AT30 : 5 38543 5120 1 0
AT14->AT25 : 4 54401.8 38460 1 0
NULL->AT25 : 4 51998 4096 1 0
NULL->AT14 : 4 2403.75 4096 1 0
NULL->NULL : 4 0 4096 1 0
AT25->AT30 : 3 66477 5027.75 1 0
AT30->AT14 : 3 25707.8 1511.5 1 0
AT30->AT41 : 1 14629.4 513.438 1 0
AT25->AT14 : 1 12656 1472 1 0
AT41->NULL : 1 6414.38 1282.88 1 0
NULL->AT41 : 1 6414.38 1024 1 0
AT14->AT25->AT30 : 3 68432.8 36319.8 1 0
AT30->AT14->AT25 : 3 62473.8 25891.5 1 0
AT25->AT30->AT14 : 2 47003.8 4613.5 1 0
AT25->AT14->AT25 : 1 27888 15552 1 0
AT25->AT30->AT41 : 1 26963.4 2055.19 1 0
AT14->AT25->AT14 : 1 13104 8640 1 0
AT25->AT30->AT14->AT25 : 2 71993.8 21825.5 1 0
AT30->AT14->AT25->AT30 : 2 60696.8 21463.2 1 0
AT14->AT25->AT30->AT14 : 2 48441.8 27621.5 1 0
AT25->AT14->AT25->AT30 : 1 37552 17456 1 0
AT14->AT25->AT14->AT25 : 1 28336 22720 1 0
AT14->AT25->AT30->AT41 : 1 27481.1 10339.2 1 0
AT30->AT14->AT25->AT14 : 1 19248 9024 1 0
AT25->AT30->AT14->AT25->AT30 : 2 88584.8 24949.2 1 0
AT14->AT25->AT30->AT14->AT25 : 2 73431.8 44833.5 1 0
AT25->AT14->AT25->AT30->AT14 : 1 38110 18060 1 0
AT14->AT25->AT14->AT25->AT30 : 1 38000 24624 1 0
AT30->AT14->AT25->AT30->AT41 : 1 35857.1 10862.7 1 0
AT30->AT14->AT25->AT14->AT25 : 1 34480 23104 1 0
AT30->AT14->AT25->AT30->AT14 : 1 31771.8 11637.5 1 0
AT14->AT25->AT30->AT14->AT25->AT30 : 2 90022.8 47957.2 1 0
AT25->AT14->AT25->AT30->AT14->AT25 : 1 50766 26988 1 0
AT25->AT30->AT14->AT25->AT30->AT41 : 1 48513.1 12444.7 1 0
AT25->AT30->AT14->AT25->AT30->AT14 : 1 47003.8 13541.5 1 0
AT30->AT14->AT25->AT14->AT25->AT30 : 1 44144 25008 1 0
AT30->AT14->AT25->AT30->AT14->AT25 : 1 44105.8 19921.5 1 0
AT14->AT25->AT14->AT25->AT30->AT14 : 1 38558 25228 1 0
AT25->AT30->AT14->AT25->AT30->AT14->AT25 : 1 59337.8 21825.5 1 0
AT25->AT14->AT25->AT30->AT14->AT25->AT30 : 1 59142 28570 1 0
AT30->AT14->AT25->AT30->AT14->AT25->AT30 : 1 52320.8 21463.2 1 0
AT14->AT25->AT14->AT25->AT30->AT14->AT25 : 1 51214 34156 1 0
AT14->AT25->AT30->AT14->AT25->AT30->AT41 : 1 49071.1 21372.7 1 0
AT14->AT25->AT30->AT14->AT25->AT30->AT14 : 1 47883.8 27621.5 1 0
AT30->AT14->AT25->AT14->AT25->AT30->AT14 : 1 44702 25612 1 0
AT25->AT30->AT14->AT25->AT30->AT14->AT25->AT30 : 1 67552.8 23367.2 1 0
AT14->AT25->AT30->AT14->AT25->AT30->AT14->AT25 : 1 60217.8 35905.5 1 0
AT25->AT14->AT25->AT30->AT14->AT25->AT30->AT14 : 1 59659.8 29093.5 1 0
AT14->AT25->AT14->AT25->AT30->AT14->AT25->AT30 : 1 59590 35738 1 0
AT30->AT14->AT25->AT30->AT14->AT25->AT30->AT41 : 1 58735.1 21976.7 1 0
AT30->AT14->AT25->AT14->AT25->AT30->AT14->AT25 : 1 57358 34540 1 0
AT25->AT30->AT14->AT25->AT30->AT14->AT25->AT30->AT41 : 1 73967.1 23880.7 1 0
AT25->AT14->AT25->AT30->AT14->AT25->AT30->AT14->AT25 : 1 71993.8 37377.5 1 0
AT14->AT25->AT30->AT14->AT25->AT30->AT14->AT25->AT30 : 1 68432.8 37447.2 1 0
AT30->AT14->AT25->AT14->AT25->AT30->AT14->AT25->AT30 : 1 65734 36122 1 0
AT14->AT25->AT14->AT25->AT30->AT14->AT25->AT30->AT14 : 1 60107.8 36261.5 1 0
AT25->AT14->AT25->AT30->AT14->AT25->AT30->AT14->AT25->AT30 : 1 80208.8 38919.2 1 0
AT14->AT25->AT30->AT14->AT25->AT30->AT14->AT25->AT30->AT41 : 1 74847.1 37960.7 1 0
AT14->AT25->AT14->AT25->AT30->AT14->AT25->AT30->AT14->AT25 : 1 72441.8 44545.5 1 0
AT30->AT14->AT25->AT14->AT25->AT30->AT14->AT25->AT30->AT14 : 1 66251.8 36645.5 1 0
AT25->AT14->AT25->AT30->AT14->AT25->AT30->AT14->AT25->AT30->AT41 : 1 86623.1 39432.7 1 0
AT14->AT25->AT14->AT25->AT30->AT14->AT25->AT30->AT14->AT25->AT30 : 1 80656.8 46087.2 1 0
AT30->AT14->AT25->AT14->AT25->AT30->AT14->AT25->AT30->AT14->AT25 : 1 78585.8 44929.5 1 0
AT14->AT25->AT14->AT25->AT30->AT14->AT25->AT30->AT14->AT25->AT30->AT41 : 1 87071.1 46600.7 1 0
AT30->AT14->AT25->AT14->AT25->AT30->AT14->AT25->AT30->AT14->AT25->AT30 : 1 86800.8 46471.2 1 0
AT30->AT14->AT25->AT14->AT25->AT30->AT14->AT25->AT30->AT14->AT25->AT30->AT41 : 1 93215.1 46984.7 1 0
