Profile Result: 
AT11 : 1 384 0 1 0
AT24 : 1 4096 0 1 0
AT25 : 1 5632 0 1 0
AT26 : 1 640 0 1 0
AT32 : 1 12800 0 1 0
AT33 : 1 24320 0 1 0
AT38 : 1 8192 0 1 0
NULL : 4 0 0 1 0
NULL->NULL : 3 0 6624 1 0
AT33->NULL : 2 48640 19456 1 0
AT11->AT33 : 1 24704 384 1 0
NULL->AT33 : 1 24320 1024 1 0
AT32->AT25 : 1 18432 640 1 0
AT26->AT32 : 1 13440 5120 1 0
AT32->NULL : 1 12800 640 1 0
AT24->AT38 : 1 12288 1024 1 0
AT38->AT26 : 1 8832 4096 1 0
AT38->AT11 : 1 8576 1024 1 0
AT25->NULL : 1 5632 704 1 0
NULL->AT25 : 1 5632 1024 1 0
AT24->NULL : 1 4096 256 1 0
NULL->AT24 : 1 4096 1024 1 0
NULL->AT26 : 1 640 1024 1 0
NULL->AT11 : 1 384 1024 1 0
AT38->AT11->AT33 : 1 32896 1408 1 0
AT38->AT26->AT32 : 1 21632 9216 1 0
AT26->AT32->AT25 : 1 19072 5760 1 0
AT24->AT38->AT26 : 1 12928 5120 1 0
AT24->AT38->AT11 : 1 12672 2048 1 0
AT24->AT38->AT11->AT33 : 1 36992 2432 1 0
AT38->AT26->AT32->AT25 : 1 27264 9856 1 0
AT24->AT38->AT26->AT32 : 1 25728 10240 1 0
AT24->AT38->AT26->AT32->AT25 : 1 31360 10880 1 0
