Profile Result: 
AT14 : 2 961 0 1 0
AT18 : 1 1662.25 0 1 0
AT24 : 1 5106 0 1 0
AT25 : 3 32776 0 1 0
AT30 : 3 22532 0 1 0
AT41 : 1 6382.5 0 1 0
NULL : 5 0 0 1 0
NULL->AT25 : 4 41480 4096 1 0
NULL->NULL : 4 0 3439.34 1 0
AT25->AT30 : 3 55308 4097 1 0
NULL->AT30 : 3 22532 3072 1 0
AT14->AT25 : 2 25033 15376 1 0
AT30->AT14 : 2 15329 898 1 0
NULL->AT14 : 2 961 2048 1 0
AT30->AT41 : 1 14546.5 510.25 1 0
AT41->AT24 : 1 11488.5 1276.5 1 0
AT24->AT18 : 1 6768.25 1276.5 1 0
NULL->AT41 : 1 6382.5 1024 1 0
AT24->NULL : 1 5106 319.125 1 0
AT18->NULL : 1 1662.25 415.562 1 0
NULL->AT18 : 1 1662.25 1024 1 0
AT14->AT25->AT30 : 2 41165 18385 1 0
AT30->AT14->AT25 : 2 39401 16274 1 0
AT25->AT30->AT14 : 2 35873 3466 1 0
AT25->AT30->AT41 : 1 26778.5 2039.25 1 0
AT30->AT41->AT24 : 1 19652.5 1786.75 1 0
AT41->AT24->AT18 : 1 13150.8 2553 1 0
AT25->AT30->AT14->AT25 : 2 59945 18842 1 0
AT30->AT14->AT25->AT30 : 2 55533 19283 1 0
AT25->AT30->AT41->AT24 : 1 31884.5 3315.75 1 0
AT14->AT25->AT30->AT41 : 1 27283.5 10119.2 1 0
AT30->AT41->AT24->AT18 : 1 21314.8 3063.25 1 0
AT14->AT25->AT30->AT14 : 1 20769 9274 1 0
AT25->AT30->AT14->AT25->AT30 : 2 76077 21851 1 0
AT30->AT14->AT25->AT30->AT41 : 1 35251.5 10617.2 1 0
AT25->AT30->AT41->AT24->AT18 : 1 33546.8 4592.25 1 0
AT14->AT25->AT30->AT14->AT25 : 1 33001 17354 1 0
AT14->AT25->AT30->AT41->AT24 : 1 32389.5 11395.8 1 0
AT30->AT14->AT25->AT30->AT14 : 1 27169 9674 1 0
AT25->AT30->AT14->AT25->AT30->AT41 : 1 47091.5 12097.2 1 0
AT14->AT25->AT30->AT14->AT25->AT30 : 1 41165 18883 1 0
AT30->AT14->AT25->AT30->AT41->AT24 : 1 40357.5 11893.8 1 0
AT30->AT14->AT25->AT30->AT14->AT25 : 1 39401 17754 1 0
AT25->AT30->AT14->AT25->AT30->AT14 : 1 35873 10762 1 0
AT14->AT25->AT30->AT41->AT24->AT18 : 1 34051.8 12672.2 1 0
AT25->AT30->AT14->AT25->AT30->AT41->AT24 : 1 52197.5 13373.8 1 0
AT25->AT30->AT14->AT25->AT30->AT14->AT25 : 1 48105 18842 1 0
AT30->AT14->AT25->AT30->AT14->AT25->AT30 : 1 47565 19283 1 0
AT14->AT25->AT30->AT14->AT25->AT30->AT41 : 1 47547.5 19393.2 1 0
AT30->AT14->AT25->AT30->AT41->AT24->AT18 : 1 42019.8 13170.2 1 0
AT25->AT30->AT14->AT25->AT30->AT14->AT25->AT30 : 1 56269 20371 1 0
AT30->AT14->AT25->AT30->AT14->AT25->AT30->AT41 : 1 53947.5 19793.2 1 0
AT25->AT30->AT14->AT25->AT30->AT41->AT24->AT18 : 1 53859.8 14650.2 1 0
AT14->AT25->AT30->AT14->AT25->AT30->AT41->AT24 : 1 52653.5 20669.8 1 0
AT25->AT30->AT14->AT25->AT30->AT14->AT25->AT30->AT41 : 1 62651.5 20881.2 1 0
AT30->AT14->AT25->AT30->AT14->AT25->AT30->AT41->AT24 : 1 59053.5 21069.8 1 0
AT14->AT25->AT30->AT14->AT25->AT30->AT41->AT24->AT18 : 1 54315.8 21946.2 1 0
AT25->AT30->AT14->AT25->AT30->AT14->AT25->AT30->AT41->AT24 : 1 67757.5 22157.8 1 0
AT30->AT14->AT25->AT30->AT14->AT25->AT30->AT41->AT24->AT18 : 1 60715.8 22346.2 1 0
AT25->AT30->AT14->AT25->AT30->AT14->AT25->AT30->AT41->AT24->AT18 : 1 69419.8 23434.2 1 0
