Profile Result: 
AT13 : 1 784 0 1 0
AT14 : 5 3371.66 0 1 0
AT25 : 5 62173.2 0 1 0
AT30 : 3 26726.1 0 1 0
NULL : 5 0 0 1 0
NULL->AT25 : 6 70877.2 6144 1 0
NULL->AT14 : 5 3371.66 5120 1 0
AT14->AT25 : 4 56056.9 41402.5 1 0
NULL->NULL : 4 0 4096 1 0
AT25->AT30 : 3 67890.3 5145.53 1 0
NULL->AT30 : 3 26726.1 3072 1 0
AT25->AT14 : 2 22689.5 2626.12 1 0
AT30->AT14 : 2 18039.1 1062.25 1 0
AT30->NULL : 1 9730.12 608.133 1 0
AT14->AT13 : 1 1568 12544 1 0
AT13->AT14 : 1 1432 784 1 0
AT14->AT25->AT30 : 3 69963.9 38322 1 0
AT25->AT30->AT14 : 2 43839.1 4287.25 1 0
AT30->AT14->AT25 : 2 42768.1 17752.2 1 0
AT25->AT14->AT25 : 1 28565.7 15882.6 1 0
AT13->AT14->AT25 : 1 14808 11152 1 0
AT14->AT25->AT14 : 1 13715.7 9764.12 1 0
AT25->AT14->AT13 : 1 10272 13632 1 0
AT14->AT13->AT14 : 1 2216 13328 1 0
AT25->AT30->AT14->AT25 : 2 68568.1 20977.2 1 0
AT14->AT25->AT30->AT14 : 2 45016.1 23119.2 1 0
AT25->AT14->AT25->AT30 : 1 38295.9 17803.1 1 0
AT30->AT14->AT25->AT30 : 1 29949 10563 1 0
AT14->AT25->AT14->AT25 : 1 29079.9 24108.6 1 0
AT13->AT14->AT25->AT30 : 1 23544 12824 1 0
AT30->AT14->AT25->AT14 : 1 21975.7 10280.4 1 0
AT14->AT13->AT14->AT25 : 1 15592 23696 1 0
AT25->AT14->AT13->AT14 : 1 10920 14416 1 0
AT14->AT25->AT30->AT14->AT25 : 2 69745.1 39809.2 1 0
AT25->AT30->AT14->AT25->AT30 : 1 43325 12235 1 0
AT14->AT25->AT14->AT25->AT30 : 1 38810 26029.1 1 0
AT30->AT14->AT25->AT14->AT25 : 1 37339.9 24624.9 1 0
AT25->AT30->AT14->AT25->AT14 : 1 34399.7 11833.4 1 0
AT30->AT14->AT25->AT30->AT14 : 1 30463.1 11079.2 1 0
AT14->AT13->AT14->AT25->AT30 : 1 24328 25368 1 0
AT25->AT14->AT13->AT14->AT25 : 1 24296 24784 1 0
AT13->AT14->AT25->AT30->AT14 : 1 24073 13370 1 0
AT25->AT30->AT14->AT25->AT14->AT25 : 1 49763.9 26177.9 1 0
AT30->AT14->AT25->AT14->AT25->AT30 : 1 47070 26545.4 1 0
AT14->AT25->AT30->AT14->AT25->AT30 : 1 43973 22603 1 0
AT25->AT30->AT14->AT25->AT30->AT14 : 1 43839.1 12751.2 1 0
AT30->AT14->AT25->AT30->AT14->AT25 : 1 42768.1 19305.2 1 0
AT13->AT14->AT25->AT30->AT14->AT25 : 1 36497 21834 1 0
AT14->AT25->AT30->AT14->AT25->AT14 : 1 34928.7 20297.4 1 0
AT25->AT14->AT13->AT14->AT25->AT30 : 1 33032 26456 1 0
AT14->AT13->AT14->AT25->AT30->AT14 : 1 24857 25914 1 0
AT25->AT30->AT14->AT25->AT14->AT25->AT30 : 1 59494 28098.4 1 0
AT25->AT30->AT14->AT25->AT30->AT14->AT25 : 1 56144.1 20977.2 1 0
AT14->AT25->AT30->AT14->AT25->AT14->AT25 : 1 50292.9 34641.9 1 0
AT13->AT14->AT25->AT30->AT14->AT25->AT30 : 1 44757 23387 1 0
AT14->AT25->AT30->AT14->AT25->AT30->AT14 : 1 44487.1 23119.2 1 0
AT30->AT14->AT25->AT30->AT14->AT25->AT14 : 1 43664.7 20843.4 1 0
AT14->AT13->AT14->AT25->AT30->AT14->AT25 : 1 37281 34378 1 0
AT25->AT14->AT13->AT14->AT25->AT30->AT14 : 1 33561 27002 1 0
AT14->AT25->AT30->AT14->AT25->AT14->AT25->AT30 : 1 60023 36562.4 1 0
AT30->AT14->AT25->AT30->AT14->AT25->AT14->AT25 : 1 59028.9 35187.9 1 0
AT25->AT30->AT14->AT25->AT30->AT14->AT25->AT14 : 1 57040.7 22515.4 1 0
AT14->AT25->AT30->AT14->AT25->AT30->AT14->AT25 : 1 56792.1 31345.2 1 0
AT25->AT14->AT13->AT14->AT25->AT30->AT14->AT25 : 1 45985 35466 1 0
AT14->AT13->AT14->AT25->AT30->AT14->AT25->AT30 : 1 45541 35931 1 0
AT13->AT14->AT25->AT30->AT14->AT25->AT30->AT14 : 1 45271.1 23903.2 1 0
AT25->AT30->AT14->AT25->AT30->AT14->AT25->AT14->AT25 : 1 72404.9 36859.9 1 0
AT30->AT14->AT25->AT30->AT14->AT25->AT14->AT25->AT30 : 1 68759 37108.4 1 0
AT14->AT25->AT30->AT14->AT25->AT30->AT14->AT25->AT14 : 1 57688.7 32883.4 1 0
AT13->AT14->AT25->AT30->AT14->AT25->AT30->AT14->AT25 : 1 57576.1 32129.2 1 0
AT25->AT14->AT13->AT14->AT25->AT30->AT14->AT25->AT30 : 1 54245 37019 1 0
AT14->AT13->AT14->AT25->AT30->AT14->AT25->AT30->AT14 : 1 46055.1 36447.2 1 0
AT25->AT30->AT14->AT25->AT30->AT14->AT25->AT14->AT25->AT30 : 1 82135 38780.4 1 0
AT14->AT25->AT30->AT14->AT25->AT30->AT14->AT25->AT14->AT25 : 1 73052.9 47227.9 1 0
AT13->AT14->AT25->AT30->AT14->AT25->AT30->AT14->AT25->AT14 : 1 58472.7 33667.4 1 0
AT14->AT13->AT14->AT25->AT30->AT14->AT25->AT30->AT14->AT25 : 1 58360.1 44673.2 1 0
AT25->AT14->AT13->AT14->AT25->AT30->AT14->AT25->AT30->AT14 : 1 54759.1 37535.2 1 0
AT14->AT25->AT30->AT14->AT25->AT30->AT14->AT25->AT14->AT25->AT30 : 1 82783 49148.4 1 0
AT13->AT14->AT25->AT30->AT14->AT25->AT30->AT14->AT25->AT14->AT25 : 1 73836.9 48011.9 1 0
AT25->AT14->AT13->AT14->AT25->AT30->AT14->AT25->AT30->AT14->AT25 : 1 67064.1 45761.2 1 0
AT14->AT13->AT14->AT25->AT30->AT14->AT25->AT30->AT14->AT25->AT14 : 1 59256.7 46211.4 1 0
AT13->AT14->AT25->AT30->AT14->AT25->AT30->AT14->AT25->AT14->AT25->AT30 : 1 83567 49932.4 1 0
AT14->AT13->AT14->AT25->AT30->AT14->AT25->AT30->AT14->AT25->AT14->AT25 : 1 74620.9 60555.9 1 0
AT25->AT14->AT13->AT14->AT25->AT30->AT14->AT25->AT30->AT14->AT25->AT14 : 1 67960.7 47299.4 1 0
AT14->AT13->AT14->AT25->AT30->AT14->AT25->AT30->AT14->AT25->AT14->AT25->AT30 : 1 84351 62476.4 1 0
AT25->AT14->AT13->AT14->AT25->AT30->AT14->AT25->AT30->AT14->AT25->AT14->AT25 : 1 83324.9 61643.9 1 0
AT25->AT14->AT13->AT14->AT25->AT30->AT14->AT25->AT30->AT14->AT25->AT14->AT25->AT30 : 1 93055 63564.4 1 0
