Profile Result: 
AT14 : 3 1256 0 1 0
AT18 : 1 1616 0 1 0
AT20 : 1 1344 0 1 0
AT23 : 1 592 0 1 0
AT24 : 1 4736 0 1 0
AT25 : 3 34624 0 1 0
AT26 : 1 544 0 1 0
AT30 : 3 20152 0 1 0
NULL : 6 0 0 1 0
NULL->NULL : 5 0 4896.5 1 0
AT14->AT25 : 3 35880 20096 1 0
NULL->AT25 : 3 34624 3072 1 0
NULL->AT30 : 3 20152 3072 1 0
NULL->AT14 : 3 1256 3072 1 0
AT25->AT30 : 2 39016 2910 1 0
AT30->NULL : 2 15736 983.5 1 0
NULL->AT26 : 2 1088 2048 1 0
AT25->NULL : 1 11344 1418 1 0
AT24->AT18 : 1 6352 1184 1 0
AT23->AT24 : 1 5328 1184 1 0
AT24->AT14 : 1 5140 296 1 0
AT23->AT30 : 1 5008 592 1 0
AT30->AT14 : 1 4810 276 1 0
AT18->AT14 : 1 2074 404 1 0
AT20->AT23 : 1 1936 672 1 0
AT26->AT20 : 1 1888 4352 1 0
NULL->AT18 : 1 1616 1024 1 0
NULL->AT20 : 1 1344 1024 1 0
NULL->AT23 : 1 592 1024 1 0
AT14->AT25->AT30 : 2 39878 16702 1 0
AT24->AT14->AT25 : 1 16564 6760 1 0
AT30->AT14->AT25 : 1 16154 6580 1 0
AT18->AT14->AT25 : 1 13930 7732 1 0
AT23->AT24->AT18 : 1 6944 2368 1 0
AT24->AT18->AT14 : 1 6810 1588 1 0
AT20->AT23->AT24 : 1 6672 1856 1 0
AT20->AT23->AT30 : 1 6352 1264 1 0
AT23->AT24->AT14 : 1 5732 1480 1 0
AT23->AT30->AT14 : 1 5402 868 1 0
AT26->AT20->AT23 : 1 2480 5024 1 0
AT24->AT14->AT25->AT30 : 1 24324 8188 1 0
AT18->AT14->AT25->AT30 : 1 21906 9214 1 0
AT24->AT18->AT14->AT25 : 1 18666 8916 1 0
AT23->AT24->AT14->AT25 : 1 17156 7944 1 0
AT23->AT30->AT14->AT25 : 1 16746 7172 1 0
AT20->AT23->AT24->AT18 : 1 8288 3040 1 0
AT23->AT24->AT18->AT14 : 1 7402 2772 1 0
AT26->AT20->AT23->AT24 : 1 7216 6208 1 0
AT20->AT23->AT24->AT14 : 1 7076 2152 1 0
AT26->AT20->AT23->AT30 : 1 6896 5616 1 0
AT20->AT23->AT30->AT14 : 1 6746 1540 1 0
AT24->AT18->AT14->AT25->AT30 : 1 26642 10398 1 0
AT23->AT24->AT14->AT25->AT30 : 1 24916 9372 1 0
AT23->AT24->AT18->AT14->AT25 : 1 19258 10100 1 0
AT20->AT23->AT24->AT14->AT25 : 1 18500 8616 1 0
AT20->AT23->AT30->AT14->AT25 : 1 18090 7844 1 0
AT26->AT20->AT23->AT24->AT18 : 1 8832 7392 1 0
AT20->AT23->AT24->AT18->AT14 : 1 8746 3444 1 0
AT26->AT20->AT23->AT24->AT14 : 1 7620 6504 1 0
AT26->AT20->AT23->AT30->AT14 : 1 7290 5892 1 0
AT23->AT24->AT18->AT14->AT25->AT30 : 1 27234 11582 1 0
AT20->AT23->AT24->AT14->AT25->AT30 : 1 26260 10044 1 0
AT20->AT23->AT24->AT18->AT14->AT25 : 1 20602 10772 1 0
AT26->AT20->AT23->AT24->AT14->AT25 : 1 19044 12968 1 0
AT26->AT20->AT23->AT30->AT14->AT25 : 1 18634 12196 1 0
AT26->AT20->AT23->AT24->AT18->AT14 : 1 9290 7796 1 0
AT20->AT23->AT24->AT18->AT14->AT25->AT30 : 1 28578 12254 1 0
AT26->AT20->AT23->AT24->AT14->AT25->AT30 : 1 26804 14396 1 0
AT26->AT20->AT23->AT24->AT18->AT14->AT25 : 1 21146 15124 1 0
AT26->AT20->AT23->AT24->AT18->AT14->AT25->AT30 : 1 29122 16606 1 0
