Profile Result: 
AT20 : 1 1088 0 1 0
AT22 : 2 36992 0 1 0
AT23 : 1 1040 0 1 0
AT24 : 1 8320 0 1 0
AT26 : 1 416 0 1 0
AT27 : 2 1218 0 1 0
AT30 : 1 6208 0 1 0
AT32 : 1 7760 0 1 0
AT36 : 1 1552 0 1 0
NULL : 4 0 0 1 0
NULL->AT27 : 3 1986 3072 1 0
NULL->NULL : 3 0 2964.5 1 0
AT27->NULL : 2 900 7200 1 0
AT22->AT23 : 1 25616 3072 1 0
AT27->AT22 : 1 25344 6144 1 0
AT36->AT22 : 1 13968 3104 1 0
AT22->NULL : 1 12416 1552 1 0
AT24->AT36 : 1 9872 2080 1 0
AT23->AT24 : 1 9360 2080 1 0
AT36->AT32 : 1 9312 3104 1 0
AT24->NULL : 1 8320 520 1 0
AT32->AT27 : 1 8210 388 1 0
AT32->NULL : 1 7760 388 1 0
AT23->AT30 : 1 7248 1040 1 0
AT30->NULL : 1 6208 388 1 0
NULL->AT30 : 1 6208 1024 1 0
AT20->AT23 : 1 2128 544 1 0
NULL->AT36 : 1 1552 1024 1 0
AT26->AT20 : 1 1504 3328 1 0
AT27->AT26 : 1 1184 768 1 0
NULL->AT20 : 1 1088 1024 1 0
NULL->AT26 : 1 416 1024 1 0
AT22->AT23->AT24 : 1 33936 5152 1 0
AT22->AT23->AT30 : 1 31824 4112 1 0
AT27->AT22->AT23 : 1 26384 9216 1 0
AT24->AT36->AT22 : 1 22288 5184 1 0
AT24->AT36->AT32 : 1 17632 5184 1 0
AT23->AT24->AT36 : 1 10912 4160 1 0
AT20->AT23->AT24 : 1 10448 2624 1 0
AT36->AT32->AT27 : 1 9762 3492 1 0
AT20->AT23->AT30 : 1 8336 1584 1 0
AT26->AT20->AT23 : 1 2544 3872 1 0
AT27->AT26->AT20 : 1 2272 4096 1 0
AT22->AT23->AT24->AT36 : 1 35488 7232 1 0
AT27->AT22->AT23->AT24 : 1 34704 11296 1 0
AT27->AT22->AT23->AT30 : 1 32592 10256 1 0
AT23->AT24->AT36->AT22 : 1 23328 7264 1 0
AT23->AT24->AT36->AT32 : 1 18672 7264 1 0
AT24->AT36->AT32->AT27 : 1 18082 5572 1 0
AT20->AT23->AT24->AT36 : 1 12000 4704 1 0
AT26->AT20->AT23->AT24 : 1 10864 5952 1 0
AT26->AT20->AT23->AT30 : 1 8752 4912 1 0
AT27->AT26->AT20->AT23 : 1 3312 4640 1 0
AT22->AT23->AT24->AT36->AT22 : 1 47904 10336 1 0
AT22->AT23->AT24->AT36->AT32 : 1 43248 10336 1 0
AT27->AT22->AT23->AT24->AT36 : 1 36256 13376 1 0
AT20->AT23->AT24->AT36->AT22 : 1 24416 7808 1 0
AT20->AT23->AT24->AT36->AT32 : 1 19760 7808 1 0
AT23->AT24->AT36->AT32->AT27 : 1 19122 7652 1 0
AT26->AT20->AT23->AT24->AT36 : 1 12416 8032 1 0
AT27->AT26->AT20->AT23->AT24 : 1 11632 6720 1 0
AT27->AT26->AT20->AT23->AT30 : 1 9520 5680 1 0
AT27->AT22->AT23->AT24->AT36->AT22 : 1 48672 16480 1 0
AT27->AT22->AT23->AT24->AT36->AT32 : 1 44016 16480 1 0
AT22->AT23->AT24->AT36->AT32->AT27 : 1 43698 10724 1 0
AT26->AT20->AT23->AT24->AT36->AT22 : 1 24832 11136 1 0
AT20->AT23->AT24->AT36->AT32->AT27 : 1 20210 8196 1 0
AT26->AT20->AT23->AT24->AT36->AT32 : 1 20176 11136 1 0
AT27->AT26->AT20->AT23->AT24->AT36 : 1 13184 8800 1 0
AT27->AT22->AT23->AT24->AT36->AT32->AT27 : 1 44466 16868 1 0
AT27->AT26->AT20->AT23->AT24->AT36->AT22 : 1 25600 11904 1 0
AT27->AT26->AT20->AT23->AT24->AT36->AT32 : 1 20944 11904 1 0
AT26->AT20->AT23->AT24->AT36->AT32->AT27 : 1 20626 11524 1 0
AT27->AT26->AT20->AT23->AT24->AT36->AT32->AT27 : 1 21394 12292 1 0
