Profile Result: 
AT14 : 4 1868 0 1 0
AT18 : 1 1152 0 1 0
AT19 : 1 10240 0 1 0
AT25 : 3 35536 0 1 0
AT30 : 4 30568 0 1 0
NULL : 6 0 0 1 0
NULL->NULL : 5 0 8335.25 1 0
NULL->AT30 : 4 30568 4096 1 0
NULL->AT14 : 4 1868 4096 1 0
AT25->AT30 : 3 59448 4442 1 0
AT14->AT25 : 3 36906 21920 1 0
NULL->AT25 : 3 35536 3072 1 0
AT30->AT14 : 3 23868 1400 1 0
NULL->AT19 : 2 20480 2048 1 0
AT19->AT30 : 1 16896 1280 1 0
AT19->AT18 : 1 11392 640 1 0
AT30->NULL : 1 8168 510.5 1 0
AT18->AT14 : 1 1552 288 1 0
NULL->AT18 : 1 1152 1024 1 0
AT14->NULL : 1 498 7968 1 0
AT14->AT25->AT30 : 3 60818 26362 1 0
AT25->AT30->AT14 : 2 40044 3896 1 0
AT30->AT14->AT25 : 2 39770 16436 1 0
AT19->AT30->AT14 : 1 17360 1696 1 0
AT18->AT14->AT25 : 1 12944 6688 1 0
AT19->AT18->AT14 : 1 11792 928 1 0
AT30->AT14->AT25->AT30 : 2 55938 19454 1 0
AT14->AT25->AT30->AT14 : 2 40908 17720 1 0
AT25->AT30->AT14->AT25 : 1 32650 10084 1 0
AT19->AT30->AT14->AT25 : 1 29264 9120 1 0
AT19->AT18->AT14->AT25 : 1 23184 7328 1 0
AT18->AT14->AT25->AT30 : 1 20688 8112 1 0
AT25->AT30->AT14->AT25->AT30 : 1 40818 11614 1 0
AT19->AT30->AT14->AT25->AT30 : 1 37264 10608 1 0
AT14->AT25->AT30->AT14->AT25 : 1 33114 17508 1 0
AT19->AT18->AT14->AT25->AT30 : 1 30928 8752 1 0
AT30->AT14->AT25->AT30->AT14 : 1 27530 9828 1 0
AT18->AT14->AT25->AT30->AT14 : 1 21186 8596 1 0
AT14->AT25->AT30->AT14->AT25->AT30 : 1 41282 19038 1 0
AT30->AT14->AT25->AT30->AT14->AT25 : 1 39770 17924 1 0
AT19->AT30->AT14->AT25->AT30->AT14 : 1 37770 11108 1 0
AT19->AT18->AT14->AT25->AT30->AT14 : 1 31426 9236 1 0
AT19->AT30->AT14->AT25->AT30->AT14->AT25 : 1 50010 19204 1 0
AT30->AT14->AT25->AT30->AT14->AT25->AT30 : 1 47938 19454 1 0
AT19->AT30->AT14->AT25->AT30->AT14->AT25->AT30 : 1 58178 20734 1 0
