Profile Result: 
AT14 : 2 1056 0 1 0
AT18 : 1 2112 0 1 0
AT21 : 1 544 0 1 0
AT24 : 1 8704 0 1 0
AT25 : 2 24832 0 1 0
AT26 : 1 544 0 1 0
AT29 : 1 2176 0 1 0
AT30 : 1 8256 0 1 0
AT32 : 1 10880 0 1 0
AT37 : 1 420 0 1 0
NULL : 4 0 0 1 0
NULL->NULL : 3 0 3516 1 0
AT14->AT25 : 2 25888 16896 1 0
NULL->AT25 : 2 24832 2048 1 0
NULL->AT14 : 2 1056 2048 1 0
AT25->AT30 : 1 20672 1552 1 0
AT32->AT29 : 1 13056 544 1 0
AT25->AT37 : 1 12836 1552 1 0
AT26->AT32 : 1 11424 4352 1 0
AT32->AT14 : 1 11408 544 1 0
AT24->AT18 : 1 10816 2176 1 0
AT21->AT24 : 1 9248 2176 1 0
AT24->AT14 : 1 9232 544 1 0
AT30->NULL : 1 8256 516 1 0
NULL->AT30 : 1 8256 1024 1 0
AT29->AT21 : 1 2720 8704 1 0
AT18->NULL : 1 2112 528 1 0
NULL->AT18 : 1 2112 1024 1 0
AT37->AT26 : 1 964 420 1 0
NULL->AT26 : 1 544 1024 1 0
AT37->NULL : 1 420 3360 1 0
NULL->AT37 : 1 420 1024 1 0
AT32->AT14->AT25 : 1 23824 8992 1 0
AT24->AT14->AT25 : 1 21648 8992 1 0
AT14->AT25->AT30 : 1 21200 10000 1 0
AT26->AT32->AT29 : 1 13600 4896 1 0
AT32->AT29->AT21 : 1 13600 9248 1 0
AT25->AT37->AT26 : 1 13380 1972 1 0
AT14->AT25->AT37 : 1 13364 10000 1 0
AT26->AT32->AT14 : 1 11952 4896 1 0
AT37->AT26->AT32 : 1 11844 4772 1 0
AT29->AT21->AT24 : 1 11424 10880 1 0
AT21->AT24->AT18 : 1 11360 4352 1 0
AT21->AT24->AT14 : 1 9776 2720 1 0
AT32->AT14->AT25->AT30 : 1 32080 10544 1 0
AT26->AT32->AT14->AT25 : 1 24368 13344 1 0
AT25->AT37->AT26->AT32 : 1 24260 6324 1 0
AT32->AT29->AT21->AT24 : 1 22304 11424 1 0
AT21->AT24->AT14->AT25 : 1 22192 11168 1 0
AT24->AT14->AT25->AT37 : 1 22068 10544 1 0
AT26->AT32->AT29->AT21 : 1 14144 13600 1 0
AT37->AT26->AT32->AT29 : 1 14020 5316 1 0
AT14->AT25->AT37->AT26 : 1 13908 10420 1 0
AT29->AT21->AT24->AT18 : 1 13536 13056 1 0
AT37->AT26->AT32->AT14 : 1 12372 5316 1 0
AT29->AT21->AT24->AT14 : 1 11952 11424 1 0
AT26->AT32->AT14->AT25->AT30 : 1 32624 14896 1 0
AT25->AT37->AT26->AT32->AT29 : 1 26436 6868 1 0
AT14->AT25->AT37->AT26->AT32 : 1 24788 14772 1 0
AT25->AT37->AT26->AT32->AT14 : 1 24788 6868 1 0
AT37->AT26->AT32->AT14->AT25 : 1 24788 13764 1 0
AT32->AT29->AT21->AT24->AT18 : 1 24416 13600 1 0
AT29->AT21->AT24->AT14->AT25 : 1 24368 19872 1 0
AT26->AT32->AT29->AT21->AT24 : 1 22848 15776 1 0
AT32->AT29->AT21->AT24->AT14 : 1 22832 11968 1 0
AT21->AT24->AT14->AT25->AT37 : 1 22612 12720 1 0
AT24->AT14->AT25->AT37->AT26 : 1 22612 10964 1 0
AT37->AT26->AT32->AT29->AT21 : 1 14564 14020 1 0
AT25->AT37->AT26->AT32->AT14->AT25 : 1 37204 15316 1 0
AT32->AT29->AT21->AT24->AT14->AT25 : 1 35248 20416 1 0
AT24->AT14->AT25->AT37->AT26->AT32 : 1 33492 15316 1 0
AT37->AT26->AT32->AT14->AT25->AT30 : 1 33044 15316 1 0
AT25->AT37->AT26->AT32->AT29->AT21 : 1 26980 15572 1 0
AT14->AT25->AT37->AT26->AT32->AT29 : 1 26964 15316 1 0
AT14->AT25->AT37->AT26->AT32->AT14 : 1 25316 15316 1 0
AT26->AT32->AT29->AT21->AT24->AT18 : 1 24960 17952 1 0
AT29->AT21->AT24->AT14->AT25->AT37 : 1 24788 21424 1 0
AT26->AT32->AT29->AT21->AT24->AT14 : 1 23376 16320 1 0
AT37->AT26->AT32->AT29->AT21->AT24 : 1 23268 16196 1 0
AT21->AT24->AT14->AT25->AT37->AT26 : 1 23156 13140 1 0
AT25->AT37->AT26->AT32->AT14->AT25->AT30 : 1 45460 16868 1 0
AT14->AT25->AT37->AT26->AT32->AT14->AT25 : 1 37732 23764 1 0
AT26->AT32->AT29->AT21->AT24->AT14->AT25 : 1 35792 24768 1 0
AT25->AT37->AT26->AT32->AT29->AT21->AT24 : 1 35684 17748 1 0
AT32->AT29->AT21->AT24->AT14->AT25->AT37 : 1 35668 21968 1 0
AT24->AT14->AT25->AT37->AT26->AT32->AT29 : 1 35668 15860 1 0
AT21->AT24->AT14->AT25->AT37->AT26->AT32 : 1 34036 17492 1 0
AT24->AT14->AT25->AT37->AT26->AT32->AT14 : 1 34020 15860 1 0
AT14->AT25->AT37->AT26->AT32->AT29->AT21 : 1 27508 24020 1 0
AT37->AT26->AT32->AT29->AT21->AT24->AT18 : 1 25380 18372 1 0
AT29->AT21->AT24->AT14->AT25->AT37->AT26 : 1 25332 21844 1 0
AT37->AT26->AT32->AT29->AT21->AT24->AT14 : 1 23796 16740 1 0
AT24->AT14->AT25->AT37->AT26->AT32->AT14->AT25 : 1 46436 24308 1 0
AT14->AT25->AT37->AT26->AT32->AT14->AT25->AT30 : 1 45988 25316 1 0
AT25->AT37->AT26->AT32->AT29->AT21->AT24->AT18 : 1 37796 19924 1 0
AT26->AT32->AT29->AT21->AT24->AT14->AT25->AT37 : 1 36212 26320 1 0
AT32->AT29->AT21->AT24->AT14->AT25->AT37->AT26 : 1 36212 22388 1 0
AT29->AT21->AT24->AT14->AT25->AT37->AT26->AT32 : 1 36212 26196 1 0
AT21->AT24->AT14->AT25->AT37->AT26->AT32->AT29 : 1 36212 18036 1 0
AT24->AT14->AT25->AT37->AT26->AT32->AT29->AT21 : 1 36212 24564 1 0
AT14->AT25->AT37->AT26->AT32->AT29->AT21->AT24 : 1 36212 26196 1 0
AT25->AT37->AT26->AT32->AT29->AT21->AT24->AT14 : 1 36212 18292 1 0
AT37->AT26->AT32->AT29->AT21->AT24->AT14->AT25 : 1 36212 25188 1 0
AT21->AT24->AT14->AT25->AT37->AT26->AT32->AT14 : 1 34564 18036 1 0
AT24->AT14->AT25->AT37->AT26->AT32->AT14->AT25->AT30 : 1 54692 25860 1 0
AT21->AT24->AT14->AT25->AT37->AT26->AT32->AT14->AT25 : 1 46980 26484 1 0
AT14->AT25->AT37->AT26->AT32->AT29->AT21->AT24->AT18 : 1 38324 28372 1 0
AT29->AT21->AT24->AT14->AT25->AT37->AT26->AT32->AT14 : 1 36740 26740 1 0
AT21->AT24->AT14->AT25->AT37->AT26->AT32->AT14->AT25->AT30 : 1 55236 28036 1 0
AT29->AT21->AT24->AT14->AT25->AT37->AT26->AT32->AT14->AT25 : 1 49156 35188 1 0
AT29->AT21->AT24->AT14->AT25->AT37->AT26->AT32->AT14->AT25->AT30 : 1 57412 36740 1 0
