Profile Result: 
AT14 : 1 688 0 1 0
AT19 : 1 10240 0 1 0
AT20 : 2 960 0 1 0
AT23 : 3 1712 0 1 0
AT24 : 2 10624 0 1 0
AT25 : 1 13696 0 1 0
AT26 : 1 96 0 1 0
AT30 : 1 9408 0 1 0
AT33 : 1 26880 0 1 0
AT34 : 1 224 0 1 0
AT37 : 1 128 0 1 0
NULL : 5 0 0 1 0
AT24->NULL : 4 21248 5312 1 0
NULL->NULL : 4 0 6119.34 1 0
NULL->AT23 : 3 1712 3072 1 0
NULL->AT20 : 3 1472 3072 1 0
AT23->AT24 : 2 11952 2656 1 0
AT19->AT33 : 1 37120 640 1 0
AT33->AT37 : 1 27008 10752 1 0
AT33->NULL : 1 26880 10752 1 0
NULL->AT33 : 1 26880 1024 1 0
AT25->AT30 : 1 23104 1712 1 0
AT19->AT30 : 1 19648 1280 1 0
AT14->AT25 : 1 14384 11008 1 0
NULL->AT25 : 1 13696 1024 1 0
AT37->AT19 : 1 10368 1024 1 0
NULL->AT19 : 1 10240 1024 1 0
AT30->AT14 : 1 10096 588 1 0
AT23->AT14 : 1 1392 704 1 0
AT23->AT23 : 1 1088 768 1 0
AT20->AT23 : 1 896 256 1 0
AT34->AT23 : 1 848 448 1 0
AT20->AT34 : 1 672 224 1 0
AT23->NULL : 1 624 624 1 0
AT26->AT20 : 1 544 768 1 0
AT23->AT37 : 1 512 384 1 0
AT37->AT26 : 1 224 128 1 0
NULL->AT26 : 1 96 1024 1 0
AT37->AT19->AT33 : 1 37248 1664 1 0
AT19->AT33->AT37 : 1 37248 11392 1 0
AT33->AT37->AT19 : 1 37248 11776 1 0
AT33->AT37->AT26 : 1 27104 10880 1 0
AT14->AT25->AT30 : 1 23792 12720 1 0
AT25->AT30->AT14 : 1 23792 2300 1 0
AT30->AT14->AT25 : 1 23792 11596 1 0
AT19->AT30->AT14 : 1 20336 1868 1 0
AT37->AT19->AT30 : 1 19776 2304 1 0
AT23->AT14->AT25 : 1 15088 11712 1 0
AT23->AT37->AT19 : 1 10752 1408 1 0
AT23->AT23->AT24 : 1 6720 2176 1 0
AT34->AT23->AT24 : 1 5840 1696 1 0
AT23->AT23->AT14 : 1 1776 1472 1 0
AT20->AT23->AT23 : 1 1600 1024 1 0
AT20->AT34->AT23 : 1 1296 672 1 0
AT20->AT23->AT37 : 1 1024 640 1 0
AT26->AT20->AT34 : 1 768 992 1 0
AT37->AT26->AT20 : 1 672 896 1 0
AT23->AT37->AT26 : 1 608 512 1 0
AT33->AT37->AT19->AT30 : 1 46656 13056 1 0
AT23->AT37->AT19->AT33 : 1 37632 2048 1 0
AT19->AT33->AT37->AT26 : 1 37344 11520 1 0
AT19->AT30->AT14->AT25 : 1 34032 12876 1 0
AT33->AT37->AT26->AT20 : 1 27552 11648 1 0
AT23->AT14->AT25->AT30 : 1 24496 13424 1 0
AT37->AT19->AT30->AT14 : 1 20464 2892 1 0
AT23->AT37->AT19->AT30 : 1 20160 2688 1 0
AT23->AT23->AT14->AT25 : 1 15472 12480 1 0
AT20->AT23->AT37->AT19 : 1 11264 1664 1 0
AT20->AT23->AT23->AT24 : 1 7232 2432 1 0
AT20->AT34->AT23->AT24 : 1 6288 1920 1 0
AT20->AT23->AT23->AT14 : 1 2288 1728 1 0
AT26->AT20->AT34->AT23 : 1 1392 1440 1 0
AT20->AT23->AT37->AT26 : 1 1120 768 1 0
AT23->AT37->AT26->AT20 : 1 1056 1280 1 0
AT37->AT26->AT20->AT34 : 1 896 1120 1 0
AT33->AT37->AT19->AT30->AT14 : 1 47344 13644 1 0
AT20->AT23->AT37->AT19->AT33 : 1 38144 2304 1 0
AT19->AT33->AT37->AT26->AT20 : 1 37792 12288 1 0
AT37->AT19->AT30->AT14->AT25 : 1 34160 13900 1 0
AT33->AT37->AT26->AT20->AT34 : 1 27776 11872 1 0
AT23->AT23->AT14->AT25->AT30 : 1 24880 14192 1 0
AT23->AT37->AT19->AT30->AT14 : 1 20848 3276 1 0
AT20->AT23->AT37->AT19->AT30 : 1 20672 2944 1 0
AT20->AT23->AT23->AT14->AT25 : 1 15984 12736 1 0
AT26->AT20->AT34->AT23->AT24 : 1 6384 2688 1 0
AT20->AT23->AT37->AT26->AT20 : 1 1568 1536 1 0
AT37->AT26->AT20->AT34->AT23 : 1 1520 1568 1 0
AT23->AT37->AT26->AT20->AT34 : 1 1280 1504 1 0
AT33->AT37->AT19->AT30->AT14->AT25 : 1 61040 24652 1 0
AT19->AT33->AT37->AT26->AT20->AT34 : 1 38016 12512 1 0
AT23->AT37->AT19->AT30->AT14->AT25 : 1 34544 14284 1 0
AT33->AT37->AT26->AT20->AT34->AT23 : 1 28400 12320 1 0
AT20->AT23->AT23->AT14->AT25->AT30 : 1 25392 14448 1 0
AT20->AT23->AT37->AT19->AT30->AT14 : 1 21360 3532 1 0
AT37->AT26->AT20->AT34->AT23->AT24 : 1 6512 2816 1 0
AT23->AT37->AT26->AT20->AT34->AT23 : 1 1904 1952 1 0
AT20->AT23->AT37->AT26->AT20->AT34 : 1 1792 1760 1 0
AT19->AT33->AT37->AT26->AT20->AT34->AT23 : 1 38640 12960 1 0
AT20->AT23->AT37->AT19->AT30->AT14->AT25 : 1 35056 14540 1 0
AT33->AT37->AT26->AT20->AT34->AT23->AT24 : 1 33392 13568 1 0
AT23->AT37->AT26->AT20->AT34->AT23->AT24 : 1 6896 3200 1 0
AT20->AT23->AT37->AT26->AT20->AT34->AT23 : 1 2416 2208 1 0
AT19->AT33->AT37->AT26->AT20->AT34->AT23->AT24 : 1 43632 14208 1 0
AT20->AT23->AT37->AT26->AT20->AT34->AT23->AT24 : 1 7408 3456 1 0
