Profile Result: 
AT14 : 1 296 0 1 0
AT25 : 2 11712 0 1 0
AT26 : 1 80 0 1 0
AT28 : 1 3840 0 1 0
AT30 : 2 9952 0 1 0
AT32 : 1 1600 0 1 0
NULL : 4 0 0 1 0
NULL->NULL : 3 0 2359 1 0
AT25->AT30 : 2 21664 1464 1 0
NULL->AT25 : 2 11712 2048 1 0
AT30->NULL : 2 9952 622 1 0
NULL->AT30 : 2 9952 2048 1 0
NULL->AT28 : 2 7680 2048 1 0
AT14->AT25 : 1 10856 4736 1 0
AT28->AT26 : 1 3920 96 1 0
AT32->AT25 : 1 2752 80 1 0
AT32->AT14 : 1 1896 80 1 0
AT26->AT32 : 1 1680 640 1 0
NULL->AT14 : 1 296 1024 1 0
NULL->AT26 : 1 80 1024 1 0
AT14->AT25->AT30 : 1 18184 6056 1 0
AT32->AT14->AT25 : 1 12456 4816 1 0
AT28->AT26->AT32 : 1 5520 736 1 0
AT32->AT25->AT30 : 1 5376 224 1 0
AT26->AT32->AT25 : 1 2832 720 1 0
AT26->AT32->AT14 : 1 1976 720 1 0
AT32->AT14->AT25->AT30 : 1 19784 6136 1 0
AT26->AT32->AT14->AT25 : 1 12536 5456 1 0
AT28->AT26->AT32->AT25 : 1 6672 816 1 0
AT28->AT26->AT32->AT14 : 1 5816 816 1 0
AT26->AT32->AT25->AT30 : 1 5456 864 1 0
AT26->AT32->AT14->AT25->AT30 : 1 19864 6776 1 0
AT28->AT26->AT32->AT14->AT25 : 1 16376 5552 1 0
AT28->AT26->AT32->AT25->AT30 : 1 9296 960 1 0
AT28->AT26->AT32->AT14->AT25->AT30 : 1 23704 6872 1 0
