Profile Result: 
AT16 : 1 1536 0 1 0
AT17 : 1 3456 0 1 0
AT21 : 1 608 0 1 0
AT22 : 1 13824 0 1 0
AT23 : 2 1568 0 1 0
AT24 : 2 16640 0 1 0
AT25 : 1 13056 0 1 0
AT30 : 3 20352 0 1 0
AT33 : 1 24320 0 1 0
AT36 : 1 1728 0 1 0
NULL : 5 0 0 1 0
NULL->NULL : 4 0 4897 1 0
AT30->NULL : 3 20352 1272 1 0
AT24->NULL : 2 16640 1040 1 0
NULL->AT30 : 2 13440 2048 1 0
AT23->AT30 : 2 13344 1568 1 0
NULL->AT23 : 2 1568 2048 1 0
AT33->AT25 : 1 37376 9728 1 0
AT16->AT33 : 1 25856 384 1 0
AT33->AT21 : 1 24928 9728 1 0
NULL->AT33 : 1 24320 1024 1 0
AT25->AT30 : 1 21632 1632 1 0
AT36->AT22 : 1 15552 3456 1 0
AT24->AT30 : 1 13824 1728 1 0
AT22->NULL : 1 13824 1728 1 0
NULL->AT25 : 1 13056 1024 1 0
AT24->AT36 : 1 11456 2432 1 0
AT21->AT24 : 1 10336 2432 1 0
AT23->AT24 : 1 7776 1728 1 0
AT36->AT17 : 1 5184 3456 1 0
AT17->AT16 : 1 4992 1728 1 0
AT17->NULL : 1 3456 6912 1 0
AT16->AT23 : 1 2240 768 1 0
NULL->AT36 : 1 1728 1024 1 0
AT23->AT23 : 1 1568 1408 1 0
NULL->AT16 : 1 1536 1024 1 0
AT33->AT25->AT30 : 1 45952 11360 1 0
AT16->AT33->AT25 : 1 38912 10112 1 0
AT33->AT21->AT24 : 1 34656 12160 1 0
AT17->AT16->AT33 : 1 29312 2112 1 0
AT16->AT33->AT21 : 1 26464 10112 1 0
AT24->AT36->AT22 : 1 25280 5888 1 0
AT24->AT36->AT17 : 1 14912 5888 1 0
AT23->AT24->AT30 : 1 14688 3456 1 0
AT21->AT24->AT36 : 1 12064 4864 1 0
AT23->AT23->AT24 : 1 8480 3136 1 0
AT23->AT23->AT30 : 1 8480 2272 1 0
AT16->AT23->AT30 : 1 7104 1472 1 0
AT36->AT17->AT16 : 1 6720 5184 1 0
AT17->AT16->AT23 : 1 5696 2496 1 0
AT16->AT23->AT23 : 1 3104 2176 1 0
AT16->AT33->AT25->AT30 : 1 47488 11744 1 0
AT17->AT16->AT33->AT25 : 1 42368 11840 1 0
AT33->AT21->AT24->AT36 : 1 36384 14592 1 0
AT16->AT33->AT21->AT24 : 1 36192 12544 1 0
AT36->AT17->AT16->AT33 : 1 31040 5568 1 0
AT17->AT16->AT33->AT21 : 1 29920 11840 1 0
AT21->AT24->AT36->AT22 : 1 25888 8320 1 0
AT24->AT36->AT17->AT16 : 1 16448 7616 1 0
AT21->AT24->AT36->AT17 : 1 15520 8320 1 0
AT23->AT23->AT24->AT30 : 1 15392 4864 1 0
AT17->AT16->AT23->AT30 : 1 10560 3200 1 0
AT16->AT23->AT23->AT24 : 1 10016 3904 1 0
AT16->AT23->AT23->AT30 : 1 10016 3040 1 0
AT36->AT17->AT16->AT23 : 1 7424 5952 1 0
AT17->AT16->AT23->AT23 : 1 6560 3904 1 0
AT17->AT16->AT33->AT25->AT30 : 1 50944 13472 1 0
AT33->AT21->AT24->AT36->AT22 : 1 50208 18048 1 0
AT36->AT17->AT16->AT33->AT25 : 1 44096 15296 1 0
AT24->AT36->AT17->AT16->AT33 : 1 40768 8000 1 0
AT33->AT21->AT24->AT36->AT17 : 1 39840 18048 1 0
AT17->AT16->AT33->AT21->AT24 : 1 39648 14272 1 0
AT16->AT33->AT21->AT24->AT36 : 1 37920 14976 1 0
AT36->AT17->AT16->AT33->AT21 : 1 31648 15296 1 0
AT24->AT36->AT17->AT16->AT23 : 1 17152 8384 1 0
AT21->AT24->AT36->AT17->AT16 : 1 17056 10048 1 0
AT16->AT23->AT23->AT24->AT30 : 1 16928 5632 1 0
AT17->AT16->AT23->AT23->AT24 : 1 13472 5632 1 0
AT17->AT16->AT23->AT23->AT30 : 1 13472 4768 1 0
AT36->AT17->AT16->AT23->AT30 : 1 12288 6656 1 0
AT36->AT17->AT16->AT23->AT23 : 1 8288 7360 1 0
AT24->AT36->AT17->AT16->AT33->AT25 : 1 53824 17728 1 0
AT36->AT17->AT16->AT33->AT25->AT30 : 1 52672 16928 1 0
AT16->AT33->AT21->AT24->AT36->AT22 : 1 51744 18432 1 0
AT16->AT33->AT21->AT24->AT36->AT17 : 1 41376 18432 1 0
AT33->AT21->AT24->AT36->AT17->AT16 : 1 41376 19776 1 0
AT21->AT24->AT36->AT17->AT16->AT33 : 1 41376 10432 1 0
AT24->AT36->AT17->AT16->AT33->AT21 : 1 41376 17728 1 0
AT36->AT17->AT16->AT33->AT21->AT24 : 1 41376 17728 1 0
AT17->AT16->AT33->AT21->AT24->AT36 : 1 41376 16704 1 0
AT24->AT36->AT17->AT16->AT23->AT30 : 1 22016 9088 1 0
AT17->AT16->AT23->AT23->AT24->AT30 : 1 20384 7360 1 0
AT24->AT36->AT17->AT16->AT23->AT23 : 1 18016 9792 1 0
AT21->AT24->AT36->AT17->AT16->AT23 : 1 17760 10816 1 0
AT36->AT17->AT16->AT23->AT23->AT24 : 1 15200 9088 1 0
AT36->AT17->AT16->AT23->AT23->AT30 : 1 15200 8224 1 0
AT24->AT36->AT17->AT16->AT33->AT25->AT30 : 1 62400 19360 1 0
AT17->AT16->AT33->AT21->AT24->AT36->AT22 : 1 55200 20160 1 0
AT21->AT24->AT36->AT17->AT16->AT33->AT25 : 1 54432 20160 1 0
AT33->AT21->AT24->AT36->AT17->AT16->AT23 : 1 42080 20544 1 0
AT24->AT36->AT17->AT16->AT23->AT23->AT24 : 1 24928 11520 1 0
AT24->AT36->AT17->AT16->AT23->AT23->AT30 : 1 24928 10656 1 0
AT21->AT24->AT36->AT17->AT16->AT23->AT30 : 1 22624 11520 1 0
AT36->AT17->AT16->AT23->AT23->AT24->AT30 : 1 22112 10816 1 0
AT21->AT24->AT36->AT17->AT16->AT23->AT23 : 1 18624 12224 1 0
AT21->AT24->AT36->AT17->AT16->AT33->AT25->AT30 : 1 63008 21792 1 0
AT33->AT21->AT24->AT36->AT17->AT16->AT23->AT30 : 1 46944 21248 1 0
AT33->AT21->AT24->AT36->AT17->AT16->AT23->AT23 : 1 42944 21952 1 0
AT24->AT36->AT17->AT16->AT23->AT23->AT24->AT30 : 1 31840 13248 1 0
AT21->AT24->AT36->AT17->AT16->AT23->AT23->AT24 : 1 25536 13952 1 0
AT21->AT24->AT36->AT17->AT16->AT23->AT23->AT30 : 1 25536 13088 1 0
AT33->AT21->AT24->AT36->AT17->AT16->AT23->AT23->AT24 : 1 49856 23680 1 0
AT33->AT21->AT24->AT36->AT17->AT16->AT23->AT23->AT30 : 1 49856 22816 1 0
AT21->AT24->AT36->AT17->AT16->AT23->AT23->AT24->AT30 : 1 32448 15680 1 0
AT33->AT21->AT24->AT36->AT17->AT16->AT23->AT23->AT24->AT30 : 1 56768 25408 1 0
