Profile Result: 
AT14 : 4 2405.75 0 1 0
AT18 : 1 1536 0 1 0
AT25 : 4 52014 0 1 0
AT30 : 2 17656 0 1 0
NULL : 4 0 0 1 0
AT14->AT25 : 4 54419.8 38492 1 0
NULL->AT25 : 4 52014 4096 1 0
NULL->AT14 : 4 2405.75 4096 1 0
NULL->NULL : 3 0 3072 1 0
AT25->AT30 : 2 44776 3390 1 0
AT30->AT14 : 2 18719.8 1103.5 1 0
NULL->AT30 : 2 17656 2048 1 0
NULL->AT18 : 2 3072 2048 1 0
AT25->AT14 : 1 13118 1528 1 0
AT25->NULL : 1 12670 1583.75 1 0
AT18->AT14 : 1 1984 384 1 0
AT14->AT25->AT30 : 2 46118 24862 1 0
AT25->AT30->AT14 : 2 45839.8 4493.5 1 0
AT30->AT14->AT25 : 2 43613.8 18123.5 1 0
AT25->AT14->AT25 : 1 28462 15832 1 0
AT18->AT14->AT25 : 1 13760 7552 1 0
AT14->AT25->AT14 : 1 13622 9592 1 0
AT25->AT30->AT14->AT25 : 2 70733.8 21513.5 1 0
AT14->AT25->AT30->AT14 : 2 47181.8 25965.5 1 0
AT25->AT14->AT25->AT30 : 1 38182 17750 1 0
AT14->AT25->AT14->AT25 : 1 28966 23896 1 0
AT18->AT14->AT25->AT30 : 1 21696 9024 1 0
AT30->AT14->AT25->AT14 : 1 21558 10088 1 0
AT14->AT25->AT30->AT14->AT25 : 2 72075.8 42985.5 1 0
AT25->AT14->AT25->AT30->AT14 : 1 38741.8 18357.5 1 0
AT14->AT25->AT14->AT25->AT30 : 1 38686 25814 1 0
AT30->AT14->AT25->AT14->AT25 : 1 36902 24392 1 0
AT25->AT30->AT14->AT25->AT14 : 1 33334 11560 1 0
AT18->AT14->AT25->AT30->AT14 : 1 22200 9520 1 0
AT25->AT14->AT25->AT30->AT14->AT25 : 1 51411.8 27313.5 1 0
AT25->AT30->AT14->AT25->AT14->AT25 : 1 48678 25864 1 0
AT30->AT14->AT25->AT14->AT25->AT30 : 1 46622 26310 1 0
AT14->AT25->AT14->AT25->AT30->AT14 : 1 39245.8 26421.5 1 0
AT18->AT14->AT25->AT30->AT14->AT25 : 1 34424 17584 1 0
AT14->AT25->AT30->AT14->AT25->AT14 : 1 33782 18728 1 0
AT25->AT30->AT14->AT25->AT14->AT25->AT30 : 1 58398 27782 1 0
AT14->AT25->AT14->AT25->AT30->AT14->AT25 : 1 51915.8 35377.5 1 0
AT14->AT25->AT30->AT14->AT25->AT14->AT25 : 1 49126 33032 1 0
AT30->AT14->AT25->AT14->AT25->AT30->AT14 : 1 47181.8 26917.5 1 0
AT18->AT14->AT25->AT30->AT14->AT25->AT14 : 1 35318 19112 1 0
AT30->AT14->AT25->AT14->AT25->AT30->AT14->AT25 : 1 59851.8 35873.5 1 0
AT25->AT30->AT14->AT25->AT14->AT25->AT30->AT14 : 1 58957.8 28389.5 1 0
AT14->AT25->AT30->AT14->AT25->AT14->AT25->AT30 : 1 58846 34950 1 0
AT18->AT14->AT25->AT30->AT14->AT25->AT14->AT25 : 1 50662 33416 1 0
AT25->AT30->AT14->AT25->AT14->AT25->AT30->AT14->AT25 : 1 71627.8 37345.5 1 0
AT18->AT14->AT25->AT30->AT14->AT25->AT14->AT25->AT30 : 1 60382 35334 1 0
AT14->AT25->AT30->AT14->AT25->AT14->AT25->AT30->AT14 : 1 59405.8 35557.5 1 0
AT14->AT25->AT30->AT14->AT25->AT14->AT25->AT30->AT14->AT25 : 1 72075.8 44513.5 1 0
AT18->AT14->AT25->AT30->AT14->AT25->AT14->AT25->AT30->AT14 : 1 60941.8 35941.5 1 0
AT18->AT14->AT25->AT30->AT14->AT25->AT14->AT25->AT30->AT14->AT25 : 1 73611.8 44897.5 1 0
