Profile Result: 
AT12 : 1 256 0 1 0
AT14 : 1 400 0 1 0
AT22 : 1 2048 0 1 0
AT23 : 1 576 0 1 0
AT24 : 1 4608 0 1 0
AT30 : 2 10752 0 1 0
AT41 : 1 5280 0 1 0
NULL : 3 0 0 1 0
NULL->AT30 : 2 10752 2048 1 0
NULL->NULL : 2 0 3600 1 0
AT30->AT41 : 1 11680 400 1 0
AT24->AT30 : 1 11008 1152 1 0
AT41->NULL : 1 5280 1056 1 0
NULL->AT41 : 1 5280 1024 1 0
AT23->AT24 : 1 5184 1152 1 0
AT24->AT14 : 1 5008 288 1 0
AT23->AT30 : 1 4928 576 1 0
AT30->NULL : 1 4352 272 1 0
AT22->AT23 : 1 2624 256 1 0
AT12->AT22 : 1 2304 512 1 0
NULL->AT23 : 1 576 1024 1 0
AT14->NULL : 1 400 6400 1 0
NULL->AT14 : 1 400 1024 1 0
NULL->AT12 : 1 256 1024 1 0
AT24->AT30->AT41 : 1 16288 1552 1 0
AT23->AT24->AT30 : 1 11584 2304 1 0
AT22->AT23->AT24 : 1 7232 1408 1 0
AT22->AT23->AT30 : 1 6976 832 1 0
AT23->AT24->AT14 : 1 5584 1440 1 0
AT12->AT22->AT23 : 1 2880 768 1 0
AT23->AT24->AT30->AT41 : 1 16864 2704 1 0
AT22->AT23->AT24->AT30 : 1 13632 2560 1 0
AT22->AT23->AT24->AT14 : 1 7632 1696 1 0
AT12->AT22->AT23->AT24 : 1 7488 1920 1 0
AT12->AT22->AT23->AT30 : 1 7232 1344 1 0
AT22->AT23->AT24->AT30->AT41 : 1 18912 2960 1 0
AT12->AT22->AT23->AT24->AT30 : 1 13888 3072 1 0
AT12->AT22->AT23->AT24->AT14 : 1 7888 2208 1 0
AT12->AT22->AT23->AT24->AT30->AT41 : 1 19168 3472 1 0
