Profile Result: 
AT13 : 1 64 0 1 0
AT14 : 2 772 0 1 0
AT25 : 2 22560 0 1 0
AT30 : 1 7296 0 1 0
NULL : 2 0 0 1 0
AT14->AT25 : 2 23332 12352 1 0
NULL->AT25 : 2 22560 2048 1 0
NULL->AT14 : 2 772 2048 1 0
AT25->AT30 : 1 17792 1312 1 0
AT25->NULL : 1 12064 1508 1 0
AT30->AT14 : 1 7780 456 1 0
NULL->AT30 : 1 7296 1024 1 0
AT13->AT14 : 1 352 64 1 0
NULL->AT13 : 1 64 1024 1 0
NULL->NULL : 1 0 1024 1 0
AT30->AT14->AT25 : 1 19844 8200 1 0
AT25->AT30->AT14 : 1 18276 1768 1 0
AT14->AT25->AT30 : 1 18080 5920 1 0
AT13->AT14->AT25 : 1 10848 4672 1 0
AT25->AT30->AT14->AT25 : 1 30340 9512 1 0
AT14->AT25->AT30->AT14 : 1 18564 6376 1 0
AT13->AT14->AT25->AT30 : 1 18144 5984 1 0
AT14->AT25->AT30->AT14->AT25 : 1 30628 14120 1 0
AT13->AT14->AT25->AT30->AT14 : 1 18628 6440 1 0
AT13->AT14->AT25->AT30->AT14->AT25 : 1 30692 14184 1 0
