Profile Result: 
AT14 : 1 408 0 1 0
AT18 : 1 1888 0 1 0
AT23 : 2 1568 0 1 0
AT24 : 2 11008 0 1 0
AT25 : 1 11456 0 1 0
AT30 : 2 11008 0 1 0
AT41 : 1 3840 0 1 0
NULL : 4 0 0 1 0
NULL->NULL : 3 0 2708 1 0
NULL->AT30 : 2 11008 2048 1 0
NULL->AT23 : 2 1568 2048 1 0
AT14->AT25 : 1 11864 6528 1 0
AT25->NULL : 1 11456 1432 1 0
NULL->AT25 : 1 11456 1024 1 0
AT24->AT30 : 1 10240 1024 1 0
AT24->AT18 : 1 8800 1728 1 0
AT24->AT41 : 1 7936 256 1 0
AT23->AT24 : 1 7776 1728 1 0
AT24->NULL : 1 6912 432 1 0
AT30->AT14 : 1 6552 384 1 0
AT23->AT30 : 1 5568 704 1 0
AT30->NULL : 1 4864 304 1 0
AT41->AT23 : 1 4544 768 1 0
NULL->AT24 : 1 4096 1024 1 0
NULL->AT41 : 1 3840 1024 1 0
AT18->NULL : 1 1888 472 1 0
NULL->AT18 : 1 1888 1024 1 0
AT23->AT23 : 1 1568 1408 1 0
AT23->AT14 : 1 1272 864 1 0
AT30->AT14->AT25 : 1 18008 6912 1 0
AT23->AT14->AT25 : 1 12728 7392 1 0
AT24->AT30->AT14 : 1 10648 1408 1 0
AT23->AT24->AT18 : 1 9664 3456 1 0
AT41->AT23->AT30 : 1 9408 1472 1 0
AT24->AT41->AT23 : 1 8640 1024 1 0
AT23->AT23->AT24 : 1 8480 3136 1 0
AT41->AT23->AT23 : 1 5408 2176 1 0
AT23->AT23->AT14 : 1 1976 2272 1 0
AT24->AT30->AT14->AT25 : 1 22104 7936 1 0
AT24->AT41->AT23->AT30 : 1 13504 1728 1 0
AT23->AT23->AT14->AT25 : 1 13432 8800 1 0
AT41->AT23->AT23->AT24 : 1 12320 3904 1 0
AT23->AT23->AT24->AT18 : 1 10368 4864 1 0
AT24->AT41->AT23->AT23 : 1 9504 2432 1 0
AT41->AT23->AT23->AT14 : 1 5816 3040 1 0
AT41->AT23->AT23->AT14->AT25 : 1 17272 9568 1 0
AT24->AT41->AT23->AT23->AT24 : 1 16416 4160 1 0
AT41->AT23->AT23->AT24->AT18 : 1 14208 5632 1 0
AT24->AT41->AT23->AT23->AT14 : 1 9912 3296 1 0
AT24->AT41->AT23->AT23->AT14->AT25 : 1 21368 9824 1 0
AT24->AT41->AT23->AT23->AT24->AT18 : 1 18304 5888 1 0
