Profile Result: 
AT13 : 1 512.531 0 1 0
AT14 : 4 2358.78 0 1 0
AT25 : 4 48050 0 1 0
AT30 : 3 25817 0 1 0
NULL : 4 0 0 1 0
NULL->AT25 : 5 56754 5120 1 0
NULL->AT14 : 4 2358.78 4096 1 0
AT25->AT30 : 3 65163 4918.25 1 0
AT14->AT25 : 3 41192.2 29540 1 0
AT30->AT14 : 3 27391.8 1613.56 1 0
NULL->AT30 : 3 25817 3072 1 0
NULL->NULL : 3 0 3072 1 0
AT25->AT14 : 1 9488 1088 1 0
AT14->AT13 : 1 1025.06 8200.5 1 0
AT13->NULL : 1 512.531 512.531 1 0
AT14->AT25->AT30 : 3 67009.2 34458.2 1 0
AT25->AT30->AT14 : 3 66737.8 6531.81 1 0
AT30->AT14->AT25 : 2 43552.2 18096.5 1 0
AT25->AT14->AT25 : 1 23952 13632 1 0
AT30->AT14->AT13 : 1 9234.06 8713.56 1 0
AT14->AT25->AT30->AT14 : 3 68584 36071.8 1 0
AT25->AT30->AT14->AT25 : 2 70576.2 21474.5 1 0
AT30->AT14->AT25->AT30 : 2 60089.2 21206.8 1 0
AT25->AT14->AT25->AT30 : 1 33232 15440 1 0
AT25->AT30->AT14->AT13 : 1 21556.1 10253.8 1 0
AT25->AT30->AT14->AT25->AT30 : 2 87113.2 24584.8 1 0
AT14->AT25->AT30->AT14->AT25 : 2 71906.2 42754.5 1 0
AT30->AT14->AT25->AT30->AT14 : 2 61118 22240.3 1 0
AT25->AT14->AT25->AT30->AT14 : 1 33778 16020 1 0
AT14->AT25->AT30->AT14->AT13 : 1 22072.3 18513.8 1 0
AT14->AT25->AT30->AT14->AT25->AT30 : 2 88443.2 45864.8 1 0
AT25->AT30->AT14->AT25->AT30->AT14 : 2 88142 25618.3 1 0
AT25->AT14->AT25->AT30->AT14->AT25 : 1 46338 24756 1 0
AT30->AT14->AT25->AT30->AT14->AT25 : 1 43552.2 19666.5 1 0
AT30->AT14->AT25->AT30->AT14->AT13 : 1 30400.3 19034.3 1 0
AT14->AT25->AT30->AT14->AT25->AT30->AT14 : 2 89472 46898.3 1 0
AT25->AT30->AT14->AT25->AT30->AT14->AT25 : 1 58016.2 21474.5 1 0
AT25->AT14->AT25->AT30->AT14->AT25->AT30 : 1 54666 26326 1 0
AT30->AT14->AT25->AT30->AT14->AT25->AT30 : 1 51761.2 21206.8 1 0
AT25->AT30->AT14->AT25->AT30->AT14->AT13 : 1 42960.3 20604.3 1 0
AT25->AT30->AT14->AT25->AT30->AT14->AT25->AT30 : 1 66225.2 23014.8 1 0
AT14->AT25->AT30->AT14->AT25->AT30->AT14->AT25 : 1 58800.2 34018.5 1 0
AT25->AT14->AT25->AT30->AT14->AT25->AT30->AT14 : 1 55182.2 26846.5 1 0
AT30->AT14->AT25->AT30->AT14->AT25->AT30->AT14 : 1 52273.8 21719.8 1 0
AT14->AT25->AT30->AT14->AT25->AT30->AT14->AT13 : 1 43506.3 29340.3 1 0
AT25->AT14->AT25->AT30->AT14->AT25->AT30->AT14->AT25 : 1 67504.2 35106.5 1 0
AT14->AT25->AT30->AT14->AT25->AT30->AT14->AT25->AT30 : 1 67009.2 35558.8 1 0
AT25->AT30->AT14->AT25->AT30->AT14->AT25->AT30->AT14 : 1 66737.8 23527.8 1 0
AT30->AT14->AT25->AT30->AT14->AT25->AT30->AT14->AT13 : 1 52786.3 29920.3 1 0
AT25->AT14->AT25->AT30->AT14->AT25->AT30->AT14->AT25->AT30 : 1 75713.2 36646.8 1 0
AT14->AT25->AT30->AT14->AT25->AT30->AT14->AT25->AT30->AT14 : 1 67521.8 36071.8 1 0
AT25->AT30->AT14->AT25->AT30->AT14->AT25->AT30->AT14->AT13 : 1 67250.3 31728.3 1 0
AT25->AT14->AT25->AT30->AT14->AT25->AT30->AT14->AT25->AT30->AT14 : 1 76225.8 37159.8 1 0
AT14->AT25->AT30->AT14->AT25->AT30->AT14->AT25->AT30->AT14->AT13 : 1 68034.3 44272.3 1 0
AT25->AT14->AT25->AT30->AT14->AT25->AT30->AT14->AT25->AT30->AT14->AT13 : 1 76738.3 45360.3 1 0
