Profile Result: 
AT13 : 2 1041 0 1 0
AT14 : 5 2756 0 1 0
AT25 : 4 43160 0 1 0
AT26 : 1 544 0 1 0
AT30 : 3 25292 0 1 0
AT32 : 1 10880 0 1 0
NULL : 4 0 0 1 0
NULL->AT25 : 4 43160 4096 1 0
NULL->AT14 : 4 2092 4096 1 0
AT25->AT30 : 3 63588 4787 1 0
AT14->AT25 : 3 40011 27440 1 0
AT30->AT14 : 3 27000 1580.75 1 0
NULL->AT30 : 3 25292 3072 1 0
NULL->NULL : 3 0 3072 1 0
AT14->AT13 : 2 2082 16656 1 0
NULL->AT26 : 2 1088 2048 1 0
AT32->AT25 : 1 15744 544 1 0
AT26->AT32 : 1 11424 4352 1 0
AT32->AT14 : 1 11408 544 1 0
AT25->AT14 : 1 5528 608 1 0
AT13->AT14 : 1 1048 528 1 0
AT13->NULL : 1 513 513 1 0
AT14->AT25->AT30 : 3 65303 32227 1 0
AT25->AT30->AT14 : 3 65296 6367.75 1 0
AT30->AT14->AT25 : 2 44207 20186.8 1 0
AT25->AT14->AT25 : 1 19032 11232 1 0
AT32->AT25->AT14 : 1 16408 1152 1 0
AT26->AT32->AT25 : 1 16288 4896 1 0
AT13->AT14->AT25 : 1 13400 8848 1 0
AT26->AT32->AT14 : 1 11952 4896 1 0
AT32->AT14->AT13 : 1 11936 8992 1 0
AT30->AT14->AT13 : 1 9250 8722 1 0
AT14->AT13->AT14 : 1 1576 8976 1 0
AT14->AT25->AT30->AT14 : 3 67011 33807.8 1 0
AT25->AT30->AT14->AT25 : 2 70151 23429.8 1 0
AT30->AT14->AT25->AT30 : 2 61275 23429.8 1 0
AT32->AT25->AT14->AT25 : 1 29912 11776 1 0
AT25->AT14->AT25->AT30 : 1 27832 12920 1 0
AT13->AT14->AT25->AT30 : 1 21624 10392 1 0
AT25->AT30->AT14->AT13 : 1 21602 10266 1 0
AT26->AT32->AT25->AT14 : 1 16952 5504 1 0
AT14->AT13->AT14->AT25 : 1 13928 17296 1 0
AT26->AT32->AT14->AT13 : 1 12480 13344 1 0
AT32->AT14->AT13->AT14 : 1 12456 9520 1 0
AT25->AT30->AT14->AT25->AT30 : 2 87219 26672.8 1 0
AT14->AT25->AT30->AT14->AT25 : 2 71346 42549.8 1 0
AT30->AT14->AT25->AT30->AT14 : 2 62470 24496.5 1 0
AT32->AT25->AT14->AT25->AT30 : 1 38712 13464 1 0
AT26->AT32->AT25->AT14->AT25 : 1 30456 16128 1 0
AT25->AT14->AT25->AT30->AT14 : 1 28363 13470 1 0
AT32->AT14->AT13->AT14->AT25 : 1 24808 17840 1 0
AT14->AT13->AT14->AT25->AT30 : 1 22152 18840 1 0
AT13->AT14->AT25->AT30->AT14 : 1 22137 10906 1 0
AT14->AT25->AT30->AT14->AT13 : 1 22122 18586 1 0
AT26->AT32->AT14->AT13->AT14 : 1 13000 13872 1 0
AT14->AT25->AT30->AT14->AT25->AT30 : 2 88414 45792.8 1 0
AT25->AT30->AT14->AT25->AT30->AT14 : 2 88414 27739.5 1 0
AT30->AT14->AT25->AT30->AT14->AT25 : 2 88414 43616.5 1 0
AT25->AT14->AT25->AT30->AT14->AT25 : 1 40803 21966 1 0
AT26->AT32->AT25->AT14->AT25->AT30 : 1 39256 17816 1 0
AT32->AT25->AT14->AT25->AT30->AT14 : 1 39243 14014 1 0
AT32->AT14->AT13->AT14->AT25->AT30 : 1 33032 19384 1 0
AT26->AT32->AT14->AT13->AT14->AT25 : 1 25352 22192 1 0
AT14->AT13->AT14->AT25->AT30->AT14 : 1 22665 19354 1 0
AT13->AT14->AT25->AT30->AT14->AT13 : 1 22650 19114 1 0
AT32->AT25->AT14->AT25->AT30->AT14->AT25 : 1 51683 22510 1 0
AT25->AT14->AT25->AT30->AT14->AT25->AT30 : 1 49071 23521 1 0
AT26->AT32->AT25->AT14->AT25->AT30->AT14 : 1 39787 18366 1 0
AT26->AT32->AT14->AT13->AT14->AT25->AT30 : 1 33576 23736 1 0
AT32->AT14->AT13->AT14->AT25->AT30->AT14 : 1 33545 19898 1 0
AT14->AT13->AT14->AT25->AT30->AT14->AT13 : 1 23178 27562 1 0
AT32->AT25->AT14->AT25->AT30->AT14->AT25->AT30 : 1 59951 24065 1 0
AT26->AT32->AT25->AT14->AT25->AT30->AT14->AT25 : 1 52227 26862 1 0
AT26->AT32->AT14->AT13->AT14->AT25->AT30->AT14 : 1 34089 24250 1 0
AT32->AT14->AT13->AT14->AT25->AT30->AT14->AT13 : 1 34058 28106 1 0
AT26->AT32->AT25->AT14->AT25->AT30->AT14->AT25->AT30 : 1 60495 28417 1 0
AT26->AT32->AT14->AT13->AT14->AT25->AT30->AT14->AT13 : 1 34602 32458 1 0
