Profile Result: 
AT22 : 1 24576 0 1 0
AT23 : 2 2432 0 1 0
AT26 : 1 416 0 1 0
AT27 : 1 768 0 1 0
NULL : 3 0 0 1 0
AT23->NULL : 3 3584 5888 1 0
NULL->AT23 : 2 2432 2048 1 0
NULL->AT27 : 2 1536 2048 1 0
NULL->NULL : 2 0 3040 1 0
AT22->AT23 : 1 25856 3072 1 0
AT27->AT22 : 1 25344 6144 1 0
AT23->AT23 : 1 2432 2560 1 0
AT27->AT26 : 1 1184 768 1 0
AT26->NULL : 1 416 3328 1 0
NULL->AT26 : 1 416 1024 1 0
AT22->AT23->AT23 : 1 27008 5632 1 0
AT27->AT22->AT23 : 1 26624 9216 1 0
AT27->AT22->AT23->AT23 : 1 27776 11776 1 0
