Profile Result: 
AT14 : 1 456 0 1 0
AT25 : 2 20544 0 1 0
AT30 : 2 14368 0 1 0
AT41 : 1 6260 0 1 0
NULL : 2 0 0 1 0
NULL->AT25 : 3 29248 3072 1 0
AT25->AT30 : 2 34912 2568 1 0
NULL->AT30 : 2 14368 2048 1 0
AT30->AT41 : 1 14228 498 1 0
AT14->AT25 : 1 12296 7296 1 0
AT30->AT14 : 1 6856 400 1 0
AT41->NULL : 1 6260 1252 1 0
NULL->AT41 : 1 6260 1024 1 0
NULL->AT14 : 1 456 1024 1 0
NULL->NULL : 1 0 1024 1 0
AT25->AT30->AT41 : 1 26068 1978 1 0
AT14->AT25->AT30 : 1 20264 8776 1 0
AT30->AT14->AT25 : 1 18696 7696 1 0
AT25->AT30->AT14 : 1 15560 1488 1 0
AT25->AT30->AT14->AT25 : 1 27400 8784 1 0
AT30->AT14->AT25->AT30 : 1 26664 9176 1 0
AT14->AT25->AT30->AT41 : 1 26524 9274 1 0
AT25->AT30->AT14->AT25->AT30 : 1 35368 10264 1 0
AT30->AT14->AT25->AT30->AT41 : 1 32924 9674 1 0
AT25->AT30->AT14->AT25->AT30->AT41 : 1 41628 10762 1 0
