Profile Result: 
AT13 : 1 784 0 1 0
AT14 : 3 1900.25 0 1 0
AT23 : 1 849 0 1 0
AT24 : 1 6792 0 1 0
AT25 : 3 34018 0 1 0
AT30 : 1 8736 0 1 0
AT41 : 1 6740 0 1 0
NULL : 3 0 0 1 0
NULL->AT25 : 4 42722 4096 1 0
AT14->AT25 : 2 26430.2 17860 1 0
NULL->AT14 : 2 1252.25 2048 1 0
NULL->NULL : 2 0 2048 1 0
AT25->AT30 : 1 22112 1672 1 0
AT24->AT30 : 1 15528 1698 1 0
AT30->AT41 : 1 15476 546 1 0
AT25->NULL : 1 11938 1492.25 1 0
AT25->AT14 : 1 9488 1088 1 0
AT23->AT24 : 1 7641 1698 1 0
AT41->AT23 : 1 7589 1348 1 0
AT24->AT14 : 1 7260.25 424.5 1 0
NULL->AT41 : 1 6740 1024 1 0
AT14->AT13 : 1 1568 12544 1 0
AT23->AT14 : 1 1497 849 1 0
AT13->AT14 : 1 1432 784 1 0
NULL->AT23 : 1 849 1024 1 0
AT25->AT30->AT41 : 1 28852 2218 1 0
AT14->AT25->AT30 : 1 22760 12040 1 0
AT24->AT30->AT41 : 1 22268 2244 1 0
AT24->AT14->AT25 : 1 19198.2 7916.5 1 0
AT23->AT24->AT30 : 1 16377 3396 1 0
AT30->AT41->AT23 : 1 16325 1894 1 0
AT23->AT14->AT25 : 1 14873 11217 1 0
AT13->AT14->AT25 : 1 14808 11152 1 0
AT41->AT23->AT24 : 1 14381 3046 1 0
AT25->AT14->AT13 : 1 10272 13632 1 0
AT41->AT23->AT14 : 1 8237 2197 1 0
AT23->AT24->AT14 : 1 8109.25 2122.5 1 0
AT14->AT13->AT14 : 1 2216 13328 1 0
AT25->AT30->AT41->AT23 : 1 29701 3566 1 0
AT14->AT25->AT30->AT41 : 1 29500 12586 1 0
AT23->AT14->AT25->AT30 : 1 23609 12889 1 0
AT13->AT14->AT25->AT30 : 1 23544 12824 1 0
AT30->AT41->AT23->AT24 : 1 23117 3592 1 0
AT41->AT23->AT24->AT30 : 1 23117 4744 1 0
AT23->AT24->AT30->AT41 : 1 23117 3942 1 0
AT24->AT30->AT41->AT23 : 1 23117 3592 1 0
AT41->AT23->AT14->AT25 : 1 21613 12565 1 0
AT23->AT24->AT14->AT25 : 1 20047.2 9614.5 1 0
AT30->AT41->AT23->AT14 : 1 16973 2743 1 0
AT14->AT13->AT14->AT25 : 1 15592 23696 1 0
AT41->AT23->AT24->AT14 : 1 14849.2 3470.5 1 0
AT25->AT14->AT13->AT14 : 1 10920 14416 1 0
AT25->AT30->AT41->AT23->AT24 : 1 36493 5264 1 0
AT14->AT25->AT30->AT41->AT23 : 1 30349 13934 1 0
AT25->AT30->AT41->AT23->AT14 : 1 30349 4415 1 0
AT30->AT41->AT23->AT14->AT25 : 1 30349 13111 1 0
AT41->AT23->AT14->AT25->AT30 : 1 30349 14237 1 0
AT23->AT14->AT25->AT30->AT41 : 1 30349 13435 1 0
AT13->AT14->AT25->AT30->AT41 : 1 30284 13370 1 0
AT41->AT23->AT24->AT14->AT25 : 1 26787.2 10962.5 1 0
AT14->AT13->AT14->AT25->AT30 : 1 24328 25368 1 0
AT25->AT14->AT13->AT14->AT25 : 1 24296 24784 1 0
AT24->AT30->AT41->AT23->AT14 : 1 23765 4441 1 0
AT30->AT41->AT23->AT24->AT14 : 1 23585.2 4016.5 1 0
AT14->AT25->AT30->AT41->AT23->AT24 : 1 37141 15632 1 0
AT24->AT30->AT41->AT23->AT14->AT25 : 1 37141 14809 1 0
AT25->AT30->AT41->AT23->AT24->AT14 : 1 36961.2 5688.5 1 0
AT30->AT41->AT23->AT24->AT14->AT25 : 1 35523.2 11508.5 1 0
AT25->AT14->AT13->AT14->AT25->AT30 : 1 33032 26456 1 0
AT13->AT14->AT25->AT30->AT41->AT23 : 1 31133 14718 1 0
AT14->AT13->AT14->AT25->AT30->AT41 : 1 31068 25914 1 0
AT25->AT30->AT41->AT23->AT24->AT14->AT25 : 1 48899.2 13180.5 1 0
AT25->AT14->AT13->AT14->AT25->AT30->AT41 : 1 39772 27002 1 0
AT13->AT14->AT25->AT30->AT41->AT23->AT24 : 1 37925 16416 1 0
AT14->AT25->AT30->AT41->AT23->AT24->AT14 : 1 37609.2 16056.5 1 0
AT14->AT13->AT14->AT25->AT30->AT41->AT23 : 1 31917 27262 1 0
AT14->AT25->AT30->AT41->AT23->AT24->AT14->AT25 : 1 49547.2 23548.5 1 0
AT25->AT14->AT13->AT14->AT25->AT30->AT41->AT23 : 1 40621 28350 1 0
AT14->AT13->AT14->AT25->AT30->AT41->AT23->AT24 : 1 38709 28960 1 0
AT13->AT14->AT25->AT30->AT41->AT23->AT24->AT14 : 1 38393.2 16840.5 1 0
AT13->AT14->AT25->AT30->AT41->AT23->AT24->AT14->AT25 : 1 50331.2 24332.5 1 0
AT25->AT14->AT13->AT14->AT25->AT30->AT41->AT23->AT24 : 1 47413 30048 1 0
AT14->AT13->AT14->AT25->AT30->AT41->AT23->AT24->AT14 : 1 39177.2 29384.5 1 0
AT14->AT13->AT14->AT25->AT30->AT41->AT23->AT24->AT14->AT25 : 1 51115.2 36876.5 1 0
AT25->AT14->AT13->AT14->AT25->AT30->AT41->AT23->AT24->AT14 : 1 47881.2 30472.5 1 0
AT25->AT14->AT13->AT14->AT25->AT30->AT41->AT23->AT24->AT14->AT25 : 1 59819.2 37964.5 1 0
