Profile Result: 
AT14 : 2 916 0 1 0
AT16 : 1 1792 0 1 0
AT19 : 1 5632 0 1 0
AT22 : 1 4096 0 1 0
AT23 : 1 640 0 1 0
AT24 : 2 8704 0 1 0
AT25 : 2 23712 0 1 0
AT30 : 2 12560 0 1 0
NULL : 3 0 0 1 0
AT14->AT25 : 2 24628 14656 1 0
NULL->AT25 : 2 23712 2048 1 0
NULL->NULL : 2 0 1381.67 1 0
AT25->AT30 : 1 20272 1540 1 0
AT25->AT14 : 1 11908 1424 1 0
AT24->AT30 : 1 11536 896 1 0
AT19->AT30 : 1 10240 704 1 0
AT30->NULL : 1 7952 497 1 0
AT16->AT19 : 1 7424 448 1 0
AT24->AT16 : 1 6912 1280 1 0
AT23->AT24 : 1 5760 1280 1 0
AT24->AT14 : 1 5636 320 1 0
AT19->NULL : 1 5632 352 1 0
NULL->AT19 : 1 5632 1024 1 0
AT16->AT24 : 1 5376 896 1 0
AT23->AT30 : 1 5248 640 1 0
AT30->AT14 : 1 5008 288 1 0
AT22->AT23 : 1 4736 512 1 0
NULL->AT22 : 1 4096 1024 1 0
AT24->NULL : 1 3584 224 1 0
NULL->AT16 : 1 1792 1024 1 0
NULL->AT23 : 1 640 1024 1 0
NULL->AT14 : 1 400 1024 1 0
AT25->AT14->AT25 : 1 24228 9680 1 0
AT14->AT25->AT30 : 1 20788 9796 1 0
AT24->AT14->AT25 : 1 17956 8576 1 0
AT30->AT14->AT25 : 1 16400 6688 1 0
AT16->AT24->AT30 : 1 13328 1792 1 0
AT24->AT16->AT19 : 1 12544 1728 1 0
AT14->AT25->AT14 : 1 12308 7824 1 0
AT16->AT19->AT30 : 1 12032 1152 1 0
AT19->AT30->AT14 : 1 10640 992 1 0
AT24->AT16->AT24 : 1 10496 2176 1 0
AT22->AT23->AT24 : 1 9856 1792 1 0
AT22->AT23->AT30 : 1 9344 1152 1 0
AT23->AT24->AT16 : 1 7552 2560 1 0
AT23->AT24->AT14 : 1 6276 1600 1 0
AT23->AT30->AT14 : 1 5648 928 1 0
AT25->AT14->AT25->AT30 : 1 32180 11220 1 0
AT24->AT14->AT25->AT30 : 1 25908 10116 1 0
AT14->AT25->AT14->AT25 : 1 24628 16080 1 0
AT19->AT30->AT14->AT25 : 1 22032 7392 1 0
AT23->AT24->AT14->AT25 : 1 18596 9856 1 0
AT24->AT16->AT24->AT30 : 1 18448 3072 1 0
AT24->AT16->AT19->AT30 : 1 17152 2432 1 0
AT23->AT30->AT14->AT25 : 1 17040 7328 1 0
AT30->AT14->AT25->AT14 : 1 16916 8112 1 0
AT23->AT24->AT16->AT19 : 1 13184 3008 1 0
AT16->AT19->AT30->AT14 : 1 12432 1440 1 0
AT22->AT23->AT24->AT16 : 1 11648 3072 1 0
AT23->AT24->AT16->AT24 : 1 11136 3456 1 0
AT22->AT23->AT24->AT14 : 1 10372 2112 1 0
AT22->AT23->AT30->AT14 : 1 9744 1440 1 0
AT14->AT25->AT14->AT25->AT30 : 1 32580 17620 1 0
AT30->AT14->AT25->AT14->AT25 : 1 29236 16368 1 0
AT23->AT24->AT14->AT25->AT30 : 1 26548 11396 1 0
AT16->AT19->AT30->AT14->AT25 : 1 23824 7840 1 0
AT22->AT23->AT24->AT14->AT25 : 1 22692 10368 1 0
AT19->AT30->AT14->AT25->AT14 : 1 22548 8816 1 0
AT22->AT23->AT30->AT14->AT25 : 1 21136 7840 1 0
AT23->AT24->AT16->AT24->AT30 : 1 19088 4352 1 0
AT23->AT24->AT16->AT19->AT30 : 1 17792 3712 1 0
AT23->AT30->AT14->AT25->AT14 : 1 17556 8752 1 0
AT24->AT16->AT19->AT30->AT14 : 1 17552 2720 1 0
AT22->AT23->AT24->AT16->AT19 : 1 17280 3520 1 0
AT22->AT23->AT24->AT16->AT24 : 1 15232 3968 1 0
AT30->AT14->AT25->AT14->AT25->AT30 : 1 37188 17908 1 0
AT19->AT30->AT14->AT25->AT14->AT25 : 1 34868 17072 1 0
AT22->AT23->AT24->AT14->AT25->AT30 : 1 30644 11908 1 0
AT23->AT30->AT14->AT25->AT14->AT25 : 1 29876 17008 1 0
AT24->AT16->AT19->AT30->AT14->AT25 : 1 28944 9120 1 0
AT16->AT19->AT30->AT14->AT25->AT14 : 1 24340 9264 1 0
AT22->AT23->AT24->AT16->AT24->AT30 : 1 23184 4864 1 0
AT22->AT23->AT24->AT16->AT19->AT30 : 1 21888 4224 1 0
AT22->AT23->AT30->AT14->AT25->AT14 : 1 21652 9264 1 0
AT23->AT24->AT16->AT19->AT30->AT14 : 1 18192 4000 1 0
AT19->AT30->AT14->AT25->AT14->AT25->AT30 : 1 42820 18612 1 0
AT23->AT30->AT14->AT25->AT14->AT25->AT30 : 1 37828 18548 1 0
AT16->AT19->AT30->AT14->AT25->AT14->AT25 : 1 36660 17520 1 0
AT22->AT23->AT30->AT14->AT25->AT14->AT25 : 1 33972 17520 1 0
AT23->AT24->AT16->AT19->AT30->AT14->AT25 : 1 29584 10400 1 0
AT24->AT16->AT19->AT30->AT14->AT25->AT14 : 1 29460 10544 1 0
AT22->AT23->AT24->AT16->AT19->AT30->AT14 : 1 22288 4512 1 0
AT16->AT19->AT30->AT14->AT25->AT14->AT25->AT30 : 1 44612 19060 1 0
AT22->AT23->AT30->AT14->AT25->AT14->AT25->AT30 : 1 41924 19060 1 0
AT24->AT16->AT19->AT30->AT14->AT25->AT14->AT25 : 1 41780 18800 1 0
AT22->AT23->AT24->AT16->AT19->AT30->AT14->AT25 : 1 33680 10912 1 0
AT23->AT24->AT16->AT19->AT30->AT14->AT25->AT14 : 1 30100 11824 1 0
AT24->AT16->AT19->AT30->AT14->AT25->AT14->AT25->AT30 : 1 49732 20340 1 0
AT23->AT24->AT16->AT19->AT30->AT14->AT25->AT14->AT25 : 1 42420 20080 1 0
AT22->AT23->AT24->AT16->AT19->AT30->AT14->AT25->AT14 : 1 34196 12336 1 0
AT23->AT24->AT16->AT19->AT30->AT14->AT25->AT14->AT25->AT30 : 1 50372 21620 1 0
AT22->AT23->AT24->AT16->AT19->AT30->AT14->AT25->AT14->AT25 : 1 46516 20592 1 0
AT22->AT23->AT24->AT16->AT19->AT30->AT14->AT25->AT14->AT25->AT30 : 1 54468 22132 1 0
