Profile Result: 
AT13 : 1 448 0 1 0
AT14 : 3 1436 0 1 0
AT18 : 1 1536 0 1 0
AT25 : 2 24288 0 1 0
AT30 : 2 16240 0 1 0
NULL : 3 0 0 1 0
NULL->AT14 : 3 1436 3072 1 0
AT25->AT30 : 2 40528 3036 1 0
AT14->AT25 : 2 25276 15808 1 0
NULL->AT25 : 2 24288 2048 1 0
NULL->AT30 : 2 16240 2048 1 0
NULL->AT18 : 2 3072 2048 1 0
NULL->NULL : 2 0 2048 1 0
AT30->AT14 : 1 8572 504 1 0
AT30->NULL : 1 8176 511 1 0
AT18->AT14 : 1 1984 384 1 0
AT13->AT14 : 1 928 448 1 0
AT14->AT13 : 1 896 7168 1 0
AT14->AT25->AT30 : 2 41516 18844 1 0
AT30->AT14->AT25 : 1 20828 8632 1 0
AT25->AT30->AT14 : 1 20604 2008 1 0
AT13->AT14->AT25 : 1 12960 8128 1 0
AT18->AT14->AT13 : 1 2432 7552 1 0
AT14->AT13->AT14 : 1 1376 7616 1 0
AT25->AT30->AT14->AT25 : 1 32860 10136 1 0
AT30->AT14->AT25->AT30 : 1 29004 10164 1 0
AT14->AT25->AT30->AT14 : 1 21084 9688 1 0
AT13->AT14->AT25->AT30 : 1 21024 9632 1 0
AT14->AT13->AT14->AT25 : 1 13408 15296 1 0
AT18->AT14->AT13->AT14 : 1 2912 8000 1 0
AT25->AT30->AT14->AT25->AT30 : 1 41036 11668 1 0
AT14->AT25->AT30->AT14->AT25 : 1 33340 17816 1 0
AT13->AT14->AT25->AT30->AT14 : 1 21532 10136 1 0
AT14->AT13->AT14->AT25->AT30 : 1 21472 16800 1 0
AT18->AT14->AT13->AT14->AT25 : 1 14944 15680 1 0
AT14->AT25->AT30->AT14->AT25->AT30 : 1 41516 19348 1 0
AT13->AT14->AT25->AT30->AT14->AT25 : 1 33788 18264 1 0
AT18->AT14->AT13->AT14->AT25->AT30 : 1 23008 17184 1 0
AT14->AT13->AT14->AT25->AT30->AT14 : 1 21980 17304 1 0
AT13->AT14->AT25->AT30->AT14->AT25->AT30 : 1 41964 19796 1 0
AT14->AT13->AT14->AT25->AT30->AT14->AT25 : 1 34236 25432 1 0
AT18->AT14->AT13->AT14->AT25->AT30->AT14 : 1 23516 17688 1 0
AT14->AT13->AT14->AT25->AT30->AT14->AT25->AT30 : 1 42412 26964 1 0
AT18->AT14->AT13->AT14->AT25->AT30->AT14->AT25 : 1 35772 25816 1 0
AT18->AT14->AT13->AT14->AT25->AT30->AT14->AT25->AT30 : 1 43948 27348 1 0
