Profile Result: 
AT13 : 1 768 0 1 0
AT14 : 1 640 0 1 0
AT25 : 1 13312 0 1 0
AT30 : 1 8192 0 1 0
AT31 : 1 6144 0 1 0
NULL : 3 0 0 1 0
NULL->AT31 : 2 12288 2048 1 0
NULL->NULL : 2 0 2112 1 0
AT31->AT30 : 1 14336 1536 1 0
AT14->AT25 : 1 13952 10240 1 0
AT25->NULL : 1 13312 1664 1 0
NULL->AT25 : 1 13312 1024 1 0
AT30->NULL : 1 8192 512 1 0
NULL->AT30 : 1 8192 1024 1 0
AT31->AT13 : 1 6912 12288 1 0
AT13->AT14 : 1 1408 768 1 0
NULL->AT14 : 1 640 1024 1 0
AT13->AT14->AT25 : 1 14720 11008 1 0
AT31->AT13->AT14 : 1 7552 13056 1 0
AT31->AT13->AT14->AT25 : 1 20864 23296 1 0
