Profile Result: 
AT14 : 1 584 0 1 0
AT16 : 1 1536 0 1 0
AT18 : 1 1728 0 1 0
AT21 : 1 608 0 1 0
AT23 : 2 1824 0 1 0
AT24 : 1 5632 0 1 0
AT25 : 1 13056 0 1 0
AT33 : 1 24320 0 1 0
NULL : 4 0 0 1 0
AT23->NULL : 3 2944 5184 1 0
NULL->NULL : 3 0 4910 1 0
NULL->AT16 : 2 3072 2048 1 0
NULL->AT23 : 2 1824 2048 1 0
AT33->AT25 : 1 37376 9728 1 0
AT16->AT33 : 1 25856 384 1 0
AT33->AT21 : 1 24928 9728 1 0
NULL->AT33 : 1 24320 1024 1 0
AT25->AT14 : 1 13640 1632 1 0
NULL->AT25 : 1 13056 1024 1 0
AT24->AT18 : 1 7360 1408 1 0
AT23->AT24 : 1 6336 1408 1 0
AT24->AT14 : 1 6216 352 1 0
AT16->AT23 : 1 2240 768 1 0
AT21->AT23 : 1 1728 2432 1 0
AT18->NULL : 1 1728 432 1 0
NULL->AT18 : 1 1728 1024 1 0
AT14->NULL : 1 584 9344 1 0
AT16->AT33->AT25 : 1 38912 10112 1 0
AT33->AT25->AT14 : 1 37960 11360 1 0
AT16->AT33->AT21 : 1 26464 10112 1 0
AT33->AT21->AT23 : 1 26048 12160 1 0
AT23->AT24->AT18 : 1 8064 2816 1 0
AT16->AT23->AT24 : 1 7872 2176 1 0
AT23->AT24->AT14 : 1 6920 1760 1 0
AT16->AT33->AT25->AT14 : 1 39496 11744 1 0
AT16->AT33->AT21->AT23 : 1 27584 12544 1 0
AT16->AT23->AT24->AT18 : 1 9600 3584 1 0
AT16->AT23->AT24->AT14 : 1 8456 2528 1 0
