Profile Result: 
AT16 : 1 1536 0 1 0
AT19 : 3 14080 0 1 0
AT23 : 2 1568 0 1 0
AT24 : 1 6912 0 1 0
AT30 : 1 6272 0 1 0
NULL : 4 0 0 1 0
NULL->AT19 : 3 14080 3072 1 0
AT19->NULL : 3 13312 1120 1 0
NULL->NULL : 3 0 2075.33 1 0
AT19->AT19 : 2 18688 608 1 0
NULL->AT23 : 2 1568 2048 1 0
AT24->AT30 : 1 13184 1728 1 0
AT23->AT24 : 1 7776 1728 1 0
AT23->AT30 : 1 6976 704 1 0
AT24->NULL : 1 6912 432 1 0
AT16->AT19 : 1 6656 384 1 0
AT19->AT16 : 1 6656 640 1 0
AT30->NULL : 1 6272 392 1 0
AT16->AT23 : 1 2240 768 1 0
AT23->AT23 : 1 1568 1408 1 0
NULL->AT16 : 1 1536 1024 1 0
AT23->NULL : 1 864 864 1 0
AT19->AT19->AT19 : 1 14080 608 1 0
AT23->AT24->AT30 : 1 14048 3456 1 0
AT16->AT19->AT19 : 1 11264 704 1 0
AT16->AT23->AT30 : 1 8512 1472 1 0
AT23->AT23->AT24 : 1 8480 3136 1 0
AT19->AT16->AT23 : 1 7360 1408 1 0
AT16->AT23->AT23 : 1 3104 2176 1 0
AT16->AT19->AT19->AT19 : 1 15616 992 1 0
AT23->AT23->AT24->AT30 : 1 14752 4864 1 0
AT19->AT16->AT23->AT30 : 1 13632 2112 1 0
AT16->AT23->AT23->AT24 : 1 10016 3904 1 0
AT19->AT16->AT23->AT23 : 1 8224 2816 1 0
AT16->AT23->AT23->AT24->AT30 : 1 16288 5632 1 0
AT19->AT16->AT23->AT23->AT24 : 1 15136 4544 1 0
AT19->AT16->AT23->AT23->AT24->AT30 : 1 21408 6272 1 0
