Profile Result: 
AT19 : 7 40864 0 1 0
AT30 : 3 18048 0 1 0
NULL : 7 0 0 1 0
NULL->AT19 : 8 51104 8192 1 0
AT19->AT19 : 6 67296 2292 1 0
NULL->NULL : 6 0 4484 1 0
AT19->NULL : 5 22016 2228 1 0
AT19->AT30 : 3 41088 2880 1 0
AT30->NULL : 3 18048 1128 1 0
NULL->AT30 : 3 18048 3072 1 0
AT19->AT19->AT19 : 5 82272 3676 1 0
AT19->AT19->AT30 : 2 41600 2688 1 0
AT19->AT19->AT19->AT19 : 4 87136 4332 1 0
AT19->AT19->AT19->AT30 : 1 28544 1792 1 0
AT19->AT19->AT19->AT19->AT19 : 3 82272 4332 1 0
AT19->AT19->AT19->AT19->AT19->AT19 : 2 67296 3676 1 0
AT19->AT19->AT19->AT19->AT19->AT19->AT19 : 1 40864 2292 1 0
