Profile Result: 
AT14 : 2 952 0 1 0
AT18 : 1 1536 0 1 0
AT25 : 2 24000 0 1 0
AT30 : 2 16096 0 1 0
NULL : 3 0 0 1 0
AT25->AT30 : 2 40096 3000 1 0
AT14->AT25 : 2 24952 15232 1 0
NULL->AT25 : 2 24000 2048 1 0
NULL->AT30 : 2 16096 2048 1 0
NULL->AT18 : 2 3072 2048 1 0
NULL->AT14 : 2 952 2048 1 0
NULL->NULL : 2 0 2048 1 0
AT30->AT14 : 1 8440 496 1 0
AT30->NULL : 1 8160 510 1 0
AT18->AT14 : 1 1984 384 1 0
AT14->AT25->AT30 : 2 41048 18232 1 0
AT30->AT14->AT25 : 1 20664 8560 1 0
AT25->AT30->AT14 : 1 20216 1968 1 0
AT18->AT14->AT25 : 1 13760 7552 1 0
AT25->AT30->AT14->AT25 : 1 32440 10032 1 0
AT30->AT14->AT25->AT30 : 1 28824 10088 1 0
AT18->AT14->AT25->AT30 : 1 21696 9024 1 0
AT14->AT25->AT30->AT14 : 1 20664 9136 1 0
AT25->AT30->AT14->AT25->AT30 : 1 40600 11560 1 0
AT14->AT25->AT30->AT14->AT25 : 1 32888 17200 1 0
AT18->AT14->AT25->AT30->AT14 : 1 22200 9520 1 0
AT14->AT25->AT30->AT14->AT25->AT30 : 1 41048 18728 1 0
AT18->AT14->AT25->AT30->AT14->AT25 : 1 34424 17584 1 0
AT18->AT14->AT25->AT30->AT14->AT25->AT30 : 1 42584 19112 1 0
