
HW: 1
12 15 17 18 18 21 22 22 23 25 26 26 28 29 30 30 30 30 30 30 

HW: 2
18 37 46 56 69 78 83 85 91 92 95 100 100 105 106 111 116 121 123 125 

HW: 3
27 67 102 134 148 158 174 196 219 228 234 238 246 261 272 279 287 291 296 302 

HW: 4
27 89 126 174 200 233 252 288 305 319 336 352 380 398 422 443 459 474 487 501 

HW: 5
29 102 148 194 235 277 309 344 377 410 430 455 485 512 541 573 604 634 651 670 

HW: 6
30 163 214 256 294 332 385 436 468 525 562 595 653 708 762 797 853 892 929 977 

HW: 7
30 158 212 294 334 379 459 493 550 587 639 706 745 789 837 870 914 959 1007 1040 

HW: 8
28 153 223 307 357 458 504 587 648 677 745 776 822 867 904 952 1001 1061 1103 1141 

HW: 9
30 159 214 332 391 480 534 636 694 749 817 850 924 980 1055 1104 1175 1262 1332 1391 

HW: 10
28 198 253 324 426 504 561 649 719 775 856 928 988 1044 1123 1197 1266 1352 1415 1464 

HW: 11
30 271 339 447 525 684 735 817 874 972 1053 1118 1231 1297 1374 1435 1534 1602 1663 1752 

HW: 12
30 263 323 443 558 622 746 818 881 949 1044 1133 1202 1344 1418 1482 1547 1629 1732 1803 

HW: 13
30 328 384 495 630 751 833 980 1083 1190 1288 1409 1495 1597 1646 1770 1859 1949 2036 2157 

HW: 14
30 342 394 556 635 766 831 934 1054 1162 1281 1390 1485 1578 1635 1773 1840 1949 2021 2152 

HW: 15
30 359 406 608 715 886 958 1082 1180 1281 1399 1502 1619 1746 1823 1933 2045 2152 2257 2402 

HW: 16
30 363 413 637 733 842 943 1081 1169 1277 1392 1496 1597 1711 1815 1926 2029 2122 2201 2315 

HW: 17
30 330 403 546 705 809 1001 1084 1227 1305 1505 1612 1756 1871 1999 2092 2212 2293 2418 2534 

HW: 18
30 308 401 605 722 881 963 1069 1182 1274 1392 1512 1627 1699 1812 1877 1994 2116 2231 2377 

HW: 19
30 301 369 518 638 772 884 1003 1115 1239 1381 1459 1613 1696 1795 1930 2035 2155 2224 2326 

