
Generation: 0
2.72548 5.62147 6.66978 7.05477 8.66649 10.1297 11.178 12.5196 14.7382 15.4808 16.2846 17.9271 17.8208 19.4252 20.6135 21.5587 22.2697 23.2109 23.7053 

Generation: 1
2.72548 5.62147 6.96308 8.01138 8.66649 10.1297 12.3246 13.6899 14.7382 16.0731 17.4047 18.5748 19.5094 20.139 21.0084 21.8374 22.5258 23.4842 24.1251 

Generation: 2
2.72548 5.62147 6.96308 8.01138 8.66649 10.1297 12.3246 13.6899 14.7382 16.0731 17.4047 18.5748 19.5094 20.139 21.0084 21.8374 22.5258 23.4842 24.1251 

Generation: 3
2.72548 5.62147 6.96308 8.01138 8.66649 10.1297 12.3246 13.6899 14.8574 16.0731 17.4047 18.5748 19.5094 20.2874 21.0084 21.8374 22.546 23.4842 24.1251 

Generation: 4
2.72548 5.62147 6.96308 8.01138 8.66649 10.1297 12.3246 13.6899 15.0248 16.0731 17.4047 18.5748 19.5094 20.2874 21.0084 21.8374 22.7205 23.4842 24.1251 

Generation: 5
2.72548 5.62147 6.96308 8.01138 8.66649 10.1297 12.3246 13.6899 15.0248 16.0731 17.4047 18.5748 19.5094 20.2956 21.0736 21.8374 22.7205 23.4842 24.1251 

Generation: 6
2.72548 5.62147 6.96308 8.01138 8.66649 10.1297 12.3246 13.6899 15.0248 16.0731 17.4047 18.5748 19.5094 20.2956 21.0736 21.8374 22.7205 23.4842 24.1251 

Generation: 7
2.72548 5.62147 6.96308 8.17634 8.66649 10.1297 12.3246 13.6899 15.0248 16.0731 17.4047 18.5748 19.5094 20.2956 21.0736 21.8374 22.7205 23.4842 24.1251 

Generation: 8
2.72548 5.62147 6.96308 8.17634 8.66649 10.1297 12.3246 13.6899 15.0248 16.0731 17.4047 18.5748 19.5094 20.2956 21.0736 21.8374 22.7205 23.4842 24.1251 

Generation: 9
2.72548 5.62147 6.96308 8.17634 8.66649 10.1297 12.3246 13.6899 15.0248 16.0731 17.4047 18.5748 19.5094 20.2956 21.0736 21.8374 22.7205 23.4842 24.1251 

Generation: 10
2.72548 5.62147 6.96308 8.17634 8.66649 10.1297 12.3246 13.6899 15.0248 16.0731 17.4047 18.5748 19.5094 20.2956 21.0736 21.8374 22.7205 23.4842 24.1251 

Generation: 11
2.72548 5.62147 6.96308 8.17634 8.66649 10.1297 12.3246 13.6899 15.0248 16.0731 17.4047 18.5748 19.5094 20.2956 21.0736 21.8374 22.7205 23.4842 24.1251 

Generation: 12
2.72548 5.62147 6.96308 8.17634 8.66649 10.1297 12.3246 13.6899 15.0248 16.0731 17.4047 18.5748 19.5094 20.2956 21.0736 21.8374 22.7205 23.4842 24.1251 

Generation: 13
2.72548 5.62147 6.96308 8.17634 8.66649 10.1297 12.3246 13.6899 15.0248 16.0731 17.4047 18.5748 19.5094 20.2956 21.0736 21.8374 22.7205 23.4842 24.1251 

Generation: 14
2.72548 5.62147 6.96308 8.17634 8.66649 10.1297 12.3246 13.6899 15.0248 16.0731 17.4047 18.5748 19.5094 20.2956 21.0736 21.8374 22.7205 23.4842 24.1251 

Generation: 15
2.72548 5.62147 6.96308 8.17634 8.87615 10.1297 12.3246 13.6899 15.0248 16.0731 17.4047 18.5748 19.5094 20.2956 21.0736 21.8374 22.7205 23.4842 24.1251 

Generation: 16
2.72548 5.62147 6.96308 8.17634 8.87615 10.1297 12.3246 13.6899 15.0248 16.1922 17.4047 18.5748 19.5094 20.2956 21.0736 21.8374 22.7205 23.4842 24.1251 

Generation: 17
2.72548 5.62147 6.96308 8.17634 8.87615 10.1297 12.3246 13.6899 15.0248 16.1922 17.4047 18.5748 19.5094 20.2956 21.0736 21.8374 22.7205 23.4842 24.1251 

Generation: 18
2.72548 5.62147 6.96308 8.17634 8.87615 10.1297 12.3246 13.6899 15.0248 16.1922 17.4047 18.5748 19.5094 20.2956 21.0736 21.8374 22.7205 23.4842 24.1251 

Generation: 19
2.72548 5.62147 6.96308 8.17634 8.87615 10.1297 12.3246 13.6899 15.0248 16.1922 17.4047 18.5748 19.5094 20.2956 21.0736 21.8374 22.7205 23.4842 24.1251 

