
1
1519829221120185415
1519829229576606810
2
1519829229581333984
1519829238113834482
3
1519829238118722340
1519829246860761076
4
1519829246865707363
1519829255910471890
5
1519829255916652190
1519829265135136149
6
1519829265140320940
1519829274793141334
7
1519829274798107120
1519829284756762740
8
1519829284761928944
1519829295053791649
9
1519829295057952769
1519829305787593041
10
1519829305792822769
1519829316726159942
11
1519829316731044231
1519829328237132188
12
1519829328242219047
1519829340029198317
13
1519829340034033741
1519829352576122605
14
1519829352581325497
1519829365396871215
15
1519829365402581220
1519829378800581233
16
1519829378805951201
1519829392375389859
17
1519829392380272951
1519829406578546172
18
1519829406586516897
1519829420729695739
19
1519829420734540312
1519829435120438694
