1.63926e+06 0.232704 0.333333 0 4.88024e-06
3.33333e+07 0.968553 0.555556 0.444444 2.4e-07
3.33333e+07 1 0.555556 0.555556 2.4e-07
1.70923e+06 0.264151 0.111111 0 4.68048e-06
2.85225e+07 0.955975 0.111111 0 2.8048e-07
1.66658e+06 0.245283 0.555556 0.333333 4.80024e-06
1.66658e+06 0.245283 0.555556 0.333333 4.80024e-06
2.85225e+07 0.955975 0.111111 0 2.8048e-07
2.85225e+07 0.955975 0.111111 0 2.8048e-07
1.66658e+06 0.245283 0.555556 0.333333 4.80024e-06
2.85225e+07 0.955975 0.111111 0 2.8048e-07
2.85225e+07 0.955975 0.111111 0 2.8048e-07
