1.63261e+06 0.131206 0.571429 0 9.80024e-06
3.47826e+07 1 0.642857 0.642857 4.6e-07
3.47826e+07 1 0.642857 0.642857 4.6e-07
1.72403e+06 0.177305 0.142857 0 9.2806e-06
2.66347e+07 0.946809 0.142857 0 6.0072e-07
1.64603e+06 0.138298 0.642857 0.214286 9.72036e-06
1.64603e+06 0.138298 0.642857 0.214286 9.72036e-06
2.66347e+07 0.946809 0.142857 0 6.0072e-07
2.66347e+07 0.946809 0.142857 0 6.0072e-07
1.64603e+06 0.138298 0.642857 0.214286 9.72036e-06
2.66347e+07 0.946809 0.142857 0 6.0072e-07
2.66347e+07 0.946809 0.142857 0 6.0072e-07
