3.1007e+06 0.125424 0.684211 0 1.03202e-05
6.95652e+07 0.983051 0.473684 0.473684 4.6e-07
6.95652e+07 1 0.631579 0.631579 4.6e-07
3.33313e+06 0.186441 0.421053 0.105263 9.6006e-06
2.85531e+07 0.905085 0.368421 0 1.12072e-06
3.12489e+06 0.132203 0.736842 0.157895 1.02404e-05
3.12489e+06 0.132203 0.736842 0.157895 1.02404e-05
2.85531e+07 0.905085 0.368421 0 1.12072e-06
2.85531e+07 0.905085 0.368421 0 1.12072e-06
3.12489e+06 0.132203 0.736842 0.157895 1.02404e-05
2.85531e+07 0.905085 0.368421 0 1.12072e-06
2.85531e+07 0.905085 0.368421 0 1.12072e-06
