2.28126e+06 0.498092 0.580645 0 1.05205e-05
1.26846e+06 0.0973282 0.548387 0.0967742 1.89206e-05
1.23709e+06 0.0744275 0.677419 0.0967742 1.94004e-05
1.23202e+06 0.0706107 0.709677 0 1.94802e-05
1.27928e+06 0.104962 0.516129 0.0645161 1.87606e-05
5.35714e+07 0.98855 0.548387 0.290323 4.48e-07
3.33056e+07 0.965649 0.548387 0.225806 7.206e-07
2.9973e+07 0.961832 0.451613 0.0645161 8.0072e-07
2.9973e+07 0.961832 0.451613 0.0645161 8.0072e-07
2.82999e+06 0.59542 0.548387 0.225806 8.4806e-06
1.26313e+06 0.0935115 0.580645 0 1.90005e-05
1.23202e+06 0.0706107 0.709677 0 1.94802e-05
