1.94163e+06 0.264286 0.606557 0 4.12024e-06
2.27242e+06 0.371429 0.590164 0.196721 3.52048e-06
2.40912e+06 0.407143 0.459016 0.196721 3.32072e-06
3.33333e+07 0.985714 0.327869 0.327869 2.4e-07
1.94163e+06 0.264286 0.606557 0 4.12024e-06
1.98008e+06 0.278571 0.737705 0.196721 4.04024e-06
1.98008e+06 0.278571 0.737705 0.196721 4.04024e-06
1.94163e+06 0.264286 0.606557 0 4.12024e-06
1.94163e+06 0.264286 0.606557 0 4.12024e-06
1.98008e+06 0.278571 0.737705 0.196721 4.04024e-06
3.02975e+06 0.528571 0.47541 0 2.64048e-06
2.12739e+06 0.328571 0.409836 0 3.76048e-06
