1.04162e+06 0.161572 0.5625 0 7.68036e-06
3.27788e+06 0.733624 0.5625 0.3125 2.4406e-06
2.9404e+06 0.703057 0.5 0.3125 2.72072e-06
1.06942e+06 0.183406 0.375 0 7.48072e-06
2.21558e+07 0.960699 0.1875 0.1875 3.6108e-07
1.13631e+06 0.231441 0.6875 0.3125 7.04036e-06
1.06378e+06 0.179039 0.6875 0.25 7.52036e-06
2.5969e+06 0.663755 0.4375 0 3.0806e-06
4.997e+06 0.825328 0.25 0 1.60096e-06
1.13631e+06 0.231441 0.6875 0.3125 7.04036e-06
7.13521e+06 0.877729 0.125 0 1.1212e-06
4.997e+06 0.825328 0.25 0 1.60096e-06
