1.03085e+06 0.174468 0.5 0 7.7606e-06
2.46895e+06 0.655319 0.777778 0.166667 3.24024e-06
2.63106e+06 0.676596 0.611111 0.166667 3.0406e-06
1.08687e+06 0.217021 0.555556 0.0555556 7.3606e-06
4.99775e+06 0.829787 0.5 0.111111 1.60072e-06
1.02038e+06 0.165957 0.777778 0.111111 7.84024e-06
1.02038e+06 0.165957 0.777778 0.111111 7.84024e-06
2.73905e+06 0.689362 0.444444 0 2.92072e-06
4.34584e+06 0.804255 0.444444 0 1.84084e-06
1.02038e+06 0.165957 0.777778 0.111111 7.84024e-06
4.34584e+06 0.804255 0.444444 0 1.84084e-06
1.17378e+07 0.92766 0.0555556 0 6.8156e-07
