490182 0.390135 0.606061 0 1.63205e-05
388338 0.230194 0.575758 0.0909091 2.06006e-05
392138 0.237668 0.393939 0.0909091 2.0401e-05
318972 0.0627803 0.545455 0 2.50806e-05
421922 0.29148 0.424242 0.121212 1.89608e-05
1.22693e+06 0.756353 0.69697 0.272727 6.52036e-06
1.22693e+06 0.756353 0.69697 0.272727 6.52036e-06
3.99904e+06 0.925262 0.606061 0.181818 2.00048e-06
1.53633e+07 0.980568 0.484848 0.242424 5.2072e-07
541983 0.44843 0.575758 0.151515 1.47606e-05
416651 0.282511 0.484848 0.0606061 1.92007e-05
416651 0.282511 0.484848 0.0606061 1.92007e-05
