934553 0.14741 0.526316 0 8.56024e-06
943356 0.155378 0.473684 0.157895 8.48036e-06
943356 0.155378 0.473684 0.157895 8.48036e-06
934553 0.14741 0.526316 0 8.56024e-06
961469 0.171315 0.210526 0 8.3206e-06
1.94175e+07 0.976096 0.473684 0.263158 4.12e-07
1.94175e+07 0.976096 0.473684 0.263158 4.12e-07
1.94175e+07 0.968127 0.315789 0 4.12e-07
1.94175e+07 0.968127 0.315789 0 4.12e-07
943356 0.155378 0.473684 0.157895 8.48036e-06
934553 0.14741 0.526316 0 8.56024e-06
934553 0.14741 0.526316 0 8.56024e-06
