529084 0.0891566 0.5 0 1.51205e-05
1.15942e+07 0.963855 0.555556 0.5 6.9e-07
7.40412e+06 0.93494 0.666667 0.5 1.08048e-06
529084 0.0891566 0.5 0 1.51205e-05
9.50751e+06 0.949398 0.0555556 0 8.4144e-07
555528 0.13253 0.555556 0.333333 1.44007e-05
537617 0.103614 0.666667 0.333333 1.48805e-05
6.0551e+06 0.920482 0.166667 0 1.3212e-06
6.0551e+06 0.920482 0.166667 0 1.3212e-06
579680 0.168675 0.555556 0.388889 1.38007e-05
1.15942e+07 0.985542 0.0555556 0.0555556 6.9e-07
6.0551e+06 0.920482 0.166667 0 1.3212e-06
