1.42796e+07 0.72549 0.333333 0 5.6024e-07
3.33333e+07 1 0.555556 0.444444 2.4e-07
1.66583e+07 0.764706 0.555556 0.333333 4.8024e-07
1.42796e+07 0.72549 0.333333 0 5.6024e-07
3.33333e+07 0.960784 0.111111 0 2.4e-07
3.33333e+07 1 0.555556 0.444444 2.4e-07
1.66583e+07 0.764706 0.555556 0.333333 4.8024e-07
1.42796e+07 0.72549 0.333333 0 5.6024e-07
1.42796e+07 0.72549 0.333333 0 5.6024e-07
3.33333e+07 1 0.555556 0.444444 2.4e-07
3.33333e+07 0.960784 0.111111 0 2.4e-07
1.42796e+07 0.72549 0.333333 0 5.6024e-07
