6.25e+07 0.996743 0.238095 0.238095 5.12e-07
1.39128e+06 0.0635179 0.761905 0.0952381 2.30004e-05
1.39128e+06 0.0635179 0.761905 0.0952381 2.30004e-05
1.38647e+06 0.0602606 0.761905 0 2.30802e-05
1.38647e+06 0.0602606 0.761905 0 2.30802e-05
2.27914e+06 0.428339 0.761905 0.142857 1.40404e-05
8.41999e+06 0.845277 0.666667 0.190476 3.80048e-06
2.26621e+06 0.425081 0.666667 0 1.41205e-05
2.26621e+06 0.425081 0.666667 0 1.41205e-05
2.27914e+06 0.428339 0.761905 0.142857 1.40404e-05
1.38647e+06 0.0602606 0.761905 0 2.30802e-05
1.38647e+06 0.0602606 0.761905 0 2.30802e-05
