2.72504e+07 0.770833 0.222222 0 8.8072e-07
6.25e+06 0 1 0 3.84e-06
6.25e+06 0 1 0 3.84e-06
2.72504e+07 0.770833 0.222222 0 8.8072e-07
2.72504e+07 0.770833 0.222222 0 8.8072e-07
6.25e+06 0 1 0 3.84e-06
6.25e+06 0 1 0 3.84e-06
6.25e+06 0 1 0 3.84e-06
6.25e+06 0 1 0 3.84e-06
6.25e+06 0 1 0 3.84e-06
6.25e+06 0 1 0 3.84e-06
6.25e+06 0 1 0 3.84e-06
6.25e+06 0 1 0 3.84e-06
6.25e+06 0 1 0 3.84e-06
6.25e+06 0 1 0 3.84e-06
6.25e+06 0 1 0 3.84e-06
6.25e+06 0 1 0 3.84e-06
6.25e+06 0 1 0 3.84e-06
6.25e+06 0 1 0 3.84e-06
6.25e+06 0 1 0 3.84e-06
6.25e+06 0 1 0 3.84e-06
6.25e+06 0 1 0 3.84e-06
6.25e+06 0 1 0 3.84e-06
6.25e+06 0 1 0 3.84e-06
6.25e+06 0 1 0 3.84e-06
6.25e+06 0 1 0 3.84e-06
6.25e+06 0 1 0 3.84e-06
6.25e+06 0 1 0 3.84e-06
6.25e+06 0 1 0 3.84e-06
6.25e+06 0 1 0 3.84e-06
6.25e+06 0 1 0 3.84e-06
6.25e+06 0 1 0 3.84e-06
6.25e+06 0 1 0 3.84e-06
6.25e+06 0 1 0 3.84e-06
6.25e+06 0 1 0 3.84e-06
6.25e+06 0 1 0 3.84e-06
6.25e+06 0 1 0 3.84e-06
6.25e+06 0 1 0 3.84e-06
6.25e+06 0 1 0 3.84e-06
6.25e+06 0 1 0 3.84e-06
