1.55032e+06 0.222892 0.375 0 5.16024e-06
1.20482e+06 0 1 0 6.64e-06
1.20482e+06 0 1 0 6.64e-06
1.55032e+06 0.222892 0.375 0 5.16024e-06
1.55032e+06 0.222892 0.375 0 5.16024e-06
1.20482e+06 0 1 0 6.64e-06
3.92141e+06 0.692771 0.75 0 2.04008e-06
1.20482e+06 0 1 0 6.64e-06
1.20482e+06 0 1 0 6.64e-06
1.20482e+06 0 1 0 6.64e-06
3.92141e+06 0.692771 0.75 0 2.04008e-06
3.92141e+06 0.692771 0.75 0 2.04008e-06
3.92141e+06 0.692771 0.75 0 2.04008e-06
3.92141e+06 0.692771 0.75 0 2.04008e-06
3.92141e+06 0.692771 0.75 0 2.04008e-06
3.92141e+06 0.692771 0.75 0 2.04008e-06
3.92141e+06 0.692771 0.75 0 2.04008e-06
1.20482e+06 0 1 0 6.64e-06
3.92141e+06 0.692771 0.75 0 2.04008e-06
3.92141e+06 0.692771 0.75 0 2.04008e-06
1.20482e+06 0 1 0 6.64e-06
1.20482e+06 0 1 0 6.64e-06
1.20482e+06 0 1 0 6.64e-06
1.20482e+06 0 1 0 6.64e-06
3.92141e+06 0.692771 0.75 0 2.04008e-06
3.92141e+06 0.692771 0.75 0 2.04008e-06
3.92141e+06 0.692771 0.75 0 2.04008e-06
1.20482e+06 0 1 0 6.64e-06
1.20482e+06 0 1 0 6.64e-06
1.20482e+06 0 1 0 6.64e-06
1.20482e+06 0 1 0 6.64e-06
3.92141e+06 0.692771 0.75 0 2.04008e-06
3.92141e+06 0.692771 0.75 0 2.04008e-06
1.20482e+06 0 1 0 6.64e-06
3.92141e+06 0.692771 0.75 0 2.04008e-06
1.20482e+06 0 1 0 6.64e-06
1.20482e+06 0 1 0 6.64e-06
3.92141e+06 0.692771 0.75 0 2.04008e-06
3.92141e+06 0.692771 0.75 0 2.04008e-06
1.20482e+06 0 1 0 6.64e-06
