3.0188e+06 0.122517 0.722222 0 1.06002e-05
2.64901e+06 0 1 0 1.208e-05
2.64901e+06 0 1 0 1.208e-05
3.0188e+06 0.122517 0.722222 0 1.06002e-05
3.0188e+06 0.122517 0.722222 0 1.06002e-05
2.64901e+06 0 1 0 1.208e-05
1.11099e+07 0.761589 0.666667 0 2.88032e-06
2.64901e+06 0 1 0 1.208e-05
2.64901e+06 0 1 0 1.208e-05
2.64901e+06 0 1 0 1.208e-05
1.11099e+07 0.761589 0.666667 0 2.88032e-06
1.11099e+07 0.761589 0.666667 0 2.88032e-06
1.11099e+07 0.761589 0.666667 0 2.88032e-06
1.11099e+07 0.761589 0.666667 0 2.88032e-06
1.11099e+07 0.761589 0.666667 0 2.88032e-06
1.11099e+07 0.761589 0.666667 0 2.88032e-06
1.11099e+07 0.761589 0.666667 0 2.88032e-06
2.72101e+06 0.0264901 0.722222 0 1.17603e-05
1.11099e+07 0.761589 0.666667 0 2.88032e-06
1.11099e+07 0.761589 0.666667 0 2.88032e-06
2.64901e+06 0 1 0 1.208e-05
2.64901e+06 0 1 0 1.208e-05
2.64901e+06 0 1 0 1.208e-05
2.64901e+06 0 1 0 1.208e-05
1.11099e+07 0.761589 0.666667 0 2.88032e-06
1.11099e+07 0.761589 0.666667 0 2.88032e-06
1.11099e+07 0.761589 0.666667 0 2.88032e-06
2.64901e+06 0 1 0 1.208e-05
2.64901e+06 0 1 0 1.208e-05
2.64901e+06 0 1 0 1.208e-05
2.64901e+06 0 1 0 1.208e-05
1.11099e+07 0.761589 0.666667 0 2.88032e-06
1.11099e+07 0.761589 0.666667 0 2.88032e-06
2.64901e+06 0 1 0 1.208e-05
1.11099e+07 0.761589 0.666667 0 2.88032e-06
2.64901e+06 0 1 0 1.208e-05
2.64901e+06 0 1 0 1.208e-05
1.11099e+07 0.761589 0.666667 0 2.88032e-06
1.11099e+07 0.761589 0.666667 0 2.88032e-06
2.64901e+06 0 1 0 1.208e-05
