1.63261e+06 0.131206 0.571429 0 9.80024e-06
1.41844e+06 0 1 0 1.128e-05
1.41844e+06 0 1 0 1.128e-05
1.63261e+06 0.131206 0.571429 0 9.80024e-06
1.63261e+06 0.131206 0.571429 0 9.80024e-06
1.41844e+06 0 1 0 1.128e-05
7.69112e+06 0.815603 0.571429 0 2.08032e-06
1.41844e+06 0 1 0 1.128e-05
1.41844e+06 0 1 0 1.128e-05
1.41844e+06 0 1 0 1.128e-05
7.69112e+06 0.815603 0.571429 0 2.08032e-06
7.69112e+06 0.815603 0.571429 0 2.08032e-06
7.69112e+06 0.815603 0.571429 0 2.08032e-06
7.69112e+06 0.815603 0.571429 0 2.08032e-06
7.69112e+06 0.815603 0.571429 0 2.08032e-06
7.69112e+06 0.815603 0.571429 0 2.08032e-06
7.69112e+06 0.815603 0.571429 0 2.08032e-06
1.41844e+06 0 1 0 1.128e-05
7.69112e+06 0.815603 0.571429 0 2.08032e-06
7.69112e+06 0.815603 0.571429 0 2.08032e-06
1.41844e+06 0 1 0 1.128e-05
1.41844e+06 0 1 0 1.128e-05
1.41844e+06 0 1 0 1.128e-05
1.41844e+06 0 1 0 1.128e-05
7.69112e+06 0.815603 0.571429 0 2.08032e-06
7.69112e+06 0.815603 0.571429 0 2.08032e-06
7.69112e+06 0.815603 0.571429 0 2.08032e-06
1.41844e+06 0 1 0 1.128e-05
1.41844e+06 0 1 0 1.128e-05
1.41844e+06 0 1 0 1.128e-05
1.41844e+06 0 1 0 1.128e-05
7.69112e+06 0.815603 0.571429 0 2.08032e-06
7.69112e+06 0.815603 0.571429 0 2.08032e-06
1.41844e+06 0 1 0 1.128e-05
7.69112e+06 0.815603 0.571429 0 2.08032e-06
1.41844e+06 0 1 0 1.128e-05
1.41844e+06 0 1 0 1.128e-05
7.69112e+06 0.815603 0.571429 0 2.08032e-06
7.69112e+06 0.815603 0.571429 0 2.08032e-06
1.41844e+06 0 1 0 1.128e-05
