843860 0.135036 0.4 0 9.48024e-06
729927 0 1 0 1.096e-05
729927 0 1 0 1.096e-05
843860 0.135036 0.4 0 9.48024e-06
843860 0.135036 0.4 0 9.48024e-06
729927 0 1 0 1.096e-05
4.54525e+06 0.839416 0.8 0 1.76008e-06
729927 0 1 0 1.096e-05
729927 0 1 0 1.096e-05
729927 0 1 0 1.096e-05
4.54525e+06 0.839416 0.8 0 1.76008e-06
4.54525e+06 0.839416 0.8 0 1.76008e-06
4.54525e+06 0.839416 0.8 0 1.76008e-06
4.54525e+06 0.839416 0.8 0 1.76008e-06
4.54525e+06 0.839416 0.8 0 1.76008e-06
4.54525e+06 0.839416 0.8 0 1.76008e-06
4.54525e+06 0.839416 0.8 0 1.76008e-06
729927 0 1 0 1.096e-05
4.54525e+06 0.839416 0.8 0 1.76008e-06
4.54525e+06 0.839416 0.8 0 1.76008e-06
729927 0 1 0 1.096e-05
743489 0.0182482 0.8 0 1.07601e-05
729927 0 1 0 1.096e-05
729927 0 1 0 1.096e-05
4.54525e+06 0.839416 0.8 0 1.76008e-06
4.54525e+06 0.839416 0.8 0 1.76008e-06
4.54525e+06 0.839416 0.8 0 1.76008e-06
729927 0 1 0 1.096e-05
729927 0 1 0 1.096e-05
729927 0 1 0 1.096e-05
729927 0 1 0 1.096e-05
4.54525e+06 0.839416 0.8 0 1.76008e-06
4.54525e+06 0.839416 0.8 0 1.76008e-06
729927 0 1 0 1.096e-05
4.54525e+06 0.839416 0.8 0 1.76008e-06
729927 0 1 0 1.096e-05
729927 0 1 0 1.096e-05
4.54525e+06 0.839416 0.8 0 1.76008e-06
4.54525e+06 0.839416 0.8 0 1.76008e-06
729927 0 1 0 1.096e-05
