3.1007e+06 0.125424 0.684211 0 1.03202e-05
2.71186e+06 0 1 0 1.18e-05
2.71186e+06 0 1 0 1.18e-05
3.1007e+06 0.125424 0.684211 0 1.03202e-05
3.1007e+06 0.125424 0.684211 0 1.03202e-05
2.71186e+06 0 1 0 1.18e-05
1.23062e+07 0.779661 0.684211 0 2.60032e-06
2.71186e+06 0 1 0 1.18e-05
2.71186e+06 0 1 0 1.18e-05
2.71186e+06 0 1 0 1.18e-05
1.23062e+07 0.779661 0.684211 0 2.60032e-06
1.23062e+07 0.779661 0.684211 0 2.60032e-06
1.23062e+07 0.779661 0.684211 0 2.60032e-06
1.23062e+07 0.779661 0.684211 0 2.60032e-06
1.23062e+07 0.779661 0.684211 0 2.60032e-06
1.23062e+07 0.779661 0.684211 0 2.60032e-06
1.23062e+07 0.779661 0.684211 0 2.60032e-06
2.78738e+06 0.0271186 0.736842 0 1.14803e-05
1.23062e+07 0.779661 0.684211 0 2.60032e-06
1.23062e+07 0.779661 0.684211 0 2.60032e-06
2.71186e+06 0 1 0 1.18e-05
2.75858e+06 0.0169492 0.842105 0 1.16002e-05
2.71186e+06 0 1 0 1.18e-05
2.71186e+06 0 1 0 1.18e-05
1.23062e+07 0.779661 0.684211 0 2.60032e-06
1.23062e+07 0.779661 0.684211 0 2.60032e-06
1.23062e+07 0.779661 0.684211 0 2.60032e-06
2.71186e+06 0 1 0 1.18e-05
2.71186e+06 0 1 0 1.18e-05
2.71186e+06 0 1 0 1.18e-05
2.71186e+06 0 1 0 1.18e-05
1.23062e+07 0.779661 0.684211 0 2.60032e-06
1.23062e+07 0.779661 0.684211 0 2.60032e-06
2.71186e+06 0 1 0 1.18e-05
1.23062e+07 0.779661 0.684211 0 2.60032e-06
2.71186e+06 0 1 0 1.18e-05
2.71186e+06 0 1 0 1.18e-05
1.23062e+07 0.779661 0.684211 0 2.60032e-06
1.23062e+07 0.779661 0.684211 0 2.60032e-06
2.71186e+06 0 1 0 1.18e-05
