778192 0.12585 0.642857 0 1.02802e-05
680272 0 1 0 1.176e-05
680272 0 1 0 1.176e-05
778192 0.12585 0.642857 0 1.02802e-05
778192 0.12585 0.642857 0 1.02802e-05
680272 0 1 0 1.176e-05
3.12461e+06 0.782313 0.571429 0 2.56032e-06
680272 0 1 0 1.176e-05
680272 0 1 0 1.176e-05
680272 0 1 0 1.176e-05
3.12461e+06 0.782313 0.571429 0 2.56032e-06
3.12461e+06 0.782313 0.571429 0 2.56032e-06
3.12461e+06 0.782313 0.571429 0 2.56032e-06
3.12461e+06 0.782313 0.571429 0 2.56032e-06
3.12461e+06 0.782313 0.571429 0 2.56032e-06
3.12461e+06 0.782313 0.571429 0 2.56032e-06
3.12461e+06 0.782313 0.571429 0 2.56032e-06
680272 0 1 0 1.176e-05
3.12461e+06 0.782313 0.571429 0 2.56032e-06
3.12461e+06 0.782313 0.571429 0 2.56032e-06
680272 0 1 0 1.176e-05
680272 0 1 0 1.176e-05
680272 0 1 0 1.176e-05
680272 0 1 0 1.176e-05
3.12461e+06 0.782313 0.571429 0 2.56032e-06
3.12461e+06 0.782313 0.571429 0 2.56032e-06
3.12461e+06 0.782313 0.571429 0 2.56032e-06
680272 0 1 0 1.176e-05
680272 0 1 0 1.176e-05
680272 0 1 0 1.176e-05
680272 0 1 0 1.176e-05
3.12461e+06 0.782313 0.571429 0 2.56032e-06
3.12461e+06 0.782313 0.571429 0 2.56032e-06
680272 0 1 0 1.176e-05
3.12461e+06 0.782313 0.571429 0 2.56032e-06
680272 0 1 0 1.176e-05
680272 0 1 0 1.176e-05
3.12461e+06 0.782313 0.571429 0 2.56032e-06
3.12461e+06 0.782313 0.571429 0 2.56032e-06
680272 0 1 0 1.176e-05
