2.94092e+06 0.352381 0.571429 0 2.72024e-06
2.94092e+06 0.352381 0.642857 0 2.72024e-06
1.90476e+06 0 1 0 4.2e-06
2.94092e+06 0.352381 0.571429 0 2.72024e-06
2.94092e+06 0.352381 0.571429 0 2.72024e-06
1.90476e+06 0 1 0 4.2e-06
1.90476e+06 0 1 0 4.2e-06
1.90476e+06 0 1 0 4.2e-06
1.90476e+06 0 1 0 4.2e-06
1.90476e+06 0 1 0 4.2e-06
1.90476e+06 0 1 0 4.2e-06
1.90476e+06 0 1 0 4.2e-06
1.90476e+06 0 1 0 4.2e-06
1.90476e+06 0 1 0 4.2e-06
1.90476e+06 0 1 0 4.2e-06
1.90476e+06 0 1 0 4.2e-06
1.90476e+06 0 1 0 4.2e-06
1.90476e+06 0 1 0 4.2e-06
1.90476e+06 0 1 0 4.2e-06
1.90476e+06 0 1 0 4.2e-06
1.90476e+06 0 1 0 4.2e-06
1.90476e+06 0 1 0 4.2e-06
1.90476e+06 0 1 0 4.2e-06
1.90476e+06 0 1 0 4.2e-06
1.90476e+06 0 1 0 4.2e-06
1.90476e+06 0 1 0 4.2e-06
1.90476e+06 0 1 0 4.2e-06
1.90476e+06 0 1 0 4.2e-06
1.90476e+06 0 1 0 4.2e-06
1.90476e+06 0 1 0 4.2e-06
1.90476e+06 0 1 0 4.2e-06
1.90476e+06 0 1 0 4.2e-06
1.90476e+06 0 1 0 4.2e-06
1.90476e+06 0 1 0 4.2e-06
1.90476e+06 0 1 0 4.2e-06
1.90476e+06 0 1 0 4.2e-06
1.90476e+06 0 1 0 4.2e-06
1.90476e+06 0 1 0 4.2e-06
1.90476e+06 0 1 0 4.2e-06
1.90476e+06 0 1 0 4.2e-06
