1.36517e+06 0.05939 0.571429 0 2.34402e-05
1.28411e+06 0 1 0 2.492e-05
1.28411e+06 0 1 0 2.492e-05
1.36517e+06 0.05939 0.571429 0 2.34402e-05
1.36517e+06 0.05939 0.571429 0 2.34402e-05
1.28411e+06 0 1 0 2.492e-05
1.28411e+06 0 1 0 2.492e-05
1.28411e+06 0 1 0 2.492e-05
2.17977e+06 0.410915 0.571429 0 1.46805e-05
1.28411e+06 0 1 0 2.492e-05
1.28411e+06 0 1 0 2.492e-05
1.28411e+06 0 1 0 2.492e-05
1.28411e+06 0 1 0 2.492e-05
1.28411e+06 0 1 0 2.492e-05
1.28411e+06 0 1 0 2.492e-05
1.28411e+06 0 1 0 2.492e-05
1.28411e+06 0 1 0 2.492e-05
1.28411e+06 0 1 0 2.492e-05
1.28411e+06 0 1 0 2.492e-05
1.28411e+06 0 1 0 2.492e-05
1.28411e+06 0 1 0 2.492e-05
1.28411e+06 0 1 0 2.492e-05
2.17977e+06 0.410915 0.571429 0 1.46805e-05
1.28411e+06 0 1 0 2.492e-05
1.28411e+06 0 1 0 2.492e-05
1.28411e+06 0 1 0 2.492e-05
1.28411e+06 0 1 0 2.492e-05
2.005e+06 0.359551 0.857143 0 1.59601e-05
2.17977e+06 0.410915 0.571429 0 1.46805e-05
2.005e+06 0.359551 0.857143 0 1.59601e-05
2.005e+06 0.359551 0.857143 0 1.59601e-05
1.28411e+06 0 1 0 2.492e-05
1.28411e+06 0 1 0 2.492e-05
2.005e+06 0.359551 0.857143 0 1.59601e-05
1.28411e+06 0 1 0 2.492e-05
1.28411e+06 0 1 0 2.492e-05
2.17977e+06 0.410915 0.571429 0 1.46805e-05
1.28411e+06 0 1 0 2.492e-05
1.28411e+06 0 1 0 2.492e-05
1.28411e+06 0 1 0 2.492e-05
