847415 0.135531 0.55 0 9.44048e-06
732601 0 1 0 1.092e-05
732601 0 1 0 1.092e-05
847415 0.135531 0.55 0 9.44048e-06
847415 0.135531 0.55 0 9.44048e-06
732601 0 1 0 1.092e-05
1.26576e+06 0.421245 0.75 0 6.32032e-06
732601 0 1 0 1.092e-05
732601 0 1 0 1.092e-05
1.23452e+06 0.406593 0.7 0 6.48024e-06
1.26576e+06 0.421245 0.75 0 6.32032e-06
1.26576e+06 0.421245 0.75 0 6.32032e-06
1.26576e+06 0.421245 0.75 0 6.32032e-06
1.26576e+06 0.421245 0.75 0 6.32032e-06
1.26576e+06 0.421245 0.75 0 6.32032e-06
1.26576e+06 0.421245 0.75 0 6.32032e-06
1.26576e+06 0.421245 0.75 0 6.32032e-06
732601 0 1 0 1.092e-05
1.26576e+06 0.421245 0.75 0 6.32032e-06
1.26576e+06 0.421245 0.75 0 6.32032e-06
732601 0 1 0 1.092e-05
732601 0 1 0 1.092e-05
732601 0 1 0 1.092e-05
1.23452e+06 0.406593 0.7 0 6.48024e-06
1.26576e+06 0.421245 0.75 0 6.32032e-06
1.26576e+06 0.421245 0.75 0 6.32032e-06
1.26576e+06 0.421245 0.75 0 6.32032e-06
732601 0 1 0 1.092e-05
732601 0 1 0 1.092e-05
732601 0 1 0 1.092e-05
732601 0 1 0 1.092e-05
1.26576e+06 0.421245 0.75 0 6.32032e-06
1.26576e+06 0.421245 0.75 0 6.32032e-06
732601 0 1 0 1.092e-05
1.26576e+06 0.421245 0.75 0 6.32032e-06
732601 0 1 0 1.092e-05
732601 0 1 0 1.092e-05
1.26576e+06 0.421245 0.75 0 6.32032e-06
1.26576e+06 0.421245 0.75 0 6.32032e-06
732601 0 1 0 1.092e-05
