1.23202e+06 0.0706107 0.709677 0 1.94802e-05
1.14504e+06 0 1 0 2.096e-05
1.23203e+06 0.0706107 0.870968 0 1.94801e-05
1.23202e+06 0.0706107 0.709677 0 1.94802e-05
1.23202e+06 0.0706107 0.709677 0 1.94802e-05
1.14504e+06 0 1 0 2.096e-05
1.14504e+06 0 1 0 2.096e-05
1.14504e+06 0 1 0 2.096e-05
1.14504e+06 0 1 0 2.096e-05
1.14504e+06 0 1 0 2.096e-05
1.14504e+06 0 1 0 2.096e-05
1.14504e+06 0 1 0 2.096e-05
1.14504e+06 0 1 0 2.096e-05
1.14504e+06 0 1 0 2.096e-05
1.14504e+06 0 1 0 2.096e-05
1.14504e+06 0 1 0 2.096e-05
1.14504e+06 0 1 0 2.096e-05
1.14504e+06 0 1 0 2.096e-05
1.14504e+06 0 1 0 2.096e-05
1.14504e+06 0 1 0 2.096e-05
1.14504e+06 0 1 0 2.096e-05
1.14504e+06 0 1 0 2.096e-05
1.14504e+06 0 1 0 2.096e-05
1.14504e+06 0 1 0 2.096e-05
1.14504e+06 0 1 0 2.096e-05
1.14504e+06 0 1 0 2.096e-05
1.14504e+06 0 1 0 2.096e-05
1.99999e+06 0.427481 0.870968 0 1.20001e-05
1.14504e+06 0 1 0 2.096e-05
1.99999e+06 0.427481 0.870968 0 1.20001e-05
1.99999e+06 0.427481 0.870968 0 1.20001e-05
1.14504e+06 0 1 0 2.096e-05
1.14504e+06 0 1 0 2.096e-05
1.99999e+06 0.427481 0.870968 0 1.20001e-05
1.14504e+06 0 1 0 2.096e-05
1.88678e+06 0.39313 0.870968 0 1.27201e-05
1.14504e+06 0 1 0 2.096e-05
1.14504e+06 0 1 0 2.096e-05
1.14504e+06 0 1 0 2.096e-05
1.14504e+06 0 1 0 2.096e-05
