3.63636e+06 0 1 0 2.2e-06
3.63636e+06 0 1 0 2.2e-06
3.63636e+06 0 1 0 2.2e-06
3.63636e+06 0 1 0 2.2e-06
3.63636e+06 0 1 0 2.2e-06
3.63636e+06 0 1 0 2.2e-06
3.63636e+06 0 1 0 2.2e-06
3.63636e+06 0 1 0 2.2e-06
3.63636e+06 0 1 0 2.2e-06
3.63636e+06 0 1 0 2.2e-06
3.63636e+06 0 1 0 2.2e-06
3.63636e+06 0 1 0 2.2e-06
3.63636e+06 0 1 0 2.2e-06
3.63636e+06 0 1 0 2.2e-06
3.63636e+06 0 1 0 2.2e-06
3.63636e+06 0 1 0 2.2e-06
3.63636e+06 0 1 0 2.2e-06
3.63636e+06 0 1 0 2.2e-06
3.63636e+06 0 1 0 2.2e-06
3.63636e+06 0 1 0 2.2e-06
3.63636e+06 0 1 0 2.2e-06
6.66445e+06 0.454545 0.62963 0 1.2004e-06
3.63636e+06 0 1 0 2.2e-06
3.63636e+06 0 1 0 2.2e-06
3.63636e+06 0 1 0 2.2e-06
3.63636e+06 0 1 0 2.2e-06
3.63636e+06 0 1 0 2.2e-06
3.63636e+06 0 1 0 2.2e-06
3.63636e+06 0 1 0 2.2e-06
3.63636e+06 0 1 0 2.2e-06
3.63636e+06 0 1 0 2.2e-06
3.63636e+06 0 1 0 2.2e-06
3.63636e+06 0 1 0 2.2e-06
3.63636e+06 0 1 0 2.2e-06
3.63636e+06 0 1 0 2.2e-06
3.63636e+06 0 1 0 2.2e-06
3.63636e+06 0 1 0 2.2e-06
3.63636e+06 0 1 0 2.2e-06
3.63636e+06 0 1 0 2.2e-06
3.63636e+06 0 1 0 2.2e-06
