330575 0.0576324 0.709677 0 2.42002e-05
311526 0 1 0 2.568e-05
330577 0.0576324 0.870968 0 2.42001e-05
330575 0.0576324 0.709677 0 2.42002e-05
330575 0.0576324 0.709677 0 2.42002e-05
311526 0 1 0 2.568e-05
379504 0.179128 0.806452 0 2.10801e-05
311526 0 1 0 2.568e-05
311526 0 1 0 2.568e-05
311526 0 1 0 2.568e-05
379504 0.179128 0.806452 0 2.10801e-05
379504 0.179128 0.806452 0 2.10801e-05
379504 0.179128 0.806452 0 2.10801e-05
379504 0.179128 0.806452 0 2.10801e-05
379504 0.179128 0.806452 0 2.10801e-05
379504 0.179128 0.806452 0 2.10801e-05
379504 0.179128 0.806452 0 2.10801e-05
311526 0 1 0 2.568e-05
379504 0.179128 0.806452 0 2.10801e-05
379504 0.179128 0.806452 0 2.10801e-05
311526 0 1 0 2.568e-05
313971 0.00778816 0.870968 0 2.54801e-05
311526 0 1 0 2.568e-05
311526 0 1 0 2.568e-05
379504 0.179128 0.806452 0 2.10801e-05
379504 0.179128 0.806452 0 2.10801e-05
379504 0.179128 0.806452 0 2.10801e-05
478467 0.34891 0.870968 0 1.67201e-05
311526 0 1 0 2.568e-05
478467 0.34891 0.870968 0 1.67201e-05
478467 0.34891 0.870968 0 1.67201e-05
379504 0.179128 0.806452 0 2.10801e-05
379504 0.179128 0.806452 0 2.10801e-05
478467 0.34891 0.870968 0 1.67201e-05
379504 0.179128 0.806452 0 2.10801e-05
458713 0.320872 0.870968 0 1.74401e-05
311526 0 1 0 2.568e-05
379504 0.179128 0.806452 0 2.10801e-05
379504 0.179128 0.806452 0 2.10801e-05
311526 0 1 0 2.568e-05
