273596 0.0481771 0.64 0 2.92402e-05
260417 0 1 0 3.072e-05
273597 0.0481771 0.84 0 2.92401e-05
273596 0.0481771 0.64 0 2.92402e-05
273596 0.0481771 0.64 0 2.92402e-05
260417 0 1 0 3.072e-05
260417 0 1 0 3.072e-05
260417 0 1 0 3.072e-05
390623 0.333333 0.84 0 2.04801e-05
260417 0 1 0 3.072e-05
260417 0 1 0 3.072e-05
260417 0 1 0 3.072e-05
260417 0 1 0 3.072e-05
260417 0 1 0 3.072e-05
260417 0 1 0 3.072e-05
260417 0 1 0 3.072e-05
260417 0 1 0 3.072e-05
260417 0 1 0 3.072e-05
260417 0 1 0 3.072e-05
260417 0 1 0 3.072e-05
260417 0 1 0 3.072e-05
260417 0 1 0 3.072e-05
390623 0.333333 0.84 0 2.04801e-05
260417 0 1 0 3.072e-05
260417 0 1 0 3.072e-05
260417 0 1 0 3.072e-05
260417 0 1 0 3.072e-05
367646 0.291667 0.84 0 2.17601e-05
390623 0.333333 0.84 0 2.04801e-05
367646 0.291667 0.84 0 2.17601e-05
367646 0.291667 0.84 0 2.17601e-05
260417 0 1 0 3.072e-05
260417 0 1 0 3.072e-05
367646 0.291667 0.84 0 2.17601e-05
260417 0 1 0 3.072e-05
355871 0.268229 0.84 0 2.24801e-05
390623 0.333333 0.84 0 2.04801e-05
260417 0 1 0 3.072e-05
260417 0 1 0 3.072e-05
260417 0 1 0 3.072e-05
