1.04162e+06 0.161572 0.5625 0 7.68036e-06
873362 0 1 0 9.16e-06
873362 0 1 0 9.16e-06
1.04162e+06 0.161572 0.5625 0 7.68036e-06
1.04162e+06 0.161572 0.5625 0 7.68036e-06
873362 0 1 0 9.16e-06
1.75436e+06 0.502183 0.875 0 4.56008e-06
873362 0 1 0 9.16e-06
873362 0 1 0 9.16e-06
873362 0 1 0 9.16e-06
1.75436e+06 0.502183 0.875 0 4.56008e-06
1.75436e+06 0.502183 0.875 0 4.56008e-06
1.75436e+06 0.502183 0.875 0 4.56008e-06
1.75436e+06 0.502183 0.875 0 4.56008e-06
1.75436e+06 0.502183 0.875 0 4.56008e-06
1.75436e+06 0.502183 0.875 0 4.56008e-06
1.75436e+06 0.502183 0.875 0 4.56008e-06
873362 0 1 0 9.16e-06
1.75436e+06 0.502183 0.875 0 4.56008e-06
1.75436e+06 0.502183 0.875 0 4.56008e-06
873362 0 1 0 9.16e-06
892845 0.0218341 0.8125 0 8.96012e-06
873362 0 1 0 9.16e-06
873362 0 1 0 9.16e-06
1.75436e+06 0.502183 0.875 0 4.56008e-06
1.75436e+06 0.502183 0.875 0 4.56008e-06
1.75436e+06 0.502183 0.875 0 4.56008e-06
873362 0 1 0 9.16e-06
873362 0 1 0 9.16e-06
873362 0 1 0 9.16e-06
873362 0 1 0 9.16e-06
1.75436e+06 0.502183 0.875 0 4.56008e-06
1.75436e+06 0.502183 0.875 0 4.56008e-06
873362 0 1 0 9.16e-06
1.75436e+06 0.502183 0.875 0 4.56008e-06
873362 0 1 0 9.16e-06
873362 0 1 0 9.16e-06
1.75436e+06 0.502183 0.875 0 4.56008e-06
1.75436e+06 0.502183 0.875 0 4.56008e-06
873362 0 1 0 9.16e-06
