502513 0 1 0 1.592e-05
502513 0 1 0 1.592e-05
502513 0 1 0 1.592e-05
502513 0 1 0 1.592e-05
502513 0 1 0 1.592e-05
502513 0 1 0 1.592e-05
706709 0.288945 0.6 0 1.13201e-05
502513 0 1 0 1.592e-05
1.40843e+06 0.643216 0.6 0 5.68008e-06
502513 0 1 0 1.592e-05
706709 0.288945 0.6 0 1.13201e-05
706709 0.288945 0.6 0 1.13201e-05
706709 0.288945 0.6 0 1.13201e-05
706709 0.288945 0.6 0 1.13201e-05
706709 0.288945 0.6 0 1.13201e-05
706709 0.288945 0.6 0 1.13201e-05
706709 0.288945 0.6 0 1.13201e-05
502513 0 1 0 1.592e-05
706709 0.288945 0.6 0 1.13201e-05
706709 0.288945 0.6 0 1.13201e-05
502513 0 1 0 1.592e-05
502513 0 1 0 1.592e-05
1.40843e+06 0.643216 0.6 0 5.68008e-06
502513 0 1 0 1.592e-05
706709 0.288945 0.6 0 1.13201e-05
706709 0.288945 0.6 0 1.13201e-05
706709 0.288945 0.6 0 1.13201e-05
502513 0 1 0 1.592e-05
1.40843e+06 0.643216 0.6 0 5.68008e-06
502513 0 1 0 1.592e-05
502513 0 1 0 1.592e-05
706709 0.288945 0.6 0 1.13201e-05
706709 0.288945 0.6 0 1.13201e-05
502513 0 1 0 1.592e-05
706709 0.288945 0.6 0 1.13201e-05
502513 0 1 0 1.592e-05
1.40843e+06 0.643216 0.6 0 5.68008e-06
706709 0.288945 0.6 0 1.13201e-05
706709 0.288945 0.6 0 1.13201e-05
522190 0.0376884 0.6 0 1.53201e-05
