689641 0.11315 0.5 0 1.16002e-05
611621 0 1 0 1.308e-05
689650 0.11315 0.8 0 1.16001e-05
689641 0.11315 0.5 0 1.16002e-05
689641 0.11315 0.5 0 1.16002e-05
611621 0 1 0 1.308e-05
611621 0 1 0 1.308e-05
611621 0 1 0 1.308e-05
611621 0 1 0 1.308e-05
611621 0 1 0 1.308e-05
611621 0 1 0 1.308e-05
611621 0 1 0 1.308e-05
611621 0 1 0 1.308e-05
611621 0 1 0 1.308e-05
611621 0 1 0 1.308e-05
611621 0 1 0 1.308e-05
611621 0 1 0 1.308e-05
611621 0 1 0 1.308e-05
611621 0 1 0 1.308e-05
611621 0 1 0 1.308e-05
611621 0 1 0 1.308e-05
611621 0 1 0 1.308e-05
611621 0 1 0 1.308e-05
611621 0 1 0 1.308e-05
611621 0 1 0 1.308e-05
611621 0 1 0 1.308e-05
611621 0 1 0 1.308e-05
1.94171e+06 0.685015 0.8 0 4.12008e-06
611621 0 1 0 1.308e-05
1.94171e+06 0.685015 0.8 0 4.12008e-06
1.94171e+06 0.685015 0.8 0 4.12008e-06
611621 0 1 0 1.308e-05
611621 0 1 0 1.308e-05
1.94171e+06 0.685015 0.8 0 4.12008e-06
611621 0 1 0 1.308e-05
611621 0 1 0 1.308e-05
611621 0 1 0 1.308e-05
611621 0 1 0 1.308e-05
611621 0 1 0 1.308e-05
641022 0.0458716 0.8 0 1.24801e-05
