3.9984e+07 0.649123 0.727273 0 8.0032e-07
1.40351e+07 0 1 0 2.28e-06
1.40351e+07 0 1 0 2.28e-06
3.9984e+07 0.649123 0.727273 0 8.0032e-07
3.9984e+07 0.649123 0.727273 0 8.0032e-07
1.40351e+07 0 1 0 2.28e-06
1.40351e+07 0 1 0 2.28e-06
1.40351e+07 0 1 0 2.28e-06
1.40351e+07 0 1 0 2.28e-06
1.40351e+07 0 1 0 2.28e-06
1.40351e+07 0 1 0 2.28e-06
1.40351e+07 0 1 0 2.28e-06
1.40351e+07 0 1 0 2.28e-06
1.40351e+07 0 1 0 2.28e-06
1.40351e+07 0 1 0 2.28e-06
1.40351e+07 0 1 0 2.28e-06
1.40351e+07 0 1 0 2.28e-06
1.40351e+07 0 1 0 2.28e-06
1.40351e+07 0 1 0 2.28e-06
1.40351e+07 0 1 0 2.28e-06
1.40351e+07 0 1 0 2.28e-06
1.40351e+07 0 1 0 2.28e-06
1.40351e+07 0 1 0 2.28e-06
1.40351e+07 0 1 0 2.28e-06
1.40351e+07 0 1 0 2.28e-06
1.40351e+07 0 1 0 2.28e-06
1.40351e+07 0 1 0 2.28e-06
1.40351e+07 0 1 0 2.28e-06
1.40351e+07 0 1 0 2.28e-06
1.40351e+07 0 1 0 2.28e-06
1.40351e+07 0 1 0 2.28e-06
1.40351e+07 0 1 0 2.28e-06
1.40351e+07 0 1 0 2.28e-06
1.40351e+07 0 1 0 2.28e-06
1.40351e+07 0 1 0 2.28e-06
1.40351e+07 0 1 0 2.28e-06
1.40351e+07 0 1 0 2.28e-06
1.40351e+07 0 1 0 2.28e-06
1.40351e+07 0 1 0 2.28e-06
1.40351e+07 0 1 0 2.28e-06
