316453 0.0553064 0.727273 0 2.52802e-05
298954 0 1 0 2.676e-05
316455 0.0553064 0.878788 0 2.52801e-05
316453 0.0553064 0.727273 0 2.52802e-05
316453 0.0553064 0.727273 0 2.52802e-05
298954 0 1 0 2.676e-05
361010 0.171898 0.878788 0 2.21601e-05
298954 0 1 0 2.676e-05
298954 0 1 0 2.676e-05
298954 0 1 0 2.676e-05
361010 0.171898 0.878788 0 2.21601e-05
361010 0.171898 0.878788 0 2.21601e-05
361010 0.171898 0.878788 0 2.21601e-05
361010 0.171898 0.878788 0 2.21601e-05
361010 0.171898 0.878788 0 2.21601e-05
361010 0.171898 0.878788 0 2.21601e-05
361010 0.171898 0.878788 0 2.21601e-05
298954 0 1 0 2.676e-05
361010 0.171898 0.878788 0 2.21601e-05
361010 0.171898 0.878788 0 2.21601e-05
298954 0 1 0 2.676e-05
301203 0.00747384 0.818182 0 2.65601e-05
298954 0 1 0 2.676e-05
298954 0 1 0 2.676e-05
361010 0.171898 0.878788 0 2.21601e-05
361010 0.171898 0.878788 0 2.21601e-05
361010 0.171898 0.878788 0 2.21601e-05
449436 0.334828 0.878788 0 1.78001e-05
298954 0 1 0 2.676e-05
449436 0.334828 0.878788 0 1.78001e-05
449436 0.334828 0.878788 0 1.78001e-05
361010 0.171898 0.878788 0 2.21601e-05
361010 0.171898 0.878788 0 2.21601e-05
449436 0.334828 0.878788 0 1.78001e-05
361010 0.171898 0.878788 0 2.21601e-05
431964 0.307922 0.878788 0 1.85201e-05
298954 0 1 0 2.676e-05
361010 0.171898 0.878788 0 2.21601e-05
361010 0.171898 0.878788 0 2.21601e-05
298954 0 1 0 2.676e-05
