740724 0.0641248 0.666667 0 2.16005e-05
693241 0 1 0 2.308e-05
693241 0 1 0 2.308e-05
740724 0.0641248 0.666667 0 2.16005e-05
740724 0.0641248 0.666667 0 2.16005e-05
693241 0 1 0 2.308e-05
1.72412e+06 0.59792 0.925926 0 9.28008e-06
693241 0 1 0 2.308e-05
693241 0 1 0 2.308e-05
858358 0.192374 0.777778 0 1.86402e-05
1.72412e+06 0.59792 0.925926 0 9.28008e-06
1.72412e+06 0.59792 0.925926 0 9.28008e-06
1.72412e+06 0.59792 0.925926 0 9.28008e-06
1.72412e+06 0.59792 0.925926 0 9.28008e-06
1.72412e+06 0.59792 0.925926 0 9.28008e-06
1.72412e+06 0.59792 0.925926 0 9.28008e-06
1.72412e+06 0.59792 0.925926 0 9.28008e-06
693241 0 1 0 2.308e-05
1.72412e+06 0.59792 0.925926 0 9.28008e-06
1.72412e+06 0.59792 0.925926 0 9.28008e-06
693241 0 1 0 2.308e-05
693241 0 1 0 2.308e-05
693241 0 1 0 2.308e-05
858358 0.192374 0.777778 0 1.86402e-05
1.72412e+06 0.59792 0.925926 0 9.28008e-06
1.72412e+06 0.59792 0.925926 0 9.28008e-06
1.72412e+06 0.59792 0.925926 0 9.28008e-06
693241 0 1 0 2.308e-05
693241 0 1 0 2.308e-05
693241 0 1 0 2.308e-05
693241 0 1 0 2.308e-05
1.72412e+06 0.59792 0.925926 0 9.28008e-06
1.72412e+06 0.59792 0.925926 0 9.28008e-06
693241 0 1 0 2.308e-05
1.72412e+06 0.59792 0.925926 0 9.28008e-06
693241 0 1 0 2.308e-05
693241 0 1 0 2.308e-05
1.72412e+06 0.59792 0.925926 0 9.28008e-06
1.72412e+06 0.59792 0.925926 0 9.28008e-06
711741 0.0259965 0.925926 0 2.24801e-05
