1.26577e+06 0.189744 0.5 0 6.32024e-06
1.02564e+06 0 1 0 7.8e-06
1.02564e+06 0 1 0 7.8e-06
1.26577e+06 0.189744 0.5 0 6.32024e-06
1.26577e+06 0.189744 0.5 0 6.32024e-06
1.02564e+06 0 1 0 7.8e-06
2.49994e+06 0.589744 0.8 0 3.20008e-06
1.25785e+06 0.184615 0.8 0 6.36008e-06
1.02564e+06 0 1 0 7.8e-06
1.02564e+06 0 1 0 7.8e-06
2.49994e+06 0.589744 0.8 0 3.20008e-06
2.49994e+06 0.589744 0.8 0 3.20008e-06
2.49994e+06 0.589744 0.8 0 3.20008e-06
2.49994e+06 0.589744 0.8 0 3.20008e-06
2.49994e+06 0.589744 0.8 0 3.20008e-06
2.49994e+06 0.589744 0.8 0 3.20008e-06
2.49994e+06 0.589744 0.8 0 3.20008e-06
1.02564e+06 0 1 0 7.8e-06
2.49994e+06 0.589744 0.8 0 3.20008e-06
2.49994e+06 0.589744 0.8 0 3.20008e-06
1.02564e+06 0 1 0 7.8e-06
1.05262e+06 0.025641 0.8 0 7.60008e-06
1.02564e+06 0 1 0 7.8e-06
1.02564e+06 0 1 0 7.8e-06
2.49994e+06 0.589744 0.8 0 3.20008e-06
2.49994e+06 0.589744 0.8 0 3.20008e-06
2.49994e+06 0.589744 0.8 0 3.20008e-06
1.02564e+06 0 1 0 7.8e-06
1.02564e+06 0 1 0 7.8e-06
1.02564e+06 0 1 0 7.8e-06
1.02564e+06 0 1 0 7.8e-06
2.49994e+06 0.589744 0.8 0 3.20008e-06
2.49994e+06 0.589744 0.8 0 3.20008e-06
1.02564e+06 0 1 0 7.8e-06
2.49994e+06 0.589744 0.8 0 3.20008e-06
1.02564e+06 0 1 0 7.8e-06
1.02564e+06 0 1 0 7.8e-06
2.49994e+06 0.589744 0.8 0 3.20008e-06
2.49994e+06 0.589744 0.8 0 3.20008e-06
1.02564e+06 0 1 0 7.8e-06
