5.26316e+06 0 1 0 1.52e-06
5.26316e+06 0 1 0 1.52e-06
5.26316e+06 0 1 0 1.52e-06
5.26316e+06 0 1 0 1.52e-06
5.26316e+06 0 1 0 1.52e-06
5.26316e+06 0 1 0 1.52e-06
5.26316e+06 0 1 0 1.52e-06
5.26316e+06 0 1 0 1.52e-06
5.26316e+06 0 1 0 1.52e-06
5.26316e+06 0 1 0 1.52e-06
5.26316e+06 0 1 0 1.52e-06
5.26316e+06 0 1 0 1.52e-06
5.26316e+06 0 1 0 1.52e-06
5.26316e+06 0 1 0 1.52e-06
5.26316e+06 0 1 0 1.52e-06
5.26316e+06 0 1 0 1.52e-06
5.26316e+06 0 1 0 1.52e-06
5.26316e+06 0 1 0 1.52e-06
5.26316e+06 0 1 0 1.52e-06
5.26316e+06 0 1 0 1.52e-06
5.26316e+06 0 1 0 1.52e-06
6.06006e+06 0.131579 0.571429 0 1.32012e-06
5.26316e+06 0 1 0 1.52e-06
5.26316e+06 0 1 0 1.52e-06
5.26316e+06 0 1 0 1.52e-06
5.26316e+06 0 1 0 1.52e-06
5.26316e+06 0 1 0 1.52e-06
5.26316e+06 0 1 0 1.52e-06
5.26316e+06 0 1 0 1.52e-06
5.26316e+06 0 1 0 1.52e-06
5.26316e+06 0 1 0 1.52e-06
5.26316e+06 0 1 0 1.52e-06
5.26316e+06 0 1 0 1.52e-06
5.26316e+06 0 1 0 1.52e-06
5.26316e+06 0 1 0 1.52e-06
5.26316e+06 0 1 0 1.52e-06
5.26316e+06 0 1 0 1.52e-06
5.26316e+06 0 1 0 1.52e-06
5.26316e+06 0 1 0 1.52e-06
8.6949e+06 0.394737 0.714286 0 9.2008e-07
