529084 0.0891566 0.5 0 1.51205e-05
481928 0 1 0 1.66e-05
481928 0 1 0 1.66e-05
529084 0.0891566 0.5 0 1.51205e-05
529084 0.0891566 0.5 0 1.51205e-05
481928 0 1 0 1.66e-05
2.8569e+06 0.831325 0.666667 0 2.80024e-06
481928 0 1 0 1.66e-05
481928 0 1 0 1.66e-05
481928 0 1 0 1.66e-05
2.8569e+06 0.831325 0.666667 0 2.80024e-06
2.8569e+06 0.831325 0.666667 0 2.80024e-06
2.8569e+06 0.831325 0.666667 0 2.80024e-06
2.8569e+06 0.831325 0.666667 0 2.80024e-06
2.8569e+06 0.831325 0.666667 0 2.80024e-06
2.8569e+06 0.831325 0.666667 0 2.80024e-06
2.8569e+06 0.831325 0.666667 0 2.80024e-06
481928 0 1 0 1.66e-05
2.8569e+06 0.831325 0.666667 0 2.80024e-06
2.8569e+06 0.831325 0.666667 0 2.80024e-06
481928 0 1 0 1.66e-05
481928 0 1 0 1.66e-05
481928 0 1 0 1.66e-05
481928 0 1 0 1.66e-05
2.8569e+06 0.831325 0.666667 0 2.80024e-06
2.8569e+06 0.831325 0.666667 0 2.80024e-06
2.8569e+06 0.831325 0.666667 0 2.80024e-06
481928 0 1 0 1.66e-05
481928 0 1 0 1.66e-05
481928 0 1 0 1.66e-05
481928 0 1 0 1.66e-05
2.8569e+06 0.831325 0.666667 0 2.80024e-06
2.8569e+06 0.831325 0.666667 0 2.80024e-06
481928 0 1 0 1.66e-05
2.8569e+06 0.831325 0.666667 0 2.80024e-06
481928 0 1 0 1.66e-05
481928 0 1 0 1.66e-05
2.8569e+06 0.831325 0.666667 0 2.80024e-06
2.8569e+06 0.831325 0.666667 0 2.80024e-06
499998 0.0361446 0.888889 0 1.60001e-05
