1.42796e+07 0.72549 0.333333 0 5.6024e-07
3.92157e+06 0 1 0 2.04e-06
3.92157e+06 0 1 0 2.04e-06
1.42796e+07 0.72549 0.333333 0 5.6024e-07
1.42796e+07 0.72549 0.333333 0 5.6024e-07
3.92157e+06 0 1 0 2.04e-06
3.92157e+06 0 1 0 2.04e-06
3.92157e+06 0 1 0 2.04e-06
3.92157e+06 0 1 0 2.04e-06
3.92157e+06 0 1 0 2.04e-06
3.92157e+06 0 1 0 2.04e-06
3.92157e+06 0 1 0 2.04e-06
3.92157e+06 0 1 0 2.04e-06
3.92157e+06 0 1 0 2.04e-06
3.92157e+06 0 1 0 2.04e-06
3.92157e+06 0 1 0 2.04e-06
3.92157e+06 0 1 0 2.04e-06
3.92157e+06 0 1 0 2.04e-06
3.92157e+06 0 1 0 2.04e-06
3.92157e+06 0 1 0 2.04e-06
3.92157e+06 0 1 0 2.04e-06
3.92157e+06 0 1 0 2.04e-06
3.92157e+06 0 1 0 2.04e-06
3.92157e+06 0 1 0 2.04e-06
3.92157e+06 0 1 0 2.04e-06
3.92157e+06 0 1 0 2.04e-06
3.92157e+06 0 1 0 2.04e-06
3.92157e+06 0 1 0 2.04e-06
3.92157e+06 0 1 0 2.04e-06
3.92157e+06 0 1 0 2.04e-06
3.92157e+06 0 1 0 2.04e-06
3.92157e+06 0 1 0 2.04e-06
3.92157e+06 0 1 0 2.04e-06
3.92157e+06 0 1 0 2.04e-06
3.92157e+06 0 1 0 2.04e-06
3.92157e+06 0 1 0 2.04e-06
3.92157e+06 0 1 0 2.04e-06
3.92157e+06 0 1 0 2.04e-06
3.92157e+06 0 1 0 2.04e-06
3.92157e+06 0 1 0 2.04e-06
