1.42851e+06 0.20904 0.454545 0 5.60024e-06
1.12994e+06 0 1 0 7.08e-06
1.12994e+06 0 1 0 7.08e-06
1.42851e+06 0.20904 0.454545 0 5.60024e-06
1.42851e+06 0.20904 0.454545 0 5.60024e-06
1.12994e+06 0 1 0 7.08e-06
3.2257e+06 0.649718 0.818182 0 2.48008e-06
1.12994e+06 0 1 0 7.08e-06
1.12994e+06 0 1 0 7.08e-06
1.12994e+06 0 1 0 7.08e-06
3.2257e+06 0.649718 0.818182 0 2.48008e-06
3.2257e+06 0.649718 0.818182 0 2.48008e-06
3.2257e+06 0.649718 0.818182 0 2.48008e-06
3.2257e+06 0.649718 0.818182 0 2.48008e-06
3.2257e+06 0.649718 0.818182 0 2.48008e-06
3.2257e+06 0.649718 0.818182 0 2.48008e-06
3.2257e+06 0.649718 0.818182 0 2.48008e-06
1.12994e+06 0 1 0 7.08e-06
3.2257e+06 0.649718 0.818182 0 2.48008e-06
3.2257e+06 0.649718 0.818182 0 2.48008e-06
1.12994e+06 0 1 0 7.08e-06
1.16278e+06 0.0282486 0.818182 0 6.88008e-06
1.12994e+06 0 1 0 7.08e-06
1.12994e+06 0 1 0 7.08e-06
3.2257e+06 0.649718 0.818182 0 2.48008e-06
3.2257e+06 0.649718 0.818182 0 2.48008e-06
3.2257e+06 0.649718 0.818182 0 2.48008e-06
1.12994e+06 0 1 0 7.08e-06
1.12994e+06 0 1 0 7.08e-06
1.12994e+06 0 1 0 7.08e-06
1.12994e+06 0 1 0 7.08e-06
3.2257e+06 0.649718 0.818182 0 2.48008e-06
3.2257e+06 0.649718 0.818182 0 2.48008e-06
1.12994e+06 0 1 0 7.08e-06
3.2257e+06 0.649718 0.818182 0 2.48008e-06
1.12994e+06 0 1 0 7.08e-06
1.12994e+06 0 1 0 7.08e-06
3.2257e+06 0.649718 0.818182 0 2.48008e-06
3.2257e+06 0.649718 0.818182 0 2.48008e-06
1.12994e+06 0 1 0 7.08e-06
