2.04082e+06 0 1 0 3.92e-06
3.27815e+06 0.377551 0.5 0 2.4404e-06
2.04082e+06 0 1 0 3.92e-06
2.04082e+06 0 1 0 3.92e-06
2.04082e+06 0 1 0 3.92e-06
2.04082e+06 0 1 0 3.92e-06
2.04082e+06 0 1 0 3.92e-06
2.04082e+06 0 1 0 3.92e-06
2.04082e+06 0 1 0 3.92e-06
3.27858e+06 0.377551 0.888889 0 2.44008e-06
2.04082e+06 0 1 0 3.92e-06
2.04082e+06 0 1 0 3.92e-06
2.04082e+06 0 1 0 3.92e-06
2.04082e+06 0 1 0 3.92e-06
2.04082e+06 0 1 0 3.92e-06
2.04082e+06 0 1 0 3.92e-06
2.04082e+06 0 1 0 3.92e-06
2.04082e+06 0 1 0 3.92e-06
2.04082e+06 0 1 0 3.92e-06
2.04082e+06 0 1 0 3.92e-06
2.04082e+06 0 1 0 3.92e-06
2.04082e+06 0 1 0 3.92e-06
2.04082e+06 0 1 0 3.92e-06
3.27858e+06 0.377551 0.888889 0 2.44008e-06
2.04082e+06 0 1 0 3.92e-06
2.04082e+06 0 1 0 3.92e-06
2.04082e+06 0 1 0 3.92e-06
2.04082e+06 0 1 0 3.92e-06
2.04082e+06 0 1 0 3.92e-06
2.04082e+06 0 1 0 3.92e-06
2.04082e+06 0 1 0 3.92e-06
2.04082e+06 0 1 0 3.92e-06
2.04082e+06 0 1 0 3.92e-06
2.04082e+06 0 1 0 3.92e-06
2.04082e+06 0 1 0 3.92e-06
2.04082e+06 0 1 0 3.92e-06
2.04082e+06 0 1 0 3.92e-06
2.04082e+06 0 1 0 3.92e-06
2.04082e+06 0 1 0 3.92e-06
2.04082e+06 0 1 0 3.92e-06
