4.15029e+07 0.825402 0.535593 0.176919 3.108e-05
3.74756e+07 0.952663 0.458544 0.26723 3.442e-05
4.15029e+07 0.922027 0.553908 0.259761 3.108e-05
4.15029e+07 0.922027 0.553908 0.259761 3.108e-05
4.15029e+07 0.922027 0.553908 0.259761 3.108e-05
3.74756e+07 0.941927 0.451613 0.232574 3.442e-05
4.19893e+07 0.903374 0.558 0.332031 3.072e-05
4.15029e+07 0.825402 0.535593 0.176919 3.108e-05
3.94106e+07 0.856038 0.495678 0.212112 3.273e-05
4.15029e+07 0.825402 0.535593 0.176919 3.108e-05
4.19893e+07 0.903374 0.558 0.332031 3.072e-05
4.15029e+07 0.922027 0.553908 0.259761 3.108e-05
4.15029e+07 0.922027 0.553908 0.259761 3.108e-05
4.15029e+07 0.922027 0.553908 0.259761 3.108e-05
4.19893e+07 1 0.576315 0.414873 3.072e-05
4.19893e+07 1 0.576315 0.414873 3.072e-05
8.50824e+06 0.143962 0.799877 0.0623798 0.000151607
4.19893e+07 0.903374 0.558 0.332031 3.072e-05
