2.21606e+07 0.572738 0.495314 0.0981857 6.39683e-05
3.86921e+07 0.755101 0.77996 0.113061 3.66375e-05
2.96366e+07 0.887463 0.580147 0.235292 4.7832e-05
3.46089e+07 1 0.694873 0.424292 4.096e-05
4.54336e+07 0.791442 0.813773 0.203032 3.12012e-05
2.92985e+07 0.838095 0.476137 0.0846842 4.8384e-05
2.18459e+07 0.566567 0.497465 0.0659254 6.48899e-05
2.96366e+07 0.770213 0.564136 0.167008 4.7832e-05
2.11339e+07 0.551675 0.635157 0.180916 6.70762e-05
2.92521e+07 0.764042 0.497465 0.100336 4.84608e-05
2.96198e+07 0.867472 0.55491 0.208159 4.78592e-05
4.41301e+07 0.785271 0.811623 0.168621 3.21228e-05
4.54336e+07 0.791442 0.813773 0.203032 3.12012e-05
2.30074e+07 0.587796 0.811623 0.13421 6.1614e-05
2.96198e+07 0.683818 0.513476 0.13421 4.78592e-05
2.96198e+07 0.689989 0.511325 0.16647 4.78592e-05
1.76286e+07 0.462365 0.640607 0.223003 8.04138e-05
2.96366e+07 0.770213 0.564136 0.167008 4.7832e-05
