2.35227e+07 0.66333 0.38741 0.110239 5.70113e-05
4.53061e+07 0.875055 0.601994 0.1451 2.96e-05
3.27407e+07 0.925318 0.429054 0.241711 4.096e-05
4.1622e+07 0.915617 0.522879 0.241711 3.222e-05
4.36543e+07 0.987362 0.559999 0.32682 3.072e-05
3.15841e+07 0.886272 0.389594 0.111485 4.246e-05
2.35578e+07 0.663832 0.396579 0.107158 5.69265e-05
3.36611e+07 0.825218 0.465695 0.188524 3.984e-05
2.14933e+07 0.631266 0.533506 0.0863863 6.23945e-05
3.15841e+07 0.88928 0.421834 0.173983 4.246e-05
3.27407e+07 0.894339 0.497673 0.249822 4.096e-05
4.53061e+07 0.903481 0.6194 0.22638 2.96e-05
3.27407e+07 0.981801 0.499491 0.266313 4.096e-05
3.00132e+07 0.736032 0.558893 0.126729 4.46824e-05
3.14932e+07 0.74867 0.44704 0.126729 4.25825e-05
3.21381e+07 0.753729 0.444594 0.163426 4.17281e-05
1.14696e+07 0.308111 0.718549 0.136347 0.000116923
3.36611e+07 0.825218 0.465695 0.188524 3.984e-05
