1.89278e+07 0.612461 0.521414 0.0527542 6.49805e-05
2.26887e+07 0.676416 0.708425 0.134052 5.42094e-05
2.24223e+07 0.70628 0.488305 0.0693059 5.48533e-05
2.50232e+07 0.719419 0.521527 0.163931 4.9152e-05
1.99239e+07 0.631435 0.691423 0.0693059 6.1732e-05
2.60581e+07 0.726769 0.568595 0.134052 4.72e-05
2.37589e+07 0.868551 0.515468 0.139127 5.17676e-05
1.89278e+07 0.612461 0.521414 0.0527542 6.49805e-05
2.07274e+07 0.646088 0.580809 0.185068 5.93389e-05
1.89278e+07 0.612461 0.521414 0.0527542 6.49805e-05
2.14617e+07 0.658334 0.534868 0.119726 5.73085e-05
1.99239e+07 0.631435 0.691423 0.0693059 6.1732e-05
1.99239e+07 0.631435 0.691423 0.0693059 6.1732e-05
4.00371e+07 0.841652 0.672022 0.0887065 3.072e-05
2.47227e+07 0.96237 0.536475 0.182736 4.97493e-05
2.47227e+07 0.752154 0.555875 0.163335 4.97493e-05
9.26809e+06 0.207187 0.692605 0.0946249 0.000132707
2.14617e+07 0.658334 0.534868 0.119726 5.73085e-05
