1.49341e+07 0.279472 0.714309 0 8.11046e-05
3.94277e+07 0.925852 0.508866 0.184975 3.072e-05
3.94277e+07 0.942474 0.510857 0.261548 3.072e-05
5.84315e+07 0.868326 0.588443 0.138817 2.07289e-05
3.91108e+07 0.882799 0.465471 0.138817 3.09689e-05
3.94277e+07 0.904924 0.52269 0.168778 3.072e-05
1.62257e+07 0.336998 0.618787 0.0381854 7.46484e-05
2.36129e+07 0.544471 0.714309 0.0562896 5.12948e-05
1.58809e+07 0.322525 0.665388 0 7.6269e-05
2.36129e+07 0.544471 0.714309 0.0562896 5.12948e-05
2.70129e+07 0.601997 0.618787 0.094475 4.48386e-05
5.84315e+07 0.868326 0.588443 0.138817 2.07289e-05
3.91108e+07 0.882799 0.465471 0.138817 3.09689e-05
3.18943e+07 0.663002 0.633829 0.205258 3.79761e-05
3.1674e+07 0.660853 0.508866 0.128686 3.82402e-05
3.1674e+07 0.660853 0.508866 0.128686 3.82402e-05
2.70988e+07 0.603327 0.582293 0.0543828 4.46964e-05
2.70129e+07 0.601997 0.618787 0.094475 4.48386e-05
