4.47917e+07 1 0.570778 0.418943 3.072e-05
3.78521e+07 0.834541 0.558491 0.0619392 3.6352e-05
2.7565e+07 0.718343 0.398621 0.178217 4.99185e-05
2.58255e+07 0.699218 0.461564 0.1213 5.32808e-05
2.63811e+07 0.705593 0.431432 0.14005 5.21585e-05
2.55393e+07 0.69603 0.369593 0.129905 5.38778e-05
2.7038e+07 0.712837 0.401165 0.14005 5.08913e-05
2.9729e+07 0.900319 0.404714 0.252879 4.62848e-05
3.37732e+07 0.847291 0.449344 0.0619392 4.07424e-05
2.7038e+07 0.712837 0.401165 0.14005 5.08913e-05
2.7565e+07 0.718343 0.398621 0.178217 4.99185e-05
4.68206e+07 0.857143 0.584706 0.114939 2.93888e-05
2.63811e+07 0.705593 0.431432 0.14005 5.21585e-05
4.68206e+07 0.945233 0.605062 0.176008 2.93888e-05
2.58462e+07 0.699507 0.458752 0.125988 5.3238e-05
3.64914e+07 0.787308 0.522633 0.202725 3.77075e-05
8.11691e+06 0.0408577 0.808524 0.0381679 0.000169523
2.7565e+07 0.718343 0.398621 0.178217 4.99185e-05
