4.76023e+07 0.851854 0.431342 0.124473 2.512e-05
5.10707e+07 0.988704 0.516791 0.32948 2.3414e-05
1.94447e+07 0.611093 0.424032 0.110736 6.14959e-05
1.88988e+07 0.599797 0.481197 0.0663964 6.32722e-05
1.94447e+07 0.611093 0.424032 0.110736 6.14959e-05
2.24196e+07 0.662771 0.498826 0.323686 5.33359e-05
1.72356e+07 0.561035 0.601413 0.246251 6.9378e-05
4.76023e+07 0.851854 0.431342 0.124473 2.512e-05
5.01182e+07 0.886968 0.510527 0.197619 2.3859e-05
1.5586e+07 0.514626 0.485768 0.0819529 7.67206e-05
1.72356e+07 0.561035 0.601413 0.246251 6.9378e-05
3.89248e+07 0.942295 0.397465 0.163342 3.072e-05
1.94447e+07 0.611093 0.424032 0.110736 6.14959e-05
4.40658e+07 0.937025 0.426771 0.108916 2.7136e-05
2.13799e+07 0.646206 0.600522 0.232534 5.59296e-05
2.13799e+07 0.646206 0.600522 0.232534 5.59296e-05
8.38051e+06 0.0964669 0.880699 0 0.000142685
1.72356e+07 0.561035 0.601413 0.246251 6.9378e-05
