3.01596e+07 0.835607 0.416845 0.0917131 3.89488e-05
2.86787e+07 0.970981 0.383519 0.194432 4.096e-05
2.61309e+07 0.953134 0.323021 0.133934 4.49536e-05
2.61309e+07 0.953134 0.323021 0.133934 4.49536e-05
2.86787e+07 0.959663 0.399019 0.209932 4.096e-05
2.86787e+07 0.957922 0.375075 0.152211 4.096e-05
3.75364e+07 0.882472 0.514638 0.253306 3.12944e-05
3.01596e+07 0.835607 0.416845 0.0917131 3.89488e-05
3.52393e+07 0.859983 0.485787 0.194432 3.33344e-05
3.01596e+07 0.835607 0.416845 0.0917131 3.89488e-05
3.75364e+07 0.875943 0.506194 0.211086 3.12944e-05
2.86787e+07 0.959663 0.399019 0.209932 4.096e-05
2.61309e+07 0.953134 0.323021 0.133934 4.49536e-05
2.61309e+07 0.953134 0.323021 0.133934 4.49536e-05
2.86787e+07 0.993471 0.41237 0.253306 4.096e-05
2.86787e+07 0.993471 0.41237 0.253306 4.096e-05
7.79884e+06 0.146547 0.808833 0.0759976 0.000150622
3.75364e+07 0.875943 0.506194 0.211086 3.12944e-05
