1.08305e+07 0.50195 0.624631 0.10799 9.15891e-05
3.07796e+07 0.82516 0.500894 0.284242 3.22278e-05
2.33621e+07 0.769434 0.502336 0.161845 4.24602e-05
2.33621e+07 0.769434 0.502336 0.161845 4.24602e-05
2.33621e+07 0.769434 0.502336 0.161845 4.24602e-05
3.07796e+07 0.82516 0.500894 0.284242 3.22278e-05
2.01469e+07 0.732516 0.581396 0.299669 4.92365e-05
1.62966e+07 0.669128 0.624631 0.161845 6.08691e-05
1.21904e+07 0.557676 0.522212 0.179898 8.13722e-05
1.62966e+07 0.669128 0.624631 0.161845 6.08691e-05
2.12518e+07 0.746447 0.556712 0.304157 4.66765e-05
2.33621e+07 0.769434 0.502336 0.161845 4.24602e-05
2.33621e+07 0.769434 0.502336 0.161845 4.24602e-05
2.20262e+07 0.755503 0.428285 0.10799 4.50355e-05
3.21938e+07 0.832823 0.560078 0.350158 3.08122e-05
1.68208e+07 0.679576 0.535395 0.300791 5.89722e-05
7.5897e+06 0.289078 0.663687 0 0.000130698
2.12518e+07 0.746447 0.556712 0.304157 4.66765e-05
