2.65962e+07 0.768431 0.385517 0.0927007 5.5696e-05
5.21291e+07 0.799953 0.667803 0 2.8416e-05
2.3812e+07 0.952918 0.303907 0.0927007 6.2208e-05
3.45452e+07 0.940026 0.481597 0.18396 4.288e-05
3.83201e+07 0.88555 0.597704 0.0927007 3.8656e-05
2.5022e+07 0.902953 0.319817 0.0562007 5.92e-05
2.67576e+07 0.792773 0.398994 0.163829 5.536e-05
2.65962e+07 0.768431 0.385517 0.0927007 5.5696e-05
3.70696e+07 0.729917 0.535692 0.190137 3.996e-05
2.65962e+07 0.768431 0.385517 0.0927007 5.5696e-05
2.65962e+07 0.768431 0.385517 0.0927007 5.5696e-05
4.82194e+07 0.87426 0.6474 0.0986436 3.072e-05
3.83201e+07 0.88555 0.597704 0.0927007 3.8656e-05
4.82194e+07 0.849918 0.651893 0.0365 3.072e-05
2.65962e+07 0.917285 0.358096 0.0365 5.5696e-05
3.02949e+07 0.941627 0.438957 0.141321 4.8896e-05
2.2732e+07 0.348901 0.654991 0.209753 6.51635e-05
2.65962e+07 0.768431 0.385517 0.0927007 5.5696e-05
