4.98093e+07 0.927717 0.447705 0.170997 2.412e-05
4.98093e+07 0.953198 0.429175 0.209603 2.412e-05
4.98093e+07 0.927717 0.447705 0.170997 2.412e-05
4.98093e+07 0.927717 0.447705 0.170997 2.412e-05
4.98093e+07 0.927717 0.447705 0.170997 2.412e-05
4.98093e+07 0.953198 0.429175 0.209603 2.412e-05
4.98093e+07 1 0.49001 0.323052 2.412e-05
4.98093e+07 0.927717 0.447705 0.170997 2.412e-05
4.98093e+07 0.953198 0.429175 0.209603 2.412e-05
4.98093e+07 0.927717 0.447705 0.170997 2.412e-05
4.98093e+07 1 0.49001 0.323052 2.412e-05
4.98093e+07 0.927717 0.447705 0.170997 2.412e-05
4.98093e+07 0.927717 0.447705 0.170997 2.412e-05
4.98093e+07 0.927717 0.447705 0.170997 2.412e-05
4.98093e+07 1 0.49001 0.323052 2.412e-05
4.98093e+07 1 0.49001 0.323052 2.412e-05
1.27984e+07 0.0468019 0.833936 0 9.38712e-05
4.98093e+07 1 0.49001 0.323052 2.412e-05
