2.02277e+07 0.522569 0.600285 0.0939636 5.63716e-05
3.58293e+07 0.730903 0.443946 0.241313 3.18251e-05
2.76506e+07 0.651042 0.460572 0.0939636 4.12385e-05
2.76506e+07 0.651042 0.460572 0.0939636 4.12385e-05
2.76506e+07 0.651042 0.460572 0.0939636 4.12385e-05
3.58293e+07 0.730903 0.443946 0.241313 3.18251e-05
5.56772e+07 0.871528 0.547947 0.345313 2.048e-05
2.02277e+07 0.522569 0.600285 0.0939636 5.63716e-05
2.4275e+07 0.602431 0.469746 0.184356 4.69729e-05
2.02277e+07 0.522569 0.600285 0.0939636 5.63716e-05
2.64721e+07 0.635417 0.51445 0.278319 4.30744e-05
2.76506e+07 0.651042 0.460572 0.0939636 4.12385e-05
2.76506e+07 0.651042 0.460572 0.0939636 4.12385e-05
4.71841e+07 0.887153 0.427075 0.12746 2.41664e-05
5.56772e+07 1 0.58914 0.435767 2.048e-05
4.08311e+07 0.763889 0.48865 0.335276 2.79265e-05
1.15231e+07 0.161458 0.717063 0 9.89549e-05
2.64721e+07 0.635417 0.51445 0.278319 4.30744e-05
