1.77465e+07 0.639026 0.507065 0.087689 6.45547e-05
3.72923e+07 0.888132 0.636798 0.199078 3.072e-05
2.4502e+07 0.887429 0.445577 0.097956 4.67563e-05
2.6872e+07 0.878454 0.475715 0.0743439 4.26325e-05
3.53668e+07 0.855489 0.575441 0.097956 3.23925e-05
2.79692e+07 1 0.548883 0.337505 4.096e-05
1.94646e+07 0.671017 0.481063 0.104249 5.88566e-05
2.86214e+07 0.804349 0.507065 0.123314 4.00267e-05
1.89518e+07 0.662041 0.511201 0.080637 6.04491e-05
2.6872e+07 0.800175 0.481882 0.0801435 4.26325e-05
2.67169e+07 0.83634 0.481063 0.139874 4.288e-05
3.53668e+07 0.851967 0.578861 0.109969 3.23925e-05
3.53668e+07 0.855489 0.575441 0.097956 3.23925e-05
2.01051e+07 0.681191 0.60558 0.0387188 5.69815e-05
3.55858e+07 0.820248 0.60574 0.242643 3.21931e-05
2.55287e+07 0.749295 0.533652 0.127828 4.48758e-05
8.96997e+06 0.284516 0.726955 0 0.000127717
2.67169e+07 0.83634 0.481063 0.139874 4.288e-05
