2.11066e+07 0.389466 0.500282 0.0729874 6.6394e-05
5.39839e+07 0.7614 0.724667 0.0653257 2.59587e-05
4.56169e+07 0.864457 0.500282 0.181326 3.072e-05
4.56169e+07 1 0.581184 0.30524 3.072e-05
6.56849e+07 0.804052 0.664605 0.141001 2.13344e-05
4.65874e+07 0.821805 0.479696 0.0653257 3.008e-05
2.09051e+07 0.383573 0.502971 0.0326629 6.7034e-05
4.56169e+07 0.864457 0.500282 0.181326 3.072e-05
1.97326e+07 0.346814 0.565722 0 7.1017e-05
4.56169e+07 0.858564 0.416945 0.0979886 3.072e-05
4.56169e+07 1 0.581184 0.30524 3.072e-05
6.37718e+07 0.798158 0.661917 0.0979886 2.19744e-05
6.56849e+07 0.804052 0.664605 0.141001 2.13344e-05
1.90549e+07 0.323168 0.747942 0.0326629 7.35429e-05
2.09051e+07 0.383573 0.502971 0.0326629 6.7034e-05
2.11066e+07 0.389466 0.500282 0.0729874 6.6394e-05
3.05212e+07 0.578048 0.493612 0.0833374 4.5914e-05
4.56169e+07 0.864457 0.500282 0.181326 3.072e-05
