1.97783e+07 0.474968 0.494667 0.09738 6.58464e-05
4.59842e+07 0.77433 0.623596 0.209765 2.83213e-05
6.33942e+07 0.836526 0.526067 0.308734 2.05434e-05
6.33942e+07 0.836526 0.526067 0.308734 2.05434e-05
6.33942e+07 0.836526 0.526067 0.308734 2.05434e-05
4.30874e+07 0.759132 0.611772 0.150641 3.02253e-05
2.87069e+07 0.638442 0.469229 0.122818 4.53664e-05
3.4557e+07 0.699745 0.494667 0.167335 3.76864e-05
1.76922e+07 0.412771 0.686794 0.045709 7.36102e-05
3.4557e+07 0.699745 0.494667 0.167335 3.76864e-05
3.4557e+07 0.699745 0.494667 0.167335 3.76864e-05
6.33942e+07 0.836526 0.526067 0.308734 2.05434e-05
6.33942e+07 0.836526 0.526067 0.308734 2.05434e-05
4.61437e+07 0.775223 0.500629 0.264218 2.82234e-05
4.61437e+07 0.775223 0.500629 0.264218 2.82234e-05
2.674e+07 0.61175 0.526067 0.23878 4.87034e-05
1.8024e+07 0.423755 0.526067 0.106422 7.22554e-05
3.4557e+07 0.699745 0.494667 0.167335 3.76864e-05
