2.0454e+07 0.53827 0.503882 0.0293573 6.17206e-05
5.14756e+07 0.931134 0.569742 0.237287 2.45248e-05
4.14183e+07 0.814502 0.503882 0.0915258 3.048e-05
4.14183e+07 0.814502 0.503882 0.0915258 3.048e-05
4.14183e+07 0.814502 0.503882 0.0915258 3.048e-05
5.1235e+07 0.831383 0.562619 0.0989191 2.464e-05
2.28615e+07 0.586802 0.637253 0.128276 5.52207e-05
3.5325e+07 0.843085 0.400959 0.0915258 3.57376e-05
2.71856e+07 0.652791 0.611188 0.19895 4.64374e-05
4.12451e+07 0.80587 0.499997 0.0293573 3.0608e-05
4.35009e+07 0.871667 0.516802 0.190445 2.90208e-05
4.12451e+07 0.80587 0.499997 0.0293573 3.0608e-05
4.14183e+07 0.814502 0.503882 0.0915258 3.048e-05
2.00865e+07 0.529637 0.624334 0.0293573 6.28495e-05
2.28615e+07 0.586802 0.637253 0.128276 5.52207e-05
2.33387e+07 0.595434 0.516802 0.128276 5.40918e-05
1.44324e+07 0.345099 0.668208 0.0621685 8.74721e-05
4.35009e+07 0.871667 0.516802 0.190445 2.90208e-05
