2.23697e+07 0.792152 0.457519 0.159824 4.46464e-05
2.58448e+07 0.803752 0.55794 0.150413 3.86432e-05
2.40079e+07 0.787933 0.519215 0.159824 4.16e-05
2.36125e+07 0.770372 0.580359 0.114866 4.22966e-05
2.40079e+07 0.852601 0.54664 0.211227 4.16e-05
2.3313e+07 0.893033 0.490029 0.271484 4.284e-05
2.49682e+07 0.863611 0.591056 0.312111 4e-05
2.23697e+07 0.792152 0.457519 0.159824 4.46464e-05
2.58448e+07 0.803752 0.55794 0.150413 3.86432e-05
2.40079e+07 0.852601 0.54664 0.211227 4.16e-05
2.4383e+07 0.928279 0.61848 0.363514 4.096e-05
2.36125e+07 0.770372 0.580359 0.114866 4.22966e-05
2.40079e+07 0.852601 0.54664 0.211227 4.16e-05
2.36125e+07 0.770372 0.580359 0.114866 4.22966e-05
2.49682e+07 0.917771 0.543526 0.292312 4e-05
3.15893e+07 0.846051 0.601246 0.241676 3.1616e-05
5.67621e+06 0.042299 0.860782 0 0.00017595
2.49682e+07 0.863611 0.591056 0.312111 4e-05
