1.78525e+07 0.378657 0.561015 0.0471114 6.52092e-05
2.78077e+07 0.601259 0.703855 0.100504 4.18643e-05
3.80939e+07 0.73681 0.561844 0.189206 3.056e-05
3.47807e+07 0.681553 0.542481 0.100049 3.34711e-05
3.33204e+07 0.667345 0.637423 0.100049 3.49381e-05
2.73086e+07 0.593959 0.676788 0.12249 4.26295e-05
1.76364e+07 0.370963 0.610482 0.0251261 6.60082e-05
3.25928e+07 0.660045 0.561015 0.0973635 3.5718e-05
1.57578e+07 0.295595 0.763944 0 7.38777e-05
3.18797e+07 0.65235 0.610482 0.0753782 3.6517e-05
3.18797e+07 0.65235 0.610482 0.0753782 3.6517e-05
3.42598e+07 0.676627 0.599734 0.150301 3.398e-05
3.33204e+07 0.667345 0.637423 0.100049 3.49381e-05
1.98557e+07 0.441215 0.656786 0.138954 5.86306e-05
1.87273e+07 0.40786 0.493014 0.0717818 6.21633e-05
1.84896e+07 0.400166 0.542481 0.0497965 6.29623e-05
1.84896e+07 0.400166 0.532838 0.0246705 6.29623e-05
3.18797e+07 0.65235 0.610482 0.0753782 3.6517e-05
