2.14317e+07 0.529399 0.537766 0.0397041 5.69303e-05
1.88399e+07 0.463705 0.791627 0.0573321 6.47619e-05
2.14317e+07 0.529399 0.537766 0.0397041 5.69303e-05
2.08358e+07 0.515674 0.623182 0.0397041 5.85582e-05
1.86768e+07 0.45913 0.724516 0.0632246 6.53276e-05
2.26016e+07 0.553746 0.578118 0.0843084 5.39833e-05
2.97878e+07 1 0.528842 0.233436 4.096e-05
2.14317e+07 0.529399 0.537766 0.0397041 5.69303e-05
2.28309e+07 0.558162 0.621713 0.127893 5.34412e-05
2.14317e+07 0.529399 0.537766 0.0397041 5.69303e-05
2.42876e+07 0.584883 0.539059 0.101936 5.02359e-05
1.86227e+07 0.457499 0.760911 0.0820409 6.55175e-05
1.84705e+07 0.453083 0.719812 0.0397041 6.60572e-05
5.16366e+07 0.83103 0.71382 0.0397041 2.36288e-05
2.97878e+07 0.96283 0.548174 0.10949 4.096e-05
2.41884e+07 0.583252 0.540318 0.103185 5.0442e-05
1.15535e+07 0.125593 0.70873 0.0470409 0.000105605
2.42876e+07 0.584883 0.539059 0.101936 5.02359e-05
