2.31495e+07 0.351196 0.511295 0 5.79076e-05
8.95474e+07 0.832536 0.638309 0.13867 1.49701e-05
6.54556e+07 0.854545 0.416598 0.13867 2.048e-05
6.54556e+07 1 0.508642 0.295211 2.048e-05
8.95474e+07 0.832536 0.638309 0.13867 1.49701e-05
6.54556e+07 0.854545 0.416598 0.13867 2.048e-05
2.31495e+07 0.351196 0.511295 0 5.79076e-05
4.6949e+07 0.680383 0.511295 0.0924466 2.85529e-05
2.31495e+07 0.351196 0.511295 0 5.79076e-05
4.6949e+07 0.680383 0.511295 0.0924466 2.85529e-05
6.54556e+07 0.825837 0.603339 0.248988 2.048e-05
8.95474e+07 0.832536 0.638309 0.13867 1.49701e-05
8.95474e+07 0.832536 0.638309 0.13867 1.49701e-05
3.02434e+07 0.503349 0.638309 0.0462234 4.43248e-05
3.1628e+07 0.525359 0.416598 0.0462234 4.23843e-05
3.1628e+07 0.525359 0.416598 0.0462234 4.23843e-05
3.1628e+07 0.525359 0.406252 0 4.23843e-05
4.6949e+07 0.680383 0.511295 0.0924466 2.85529e-05
