9.98118e+06 0.534138 0.619014 0.0622727 0.000112245
3.64694e+07 0.99548 0.554726 0.375106 3.072e-05
1.98682e+07 0.766245 0.57042 0.172322 5.63886e-05
1.98682e+07 0.766245 0.57042 0.172322 5.63886e-05
1.98682e+07 0.766245 0.57042 0.172322 5.63886e-05
2.17607e+07 0.78677 0.485674 0.179795 5.14847e-05
7.94024e+06 0.414283 0.640887 0.0661111 0.000141096
2.7614e+07 0.831915 0.613787 0.151129 4.05714e-05
1.15393e+07 0.597203 0.59605 0.137572 9.7089e-05
1.46497e+07 0.682761 0.598515 0.0719913 7.64754e-05
1.63905e+07 0.71658 0.549581 0.154967 6.8353e-05
3.64694e+07 0.91088 0.601046 0.231859 3.072e-05
1.98682e+07 0.766245 0.57042 0.172322 5.63886e-05
1.18785e+07 0.608582 0.674222 0.118175 9.43165e-05
9.17581e+06 0.493247 0.610016 0.122014 0.000122097
9.25698e+06 0.497767 0.523936 0.122014 0.000121027
7.51879e+06 0.381261 0.744539 0.0781165 0.000149005
1.63905e+07 0.71658 0.549581 0.154967 6.8353e-05
