2.80897e+07 0.759923 0.434245 0.159026 4.04906e-05
3.95103e+07 0.840527 0.62395 0.0841322 2.87867e-05
3.15842e+07 0.78974 0.535108 0.196401 3.60107e-05
3.10408e+07 0.780923 0.517105 0.147273 3.66411e-05
2.95827e+07 0.769969 0.578958 0.196401 3.84471e-05
3.57148e+07 0.809608 0.540277 0.166872 3.18459e-05
1.8112e+07 0.623983 0.532743 0.120747 6.27966e-05
3.70238e+07 0.936526 0.569652 0.294433 3.072e-05
2.39186e+07 0.715433 0.550223 0.0612433 4.75518e-05
3.15842e+07 0.784718 0.532743 0.158574 3.60107e-05
3.15842e+07 0.78974 0.535108 0.196401 3.60107e-05
3.85201e+07 0.883078 0.566994 0.132786 2.95266e-05
2.95827e+07 0.769969 0.578958 0.196401 3.84471e-05
2.4516e+07 0.722344 0.566994 0.0949594 4.6393e-05
2.14448e+07 0.682608 0.465319 0.12857 5.30372e-05
1.79257e+07 0.620189 0.441451 0.0716186 6.34492e-05
9.01895e+06 0.243949 0.698719 0.0527652 0.000126109
3.15842e+07 0.78974 0.535108 0.196401 3.60107e-05
