2.30272e+07 0.52453 0.573025 0.100914 5.63738e-05
6.33853e+07 0.966501 0.497521 0.277895 2.048e-05
5.2821e+07 0.939486 0.397732 0.178107 2.4576e-05
5.2821e+07 0.939486 0.397732 0.178107 2.4576e-05
5.2821e+07 0.939486 0.397732 0.178107 2.4576e-05
6.33853e+07 0.966501 0.497521 0.277895 2.048e-05
2.63817e+07 0.585044 0.577528 0.229248 4.92058e-05
5.06019e+07 0.783877 0.573025 0.178107 2.56538e-05
2.44095e+07 0.551545 0.528076 0.128334 5.31814e-05
5.06019e+07 0.783877 0.573025 0.178107 2.56538e-05
6.33853e+07 0.844392 0.577528 0.306441 2.048e-05
5.2821e+07 0.939486 0.397732 0.178107 2.4576e-05
5.2821e+07 0.939486 0.397732 0.178107 2.4576e-05
3.4193e+07 0.680138 0.397732 0.100914 3.79648e-05
4.21725e+07 0.740653 0.546973 0.301616 3.07814e-05
4.21725e+07 0.740653 0.546973 0.301616 3.07814e-05
1.98513e+07 0.448455 0.517945 0 6.53926e-05
6.33853e+07 0.844392 0.577528 0.306441 2.048e-05
