5.40165e+07 0.807196 0.535707 0 1.936e-05
5.10625e+07 1 0.424285 0.193365 2.048e-05
5.40165e+07 0.807196 0.535707 0 1.936e-05
5.40165e+07 0.807196 0.535707 0 1.936e-05
5.40165e+07 0.807196 0.535707 0 1.936e-05
5.10625e+07 1 0.424285 0.193365 2.048e-05
5.10625e+07 1 0.424285 0.193365 2.048e-05
5.40165e+07 0.807196 0.535707 0 1.936e-05
5.10625e+07 1 0.424285 0.193365 2.048e-05
5.40165e+07 0.807196 0.535707 0 1.936e-05
5.10625e+07 1 0.424285 0.193365 2.048e-05
5.40165e+07 0.807196 0.535707 0 1.936e-05
5.40165e+07 0.807196 0.535707 0 1.936e-05
5.40165e+07 0.807196 0.535707 0 1.936e-05
5.10625e+07 1 0.424285 0.193365 2.048e-05
5.10625e+07 1 0.424285 0.193365 2.048e-05
1.59758e+07 0 1 0 6.54592e-05
5.10625e+07 1 0.424285 0.193365 2.048e-05
