3.74728e+07 0.789667 0.46584 0.0687476 2.41248e-05
3.46327e+07 0.680441 0.504991 0.0446922 2.61032e-05
2.83162e+07 0.608794 0.617866 0 3.19259e-05
2.83162e+07 0.608794 0.617866 0 3.19259e-05
2.83162e+07 0.608794 0.617866 0 3.19259e-05
4.29603e+07 0.827795 0.472222 0.179757 2.10432e-05
3.46327e+07 0.680441 0.504991 0.0446922 2.61032e-05
2.89372e+07 0.617462 0.500213 0 3.12409e-05
3.46327e+07 0.680441 0.504991 0.0446922 2.61032e-05
2.83162e+07 0.608794 0.617866 0 3.19259e-05
3.46327e+07 0.680441 0.504991 0.0446922 2.61032e-05
2.83162e+07 0.608794 0.617866 0 3.19259e-05
2.83162e+07 0.608794 0.617866 0 3.19259e-05
4.74138e+07 0.780999 0.583492 0.0687476 1.90667e-05
4.29603e+07 0.827795 0.472222 0.179757 2.10432e-05
4.02824e+07 0.852646 0.470617 0.11344 2.24421e-05
1.1097e+07 0 1 0 8.14655e-05
3.46327e+07 0.680441 0.504991 0.0446922 2.61032e-05
