3.83929e+07 0.708455 0.444969 0.111151 2.688e-05
2.86282e+07 0.590087 0.559172 0.0464947 3.60483e-05
2.82429e+07 0.584548 0.520523 0.0414094 3.65402e-05
2.72264e+07 0.56895 0.562078 0 3.79043e-05
2.5934e+07 0.547376 0.590265 0.0414094 3.97932e-05
3.3534e+07 0.650146 0.561206 0.19397 3.07747e-05
3.28451e+07 0.642857 0.520523 0.124228 3.14202e-05
2.87507e+07 0.591837 0.561206 0.111151 3.58947e-05
3.1468e+07 0.627259 0.48943 0.0464947 3.27953e-05
2.82429e+07 0.584548 0.520523 0.0414094 3.65402e-05
3.28451e+07 0.642857 0.520523 0.124228 3.14202e-05
2.50745e+07 0.531778 0.63182 0 4.11574e-05
2.5934e+07 0.547376 0.590265 0.0414094 3.97932e-05
3.33616e+07 0.648397 0.515583 0 3.09338e-05
3.20997e+07 0.634548 0.530113 0.116237 3.21498e-05
3.6236e+07 0.743878 0.373193 0.0464947 2.848e-05
1.22052e+07 0.037172 0.930258 0 8.45542e-05
3.28451e+07 0.642857 0.520523 0.124228 3.14202e-05
