3.09629e+07 0.947124 0.348741 0.100411 3.7428e-05
3.54614e+07 0.96748 0.416035 0.167706 3.268e-05
3.09629e+07 0.947124 0.348741 0.100411 3.7428e-05
3.09629e+07 0.947124 0.348741 0.100411 3.7428e-05
3.09629e+07 0.953881 0.357302 0.143219 3.7428e-05
3.54614e+07 0.96748 0.416035 0.167706 3.268e-05
3.7724e+07 1 0.45598 0.276144 3.072e-05
3.09629e+07 0.947124 0.348741 0.100411 3.7428e-05
3.61879e+07 0.974238 0.424596 0.210514 3.2024e-05
3.09629e+07 0.947124 0.348741 0.100411 3.7428e-05
3.7724e+07 0.993243 0.447418 0.233336 3.072e-05
3.09629e+07 0.953881 0.357302 0.143219 3.7428e-05
3.09629e+07 0.947124 0.348741 0.100411 3.7428e-05
3.09629e+07 0.947124 0.348741 0.100411 3.7428e-05
3.7724e+07 0.993243 0.447418 0.233336 3.072e-05
3.7724e+07 0.993243 0.447418 0.233336 3.072e-05
7.90272e+06 0.0325196 0.823069 0 0.000146643
3.7724e+07 0.993243 0.447418 0.233336 3.072e-05
