3.73516e+07 0.943428 0.361102 0.129885 3.072e-05
4.15402e+07 0.968386 0.447507 0.21629 2.76224e-05
3.73516e+07 0.943428 0.361102 0.129885 3.072e-05
3.73516e+07 0.943428 0.361102 0.129885 3.072e-05
3.73516e+07 0.943428 0.361102 0.129885 3.072e-05
4.15402e+07 0.968386 0.447507 0.21629 2.76224e-05
4.63275e+07 1 0.487616 0.300596 2.4768e-05
3.73516e+07 0.943428 0.361102 0.129885 3.072e-05
4.15402e+07 0.968386 0.447507 0.21629 2.76224e-05
3.73516e+07 0.943428 0.361102 0.129885 3.072e-05
4.63275e+07 1 0.487616 0.300596 2.4768e-05
3.73516e+07 0.943428 0.361102 0.129885 3.072e-05
3.73516e+07 0.943428 0.361102 0.129885 3.072e-05
3.73516e+07 0.943428 0.361102 0.129885 3.072e-05
4.63275e+07 1 0.487616 0.300596 2.4768e-05
4.63275e+07 1 0.487616 0.300596 2.4768e-05
9.62522e+06 0.031614 0.871497 0 0.000119212
4.63275e+07 1 0.487616 0.300596 2.4768e-05
