1.44463e+07 0.344469 0.625295 0 6.45332e-05
4.45918e+07 0.822126 0.583106 0.159681 2.09067e-05
4.45918e+07 0.809545 0.561513 0.0958085 2.09067e-05
4.55208e+07 0.948373 0.631374 0.209218 2.048e-05
4.12358e+07 0.770499 0.751497 0.0958085 2.26082e-05
3.25149e+07 0.819523 0.515061 0.159681 2.8672e-05
1.44463e+07 0.344469 0.625295 0 6.45332e-05
2.70254e+07 0.649892 0.625295 0.0638724 3.44959e-05
1.44463e+07 0.344469 0.625295 0 6.45332e-05
2.70254e+07 0.649892 0.625295 0.0638724 3.44959e-05
4.4746e+07 0.78872 0.695155 0.177282 2.08346e-05
4.3077e+07 0.780477 0.705044 0.159681 2.16419e-05
4.12358e+07 0.770499 0.751497 0.0958085 2.26082e-05
1.77084e+07 0.465076 0.751497 0.0319361 5.26455e-05
1.90882e+07 0.504121 0.561513 0.0319361 4.88399e-05
1.90882e+07 0.504121 0.561513 0.0319361 4.88399e-05
1.90882e+07 0.504121 0.554618 0 4.88399e-05
2.70254e+07 0.649892 0.625295 0.0638724 3.44959e-05
