1.31432e+07 0.472972 0.617063 0.0353401 9.16422e-05
3.21712e+07 0.785155 0.40819 0.152479 3.74394e-05
2.71365e+07 0.745004 0.574329 0.152479 4.43857e-05
2.71365e+07 0.745004 0.574329 0.152479 4.43857e-05
2.84269e+07 0.756515 0.65765 0.270596 4.23708e-05
3.0577e+07 0.77392 0.399898 0.111022 3.93914e-05
1.4565e+07 0.524634 0.467914 0.120292 8.26959e-05
1.94438e+07 0.64389 0.617063 0.0857948 6.19462e-05
1.4565e+07 0.524634 0.467914 0.120292 8.26959e-05
1.94438e+07 0.64389 0.617063 0.0857948 6.19462e-05
2.18995e+07 0.684041 0.450924 0.0857948 5.49999e-05
2.84269e+07 0.756515 0.65765 0.270596 4.23708e-05
2.71365e+07 0.745004 0.574329 0.152479 4.43857e-05
1.62587e+07 0.574086 0.574329 0.102024 7.40817e-05
1.79409e+07 0.614237 0.40819 0.102024 6.71354e-05
1.79409e+07 0.614237 0.40819 0.102024 6.71354e-05
9.67197e+06 0.283544 0.719318 0.0746219 0.000124532
2.18995e+07 0.684041 0.450924 0.0857948 5.49999e-05
