1.9142e+07 0.58968 0.55856 0.121472 6.11113e-05
4.89589e+07 0.859382 0.618091 0.13968 2.38933e-05
3.42712e+07 0.895541 0.53967 0.13968 3.41333e-05
3.42712e+07 0.895541 0.53967 0.13968 3.41333e-05
4.89589e+07 0.859382 0.618091 0.13968 2.38933e-05
3.80791e+07 0.986856 0.590637 0.301257 3.072e-05
1.85743e+07 0.577053 0.578695 0.0324543 6.29789e-05
3.73174e+07 0.789875 0.55856 0.167677 3.1347e-05
1.85743e+07 0.577053 0.578695 0.0324543 6.29789e-05
3.52192e+07 0.777248 0.578695 0.0786588 3.32146e-05
3.52192e+07 0.777248 0.578695 0.0786588 3.32146e-05
4.89589e+07 0.859382 0.618091 0.13968 2.38933e-05
4.89589e+07 0.859382 0.618091 0.13968 2.38933e-05
2.30488e+07 0.659186 0.618091 0.0934752 5.07528e-05
3.80791e+07 0.799805 0.598221 0.292971 3.072e-05
2.57668e+07 0.695345 0.53967 0.0934752 4.53991e-05
1.21843e+07 0.354647 0.743941 0.0379186 9.60083e-05
3.52192e+07 0.777248 0.578695 0.0786588 3.32146e-05
