3.50241e+07 0.700338 0.573762 0.119013 3.15931e-05
4.34953e+07 0.844995 0.569351 0.143112 2.544e-05
3.60195e+07 0.897556 0.54295 0.208148 3.072e-05
3.60195e+07 0.897556 0.54295 0.208148 3.072e-05
3.60195e+07 0.897556 0.54295 0.208148 3.072e-05
3.91251e+07 0.823082 0.559447 0.0935925 2.82816e-05
3.60195e+07 0.768634 0.504277 0.172714 3.072e-05
3.60195e+07 0.734486 0.524374 0.143707 3.072e-05
3.30172e+07 0.681925 0.679395 0.14298 3.35135e-05
3.50241e+07 0.700338 0.573762 0.119013 3.15931e-05
3.60195e+07 0.768634 0.504277 0.172714 3.072e-05
3.60195e+07 0.897556 0.54295 0.208148 3.072e-05
3.60195e+07 0.897556 0.54295 0.208148 3.072e-05
3.60195e+07 0.897556 0.54295 0.208148 3.072e-05
3.60195e+07 0.965852 0.473465 0.26185 3.072e-05
3.60195e+07 0.965852 0.473465 0.26185 3.072e-05
1.62264e+07 0.352223 0.586439 0.11383 6.81924e-05
3.60195e+07 0.768634 0.504277 0.172714 3.072e-05
