2.07891e+07 0.682781 0.624381 0.0925612 5.64013e-05
3.56609e+07 0.955857 0.515723 0.190141 3.288e-05
3.19517e+07 0.793814 0.589866 0.180625 3.6697e-05
3.19517e+07 0.793814 0.589866 0.180625 3.6697e-05
3.38496e+07 0.805404 0.606272 0.257325 3.46394e-05
2.79174e+07 0.764073 0.52041 0.124046 4.2e-05
1.39104e+07 0.525767 0.565602 0.16197 8.42918e-05
4.5657e+07 0.855819 0.624381 0.138013 2.56813e-05
2.07385e+07 0.682222 0.476307 0.102551 5.65389e-05
2.04238e+07 0.677013 0.684558 0.138013 5.74099e-05
2.04238e+07 0.677013 0.684558 0.138013 5.74099e-05
3.81683e+07 1 0.541029 0.376542 3.072e-05
3.19517e+07 0.793814 0.589866 0.180625 3.6697e-05
3.28547e+07 0.799582 0.52969 0.135172 3.56883e-05
1.73922e+07 0.620775 0.589866 0.135172 6.7417e-05
1.7864e+07 0.630977 0.469087 0.135172 6.56365e-05
9.9088e+06 0.333982 0.588683 0.103498 0.000118332
2.04238e+07 0.677013 0.684558 0.138013 5.74099e-05
