1.72587e+07 0.620728 0.543797 0.160231 7.16595e-05
2.18741e+07 0.700874 0.567007 0.183769 5.65395e-05
2.40938e+07 0.728607 0.443011 0.178195 5.13306e-05
2.40938e+07 0.728607 0.443011 0.178195 5.13306e-05
2.40938e+07 0.728607 0.443011 0.178195 5.13306e-05
2.11557e+07 0.690696 0.560097 0.149221 5.84595e-05
2.41686e+07 0.729285 0.57991 0.233379 5.11718e-05
1.42136e+07 0.53931 0.565907 0.11601 8.70118e-05
1.34107e+07 0.511577 0.662265 0.107765 9.22208e-05
1.42136e+07 0.53931 0.565907 0.11601 8.70118e-05
1.54896e+07 0.577305 0.559274 0.192106 7.98438e-05
2.40938e+07 0.728607 0.443011 0.178195 5.13306e-05
2.40938e+07 0.728607 0.443011 0.178195 5.13306e-05
2.95026e+07 0.962005 0.400264 0.243052 4.192e-05
4.02588e+07 0.918582 0.5812 0.357657 3.072e-05
3.26423e+07 0.84802 0.497181 0.339969 3.7888e-05
8.79388e+06 0.255025 0.605429 0.0621852 0.000140638
1.54896e+07 0.577305 0.559274 0.192106 7.98438e-05
