4.95241e+07 0.902398 0.44386 0 2.816e-05
5.98027e+07 0.867076 0.610345 0 2.332e-05
4.95241e+07 0.902398 0.44386 0 2.816e-05
5.41718e+07 0.934932 0.511532 0.168881 2.5744e-05
5.98027e+07 0.883807 0.621125 0.0538983 2.332e-05
4.95241e+07 0.902398 0.44386 0 2.816e-05
4.95241e+07 0.952593 0.476199 0.161695 2.816e-05
4.95241e+07 0.902398 0.44386 0 2.816e-05
5.41718e+07 0.985127 0.543871 0.330576 2.5744e-05
4.95241e+07 0.902398 0.44386 0 2.816e-05
4.95241e+07 0.902398 0.44386 0 2.816e-05
5.41718e+07 0.917271 0.513329 0.0970169 2.5744e-05
5.98027e+07 0.867076 0.610345 0 2.332e-05
5.98027e+07 0.867076 0.610345 0 2.332e-05
4.95241e+07 0.902398 0.44386 0 2.816e-05
4.35812e+07 0.935862 0.379182 0.0646779 3.2e-05
2.29458e+07 0.118052 0.691582 0.209604 6.07779e-05
4.1506e+07 0.917271 0.357622 0 3.36e-05
