2.72064e+07 0.758535 0.523546 0.0599045 4.15667e-05
3.3338e+07 0.906565 0.611247 0.172379 3.39217e-05
2.17097e+07 0.900007 0.417215 0.100991 5.20911e-05
3.14278e+07 0.84924 0.566023 0.0778159 3.59834e-05
2.57455e+07 0.859509 0.488728 0.0778159 4.39253e-05
3.23396e+07 0.916834 0.585776 0.198291 3.49689e-05
2.78024e+07 0.858528 0.489435 0.209385 4.06756e-05
2.72064e+07 0.758535 0.523546 0.0599045 4.15667e-05
2.41312e+07 0.818789 0.480847 0.125575 4.68639e-05
2.72064e+07 0.758535 0.523546 0.0599045 4.15667e-05
2.78024e+07 0.84533 0.548533 0.185216 4.06756e-05
2.77128e+07 0.862438 0.506926 0.101985 4.08071e-05
2.57455e+07 0.859509 0.488728 0.0778159 4.39253e-05
2.51487e+07 0.889738 0.448159 0.0778159 4.49678e-05
3.3338e+07 0.936035 0.59697 0.206107 3.39217e-05
2.78024e+07 0.949233 0.537872 0.230276 4.06756e-05
8.38976e+06 0.143641 0.788527 0.0241687 0.000134793
2.78024e+07 0.84533 0.548533 0.185216 4.06756e-05
