2.1971e+07 0.536767 0.474111 0.077887 5.41314e-05
3.00529e+07 0.661085 0.685029 0.0694985 3.95743e-05
2.96182e+07 0.712464 0.474111 0.109532 4.0155e-05
3.87148e+07 0.823826 0.57085 0.165159 3.072e-05
3.87148e+07 0.759792 0.63283 0.149333 3.072e-05
2.96182e+07 0.732283 0.461395 0.101946 4.0155e-05
2.47508e+07 0.588924 0.477917 0.123225 4.80518e-05
2.96182e+07 0.712464 0.474111 0.109532 4.0155e-05
2.22127e+07 0.541665 0.568089 0.0694985 5.35424e-05
2.88534e+07 0.81058 0.450621 0.117688 4.12194e-05
2.90361e+07 1 0.573282 0.345172 4.096e-05
2.79724e+07 0.635775 0.701326 0.0482194 4.25176e-05
3.87148e+07 0.759792 0.63283 0.149333 3.072e-05
1.8883e+07 0.460078 0.764617 0.0482194 6.29838e-05
2.38906e+07 0.574003 0.52132 0.0907776 4.9782e-05
2.42017e+07 0.579494 0.519342 0.120445 4.9142e-05
1.39613e+07 0.269803 0.728464 0.061313 8.51868e-05
2.96182e+07 0.770111 0.475939 0.184538 4.0155e-05
