3.3764e+07 0.26651 0.609875 0.0486861 5.02814e-05
9.21061e+07 0.73349 0.820943 0.0750126 1.8432e-05
4.36292e+07 0.805401 0.609875 0.100618 3.8912e-05
5.52637e+07 0.776585 0.720951 0.100618 3.072e-05
5.96394e+07 0.584547 0.788306 0.0519318 2.84661e-05
3.76263e+07 0.78856 0.509257 0 4.512e-05
3.30077e+07 0.24967 0.61312 0 5.14334e-05
4.36292e+07 0.805401 0.609875 0.100618 3.8912e-05
3.8411e+07 0.355577 0.579761 0 4.41982e-05
3.76263e+07 0.78856 0.509257 0 4.512e-05
4.36292e+07 0.805401 0.609875 0.100618 3.8912e-05
5.379e+07 0.538891 0.896136 0 3.15616e-05
5.96394e+07 0.584547 0.788306 0.0519318 2.84661e-05
2.48176e+07 0 1 0 6.84072e-05
3.18065e+07 0.220854 0.724197 0 5.33759e-05
3.25081e+07 0.237694 0.720951 0.0486861 5.22239e-05
5.52637e+07 0.776585 0.720951 0.100618 3.072e-05
4.36292e+07 0.805401 0.609875 0.100618 3.8912e-05
