2.23238e+07 0.653193 0.534158 0.143839 4.52822e-05
3.06408e+07 0.747573 0.430029 0.070847 3.2991e-05
3.30493e+07 0.779792 0.473523 0.154566 3.05867e-05
3.30493e+07 0.779792 0.473523 0.154566 3.05867e-05
3.30493e+07 0.779792 0.473523 0.154566 3.05867e-05
3.6596e+07 0.840479 0.468591 0.193128 2.76224e-05
2.19357e+07 0.646989 0.540511 0.0930212 4.60833e-05
2.23238e+07 0.653193 0.534158 0.143839 4.52822e-05
2.01071e+07 0.61477 0.561378 0.0414824 5.02742e-05
2.19357e+07 0.646989 0.540511 0.0930212 4.60833e-05
2.19357e+07 0.646989 0.540511 0.0930212 4.60833e-05
3.30493e+07 0.779792 0.473523 0.154566 3.05867e-05
3.30493e+07 0.779792 0.473523 0.154566 3.05867e-05
3.30493e+07 0.779792 0.473523 0.154566 3.05867e-05
3.29059e+07 0.885271 0.439679 0.276847 3.072e-05
3.30493e+07 0.779792 0.473523 0.154566 3.05867e-05
9.28718e+06 0.165021 0.750339 0.0321803 0.000108846
2.19357e+07 0.646989 0.540511 0.0930212 4.60833e-05
