2.89287e+07 0.620853 0.446192 0.165272 4.10665e-05
2.24993e+07 0.511848 0.6301 0 5.28015e-05
2.64144e+07 0.584518 0.544276 0.0449552 4.49754e-05
2.64144e+07 0.584518 0.544276 0.0449552 4.49754e-05
2.42177e+07 0.546603 0.609665 0.0449552 4.90551e-05
3.57749e+07 0.693523 0.469569 0.162493 3.32077e-05
4.28365e+07 0.837283 0.51812 0.071111 2.77334e-05
2.75545e+07 0.601896 0.477579 0.133885 4.31145e-05
2.43833e+07 0.549763 0.56471 0 4.87219e-05
2.64144e+07 0.584518 0.544276 0.0449552 4.49754e-05
2.64144e+07 0.584518 0.544276 0.0449552 4.49754e-05
2.42177e+07 0.546603 0.609665 0.0449552 4.90551e-05
2.42177e+07 0.546603 0.609665 0.0449552 4.90551e-05
4.97211e+07 0.799368 0.58351 0.071111 2.38933e-05
4.46214e+07 0.981043 0.527602 0.285916 2.6624e-05
2.64144e+07 0.584518 0.544276 0.0449552 4.49754e-05
1.1855e+07 0.0726699 0.824266 0 0.000100211
2.64144e+07 0.584518 0.544276 0.0449552 4.49754e-05
