4.54723e+07 0.934223 0.493016 0.231646 3.072e-05
3.49787e+07 0.93404 0.35383 0.0856892 3.9936e-05
4.54723e+07 0.926914 0.499787 0.177482 3.072e-05
4.54723e+07 0.926914 0.499787 0.177482 3.072e-05
4.54723e+07 0.926914 0.499787 0.177482 3.072e-05
4.10895e+07 0.875571 0.421323 0.0922481 3.39968e-05
4.54723e+07 0.926914 0.499787 0.177482 3.072e-05
4.54723e+07 0.934223 0.493016 0.231646 3.072e-05
3.49787e+07 0.93404 0.35383 0.0856892 3.9936e-05
4.54723e+07 0.926914 0.499787 0.177482 3.072e-05
4.54723e+07 0.926914 0.499787 0.177482 3.072e-05
4.54723e+07 0.926914 0.499787 0.177482 3.072e-05
4.54723e+07 0.926914 0.499787 0.177482 3.072e-05
4.54723e+07 0.926914 0.499787 0.177482 3.072e-05
4.54723e+07 0.934223 0.493016 0.231646 3.072e-05
4.54723e+07 0.926914 0.499787 0.177482 3.072e-05
1.05882e+07 0.0586516 0.792897 0 0.000131931
4.54723e+07 0.926914 0.499787 0.177482 3.072e-05
