1.78786e+07 0.427167 0.596368 0.0210823 6.70141e-05
1.91669e+07 0.46529 0.745321 0.0421646 6.25098e-05
2.32126e+07 0.559285 0.517741 0.0210823 5.16152e-05
2.9251e+07 0.690185 0.573025 0.103634 4.096e-05
1.82334e+07 0.437816 0.759363 0.0210823 6.571e-05
2.47461e+07 0.586759 0.503698 0.0421646 4.84165e-05
2.9251e+07 0.736982 0.561895 0.10178 4.096e-05
1.78786e+07 0.427167 0.596368 0.0210823 6.70141e-05
1.87748e+07 0.454641 0.582326 0.0421646 6.38155e-05
1.78786e+07 0.427167 0.596368 0.0210823 6.70141e-05
2.69223e+07 0.62003 0.597913 0.145798 4.45028e-05
1.82334e+07 0.437816 0.759363 0.0210823 6.571e-05
1.82334e+07 0.437816 0.759363 0.0210823 6.571e-05
3.25858e+07 0.685668 0.740097 0.0403488 3.67681e-05
2.80842e+07 0.8691 0.521801 0.121047 4.26617e-05
2.48596e+07 0.621248 0.464001 0.0632469 4.81955e-05
1.43892e+07 0.288076 0.597888 0 8.32654e-05
2.00362e+07 0.48913 0.542629 0.0632469 5.97977e-05
