3.52491e+07 0.716288 0.483125 0.213706 3.78904e-05
4.85821e+07 0.855837 0.58347 0.0807252 2.74916e-05
4.34766e+07 1 0.537198 0.397084 3.072e-05
4.38829e+07 0.94001 0.609585 0.301645 3.04356e-05
4.38829e+07 0.935534 0.612419 0.289368 3.04356e-05
3.99189e+07 0.872618 0.47271 0.112868 3.34578e-05
3.44033e+07 0.709291 0.486087 0.169286 3.88219e-05
4.38829e+07 0.940181 0.577889 0.308469 3.04356e-05
2.7542e+07 0.63659 0.510736 0.0333435 4.84933e-05
3.87655e+07 0.933184 0.486087 0.216668 3.44533e-05
4.38829e+07 0.940181 0.577889 0.308469 3.04356e-05
5.88427e+07 0.916403 0.647483 0.209843 2.26978e-05
4.38829e+07 0.935534 0.612419 0.289368 3.04356e-05
3.85283e+07 0.740365 0.549827 0.19411 3.46654e-05
3.43904e+07 0.70912 0.517783 0.162462 3.88364e-05
3.52356e+07 0.716117 0.514821 0.206882 3.79048e-05
1.47405e+07 0.320031 0.666786 0.11712 9.06076e-05
4.38829e+07 0.940181 0.577889 0.308469 3.04356e-05
