3.37708e+07 0.629045 0.575164 0 2.95653e-05
3.72069e+07 0.516179 0.756827 0 2.68349e-05
3.37708e+07 0.629045 0.575164 0 2.95653e-05
3.4823e+07 0.668721 0.626645 0.146636 2.8672e-05
3.22978e+07 0.442219 0.854901 0 3.09137e-05
2.62343e+07 0.886364 0.487625 0.0380819 3.80587e-05
3.37708e+07 0.629045 0.575164 0 2.95653e-05
3.37708e+07 0.629045 0.575164 0 2.95653e-05
3.4823e+07 0.668721 0.626645 0.146636 2.8672e-05
3.37708e+07 0.629045 0.575164 0 2.95653e-05
3.37708e+07 0.629045 0.575164 0 2.95653e-05
3.22978e+07 0.442219 0.854901 0 3.09137e-05
3.22978e+07 0.442219 0.854901 0 3.09137e-05
3.22978e+07 0.442219 0.854901 0 3.09137e-05
2.62343e+07 0.886364 0.487625 0.0380819 3.80587e-05
3.37708e+07 0.629045 0.575164 0 2.95653e-05
2.32791e+07 0.226502 0.771745 0.146636 4.28902e-05
3.37708e+07 0.629045 0.575164 0 2.95653e-05
