2.08597e+07 0.494124 0.603029 0.0480442 5.28805e-05
2.64845e+07 0.601533 0.70452 0.0668075 4.16496e-05
3.06318e+07 0.689525 0.450899 0.0969664 3.60107e-05
2.87344e+07 0.633112 0.559891 0.0668075 3.83885e-05
2.64845e+07 0.601533 0.70452 0.0668075 4.16496e-05
3.59072e+07 0.72468 0.489705 0.101299 3.072e-05
3.40596e+07 0.690547 0.588828 0.029109 3.23865e-05
2.08597e+07 0.494124 0.603029 0.0480442 5.28805e-05
2.06048e+07 0.487787 0.645633 0.029109 5.35346e-05
2.06048e+07 0.487787 0.645633 0.029109 5.35346e-05
2.06048e+07 0.487787 0.645633 0.029109 5.35346e-05
2.64845e+07 0.601533 0.70452 0.0668075 4.16496e-05
2.64845e+07 0.601533 0.70452 0.0668075 4.16496e-05
3.83721e+07 0.860706 0.576593 0.115902 2.87467e-05
3.59072e+07 0.943587 0.55405 0.195803 3.072e-05
2.87344e+07 0.633112 0.559891 0.0668075 3.83885e-05
1.28323e+07 0.176904 0.769628 0.0376985 8.59606e-05
2.06048e+07 0.487787 0.645633 0.029109 5.35346e-05
