1.88539e+07 0.421707 0.526759 0.0637664 6.72518e-05
3.79547e+07 0.71253 0.82714 0.0410131 3.34072e-05
3.09561e+07 0.866211 0.608785 0.172797 4.096e-05
3.09561e+07 0.993055 0.659577 0.250593 4.096e-05
3.9879e+07 0.72642 0.831391 0.109031 3.17952e-05
2.79903e+07 0.85232 0.477001 0.0410131 4.53e-05
1.8628e+07 0.414762 0.507508 0.0205065 6.80673e-05
3.09561e+07 0.866211 0.608785 0.172797 4.096e-05
1.84126e+07 0.407817 0.53101 0 6.88638e-05
2.79903e+07 0.85232 0.477001 0.0410131 4.53e-05
3.09561e+07 0.993055 0.659577 0.250593 4.096e-05
3.79547e+07 0.71253 0.82714 0.0410131 3.34072e-05
3.9879e+07 0.72642 0.831391 0.109031 3.17952e-05
1.49215e+07 0.268026 0.881149 0 8.49756e-05
1.84126e+07 0.407817 0.53101 0 6.88638e-05
1.88539e+07 0.421707 0.526759 0.0637664 6.72518e-05
2.71314e+07 0.598185 0.64561 0.131784 4.6734e-05
3.09561e+07 0.866211 0.608785 0.172797 4.096e-05
