2.8679e+07 0.552958 0.449542 0.0520813 4.52279e-05
6.33345e+07 0.955847 0.569206 0.240095 2.048e-05
6.33345e+07 1 0.485396 0.294369 2.048e-05
6.33345e+07 1 0.485396 0.294369 2.048e-05
6.33345e+07 1 0.485396 0.294369 2.048e-05
6.33345e+07 0.937033 0.555637 0.172252 2.048e-05
2.8679e+07 0.552958 0.449542 0.0520813 4.52279e-05
6.33345e+07 0.830673 0.449542 0.132195 2.048e-05
2.61154e+07 0.508805 0.6419 0.0520813 4.96677e-05
6.33345e+07 0.830673 0.449542 0.132195 2.048e-05
6.33345e+07 0.830673 0.449542 0.132195 2.048e-05
6.33345e+07 1 0.485396 0.294369 2.048e-05
6.33345e+07 1 0.485396 0.294369 2.048e-05
4.61373e+07 0.722286 0.485396 0.214255 2.81137e-05
4.61373e+07 0.722286 0.485396 0.214255 2.81137e-05
4.61373e+07 0.722286 0.485396 0.214255 2.81137e-05
2.52122e+07 0.491195 0.603154 0.122117 5.14469e-05
6.33345e+07 0.830673 0.449542 0.132195 2.048e-05
