1.66439e+07 0.553105 0.578614 0.105117 7.09679e-05
3.44485e+07 0.784578 0.432255 0.0816157 3.42883e-05
3.84499e+07 0.870881 0.513993 0.300071 3.072e-05
3.98568e+07 0.833939 0.493461 0.211181 2.96356e-05
3.98568e+07 0.833939 0.493461 0.211181 2.96356e-05
3.15797e+07 0.764851 0.48032 0.0469021 3.74032e-05
2.33888e+07 0.682224 0.527344 0.105117 5.05019e-05
2.7556e+07 0.730285 0.578614 0.152019 4.28648e-05
1.49901e+07 0.503744 0.566303 0 7.87972e-05
2.7556e+07 0.730285 0.578614 0.152019 4.28648e-05
2.7556e+07 0.730285 0.578614 0.152019 4.28648e-05
3.98568e+07 0.833939 0.493461 0.211181 2.96356e-05
3.98568e+07 0.833939 0.493461 0.211181 2.96356e-05
3.84499e+07 0.82282 0.496903 0.270259 3.072e-05
3.46712e+07 0.785878 0.476371 0.181368 3.4068e-05
2.16539e+07 0.656759 0.493461 0.164279 5.4548e-05
1.11099e+07 0.330195 0.623119 0.0591615 0.000106317
2.7556e+07 0.730285 0.578614 0.152019 4.28648e-05
