3.04964e+07 0.476431 0.455866 0.0355721 4.59998e-05
5.51792e+07 0.710419 0.793816 0.071144 2.54232e-05
4.5665e+07 0.83164 0.455866 0.106716 3.072e-05
4.5665e+07 1 0.54437 0.242 3.072e-05
6.54418e+07 0.755976 0.725581 0.106716 2.14363e-05
6.44289e+07 0.786083 0.524102 0.071144 2.17733e-05
3.04964e+07 0.476431 0.455866 0.0355721 4.59998e-05
4.5665e+07 0.83164 0.455866 0.106716 3.072e-05
2.80648e+07 0.430874 0.524102 0 4.99854e-05
4.5665e+07 0.83164 0.455866 0.106716 3.072e-05
4.5665e+07 1 0.54437 0.242 3.072e-05
6.54418e+07 0.755976 0.725581 0.106716 2.14363e-05
6.54418e+07 0.755976 0.725581 0.106716 2.14363e-05
2.66784e+07 0.400766 0.725581 0.0355721 5.2583e-05
3.04964e+07 0.476431 0.455866 0.0355721 4.59998e-05
3.04964e+07 0.476431 0.455866 0.0355721 4.59998e-05
3.04964e+07 0.476431 0.448618 0 4.59998e-05
4.5665e+07 0.83164 0.455866 0.106716 3.072e-05
