3.6621e+07 0.700784 0.538411 0 3.23967e-05
4.09263e+07 0.552577 0.744161 0 2.89887e-05
3.6621e+07 0.700784 0.538411 0 3.23967e-05
3.86198e+07 0.93666 0.609362 0.10609 3.072e-05
3.58852e+07 0.489237 0.842548 0 3.30609e-05
3.6621e+07 0.700784 0.538411 0 3.23967e-05
3.6621e+07 0.700784 0.538411 0 3.23967e-05
3.6621e+07 0.700784 0.538411 0 3.23967e-05
3.6621e+07 0.700784 0.538411 0 3.23967e-05
3.6621e+07 0.700784 0.538411 0 3.23967e-05
3.86198e+07 0.93666 0.609362 0.10609 3.072e-05
3.58852e+07 0.489237 0.842548 0 3.30609e-05
3.58852e+07 0.489237 0.842548 0 3.30609e-05
3.58852e+07 0.489237 0.842548 0 3.30609e-05
3.6621e+07 0.700784 0.538411 0 3.23967e-05
3.6621e+07 0.700784 0.538411 0 3.23967e-05
2.32342e+07 0.211547 0.695862 0 5.10626e-05
3.6621e+07 0.700784 0.538411 0 3.23967e-05
