4.58394e+07 0.824528 0.44744 0.189428 2.764e-05
5.15759e+07 0.759119 0.612265 0.144661 2.45658e-05
6.18652e+07 0.849057 0.516996 0.257134 2.048e-05
6.18652e+07 0.849057 0.516996 0.257134 2.048e-05
6.18652e+07 0.849057 0.516996 0.257134 2.048e-05
4.77217e+07 0.739623 0.600795 0.0873144 2.65498e-05
3.80563e+07 0.673585 0.482958 0.118392 3.32928e-05
3.80563e+07 0.673585 0.482958 0.118392 3.32928e-05
2.98722e+07 0.583648 0.669981 0.0517967 4.24141e-05
3.80563e+07 0.673585 0.482958 0.118392 3.32928e-05
3.80563e+07 0.673585 0.482958 0.118392 3.32928e-05
6.18652e+07 0.849057 0.516996 0.257134 2.048e-05
6.18652e+07 0.849057 0.516996 0.257134 2.048e-05
5.99905e+07 1 0.481478 0.328169 2.112e-05
6.18652e+07 0.849057 0.516996 0.257134 2.048e-05
5.99905e+07 1 0.481478 0.328169 2.112e-05
1.6938e+07 0.265409 0.642788 0.103223 7.48024e-05
3.80563e+07 0.673585 0.482958 0.118392 3.32928e-05
