2.43292e+07 0.613508 0.428987 0.110633 6.34366e-05
5.02396e+07 0.923077 0.602072 0.113473 3.072e-05
3.67607e+07 0.986241 0.42769 0.232943 4.1984e-05
3.67607e+07 0.986241 0.42769 0.232943 4.1984e-05
5.02396e+07 0.958099 0.586889 0.195071 3.072e-05
3.37273e+07 0.95122 0.367131 0.113473 4.576e-05
2.48507e+07 0.621639 0.447292 0.149907 6.21054e-05
4.12928e+07 0.793621 0.509779 0.191425 3.7376e-05
2.30603e+07 0.592245 0.403284 0.0778463 6.69272e-05
3.67607e+07 0.787992 0.431512 0.113158 4.1984e-05
4.12928e+07 0.793621 0.509779 0.191425 3.7376e-05
5.02396e+07 0.966229 0.574195 0.218846 3.072e-05
5.02396e+07 0.958099 0.586889 0.195071 3.072e-05
4.12942e+07 0.772358 0.584364 0.11428 3.73748e-05
3.24126e+07 0.8005 0.349423 0.11428 4.7616e-05
3.76797e+07 0.819887 0.429303 0.262608 4.096e-05
1.71049e+07 0.449656 0.5797 0.188725 9.02293e-05
4.12928e+07 0.793621 0.509779 0.191425 3.7376e-05
