5.49242e+07 0.816327 0.553691 0.214765 2.112e-05
5.66406e+07 0.794602 0.560403 0.16401 2.048e-05
5.66406e+07 0.842001 0.528523 0.239513 2.048e-05
5.66406e+07 0.842001 0.528523 0.239513 2.048e-05
5.66406e+07 0.842001 0.528523 0.239513 2.048e-05
5.27135e+07 0.774194 0.547399 0.0989933 2.20058e-05
3.48665e+07 0.658328 0.59396 0.134228 3.32698e-05
3.48665e+07 0.658328 0.59396 0.134228 3.32698e-05
3.0631e+07 0.610928 0.625839 0.0587248 3.78701e-05
3.48665e+07 0.658328 0.59396 0.134228 3.32698e-05
3.48665e+07 0.658328 0.59396 0.134228 3.32698e-05
5.66406e+07 0.842001 0.528523 0.239513 2.048e-05
5.66406e+07 0.842001 0.528523 0.239513 2.048e-05
5.49242e+07 1 0.488255 0.32005 2.112e-05
5.66406e+07 0.842001 0.528523 0.239513 2.048e-05
5.49242e+07 1 0.488255 0.32005 2.112e-05
1.5509e+07 0.231073 0.671141 0.0650168 7.47952e-05
3.48665e+07 0.658328 0.59396 0.134228 3.32698e-05
