1.35329e+07 0.248673 0.659936 0 0.000108727
5.2535e+07 0.992035 0.522343 0.315963 2.8008e-05
7.18457e+07 0.861062 0.601979 0.175192 2.048e-05
7.18457e+07 0.861062 0.601979 0.175192 2.048e-05
7.18457e+07 0.861062 0.601979 0.175192 2.048e-05
5.2535e+07 0.9 0.514037 0.154615 2.8008e-05
1.42702e+07 0.287611 0.613149 0 0.00010311
3.97168e+07 0.744248 0.659936 0.140959 3.70473e-05
1.56672e+07 0.351327 0.524798 0.0566354 9.39162e-05
3.8519e+07 0.736283 0.655405 0.0684659 3.81993e-05
4.85608e+07 0.79115 0.472693 0.140959 3.03002e-05
6.90393e+07 0.853097 0.597448 0.102699 2.13125e-05
7.18457e+07 0.861062 0.601979 0.175192 2.048e-05
1.58264e+07 0.357522 0.742435 0.0342329 9.29715e-05
1.70686e+07 0.404425 0.659024 0.0861487 8.62049e-05
1.72953e+07 0.412389 0.518568 0.0861487 8.50749e-05
2.67642e+07 0.620354 0.59619 0.0724933 5.49765e-05
4.85608e+07 0.79115 0.472693 0.140959 3.03002e-05
