1.23141e+07 0.393859 0.547642 0.0303783 8.1046e-05
2.22267e+07 0.664381 0.63557 0.187418 4.49013e-05
2.04682e+07 0.635782 0.39801 0.0972396 4.8759e-05
1.91658e+07 0.610669 0.636097 0.0972396 5.20724e-05
2.38018e+07 0.723177 0.350427 0.129605 4.193e-05
2.29446e+07 0.675113 0.468528 0.184596 4.34964e-05
1.35093e+07 0.44757 0.543353 0.118675 7.38757e-05
1.28801e+07 0.420714 0.445798 0.0303783 7.74844e-05
1.3556e+07 0.449313 0.701874 0.129815 7.36214e-05
2.31282e+07 0.677509 0.587276 0.149961 4.31512e-05
1.60428e+07 0.534965 0.49577 0.151041 6.22093e-05
1.91658e+07 0.610669 0.636097 0.0972396 5.20724e-05
2.63366e+07 0.919433 0.437644 0.216822 3.78944e-05
1.91658e+07 0.610669 0.636097 0.0972396 5.20724e-05
2.22267e+07 0.664381 0.63557 0.187418 4.49013e-05
2.22267e+07 0.664381 0.63557 0.187418 4.49013e-05
1.02128e+07 0.268779 0.750932 0.0680651 9.77214e-05
2.09396e+07 0.643826 0.543353 0.162284 4.76613e-05
