1.38491e+07 0.383048 0.611272 0.0437013 7.13342e-05
2.8884e+07 0.704097 0.828213 0.107016 3.42029e-05
2.41191e+07 0.868254 0.578858 0.227007 4.096e-05
3.21588e+07 0.945237 0.728595 0.288226 3.072e-05
2.97426e+07 0.712649 0.831126 0.15363 3.32155e-05
2.79942e+07 0.787518 0.570183 0.069922 3.529e-05
1.36601e+07 0.374496 0.614186 0 7.23215e-05
2.48717e+07 0.656702 0.704501 0.136931 3.97205e-05
1.36601e+07 0.374496 0.614186 0 7.23215e-05
2.42572e+07 0.64815 0.614186 0.0466146 4.07268e-05
3.21588e+07 0.788448 0.76518 0.227825 3.072e-05
2.8884e+07 0.704097 0.828213 0.107016 3.42029e-05
2.97426e+07 0.712649 0.831126 0.15363 3.32155e-05
1.6604e+07 0.485206 0.739153 0.0900765 5.94986e-05
1.82175e+07 0.531285 0.577601 0.0604012 5.42289e-05
1.85554e+07 0.539837 0.574688 0.104103 5.32416e-05
1.8562e+07 0.539837 0.663277 0.12741 5.32227e-05
2.48717e+07 0.656702 0.704501 0.136931 3.97205e-05
