1.56221e+07 0.582426 0.420519 0.133484 8.22559e-05
2.86079e+07 0.772138 0.532574 0.168616 4.49179e-05
3.38279e+07 0.807376 0.529131 0.313726 3.79867e-05
3.24478e+07 0.799047 0.635918 0.313726 3.96024e-05
3.92154e+07 0.866725 0.485436 0.343447 3.2768e-05
2.84416e+07 0.770918 0.418135 0.130357 4.51807e-05
1.54643e+07 0.578083 0.506835 0.133484 8.30951e-05
2.34064e+07 0.721428 0.509619 0.222584 5.48999e-05
1.44129e+07 0.547188 0.574277 0.0635317 8.91567e-05
4.18298e+07 0.909708 0.54323 0.287845 3.072e-05
2.97223e+07 0.780777 0.465924 0.252305 4.32339e-05
3.17626e+07 0.794703 0.633133 0.269176 4.04568e-05
4.18298e+07 1 0.565526 0.423537 3.072e-05
1.89536e+07 0.655701 0.633133 0.224626 6.77976e-05
1.89536e+07 0.655701 0.633133 0.224626 6.77976e-05
1.91912e+07 0.660045 0.546817 0.224626 6.69583e-05
8.72988e+06 0.251859 0.788086 0.113417 0.000147197
4.30172e+07 0.854703 0.509619 0.262629 2.9872e-05
