3.16887e+07 0.843503 0.561137 0.234046 4.096e-05
2.41476e+07 0.589798 0.721098 0.0239647 5.37516e-05
2.89725e+07 0.735911 0.506122 0.160693 4.48e-05
3.16887e+07 0.723569 0.538433 0.134775 4.096e-05
2.94047e+07 0.663394 0.627469 0.126309 4.41415e-05
3.03718e+07 0.674658 0.498672 0.049883 4.2736e-05
2.95531e+07 0.885684 0.495078 0.139646 4.392e-05
2.89725e+07 0.735911 0.506122 0.160693 4.48e-05
2.92719e+07 0.662315 0.530983 0.0239647 4.43418e-05
2.95531e+07 0.729187 0.508415 0.126309 4.392e-05
2.89725e+07 0.735911 0.506122 0.160693 4.48e-05
2.78441e+07 0.644327 0.73084 0.100391 4.66156e-05
2.94047e+07 0.663394 0.627469 0.126309 4.41415e-05
5.64826e+07 0.908416 0.699165 0.150404 2.298e-05
3.16887e+07 0.873341 0.527388 0.113728 4.096e-05
3.62157e+07 0.831161 0.593447 0.208128 3.584e-05
1.14387e+07 0.133771 0.664482 0.0343841 0.000113472
2.89725e+07 0.735911 0.506122 0.160693 4.48e-05
