2.76174e+07 0.741615 0.450079 0.139196 4.23936e-05
3.51566e+07 0.93255 0.54833 0.160338 3.33024e-05
2.93876e+07 0.920606 0.526527 0.215644 3.984e-05
3.8112e+07 0.910972 0.610373 0.215644 3.072e-05
3.74028e+07 0.89231 0.592321 0.179809 3.13025e-05
2.73935e+07 0.97048 0.432988 0.213321 4.274e-05
2.8584e+07 0.815415 0.456829 0.226144 4.096e-05
2.93876e+07 0.920606 0.526527 0.215644 3.984e-05
2.73935e+07 0.781854 0.410866 0.122113 4.274e-05
2.76174e+07 0.915013 0.452468 0.141585 4.23936e-05
2.8584e+07 1 0.530889 0.338428 4.096e-05
4.50252e+07 0.877083 0.673777 0.141585 2.60032e-05
3.74028e+07 0.89231 0.592321 0.179809 3.13025e-05
2.40833e+07 0.698091 0.673777 0.10336 4.86147e-05
2.8584e+07 0.805781 0.434707 0.17316 4.096e-05
2.8584e+07 0.811374 0.432318 0.208996 4.096e-05
9.53795e+06 0.236808 0.781893 0.0740596 0.000122752
2.8584e+07 1 0.530889 0.338428 4.096e-05
