3.70549e+07 0.866043 0.451554 0.134517 3.3486e-05
3.41541e+07 0.975856 0.459305 0.2509 3.633e-05
2.56809e+07 0.745661 0.457965 0.180997 4.83168e-05
2.56809e+07 0.745661 0.457965 0.180997 4.83168e-05
2.56809e+07 0.745661 0.457965 0.180997 4.83168e-05
2.60283e+07 0.749105 0.432974 0.15995 4.7672e-05
2.09513e+07 0.688154 0.461226 0.180188 5.9224e-05
3.70549e+07 0.866043 0.451554 0.134517 3.3486e-05
3.51786e+07 0.880124 0.498687 0.185594 3.5272e-05
1.86677e+07 0.649929 0.433237 0.0836358 6.64688e-05
2.09513e+07 0.688154 0.461226 0.180188 5.9224e-05
4.03913e+07 0.961775 0.476282 0.231878 3.072e-05
2.56809e+07 0.745661 0.457965 0.180997 4.83168e-05
4.03913e+07 0.961775 0.476282 0.231878 3.072e-05
3.02108e+07 0.783886 0.485954 0.277549 4.1072e-05
3.02108e+07 0.783886 0.485954 0.277549 4.1072e-05
7.43727e+06 0.119876 0.86416 0.072124 0.000166838
2.09513e+07 0.688154 0.461226 0.180188 5.9224e-05
