2.68413e+07 0.815146 0.545984 0.306573 4.51264e-05
3.22227e+07 0.888509 0.508412 0.14094 3.759e-05
2.61903e+07 0.810676 0.399277 0.234629 4.6248e-05
2.61903e+07 0.810676 0.399277 0.234629 4.6248e-05
2.49918e+07 0.801473 0.431388 0.198048 4.84659e-05
2.17132e+07 0.771496 0.392164 0.110456 5.5784e-05
1.31384e+07 0.621877 0.439898 0.141956 9.21916e-05
2.86754e+07 0.872995 0.448434 0.246416 4.224e-05
1.72918e+07 0.712858 0.44132 0.0848486 7.00476e-05
1.93023e+07 0.742835 0.439898 0.179351 6.27516e-05
1.96022e+07 0.746779 0.437459 0.215932 6.17916e-05
3.1543e+07 0.923744 0.517964 0.228532 3.84e-05
2.49918e+07 0.801473 0.431388 0.198048 4.84659e-05
3.41775e+07 0.865895 0.537474 0.249668 3.544e-05
1.58028e+07 0.685774 0.401716 0.160653 7.6648e-05
2.00805e+07 0.752827 0.457808 0.275275 6.03196e-05
6.48624e+06 0.233237 0.576291 0.0365814 0.000186742
1.96022e+07 0.746779 0.437459 0.215932 6.17916e-05
