2.85667e+07 0.687766 0.438725 0.0336109 4.01639e-05
3.73486e+07 0.880511 0.535869 0.18424 3.072e-05
2.86456e+07 0.821752 0.397851 0.0947922 4.00533e-05
3.73486e+07 0.901869 0.543671 0.166003 3.072e-05
3.68528e+07 0.808445 0.498336 0.0947922 3.11333e-05
3.73486e+07 0.860026 0.48095 0.180122 3.072e-05
3.4423e+07 0.740928 0.529503 0.157334 3.33309e-05
2.85667e+07 0.687766 0.438725 0.0336109 4.01639e-05
3.27862e+07 0.727895 0.568506 0.123059 3.49949e-05
2.85667e+07 0.687766 0.438725 0.0336109 4.01639e-05
3.73486e+07 0.834078 0.567768 0.228545 3.072e-05
4.3591e+07 0.795412 0.605891 0.0947922 2.63208e-05
3.68528e+07 0.808445 0.498336 0.0947922 3.11333e-05
4.3591e+07 0.795412 0.605891 0.0947922 2.63208e-05
3.84845e+07 0.861881 0.527632 0.18424 2.98133e-05
3.84845e+07 0.861881 0.527632 0.18424 2.98133e-05
1.04876e+07 0.147293 0.813067 0.0383938 0.000109401
3.4423e+07 0.740928 0.529503 0.157334 3.33309e-05
