3.08468e+07 0.741222 0.488488 0.105045 4.14182e-05
4.15892e+07 0.975148 0.473421 0.25082 3.072e-05
3.11919e+07 0.955107 0.318391 0.130714 4.096e-05
3.11919e+07 0.955107 0.318391 0.130714 4.096e-05
3.11919e+07 0.955107 0.318391 0.130714 4.096e-05
4.15892e+07 0.975148 0.473421 0.25082 3.072e-05
3.73192e+07 0.786115 0.578854 0.244523 3.42349e-05
3.08468e+07 0.741222 0.488488 0.105045 4.14182e-05
3.34363e+07 0.761263 0.545294 0.176039 3.82106e-05
3.08468e+07 0.741222 0.488488 0.105045 4.14182e-05
3.73192e+07 0.786115 0.578854 0.244523 3.42349e-05
3.11919e+07 0.955107 0.318391 0.130714 4.096e-05
3.11919e+07 0.955107 0.318391 0.130714 4.096e-05
3.11919e+07 0.955107 0.318391 0.130714 4.096e-05
4.15892e+07 1 0.506981 0.319304 3.072e-05
4.15892e+07 1 0.506981 0.319304 3.072e-05
1.05056e+07 0.238737 0.675157 0 0.000121614
3.73192e+07 0.786115 0.578854 0.244523 3.42349e-05
