2.58747e+07 0.730247 0.5715 0.116529 4.72447e-05
2.57071e+07 0.728484 0.563208 0.0805287 4.75527e-05
1.8914e+07 0.630788 0.54074 0.192797 6.46314e-05
1.72617e+07 0.595424 0.516841 0.110291 7.08182e-05
1.68898e+07 0.586377 0.600639 0.110291 7.23775e-05
1.57585e+07 0.556641 0.573961 0.0464743 7.75735e-05
1.77172e+07 0.60572 0.588327 0.0707416 6.89975e-05
1.99316e+07 0.64967 0.551353 0.0560896 6.13319e-05
1.89078e+07 0.630625 0.565547 0.0263278 6.46527e-05
1.39396e+07 0.498798 0.531006 0.0766533 8.76954e-05
1.3662e+07 0.488518 0.602979 0.0560896 8.94775e-05
2.76371e+07 0.74753 0.549014 0.110291 4.42319e-05
1.68898e+07 0.586377 0.600639 0.110291 7.23775e-05
3.9793e+07 0.990953 0.509517 0.289994 3.072e-05
2.42846e+07 0.712626 0.502189 0.124943 5.03382e-05
2.15426e+07 0.676 0.496695 0.150583 5.67453e-05
8.08404e+06 0.134999 0.716053 0.0340544 0.000151217
1.3662e+07 0.488518 0.602979 0.0560896 8.94775e-05
