3.29028e+07 0.73209 0.621573 0.153413 3.45056e-05
4.42107e+07 0.912124 0.572835 0.140785 2.568e-05
4.80258e+07 0.97114 0.621573 0.204998 2.364e-05
4.80258e+07 0.97114 0.621573 0.204998 2.364e-05
3.84389e+07 0.978187 0.553141 0.204998 2.9536e-05
4.42107e+07 0.912124 0.572835 0.140785 2.568e-05
3.56803e+07 0.753231 0.476892 0.183827 3.18195e-05
4.80258e+07 0.97114 0.621573 0.204998 2.364e-05
2.81053e+07 0.686496 0.464264 0.0680283 4.03955e-05
4.80258e+07 0.97114 0.621573 0.204998 2.364e-05
4.80258e+07 0.97114 0.621573 0.204998 2.364e-05
3.69574e+07 1 0.494087 0.31365 3.072e-05
4.80258e+07 0.97114 0.621573 0.204998 2.364e-05
3.29028e+07 0.73209 0.621573 0.153413 3.45056e-05
3.29028e+07 0.73209 0.621573 0.153413 3.45056e-05
3.46929e+07 0.746184 0.484495 0.153413 3.27251e-05
1.31118e+07 0.326925 0.533179 0.0304139 8.65882e-05
4.80258e+07 0.97114 0.621573 0.204998 2.364e-05
