4.1395e+07 0.833613 0.565903 0.209781 2.83413e-05
4.23938e+07 0.802235 0.541676 0.0863212 2.76736e-05
3.81898e+07 0.826971 0.530133 0.148462 3.072e-05
3.81898e+07 0.826971 0.530133 0.148462 3.072e-05
4.77814e+07 0.814563 0.619656 0.148462 2.45533e-05
3.63968e+07 0.927548 0.494514 0.21945 3.22333e-05
3.54887e+07 0.887096 0.464373 0.198383 3.30581e-05
4.1395e+07 0.833613 0.565903 0.209781 2.83413e-05
3.40489e+07 0.814644 0.452153 0.0863212 3.4456e-05
3.81898e+07 0.826971 0.530133 0.148462 3.072e-05
3.54887e+07 0.887096 0.464373 0.198383 3.30581e-05
4.77814e+07 0.814563 0.619656 0.148462 2.45533e-05
4.77814e+07 0.814563 0.619656 0.148462 2.45533e-05
4.77814e+07 0.814563 0.619656 0.148462 2.45533e-05
3.81898e+07 1 0.506734 0.331511 3.072e-05
3.54887e+07 0.887096 0.464373 0.198383 3.30581e-05
1.0824e+07 0.0848608 0.698574 0 0.000108388
3.54887e+07 0.887096 0.464373 0.198383 3.30581e-05
