3.35288e+07 0.847833 0.488222 0.21506 4.16e-05
4.23065e+07 0.809382 0.644962 0.168184 3.29689e-05
3.04042e+07 0.86149 0.449893 0.212525 4.58752e-05
3.04042e+07 0.86149 0.449893 0.212525 4.58752e-05
3.1241e+07 0.848575 0.480649 0.178215 4.46464e-05
3.77446e+07 0.811015 0.539711 0.138819 3.69536e-05
3.10452e+07 0.805077 0.452706 0.224395 4.4928e-05
3.07474e+07 0.759947 0.433325 0.141864 4.53632e-05
2.99661e+07 0.730998 0.479652 0.121015 4.65459e-05
3.06092e+07 0.754454 0.435612 0.107553 4.5568e-05
3.44838e+07 0.800327 0.50411 0.237377 4.0448e-05
3.35288e+07 0.853325 0.497866 0.199543 4.16e-05
3.1241e+07 0.848575 0.480649 0.178215 4.46464e-05
3.5265e+07 0.930968 0.533259 0.214813 3.9552e-05
3.40527e+07 0.896378 0.522966 0.273728 4.096e-05
3.40527e+07 1 0.558482 0.420862 4.096e-05
1.01557e+07 0.204276 0.591896 0.108496 0.000137341
3.44838e+07 0.800327 0.50411 0.237377 4.0448e-05
