3.75608e+07 0.527128 0.586434 0.0322215 3.05662e-05
5.68486e+07 0.762241 0.651381 0.0503461 2.01956e-05
4.00422e+07 0.9206 0.513712 0.168939 2.8672e-05
3.7722e+07 0.821791 0.475673 0.0503461 3.04356e-05
5.68486e+07 0.762241 0.651381 0.0503461 2.01956e-05
4.00422e+07 0.781209 0.46359 0.0322215 2.8672e-05
3.63545e+07 0.511248 0.658933 0 3.15805e-05
4.33595e+07 0.590648 0.586434 0.0966645 2.64784e-05
4.17327e+07 0.574768 0.530047 0 2.75106e-05
3.63545e+07 0.511248 0.658933 0 3.15805e-05
3.63545e+07 0.511248 0.658933 0 3.15805e-05
5.68486e+07 0.762241 0.651381 0.0503461 2.01956e-05
5.68486e+07 0.762241 0.651381 0.0503461 2.01956e-05
5.60591e+07 0.86105 0.68942 0.168939 2.048e-05
3.7722e+07 0.837671 0.403175 0.0825676 3.04356e-05
3.7722e+07 0.821791 0.475673 0.0503461 3.04356e-05
3.13647e+07 0.433613 0.576589 0.0825676 3.66046e-05
3.63545e+07 0.511248 0.658933 0 3.15805e-05
