2.08582e+07 0.586926 0.457978 0.185214 6.39028e-05
3.68145e+07 0.766143 0.542986 0.132344 3.62059e-05
3.89848e+07 0.779207 0.5599 0.287135 3.41903e-05
3.71984e+07 0.76863 0.531866 0.21705 3.58322e-05
3.66368e+07 0.764911 0.604106 0.239359 3.63814e-05
4.00511e+07 0.791018 0.431262 0.202429 3.328e-05
2.2912e+07 0.624015 0.46347 0.218821 5.81748e-05
3.89848e+07 0.779207 0.5599 0.287135 3.41903e-05
2.09151e+07 0.588159 0.403228 0.0813836 6.3729e-05
3.94442e+07 0.944263 0.461163 0.230903 3.3792e-05
4.33887e+07 0.822305 0.562206 0.368519 3.072e-05
3.42204e+07 0.748324 0.572887 0.118314 3.89505e-05
5.43952e+07 0.935975 0.604106 0.281863 2.4504e-05
1.94169e+07 0.556042 0.572887 0.0673529 6.86465e-05
2.22831e+07 0.613437 0.435436 0.148736 5.98167e-05
2.26342e+07 0.619446 0.432251 0.196512 5.88887e-05
1.13194e+07 0.237866 0.754559 0.0987366 0.000117754
4.33887e+07 1 0.570993 0.454955 3.072e-05
