2.74697e+07 0.479873 0.605328 0.0568069 4.9733e-05
5.16598e+07 0.723396 0.765315 0.0314524 2.64451e-05
3.43461e+07 0.89809 0.58545 0.137323 3.9776e-05
3.43461e+07 0.92183 0.623459 0.241509 3.9776e-05
6.51516e+07 0.789788 0.751232 0.114915 2.09688e-05
2.93695e+07 0.819321 0.497191 0 4.6516e-05
2.87711e+07 0.503852 0.49916 0.0571711 4.74834e-05
2.93695e+07 0.742103 0.520776 0.0807085 4.6516e-05
3.0105e+07 0.525621 0.594109 0.190372 4.53795e-05
3.29193e+07 0.687912 0.559019 0.0343993 4.15e-05
3.43461e+07 0.694623 0.605328 0.0807085 3.9776e-05
4.62537e+07 0.803537 0.693313 0.113785 2.9536e-05
6.48025e+07 0.779559 0.802469 0.114915 2.10818e-05
3.23832e+07 0.558098 0.848778 0.0910137 4.2187e-05
3.38827e+07 0.67663 0.586944 0.0910137 4.032e-05
2.79765e+07 0.7038 0.483481 0.113421 4.8832e-05
4.4471e+07 0.69482 0.648231 0.314433 3.072e-05
3.43461e+07 0.694623 0.605328 0.0807085 3.9776e-05
