2.2901e+07 0.639867 0.602349 0.171284 5.5057e-05
2.77278e+07 0.702764 0.555006 0.0989722 4.54728e-05
3.08458e+07 0.732889 0.552934 0.171276 4.08762e-05
3.08458e+07 0.732889 0.552934 0.171276 4.08762e-05
2.84493e+07 0.710124 0.667947 0.171276 4.43196e-05
3.51802e+07 0.80153 0.469411 0.181961 3.584e-05
3.22966e+07 0.814961 0.474266 0.160976 3.904e-05
2.2901e+07 0.639867 0.602349 0.171284 5.5057e-05
2.2127e+07 0.627395 0.505139 0.0703612 5.69829e-05
2.2578e+07 0.634755 0.572302 0.119776 5.58446e-05
2.58167e+07 0.680761 0.516523 0.160976 4.88389e-05
2.84493e+07 0.710124 0.667947 0.171276 4.43196e-05
2.84493e+07 0.710124 0.667947 0.171276 4.43196e-05
4.10436e+07 0.844324 0.653862 0.185361 3.072e-05
3.07827e+07 1 0.518209 0.338161 4.096e-05
3.41132e+07 0.778895 0.497155 0.212476 3.69611e-05
9.9992e+06 0.174266 0.695775 0.0514999 0.000126096
2.58167e+07 0.680761 0.516523 0.160976 4.88389e-05
