4.50614e+07 0.943463 0.331256 0.10349 2.8672e-05
9.87647e+07 0.819788 0.796332 0.0631039 1.30816e-05
3.40215e+07 0.477032 0.399408 0 3.7976e-05
3.40215e+07 0.477032 0.399408 0 3.7976e-05
3.09292e+07 0.424028 0.619641 0 4.17728e-05
3.14863e+07 0.434629 0.462512 0.0403865 4.10337e-05
3.40215e+07 0.477032 0.399408 0 3.7976e-05
5.64685e+07 1 0.492802 0.265036 2.288e-05
6.30859e+07 0.929329 0.495326 0.10349 2.048e-05
3.40215e+07 0.477032 0.399408 0 3.7976e-05
3.40215e+07 0.477032 0.399408 0 3.7976e-05
7.00955e+07 0.876325 0.642359 0.0631039 1.8432e-05
3.09292e+07 0.424028 0.619641 0 4.17728e-05
7.00955e+07 0.876325 0.642359 0.0631039 1.8432e-05
3.49545e+07 0.491166 0.308539 0.0403865 3.69623e-05
3.40215e+07 0.477032 0.399408 0 3.7976e-05
2.13619e+07 0.166078 0.545021 0.0403865 6.04815e-05
3.40215e+07 0.477032 0.399408 0 3.7976e-05
