2.83942e+07 0.854518 0.425465 0.096863 4.50603e-05
4.15428e+07 0.805761 0.61085 0.102668 3.07984e-05
2.83942e+07 0.854518 0.425465 0.096863 4.50603e-05
2.83942e+07 0.95244 0.474998 0.172577 4.50603e-05
3.99662e+07 0.81051 0.576417 0.096863 3.20133e-05
3.02805e+07 0.84977 0.459898 0.102668 4.22533e-05
3.02805e+07 0.902078 0.447122 0.173345 4.22533e-05
2.83942e+07 0.854518 0.425465 0.096863 4.50603e-05
3.02805e+07 0.84977 0.459898 0.102668 4.22533e-05
2.83942e+07 0.854518 0.425465 0.096863 4.50603e-05
3.12366e+07 1 0.496655 0.249059 4.096e-05
3.99662e+07 0.81051 0.576417 0.096863 3.20133e-05
3.99662e+07 0.81051 0.576417 0.096863 3.20133e-05
3.99662e+07 0.81051 0.576417 0.096863 3.20133e-05
3.02805e+07 0.902078 0.447122 0.173345 4.22533e-05
3.02805e+07 0.902078 0.447122 0.173345 4.22533e-05
9.38437e+06 0.0963167 0.694918 0 0.000136338
3.02805e+07 0.902078 0.447122 0.173345 4.22533e-05
