4.11135e+07 0.525271 0.58641 0 3.13787e-05
6.66063e+07 0.749384 0.762427 0.0327808 1.93689e-05
3.30996e+07 0.924729 0.428857 0.0292238 3.8976e-05
3.92554e+07 0.836066 0.520848 0 3.2864e-05
6.97497e+07 0.749286 0.745576 0 1.8496e-05
3.92554e+07 0.848692 0.478233 0.0327808 3.2864e-05
4.3571e+07 0.587916 0.501612 0.105718 2.96089e-05
3.92554e+07 0.836066 0.520848 0 3.2864e-05
4.3571e+07 0.587916 0.501612 0.105718 2.96089e-05
3.92554e+07 0.836066 0.520848 0 3.2864e-05
3.92554e+07 0.836066 0.520848 0 3.2864e-05
5.68221e+07 0.812028 0.604283 0.101825 2.2704e-05
7.41917e+07 0.736758 0.805042 0 1.73886e-05
4.02736e+07 0.514625 0.778613 0.0292238 3.20331e-05
4.11135e+07 0.525271 0.58641 0 3.13787e-05
4.32531e+07 0.575387 0.50822 0.0792884 2.98265e-05
3.70107e+07 0.472749 0.565447 0.105718 3.48572e-05
3.92554e+07 0.836066 0.520848 0 3.2864e-05
