8.95945e+06 0.179348 0.904272 0 0.000137278
1.10178e+07 0.332883 0.786038 0 0.000111632
1.10178e+07 0.332883 0.786038 0 0.000111632
7.3542e+06 0 1 0 0.000167243
1.10178e+07 0.332883 0.786038 0 0.000111632
8.95945e+06 0.179348 0.904272 0 0.000137278
1.10178e+07 0.332883 0.786038 0 0.000111632
8.95945e+06 0.179348 0.904272 0 0.000137278
7.3542e+06 0 1 0 0.000167243
7.3542e+06 0 1 0 0.000167243
1.10178e+07 0.332883 0.786038 0 0.000111632
1.10178e+07 0.332883 0.786038 0 0.000111632
7.3542e+06 0 1 0 0.000167243
8.95945e+06 0.179348 0.904272 0 0.000137278
8.11462e+06 0.0938197 0.933788 0 0.000151571
7.3542e+06 0 1 0 0.000167243
8.95945e+06 0.179348 0.904272 0 0.000137278
7.3542e+06 0 1 0 0.000167243
1.10178e+07 0.332883 0.786038 0 0.000111632
8.95945e+06 0.179348 0.904272 0 0.000137278
8.95945e+06 0.179348 0.904272 0 0.000137278
8.95945e+06 0.179348 0.904272 0 0.000137278
7.3542e+06 0 1 0 0.000167243
9.31043e+06 0.210217 0.941798 0 0.000132103
8.95945e+06 0.179348 0.904272 0 0.000137278
8.95945e+06 0.179348 0.904272 0 0.000137278
1.10178e+07 0.332883 0.786038 0 0.000111632
7.3542e+06 0 1 0 0.000167243
1.10178e+07 0.332883 0.786038 0 0.000111632
7.3542e+06 0 1 0 0.000167243
9.31043e+06 0.210217 0.941798 0 0.000132103
7.3542e+06 0 1 0 0.000167243
8.95945e+06 0.179348 0.904272 0 0.000137278
8.95945e+06 0.179348 0.904272 0 0.000137278
8.95945e+06 0.179348 0.904272 0 0.000137278
8.95945e+06 0.179348 0.904272 0 0.000137278
7.3542e+06 0 1 0 0.000167243
7.3542e+06 0 1 0 0.000167243
1.10178e+07 0.332883 0.786038 0 0.000111632
1.10178e+07 0.332883 0.786038 0 0.000111632
8.95945e+06 0.179348 0.904272 0 0.000137278
1.10178e+07 0.332883 0.786038 0 0.000111632
1.10178e+07 0.332883 0.786038 0 0.000111632
1.10178e+07 0.332883 0.786038 0 0.000111632
7.3542e+06 0 1 0 0.000167243
8.95945e+06 0.179348 0.904272 0 0.000137278
1.10178e+07 0.332883 0.786038 0 0.000111632
8.95945e+06 0.179348 0.904272 0 0.000137278
7.3542e+06 0 1 0 0.000167243
9.31043e+06 0.210217 0.941798 0 0.000132103
8.95945e+06 0.179348 0.904272 0 0.000137278
1.10178e+07 0.332883 0.786038 0 0.000111632
7.3542e+06 0 1 0 0.000167243
8.95945e+06 0.179348 0.904272 0 0.000137278
1.10178e+07 0.332883 0.786038 0 0.000111632
7.3542e+06 0 1 0 0.000167243
1.10178e+07 0.332883 0.786038 0 0.000111632
1.10178e+07 0.332883 0.786038 0 0.000111632
7.3542e+06 0 1 0 0.000167243
1.10178e+07 0.332883 0.786038 0 0.000111632
8.95945e+06 0.179348 0.904272 0 0.000137278
1.10178e+07 0.332883 0.786038 0 0.000111632
7.3542e+06 0 1 0 0.000167243
8.95945e+06 0.179348 0.904272 0 0.000137278
7.3542e+06 0 1 0 0.000167243
7.3542e+06 0 1 0 0.000167243
1.10178e+07 0.332883 0.786038 0 0.000111632
1.10178e+07 0.332883 0.786038 0 0.000111632
7.3542e+06 0 1 0 0.000167243
8.95945e+06 0.179348 0.904272 0 0.000137278
1.10178e+07 0.332883 0.786038 0 0.000111632
7.3542e+06 0 1 0 0.000167243
1.10178e+07 0.332883 0.786038 0 0.000111632
7.3542e+06 0 1 0 0.000167243
8.95945e+06 0.179348 0.904272 0 0.000137278
8.95945e+06 0.179348 0.904272 0 0.000137278
8.95945e+06 0.179348 0.904272 0 0.000137278
1.10178e+07 0.332883 0.786038 0 0.000111632
8.95945e+06 0.179348 0.904272 0 0.000137278
8.95945e+06 0.179348 0.904272 0 0.000137278
8.95945e+06 0.179348 0.904272 0 0.000137278
1.10178e+07 0.332883 0.786038 0 0.000111632
1.10178e+07 0.332883 0.786038 0 0.000111632
8.95945e+06 0.179348 0.904272 0 0.000137278
8.95945e+06 0.179348 0.904272 0 0.000137278
8.95945e+06 0.179348 0.904272 0 0.000137278
7.3542e+06 0 1 0 0.000167243
1.10178e+07 0.332883 0.786038 0 0.000111632
8.95945e+06 0.179348 0.904272 0 0.000137278
8.11462e+06 0.0938197 0.933788 0 0.000151571
1.10178e+07 0.332883 0.786038 0 0.000111632
1.10178e+07 0.332883 0.786038 0 0.000111632
7.3542e+06 0 1 0 0.000167243
8.95945e+06 0.179348 0.904272 0 0.000137278
1.10178e+07 0.332883 0.786038 0 0.000111632
1.10178e+07 0.332883 0.786038 0 0.000111632
8.95945e+06 0.179348 0.904272 0 0.000137278
8.95945e+06 0.179348 0.904272 0 0.000137278
1.10178e+07 0.332883 0.786038 0 0.000111632
8.95945e+06 0.179348 0.904272 0 0.000137278
