1.02005e+07 0.347649 0.739629 0 0.000115159
1.24441e+07 0.465467 0.582689 0 9.43968e-05
1.24441e+07 0.465467 0.582689 0 9.43968e-05
6.65786e+06 0 1 0 0.000176435
1.24441e+07 0.465467 0.582689 0 9.43968e-05
1.02005e+07 0.347649 0.739629 0 0.000115159
1.24441e+07 0.465467 0.582689 0 9.43968e-05
1.02005e+07 0.347649 0.739629 0 0.000115159
6.65786e+06 0 1 0 0.000176435
6.65786e+06 0 1 0 0.000176435
1.24441e+07 0.465467 0.582689 0 9.43968e-05
1.24441e+07 0.465467 0.582689 0 9.43968e-05
6.65786e+06 0 1 0 0.000176435
1.02005e+07 0.347649 0.739629 0 0.000115159
7.43352e+06 0.104469 0.897732 0 0.000158025
6.65786e+06 0 1 0 0.000176435
1.02005e+07 0.347649 0.739629 0 0.000115159
6.65786e+06 0 1 0 0.000176435
1.24441e+07 0.465467 0.582689 0 9.43968e-05
1.02005e+07 0.347649 0.739629 0 0.000115159
1.02005e+07 0.347649 0.739629 0 0.000115159
1.02005e+07 0.347649 0.739629 0 0.000115159
6.65786e+06 0 1 0 0.000176435
6.65786e+06 0 1 0 0.000176435
1.02005e+07 0.347649 0.739629 0 0.000115159
1.02005e+07 0.347649 0.739629 0 0.000115159
1.24441e+07 0.465467 0.582689 0 9.43968e-05
6.65786e+06 0 1 0 0.000176435
1.24441e+07 0.465467 0.582689 0 9.43968e-05
6.65786e+06 0 1 0 0.000176435
6.65786e+06 0 1 0 0.000176435
6.65786e+06 0 1 0 0.000176435
1.02005e+07 0.347649 0.739629 0 0.000115159
1.02005e+07 0.347649 0.739629 0 0.000115159
1.02005e+07 0.347649 0.739629 0 0.000115159
1.02005e+07 0.347649 0.739629 0 0.000115159
6.65786e+06 0 1 0 0.000176435
6.65786e+06 0 1 0 0.000176435
1.24441e+07 0.465467 0.582689 0 9.43968e-05
1.24441e+07 0.465467 0.582689 0 9.43968e-05
1.02005e+07 0.347649 0.739629 0 0.000115159
1.24441e+07 0.465467 0.582689 0 9.43968e-05
1.24441e+07 0.465467 0.582689 0 9.43968e-05
1.24441e+07 0.465467 0.582689 0 9.43968e-05
6.65786e+06 0 1 0 0.000176435
1.02005e+07 0.347649 0.739629 0 0.000115159
1.24441e+07 0.465467 0.582689 0 9.43968e-05
1.02005e+07 0.347649 0.739629 0 0.000115159
6.65786e+06 0 1 0 0.000176435
6.65786e+06 0 1 0 0.000176435
1.02005e+07 0.347649 0.739629 0 0.000115159
1.24441e+07 0.465467 0.582689 0 9.43968e-05
6.65786e+06 0 1 0 0.000176435
1.02005e+07 0.347649 0.739629 0 0.000115159
1.24441e+07 0.465467 0.582689 0 9.43968e-05
6.65786e+06 0 1 0 0.000176435
1.24441e+07 0.465467 0.582689 0 9.43968e-05
1.24441e+07 0.465467 0.582689 0 9.43968e-05
6.65786e+06 0 1 0 0.000176435
1.24441e+07 0.465467 0.582689 0 9.43968e-05
1.02005e+07 0.347649 0.739629 0 0.000115159
1.24441e+07 0.465467 0.582689 0 9.43968e-05
6.65786e+06 0 1 0 0.000176435
1.02005e+07 0.347649 0.739629 0 0.000115159
6.65786e+06 0 1 0 0.000176435
6.65786e+06 0 1 0 0.000176435
1.24441e+07 0.465467 0.582689 0 9.43968e-05
1.24441e+07 0.465467 0.582689 0 9.43968e-05
6.65786e+06 0 1 0 0.000176435
1.02005e+07 0.347649 0.739629 0 0.000115159
1.24441e+07 0.465467 0.582689 0 9.43968e-05
6.65786e+06 0 1 0 0.000176435
1.24441e+07 0.465467 0.582689 0 9.43968e-05
6.65786e+06 0 1 0 0.000176435
1.02005e+07 0.347649 0.739629 0 0.000115159
1.02005e+07 0.347649 0.739629 0 0.000115159
1.02005e+07 0.347649 0.739629 0 0.000115159
1.24441e+07 0.465467 0.582689 0 9.43968e-05
1.02005e+07 0.347649 0.739629 0 0.000115159
1.02005e+07 0.347649 0.739629 0 0.000115159
1.02005e+07 0.347649 0.739629 0 0.000115159
1.24441e+07 0.465467 0.582689 0 9.43968e-05
1.24441e+07 0.465467 0.582689 0 9.43968e-05
1.02005e+07 0.347649 0.739629 0 0.000115159
1.02005e+07 0.347649 0.739629 0 0.000115159
1.02005e+07 0.347649 0.739629 0 0.000115159
6.65786e+06 0 1 0 0.000176435
1.24441e+07 0.465467 0.582689 0 9.43968e-05
1.02005e+07 0.347649 0.739629 0 0.000115159
7.43352e+06 0.104469 0.897732 0 0.000158025
1.24441e+07 0.465467 0.582689 0 9.43968e-05
1.24441e+07 0.465467 0.582689 0 9.43968e-05
6.65786e+06 0 1 0 0.000176435
1.02005e+07 0.347649 0.739629 0 0.000115159
1.24441e+07 0.465467 0.582689 0 9.43968e-05
1.24441e+07 0.465467 0.582689 0 9.43968e-05
1.02005e+07 0.347649 0.739629 0 0.000115159
1.02005e+07 0.347649 0.739629 0 0.000115159
1.24441e+07 0.465467 0.582689 0 9.43968e-05
1.02005e+07 0.347649 0.739629 0 0.000115159
