9.21475e+06 0.178342 0.834173 0 0.000129767
1.12129e+07 0.324988 0.633532 0 0.000106642
1.12129e+07 0.324988 0.633532 0 0.000106642
7.57302e+06 0 1 0 0.000157899
1.12129e+07 0.324988 0.633532 0 0.000106642
9.21475e+06 0.178342 0.834173 0 0.000129767
1.12129e+07 0.324988 0.633532 0 0.000106642
9.21475e+06 0.178342 0.834173 0 0.000129767
7.57302e+06 0 1 0 0.000157899
7.57302e+06 0 1 0 0.000157899
1.12129e+07 0.324988 0.633532 0 0.000106642
1.12129e+07 0.324988 0.633532 0 0.000106642
7.57302e+06 0 1 0 0.000157899
9.21475e+06 0.178342 0.834173 0 0.000129767
8.38051e+06 0.0964669 0.880699 0 0.000142685
1.1424e+07 0.337229 0.860535 0 0.000104672
9.21475e+06 0.178342 0.834173 0 0.000129767
7.57302e+06 0 1 0 0.000157899
1.12129e+07 0.324988 0.633532 0 0.000106642
9.21475e+06 0.178342 0.834173 0 0.000129767
9.21475e+06 0.178342 0.834173 0 0.000129767
9.21475e+06 0.178342 0.834173 0 0.000129767
7.57302e+06 0 1 0 0.000157899
7.57302e+06 0 1 0 0.000157899
9.21475e+06 0.178342 0.834173 0 0.000129767
9.21475e+06 0.178342 0.834173 0 0.000129767
1.12129e+07 0.324988 0.633532 0 0.000106642
7.57302e+06 0 1 0 0.000157899
1.12129e+07 0.324988 0.633532 0 0.000106642
7.57302e+06 0 1 0 0.000157899
7.57302e+06 0 1 0 0.000157899
7.57302e+06 0 1 0 0.000157899
9.21475e+06 0.178342 0.834173 0 0.000129767
9.21475e+06 0.178342 0.834173 0 0.000129767
9.21475e+06 0.178342 0.834173 0 0.000129767
9.21475e+06 0.178342 0.834173 0 0.000129767
7.57302e+06 0 1 0 0.000157899
7.57302e+06 0 1 0 0.000157899
1.12129e+07 0.324988 0.633532 0 0.000106642
1.12129e+07 0.324988 0.633532 0 0.000106642
9.21475e+06 0.178342 0.834173 0 0.000129767
1.12129e+07 0.324988 0.633532 0 0.000106642
1.12129e+07 0.324988 0.633532 0 0.000106642
1.12129e+07 0.324988 0.633532 0 0.000106642
7.57302e+06 0 1 0 0.000157899
9.21475e+06 0.178342 0.834173 0 0.000129767
1.12129e+07 0.324988 0.633532 0 0.000106642
9.21475e+06 0.178342 0.834173 0 0.000129767
1.1424e+07 0.337229 0.860535 0 0.000104672
7.57302e+06 0 1 0 0.000157899
9.21475e+06 0.178342 0.834173 0 0.000129767
1.12129e+07 0.324988 0.633532 0 0.000106642
7.57302e+06 0 1 0 0.000157899
9.21475e+06 0.178342 0.834173 0 0.000129767
1.12129e+07 0.324988 0.633532 0 0.000106642
7.57302e+06 0 1 0 0.000157899
1.12129e+07 0.324988 0.633532 0 0.000106642
1.12129e+07 0.324988 0.633532 0 0.000106642
7.57302e+06 0 1 0 0.000157899
1.12129e+07 0.324988 0.633532 0 0.000106642
9.21475e+06 0.178342 0.834173 0 0.000129767
1.12129e+07 0.324988 0.633532 0 0.000106642
7.57302e+06 0 1 0 0.000157899
9.21475e+06 0.178342 0.834173 0 0.000129767
7.57302e+06 0 1 0 0.000157899
1.1424e+07 0.337229 0.860535 0 0.000104672
1.12129e+07 0.324988 0.633532 0 0.000106642
1.12129e+07 0.324988 0.633532 0 0.000106642
7.57302e+06 0 1 0 0.000157899
9.21475e+06 0.178342 0.834173 0 0.000129767
1.12129e+07 0.324988 0.633532 0 0.000106642
7.57302e+06 0 1 0 0.000157899
1.12129e+07 0.324988 0.633532 0 0.000106642
7.57302e+06 0 1 0 0.000157899
9.21475e+06 0.178342 0.834173 0 0.000129767
9.21475e+06 0.178342 0.834173 0 0.000129767
9.21475e+06 0.178342 0.834173 0 0.000129767
1.12129e+07 0.324988 0.633532 0 0.000106642
9.21475e+06 0.178342 0.834173 0 0.000129767
9.21475e+06 0.178342 0.834173 0 0.000129767
9.21475e+06 0.178342 0.834173 0 0.000129767
1.12129e+07 0.324988 0.633532 0 0.000106642
1.12129e+07 0.324988 0.633532 0 0.000106642
9.21475e+06 0.178342 0.834173 0 0.000129767
9.21475e+06 0.178342 0.834173 0 0.000129767
9.21475e+06 0.178342 0.834173 0 0.000129767
7.57302e+06 0 1 0 0.000157899
1.12129e+07 0.324988 0.633532 0 0.000106642
9.21475e+06 0.178342 0.834173 0 0.000129767
8.38051e+06 0.0964669 0.880699 0 0.000142685
1.12129e+07 0.324988 0.633532 0 0.000106642
1.12129e+07 0.324988 0.633532 0 0.000106642
1.1424e+07 0.337229 0.860535 0 0.000104672
9.21475e+06 0.178342 0.834173 0 0.000129767
1.12129e+07 0.324988 0.633532 0 0.000106642
1.12129e+07 0.324988 0.633532 0 0.000106642
9.21475e+06 0.178342 0.834173 0 0.000129767
9.21475e+06 0.178342 0.834173 0 0.000129767
1.12129e+07 0.324988 0.633532 0 0.000106642
9.21475e+06 0.178342 0.834173 0 0.000129767
