1.19113e+07 0.333704 0.767559 0 0.000112587
1.10145e+07 0.279363 0.765534 0 0.000121754
1.10145e+07 0.279363 0.765534 0 0.000121754
9.47343e+06 0.161888 0.921715 0 0.00014156
1.10145e+07 0.279363 0.765534 0 0.000121754
1.19113e+07 0.333704 0.767559 0 0.000112587
1.10145e+07 0.279363 0.765534 0 0.000121754
1.19113e+07 0.333704 0.767559 0 0.000112587
9.47343e+06 0.161888 0.921715 0 0.00014156
9.47343e+06 0.161888 0.921715 0 0.00014156
1.10145e+07 0.279363 0.765534 0 0.000121754
1.10145e+07 0.279363 0.765534 0 0.000121754
9.47343e+06 0.161888 0.921715 0 0.00014156
1.19113e+07 0.333704 0.767559 0 0.000112587
8.71511e+06 0.0889777 0.917493 0 0.000153878
7.94057e+06 0 1 0 0.000168887
1.19113e+07 0.333704 0.767559 0 0.000112587
9.47343e+06 0.161888 0.921715 0 0.00014156
1.10145e+07 0.279363 0.765534 0 0.000121754
1.19113e+07 0.333704 0.767559 0 0.000112587
1.19113e+07 0.333704 0.767559 0 0.000112587
1.19113e+07 0.333704 0.767559 0 0.000112587
9.47343e+06 0.161888 0.921715 0 0.00014156
7.94057e+06 0 1 0 0.000168887
1.19113e+07 0.333704 0.767559 0 0.000112587
1.19113e+07 0.333704 0.767559 0 0.000112587
1.10145e+07 0.279363 0.765534 0 0.000121754
9.47343e+06 0.161888 0.921715 0 0.00014156
1.10145e+07 0.279363 0.765534 0 0.000121754
9.47343e+06 0.161888 0.921715 0 0.00014156
7.94057e+06 0 1 0 0.000168887
9.47343e+06 0.161888 0.921715 0 0.00014156
1.19113e+07 0.333704 0.767559 0 0.000112587
1.19113e+07 0.333704 0.767559 0 0.000112587
1.19113e+07 0.333704 0.767559 0 0.000112587
1.19113e+07 0.333704 0.767559 0 0.000112587
9.47343e+06 0.161888 0.921715 0 0.00014156
9.47343e+06 0.161888 0.921715 0 0.00014156
1.10145e+07 0.279363 0.765534 0 0.000121754
1.10145e+07 0.279363 0.765534 0 0.000121754
1.19113e+07 0.333704 0.767559 0 0.000112587
1.10145e+07 0.279363 0.765534 0 0.000121754
1.10145e+07 0.279363 0.765534 0 0.000121754
1.10145e+07 0.279363 0.765534 0 0.000121754
9.47343e+06 0.161888 0.921715 0 0.00014156
1.19113e+07 0.333704 0.767559 0 0.000112587
1.10145e+07 0.279363 0.765534 0 0.000121754
1.19113e+07 0.333704 0.767559 0 0.000112587
7.94057e+06 0 1 0 0.000168887
7.94057e+06 0 1 0 0.000168887
1.19113e+07 0.333704 0.767559 0 0.000112587
1.10145e+07 0.279363 0.765534 0 0.000121754
7.94057e+06 0 1 0 0.000168887
1.19113e+07 0.333704 0.767559 0 0.000112587
1.10145e+07 0.279363 0.765534 0 0.000121754
9.47343e+06 0.161888 0.921715 0 0.00014156
1.10145e+07 0.279363 0.765534 0 0.000121754
1.10145e+07 0.279363 0.765534 0 0.000121754
9.47343e+06 0.161888 0.921715 0 0.00014156
1.10145e+07 0.279363 0.765534 0 0.000121754
1.19113e+07 0.333704 0.767559 0 0.000112587
1.10145e+07 0.279363 0.765534 0 0.000121754
9.47343e+06 0.161888 0.921715 0 0.00014156
1.19113e+07 0.333704 0.767559 0 0.000112587
9.47343e+06 0.161888 0.921715 0 0.00014156
7.94057e+06 0 1 0 0.000168887
1.10145e+07 0.279363 0.765534 0 0.000121754
1.10145e+07 0.279363 0.765534 0 0.000121754
7.94057e+06 0 1 0 0.000168887
1.19113e+07 0.333704 0.767559 0 0.000112587
1.10145e+07 0.279363 0.765534 0 0.000121754
9.47343e+06 0.161888 0.921715 0 0.00014156
1.10145e+07 0.279363 0.765534 0 0.000121754
9.47343e+06 0.161888 0.921715 0 0.00014156
1.19113e+07 0.333704 0.767559 0 0.000112587
1.19113e+07 0.333704 0.767559 0 0.000112587
1.19113e+07 0.333704 0.767559 0 0.000112587
1.10145e+07 0.279363 0.765534 0 0.000121754
1.19113e+07 0.333704 0.767559 0 0.000112587
1.19113e+07 0.333704 0.767559 0 0.000112587
1.19113e+07 0.333704 0.767559 0 0.000112587
1.10145e+07 0.279363 0.765534 0 0.000121754
1.10145e+07 0.279363 0.765534 0 0.000121754
1.19113e+07 0.333704 0.767559 0 0.000112587
1.19113e+07 0.333704 0.767559 0 0.000112587
1.19113e+07 0.333704 0.767559 0 0.000112587
9.47343e+06 0.161888 0.921715 0 0.00014156
1.10145e+07 0.279363 0.765534 0 0.000121754
1.19113e+07 0.333704 0.767559 0 0.000112587
8.71511e+06 0.0889777 0.917493 0 0.000153878
1.10145e+07 0.279363 0.765534 0 0.000121754
1.10145e+07 0.279363 0.765534 0 0.000121754
7.94057e+06 0 1 0 0.000168887
1.19113e+07 0.333704 0.767559 0 0.000112587
1.10145e+07 0.279363 0.765534 0 0.000121754
1.10145e+07 0.279363 0.765534 0 0.000121754
1.19113e+07 0.333704 0.767559 0 0.000112587
1.19113e+07 0.333704 0.767559 0 0.000112587
1.10145e+07 0.279363 0.765534 0 0.000121754
1.19113e+07 0.333704 0.767559 0 0.000112587
