1.46441e+07 0.264999 0.837281 0 8.27103e-05
1.07673e+07 0 1 0 0.00011249
1.07673e+07 0 1 0 0.00011249
1.46468e+07 0.264999 0.887421 0 8.26954e-05
1.07673e+07 0 1 0 0.00011249
1.46441e+07 0.264999 0.837281 0 8.27103e-05
1.07673e+07 0 1 0 0.00011249
1.46441e+07 0.264999 0.837281 0 8.27103e-05
1.46468e+07 0.264999 0.887421 0 8.26954e-05
1.46468e+07 0.264999 0.887421 0 8.26954e-05
1.07673e+07 0 1 0 0.00011249
1.07673e+07 0 1 0 0.00011249
1.46468e+07 0.264999 0.887421 0 8.26954e-05
1.46441e+07 0.264999 0.837281 0 8.27103e-05
1.5438e+07 0.302927 0.755298 0 7.84571e-05
1.07673e+07 0 1 0 0.00011249
1.46441e+07 0.264999 0.837281 0 8.27103e-05
1.46468e+07 0.264999 0.887421 0 8.26954e-05
1.07673e+07 0 1 0 0.00011249
1.46441e+07 0.264999 0.837281 0 8.27103e-05
1.46441e+07 0.264999 0.837281 0 8.27103e-05
1.46441e+07 0.264999 0.837281 0 8.27103e-05
1.46468e+07 0.264999 0.887421 0 8.26954e-05
1.07673e+07 0 1 0 0.00011249
1.46441e+07 0.264999 0.837281 0 8.27103e-05
1.46441e+07 0.264999 0.837281 0 8.27103e-05
1.07673e+07 0 1 0 0.00011249
1.46468e+07 0.264999 0.887421 0 8.26954e-05
1.07673e+07 0 1 0 0.00011249
1.46468e+07 0.264999 0.887421 0 8.26954e-05
1.07673e+07 0 1 0 0.00011249
1.46468e+07 0.264999 0.887421 0 8.26954e-05
1.46441e+07 0.264999 0.837281 0 8.27103e-05
1.46441e+07 0.264999 0.837281 0 8.27103e-05
1.46441e+07 0.264999 0.837281 0 8.27103e-05
1.46441e+07 0.264999 0.837281 0 8.27103e-05
1.46468e+07 0.264999 0.887421 0 8.26954e-05
1.46468e+07 0.264999 0.887421 0 8.26954e-05
1.07673e+07 0 1 0 0.00011249
1.07673e+07 0 1 0 0.00011249
1.46441e+07 0.264999 0.837281 0 8.27103e-05
1.07673e+07 0 1 0 0.00011249
1.07673e+07 0 1 0 0.00011249
1.07673e+07 0 1 0 0.00011249
1.46468e+07 0.264999 0.887421 0 8.26954e-05
1.46441e+07 0.264999 0.837281 0 8.27103e-05
1.07673e+07 0 1 0 0.00011249
1.46441e+07 0.264999 0.837281 0 8.27103e-05
1.07673e+07 0 1 0 0.00011249
1.07673e+07 0 1 0 0.00011249
1.46441e+07 0.264999 0.837281 0 8.27103e-05
1.07673e+07 0 1 0 0.00011249
1.07673e+07 0 1 0 0.00011249
1.46441e+07 0.264999 0.837281 0 8.27103e-05
1.07673e+07 0 1 0 0.00011249
1.46468e+07 0.264999 0.887421 0 8.26954e-05
1.07673e+07 0 1 0 0.00011249
1.07673e+07 0 1 0 0.00011249
1.46468e+07 0.264999 0.887421 0 8.26954e-05
1.07673e+07 0 1 0 0.00011249
1.46441e+07 0.264999 0.837281 0 8.27103e-05
1.07673e+07 0 1 0 0.00011249
1.46468e+07 0.264999 0.887421 0 8.26954e-05
1.46441e+07 0.264999 0.837281 0 8.27103e-05
1.46468e+07 0.264999 0.887421 0 8.26954e-05
1.07673e+07 0 1 0 0.00011249
1.07673e+07 0 1 0 0.00011249
1.07673e+07 0 1 0 0.00011249
1.07673e+07 0 1 0 0.00011249
1.46441e+07 0.264999 0.837281 0 8.27103e-05
1.07673e+07 0 1 0 0.00011249
1.46468e+07 0.264999 0.887421 0 8.26954e-05
1.07673e+07 0 1 0 0.00011249
1.46468e+07 0.264999 0.887421 0 8.26954e-05
1.46441e+07 0.264999 0.837281 0 8.27103e-05
1.46441e+07 0.264999 0.837281 0 8.27103e-05
1.46441e+07 0.264999 0.837281 0 8.27103e-05
1.07673e+07 0 1 0 0.00011249
1.46441e+07 0.264999 0.837281 0 8.27103e-05
1.46441e+07 0.264999 0.837281 0 8.27103e-05
1.46441e+07 0.264999 0.837281 0 8.27103e-05
1.07673e+07 0 1 0 0.00011249
1.07673e+07 0 1 0 0.00011249
1.46441e+07 0.264999 0.837281 0 8.27103e-05
1.46441e+07 0.264999 0.837281 0 8.27103e-05
1.46441e+07 0.264999 0.837281 0 8.27103e-05
1.46468e+07 0.264999 0.887421 0 8.26954e-05
1.07673e+07 0 1 0 0.00011249
1.46441e+07 0.264999 0.837281 0 8.27103e-05
1.5438e+07 0.302927 0.755298 0 7.84571e-05
1.07673e+07 0 1 0 0.00011249
1.07673e+07 0 1 0 0.00011249
1.07673e+07 0 1 0 0.00011249
1.46441e+07 0.264999 0.837281 0 8.27103e-05
1.07673e+07 0 1 0 0.00011249
1.07673e+07 0 1 0 0.00011249
1.46441e+07 0.264999 0.837281 0 8.27103e-05
1.46441e+07 0.264999 0.837281 0 8.27103e-05
1.07673e+07 0 1 0 0.00011249
1.46441e+07 0.264999 0.837281 0 8.27103e-05
