1.68081e+07 0.253215 0.850712 0 8.70055e-05
1.65743e+07 0.242664 0.829651 0 8.8233e-05
1.65743e+07 0.242664 0.829651 0 8.8233e-05
1.6811e+07 0.253215 0.896647 0 8.69907e-05
1.65743e+07 0.242664 0.829651 0 8.8233e-05
1.68081e+07 0.253215 0.850712 0 8.70055e-05
1.65743e+07 0.242664 0.829651 0 8.8233e-05
1.68081e+07 0.253215 0.850712 0 8.70055e-05
1.6811e+07 0.253215 0.896647 0 8.69907e-05
1.6811e+07 0.253215 0.896647 0 8.69907e-05
1.65743e+07 0.242664 0.829651 0 8.8233e-05
1.65743e+07 0.242664 0.829651 0 8.8233e-05
1.6811e+07 0.253215 0.896647 0 8.69907e-05
1.68081e+07 0.253215 0.850712 0 8.70055e-05
1.44906e+07 0.133641 0.89566 0 0.000100921
1.25563e+07 0 1 0 0.000116467
1.68081e+07 0.253215 0.850712 0 8.70055e-05
1.6811e+07 0.253215 0.896647 0 8.69907e-05
1.65743e+07 0.242664 0.829651 0 8.8233e-05
1.68081e+07 0.253215 0.850712 0 8.70055e-05
1.68081e+07 0.253215 0.850712 0 8.70055e-05
1.68081e+07 0.253215 0.850712 0 8.70055e-05
1.6811e+07 0.253215 0.896647 0 8.69907e-05
1.25563e+07 0 1 0 0.000116467
1.68081e+07 0.253215 0.850712 0 8.70055e-05
1.68081e+07 0.253215 0.850712 0 8.70055e-05
1.65743e+07 0.242664 0.829651 0 8.8233e-05
1.6811e+07 0.253215 0.896647 0 8.69907e-05
1.65743e+07 0.242664 0.829651 0 8.8233e-05
1.6811e+07 0.253215 0.896647 0 8.69907e-05
1.25563e+07 0 1 0 0.000116467
1.6811e+07 0.253215 0.896647 0 8.69907e-05
1.68081e+07 0.253215 0.850712 0 8.70055e-05
1.68081e+07 0.253215 0.850712 0 8.70055e-05
1.68081e+07 0.253215 0.850712 0 8.70055e-05
1.68081e+07 0.253215 0.850712 0 8.70055e-05
1.6811e+07 0.253215 0.896647 0 8.69907e-05
1.6811e+07 0.253215 0.896647 0 8.69907e-05
1.65743e+07 0.242664 0.829651 0 8.8233e-05
1.65743e+07 0.242664 0.829651 0 8.8233e-05
1.68081e+07 0.253215 0.850712 0 8.70055e-05
1.65743e+07 0.242664 0.829651 0 8.8233e-05
1.65743e+07 0.242664 0.829651 0 8.8233e-05
1.65743e+07 0.242664 0.829651 0 8.8233e-05
1.6811e+07 0.253215 0.896647 0 8.69907e-05
1.68081e+07 0.253215 0.850712 0 8.70055e-05
1.65743e+07 0.242664 0.829651 0 8.8233e-05
1.68081e+07 0.253215 0.850712 0 8.70055e-05
1.25563e+07 0 1 0 0.000116467
1.25563e+07 0 1 0 0.000116467
1.68081e+07 0.253215 0.850712 0 8.70055e-05
1.65743e+07 0.242664 0.829651 0 8.8233e-05
1.25563e+07 0 1 0 0.000116467
1.68081e+07 0.253215 0.850712 0 8.70055e-05
1.65743e+07 0.242664 0.829651 0 8.8233e-05
1.6811e+07 0.253215 0.896647 0 8.69907e-05
1.65743e+07 0.242664 0.829651 0 8.8233e-05
1.65743e+07 0.242664 0.829651 0 8.8233e-05
1.6811e+07 0.253215 0.896647 0 8.69907e-05
1.65743e+07 0.242664 0.829651 0 8.8233e-05
1.68081e+07 0.253215 0.850712 0 8.70055e-05
1.65743e+07 0.242664 0.829651 0 8.8233e-05
1.6811e+07 0.253215 0.896647 0 8.69907e-05
1.68081e+07 0.253215 0.850712 0 8.70055e-05
1.6811e+07 0.253215 0.896647 0 8.69907e-05
1.25563e+07 0 1 0 0.000116467
1.65743e+07 0.242664 0.829651 0 8.8233e-05
1.65743e+07 0.242664 0.829651 0 8.8233e-05
1.25563e+07 0 1 0 0.000116467
1.68081e+07 0.253215 0.850712 0 8.70055e-05
1.65743e+07 0.242664 0.829651 0 8.8233e-05
1.6811e+07 0.253215 0.896647 0 8.69907e-05
1.65743e+07 0.242664 0.829651 0 8.8233e-05
1.6811e+07 0.253215 0.896647 0 8.69907e-05
1.68081e+07 0.253215 0.850712 0 8.70055e-05
1.68081e+07 0.253215 0.850712 0 8.70055e-05
1.68081e+07 0.253215 0.850712 0 8.70055e-05
1.65743e+07 0.242664 0.829651 0 8.8233e-05
1.68081e+07 0.253215 0.850712 0 8.70055e-05
1.68081e+07 0.253215 0.850712 0 8.70055e-05
1.68081e+07 0.253215 0.850712 0 8.70055e-05
1.65743e+07 0.242664 0.829651 0 8.8233e-05
1.65743e+07 0.242664 0.829651 0 8.8233e-05
1.68081e+07 0.253215 0.850712 0 8.70055e-05
1.68081e+07 0.253215 0.850712 0 8.70055e-05
1.68081e+07 0.253215 0.850712 0 8.70055e-05
1.6811e+07 0.253215 0.896647 0 8.69907e-05
1.65743e+07 0.242664 0.829651 0 8.8233e-05
1.68081e+07 0.253215 0.850712 0 8.70055e-05
1.44906e+07 0.133641 0.89566 0 0.000100921
1.65743e+07 0.242664 0.829651 0 8.8233e-05
1.65743e+07 0.242664 0.829651 0 8.8233e-05
1.25563e+07 0 1 0 0.000116467
1.68081e+07 0.253215 0.850712 0 8.70055e-05
1.65743e+07 0.242664 0.829651 0 8.8233e-05
1.65743e+07 0.242664 0.829651 0 8.8233e-05
1.68081e+07 0.253215 0.850712 0 8.70055e-05
1.68081e+07 0.253215 0.850712 0 8.70055e-05
1.65743e+07 0.242664 0.829651 0 8.8233e-05
1.68081e+07 0.253215 0.850712 0 8.70055e-05
