4.57921e+07 0.537522 0.729649 0 2.41489e-05
2.12025e+07 0 1 0 5.21557e-05
2.12025e+07 0 1 0 5.21557e-05
2.12025e+07 0 1 0 5.21557e-05
2.12025e+07 0 1 0 5.21557e-05
4.57921e+07 0.537522 0.729649 0 2.41489e-05
2.12025e+07 0 1 0 5.21557e-05
4.57921e+07 0.537522 0.729649 0 2.41489e-05
2.12025e+07 0 1 0 5.21557e-05
2.12025e+07 0 1 0 5.21557e-05
2.12025e+07 0 1 0 5.21557e-05
2.12025e+07 0 1 0 5.21557e-05
2.12025e+07 0 1 0 5.21557e-05
4.57921e+07 0.537522 0.729649 0 2.41489e-05
2.99093e+07 0.291449 0.804951 0 3.69728e-05
2.12025e+07 0 1 0 5.21557e-05
4.57921e+07 0.537522 0.729649 0 2.41489e-05
2.12025e+07 0 1 0 5.21557e-05
2.12025e+07 0 1 0 5.21557e-05
4.57921e+07 0.537522 0.729649 0 2.41489e-05
4.57921e+07 0.537522 0.729649 0 2.41489e-05
4.57921e+07 0.537522 0.729649 0 2.41489e-05
2.12025e+07 0 1 0 5.21557e-05
2.12025e+07 0 1 0 5.21557e-05
4.57921e+07 0.537522 0.729649 0 2.41489e-05
4.57921e+07 0.537522 0.729649 0 2.41489e-05
2.12025e+07 0 1 0 5.21557e-05
2.12025e+07 0 1 0 5.21557e-05
2.12025e+07 0 1 0 5.21557e-05
2.12025e+07 0 1 0 5.21557e-05
2.12025e+07 0 1 0 5.21557e-05
2.12025e+07 0 1 0 5.21557e-05
4.57921e+07 0.537522 0.729649 0 2.41489e-05
4.57921e+07 0.537522 0.729649 0 2.41489e-05
4.57921e+07 0.537522 0.729649 0 2.41489e-05
4.57921e+07 0.537522 0.729649 0 2.41489e-05
2.12025e+07 0 1 0 5.21557e-05
2.12025e+07 0 1 0 5.21557e-05
2.12025e+07 0 1 0 5.21557e-05
2.12025e+07 0 1 0 5.21557e-05
4.57921e+07 0.537522 0.729649 0 2.41489e-05
2.12025e+07 0 1 0 5.21557e-05
2.12025e+07 0 1 0 5.21557e-05
2.12025e+07 0 1 0 5.21557e-05
2.12025e+07 0 1 0 5.21557e-05
4.57921e+07 0.537522 0.729649 0 2.41489e-05
2.12025e+07 0 1 0 5.21557e-05
4.57921e+07 0.537522 0.729649 0 2.41489e-05
2.12025e+07 0 1 0 5.21557e-05
2.12025e+07 0 1 0 5.21557e-05
4.57921e+07 0.537522 0.729649 0 2.41489e-05
2.12025e+07 0 1 0 5.21557e-05
2.12025e+07 0 1 0 5.21557e-05
4.57921e+07 0.537522 0.729649 0 2.41489e-05
2.12025e+07 0 1 0 5.21557e-05
2.12025e+07 0 1 0 5.21557e-05
2.12025e+07 0 1 0 5.21557e-05
2.12025e+07 0 1 0 5.21557e-05
2.12025e+07 0 1 0 5.21557e-05
2.12025e+07 0 1 0 5.21557e-05
4.57921e+07 0.537522 0.729649 0 2.41489e-05
2.12025e+07 0 1 0 5.21557e-05
2.12025e+07 0 1 0 5.21557e-05
4.57921e+07 0.537522 0.729649 0 2.41489e-05
2.12025e+07 0 1 0 5.21557e-05
2.12025e+07 0 1 0 5.21557e-05
2.12025e+07 0 1 0 5.21557e-05
2.12025e+07 0 1 0 5.21557e-05
2.12025e+07 0 1 0 5.21557e-05
4.57921e+07 0.537522 0.729649 0 2.41489e-05
2.12025e+07 0 1 0 5.21557e-05
2.12025e+07 0 1 0 5.21557e-05
2.12025e+07 0 1 0 5.21557e-05
2.12025e+07 0 1 0 5.21557e-05
4.57921e+07 0.537522 0.729649 0 2.41489e-05
4.57921e+07 0.537522 0.729649 0 2.41489e-05
4.57921e+07 0.537522 0.729649 0 2.41489e-05
2.12025e+07 0 1 0 5.21557e-05
4.57921e+07 0.537522 0.729649 0 2.41489e-05
4.57921e+07 0.537522 0.729649 0 2.41489e-05
4.57921e+07 0.537522 0.729649 0 2.41489e-05
2.12025e+07 0 1 0 5.21557e-05
2.12025e+07 0 1 0 5.21557e-05
4.57921e+07 0.537522 0.729649 0 2.41489e-05
4.57921e+07 0.537522 0.729649 0 2.41489e-05
4.57921e+07 0.537522 0.729649 0 2.41489e-05
2.12025e+07 0 1 0 5.21557e-05
2.12025e+07 0 1 0 5.21557e-05
4.57921e+07 0.537522 0.729649 0 2.41489e-05
2.99093e+07 0.291449 0.804951 0 3.69728e-05
2.12025e+07 0 1 0 5.21557e-05
2.12025e+07 0 1 0 5.21557e-05
2.12025e+07 0 1 0 5.21557e-05
4.57921e+07 0.537522 0.729649 0 2.41489e-05
2.12025e+07 0 1 0 5.21557e-05
2.12025e+07 0 1 0 5.21557e-05
4.57921e+07 0.537522 0.729649 0 2.41489e-05
4.57921e+07 0.537522 0.729649 0 2.41489e-05
2.12025e+07 0 1 0 5.21557e-05
4.57921e+07 0.537522 0.729649 0 2.41489e-05
