1.1825e+07 0.197475 0.891419 0 0.00011988
1.25335e+07 0.242901 0.851798 0 0.000113103
1.25335e+07 0.242901 0.851798 0 0.000113103
1.18265e+07 0.197475 0.931178 0 0.000119865
1.25335e+07 0.242901 0.851798 0 0.000113103
1.1825e+07 0.197475 0.891419 0 0.00011988
1.25335e+07 0.242901 0.851798 0 0.000113103
1.1825e+07 0.197475 0.891419 0 0.00011988
1.18265e+07 0.197475 0.931178 0 0.000119865
1.18265e+07 0.197475 0.931178 0 0.000119865
1.25335e+07 0.242901 0.851798 0 0.000113103
1.25335e+07 0.242901 0.851798 0 0.000113103
1.18265e+07 0.197475 0.931178 0 0.000119865
1.1825e+07 0.197475 0.891419 0 0.00011988
1.05952e+07 0.104223 0.930521 0 0.000133795
9.4922e+06 0 1 0 0.000149342
1.1825e+07 0.197475 0.891419 0 0.00011988
1.18265e+07 0.197475 0.931178 0 0.000119865
1.25335e+07 0.242901 0.851798 0 0.000113103
1.1825e+07 0.197475 0.891419 0 0.00011988
1.1825e+07 0.197475 0.891419 0 0.00011988
1.1825e+07 0.197475 0.891419 0 0.00011988
1.18265e+07 0.197475 0.931178 0 0.000119865
9.4922e+06 0 1 0 0.000149342
1.1825e+07 0.197475 0.891419 0 0.00011988
1.1825e+07 0.197475 0.891419 0 0.00011988
1.25335e+07 0.242901 0.851798 0 0.000113103
1.18265e+07 0.197475 0.931178 0 0.000119865
1.25335e+07 0.242901 0.851798 0 0.000113103
1.18265e+07 0.197475 0.931178 0 0.000119865
9.4922e+06 0 1 0 0.000149342
1.18265e+07 0.197475 0.931178 0 0.000119865
1.1825e+07 0.197475 0.891419 0 0.00011988
1.1825e+07 0.197475 0.891419 0 0.00011988
1.1825e+07 0.197475 0.891419 0 0.00011988
1.1825e+07 0.197475 0.891419 0 0.00011988
1.18265e+07 0.197475 0.931178 0 0.000119865
1.18265e+07 0.197475 0.931178 0 0.000119865
1.25335e+07 0.242901 0.851798 0 0.000113103
1.25335e+07 0.242901 0.851798 0 0.000113103
1.1825e+07 0.197475 0.891419 0 0.00011988
1.25335e+07 0.242901 0.851798 0 0.000113103
1.25335e+07 0.242901 0.851798 0 0.000113103
1.25335e+07 0.242901 0.851798 0 0.000113103
1.18265e+07 0.197475 0.931178 0 0.000119865
1.1825e+07 0.197475 0.891419 0 0.00011988
1.25335e+07 0.242901 0.851798 0 0.000113103
1.1825e+07 0.197475 0.891419 0 0.00011988
9.4922e+06 0 1 0 0.000149342
9.4922e+06 0 1 0 0.000149342
1.1825e+07 0.197475 0.891419 0 0.00011988
1.25335e+07 0.242901 0.851798 0 0.000113103
9.4922e+06 0 1 0 0.000149342
1.1825e+07 0.197475 0.891419 0 0.00011988
1.25335e+07 0.242901 0.851798 0 0.000113103
1.18265e+07 0.197475 0.931178 0 0.000119865
1.25335e+07 0.242901 0.851798 0 0.000113103
1.25335e+07 0.242901 0.851798 0 0.000113103
1.18265e+07 0.197475 0.931178 0 0.000119865
1.25335e+07 0.242901 0.851798 0 0.000113103
1.1825e+07 0.197475 0.891419 0 0.00011988
1.25335e+07 0.242901 0.851798 0 0.000113103
1.18265e+07 0.197475 0.931178 0 0.000119865
1.1825e+07 0.197475 0.891419 0 0.00011988
1.18265e+07 0.197475 0.931178 0 0.000119865
9.4922e+06 0 1 0 0.000149342
1.25335e+07 0.242901 0.851798 0 0.000113103
1.25335e+07 0.242901 0.851798 0 0.000113103
9.4922e+06 0 1 0 0.000149342
1.1825e+07 0.197475 0.891419 0 0.00011988
1.25335e+07 0.242901 0.851798 0 0.000113103
1.18265e+07 0.197475 0.931178 0 0.000119865
1.25335e+07 0.242901 0.851798 0 0.000113103
1.18265e+07 0.197475 0.931178 0 0.000119865
1.1825e+07 0.197475 0.891419 0 0.00011988
1.1825e+07 0.197475 0.891419 0 0.00011988
1.1825e+07 0.197475 0.891419 0 0.00011988
1.25335e+07 0.242901 0.851798 0 0.000113103
1.1825e+07 0.197475 0.891419 0 0.00011988
1.1825e+07 0.197475 0.891419 0 0.00011988
1.1825e+07 0.197475 0.891419 0 0.00011988
1.25335e+07 0.242901 0.851798 0 0.000113103
1.25335e+07 0.242901 0.851798 0 0.000113103
1.1825e+07 0.197475 0.891419 0 0.00011988
1.1825e+07 0.197475 0.891419 0 0.00011988
1.1825e+07 0.197475 0.891419 0 0.00011988
1.18265e+07 0.197475 0.931178 0 0.000119865
1.25335e+07 0.242901 0.851798 0 0.000113103
1.1825e+07 0.197475 0.891419 0 0.00011988
1.05952e+07 0.104223 0.930521 0 0.000133795
1.25335e+07 0.242901 0.851798 0 0.000113103
1.25335e+07 0.242901 0.851798 0 0.000113103
9.4922e+06 0 1 0 0.000149342
1.1825e+07 0.197475 0.891419 0 0.00011988
1.25335e+07 0.242901 0.851798 0 0.000113103
1.25335e+07 0.242901 0.851798 0 0.000113103
1.1825e+07 0.197475 0.891419 0 0.00011988
1.1825e+07 0.197475 0.891419 0 0.00011988
1.25335e+07 0.242901 0.851798 0 0.000113103
1.1825e+07 0.197475 0.891419 0 0.00011988
