1.1812e+07 0.241342 0.81537 0 8.42561e-05
1.10308e+07 0.187539 0.825301 0 9.02232e-05
1.10308e+07 0.187539 0.825301 0 9.02232e-05
1.18139e+07 0.241342 0.871402 0 8.42427e-05
1.10308e+07 0.187539 0.825301 0 9.02232e-05
1.1812e+07 0.241342 0.81537 0 8.42561e-05
1.10308e+07 0.187539 0.825301 0 9.02232e-05
1.1812e+07 0.241342 0.81537 0 8.42561e-05
1.18139e+07 0.241342 0.871402 0 8.42427e-05
1.18139e+07 0.241342 0.871402 0 8.42427e-05
1.10308e+07 0.187539 0.825301 0 9.02232e-05
1.10308e+07 0.187539 0.825301 0 9.02232e-05
1.18139e+07 0.241342 0.871402 0 8.42427e-05
1.1812e+07 0.241342 0.81537 0 8.42561e-05
8.96413e+06 0 1 0 0.000111024
1.10323e+07 0.187539 0.935982 0 9.02108e-05
1.1812e+07 0.241342 0.81537 0 8.42561e-05
1.18139e+07 0.241342 0.871402 0 8.42427e-05
1.10308e+07 0.187539 0.825301 0 9.02232e-05
1.1812e+07 0.241342 0.81537 0 8.42561e-05
1.1812e+07 0.241342 0.81537 0 8.42561e-05
1.1812e+07 0.241342 0.81537 0 8.42561e-05
1.18139e+07 0.241342 0.871402 0 8.42427e-05
8.96413e+06 0 1 0 0.000111024
1.1812e+07 0.241342 0.81537 0 8.42561e-05
1.1812e+07 0.241342 0.81537 0 8.42561e-05
1.10308e+07 0.187539 0.825301 0 9.02232e-05
1.18139e+07 0.241342 0.871402 0 8.42427e-05
1.10308e+07 0.187539 0.825301 0 9.02232e-05
1.18139e+07 0.241342 0.871402 0 8.42427e-05
8.96413e+06 0 1 0 0.000111024
1.18139e+07 0.241342 0.871402 0 8.42427e-05
1.1812e+07 0.241342 0.81537 0 8.42561e-05
1.1812e+07 0.241342 0.81537 0 8.42561e-05
1.1812e+07 0.241342 0.81537 0 8.42561e-05
1.1812e+07 0.241342 0.81537 0 8.42561e-05
1.18139e+07 0.241342 0.871402 0 8.42427e-05
1.18139e+07 0.241342 0.871402 0 8.42427e-05
1.10308e+07 0.187539 0.825301 0 9.02232e-05
1.10308e+07 0.187539 0.825301 0 9.02232e-05
1.1812e+07 0.241342 0.81537 0 8.42561e-05
1.10308e+07 0.187539 0.825301 0 9.02232e-05
1.10308e+07 0.187539 0.825301 0 9.02232e-05
1.10308e+07 0.187539 0.825301 0 9.02232e-05
1.18139e+07 0.241342 0.871402 0 8.42427e-05
1.1812e+07 0.241342 0.81537 0 8.42561e-05
1.10308e+07 0.187539 0.825301 0 9.02232e-05
1.1812e+07 0.241342 0.81537 0 8.42561e-05
1.10323e+07 0.187539 0.935982 0 9.02108e-05
8.96413e+06 0 1 0 0.000111024
1.1812e+07 0.241342 0.81537 0 8.42561e-05
1.10308e+07 0.187539 0.825301 0 9.02232e-05
8.96413e+06 0 1 0 0.000111024
1.1812e+07 0.241342 0.81537 0 8.42561e-05
1.10308e+07 0.187539 0.825301 0 9.02232e-05
1.18139e+07 0.241342 0.871402 0 8.42427e-05
1.10308e+07 0.187539 0.825301 0 9.02232e-05
1.10308e+07 0.187539 0.825301 0 9.02232e-05
1.18139e+07 0.241342 0.871402 0 8.42427e-05
1.10308e+07 0.187539 0.825301 0 9.02232e-05
1.1812e+07 0.241342 0.81537 0 8.42561e-05
1.10308e+07 0.187539 0.825301 0 9.02232e-05
1.18139e+07 0.241342 0.871402 0 8.42427e-05
1.1812e+07 0.241342 0.81537 0 8.42561e-05
1.18139e+07 0.241342 0.871402 0 8.42427e-05
1.10323e+07 0.187539 0.935982 0 9.02108e-05
1.10308e+07 0.187539 0.825301 0 9.02232e-05
1.10308e+07 0.187539 0.825301 0 9.02232e-05
8.96413e+06 0 1 0 0.000111024
1.1812e+07 0.241342 0.81537 0 8.42561e-05
1.10308e+07 0.187539 0.825301 0 9.02232e-05
1.18139e+07 0.241342 0.871402 0 8.42427e-05
1.10308e+07 0.187539 0.825301 0 9.02232e-05
1.18139e+07 0.241342 0.871402 0 8.42427e-05
1.1812e+07 0.241342 0.81537 0 8.42561e-05
1.1812e+07 0.241342 0.81537 0 8.42561e-05
1.1812e+07 0.241342 0.81537 0 8.42561e-05
1.10308e+07 0.187539 0.825301 0 9.02232e-05
1.1812e+07 0.241342 0.81537 0 8.42561e-05
1.1812e+07 0.241342 0.81537 0 8.42561e-05
1.1812e+07 0.241342 0.81537 0 8.42561e-05
1.10308e+07 0.187539 0.825301 0 9.02232e-05
1.10308e+07 0.187539 0.825301 0 9.02232e-05
1.1812e+07 0.241342 0.81537 0 8.42561e-05
1.1812e+07 0.241342 0.81537 0 8.42561e-05
1.1812e+07 0.241342 0.81537 0 8.42561e-05
1.18139e+07 0.241342 0.871402 0 8.42427e-05
1.10308e+07 0.187539 0.825301 0 9.02232e-05
1.1812e+07 0.241342 0.81537 0 8.42561e-05
8.96413e+06 0 1 0 0.000111024
1.10308e+07 0.187539 0.825301 0 9.02232e-05
1.10308e+07 0.187539 0.825301 0 9.02232e-05
1.10323e+07 0.187539 0.935982 0 9.02108e-05
1.1812e+07 0.241342 0.81537 0 8.42561e-05
1.10308e+07 0.187539 0.825301 0 9.02232e-05
1.10308e+07 0.187539 0.825301 0 9.02232e-05
1.1812e+07 0.241342 0.81537 0 8.42561e-05
1.1812e+07 0.241342 0.81537 0 8.42561e-05
1.10308e+07 0.187539 0.825301 0 9.02232e-05
1.1812e+07 0.241342 0.81537 0 8.42561e-05
