9.45102e+06 0.176181 0.882014 0 0.000145593
1.5023e+07 0.482179 0.604761 0 9.15927e-05
1.5023e+07 0.482179 0.604761 0 9.15927e-05
7.7876e+06 0 1 0 0.000176691
1.5023e+07 0.482179 0.604761 0 9.15927e-05
9.45102e+06 0.176181 0.882014 0 0.000145593
1.5023e+07 0.482179 0.604761 0 9.15927e-05
9.45102e+06 0.176181 0.882014 0 0.000145593
7.7876e+06 0 1 0 0.000176691
7.7876e+06 0 1 0 0.000176691
1.5023e+07 0.482179 0.604761 0 9.15927e-05
1.5023e+07 0.482179 0.604761 0 9.15927e-05
7.7876e+06 0 1 0 0.000176691
9.45102e+06 0.176181 0.882014 0 0.000145593
7.7876e+06 0 1 0 0.000176691
9.45225e+06 0.176181 0.947837 0 0.000145574
9.45102e+06 0.176181 0.882014 0 0.000145593
7.7876e+06 0 1 0 0.000176691
1.5023e+07 0.482179 0.604761 0 9.15927e-05
9.45102e+06 0.176181 0.882014 0 0.000145593
9.45102e+06 0.176181 0.882014 0 0.000145593
9.45102e+06 0.176181 0.882014 0 0.000145593
7.7876e+06 0 1 0 0.000176691
7.7876e+06 0 1 0 0.000176691
9.45102e+06 0.176181 0.882014 0 0.000145593
9.45102e+06 0.176181 0.882014 0 0.000145593
1.5023e+07 0.482179 0.604761 0 9.15927e-05
7.7876e+06 0 1 0 0.000176691
1.5023e+07 0.482179 0.604761 0 9.15927e-05
7.7876e+06 0 1 0 0.000176691
7.7876e+06 0 1 0 0.000176691
7.7876e+06 0 1 0 0.000176691
9.45102e+06 0.176181 0.882014 0 0.000145593
9.45102e+06 0.176181 0.882014 0 0.000145593
9.45102e+06 0.176181 0.882014 0 0.000145593
9.45102e+06 0.176181 0.882014 0 0.000145593
7.7876e+06 0 1 0 0.000176691
7.7876e+06 0 1 0 0.000176691
1.5023e+07 0.482179 0.604761 0 9.15927e-05
1.5023e+07 0.482179 0.604761 0 9.15927e-05
9.45102e+06 0.176181 0.882014 0 0.000145593
1.5023e+07 0.482179 0.604761 0 9.15927e-05
1.5023e+07 0.482179 0.604761 0 9.15927e-05
1.5023e+07 0.482179 0.604761 0 9.15927e-05
7.7876e+06 0 1 0 0.000176691
9.45102e+06 0.176181 0.882014 0 0.000145593
1.5023e+07 0.482179 0.604761 0 9.15927e-05
9.45102e+06 0.176181 0.882014 0 0.000145593
9.45225e+06 0.176181 0.947837 0 0.000145574
7.7876e+06 0 1 0 0.000176691
9.45102e+06 0.176181 0.882014 0 0.000145593
1.5023e+07 0.482179 0.604761 0 9.15927e-05
7.7876e+06 0 1 0 0.000176691
9.45102e+06 0.176181 0.882014 0 0.000145593
1.5023e+07 0.482179 0.604761 0 9.15927e-05
7.7876e+06 0 1 0 0.000176691
1.5023e+07 0.482179 0.604761 0 9.15927e-05
1.5023e+07 0.482179 0.604761 0 9.15927e-05
7.7876e+06 0 1 0 0.000176691
1.5023e+07 0.482179 0.604761 0 9.15927e-05
9.45102e+06 0.176181 0.882014 0 0.000145593
1.5023e+07 0.482179 0.604761 0 9.15927e-05
7.7876e+06 0 1 0 0.000176691
9.45102e+06 0.176181 0.882014 0 0.000145593
7.7876e+06 0 1 0 0.000176691
9.45225e+06 0.176181 0.947837 0 0.000145574
1.5023e+07 0.482179 0.604761 0 9.15927e-05
1.5023e+07 0.482179 0.604761 0 9.15927e-05
7.7876e+06 0 1 0 0.000176691
9.45102e+06 0.176181 0.882014 0 0.000145593
1.5023e+07 0.482179 0.604761 0 9.15927e-05
7.7876e+06 0 1 0 0.000176691
1.5023e+07 0.482179 0.604761 0 9.15927e-05
7.7876e+06 0 1 0 0.000176691
9.45102e+06 0.176181 0.882014 0 0.000145593
9.45102e+06 0.176181 0.882014 0 0.000145593
9.45102e+06 0.176181 0.882014 0 0.000145593
1.5023e+07 0.482179 0.604761 0 9.15927e-05
9.45102e+06 0.176181 0.882014 0 0.000145593
9.45102e+06 0.176181 0.882014 0 0.000145593
9.45102e+06 0.176181 0.882014 0 0.000145593
1.5023e+07 0.482179 0.604761 0 9.15927e-05
1.5023e+07 0.482179 0.604761 0 9.15927e-05
9.45102e+06 0.176181 0.882014 0 0.000145593
9.45102e+06 0.176181 0.882014 0 0.000145593
9.45102e+06 0.176181 0.882014 0 0.000145593
7.7876e+06 0 1 0 0.000176691
1.5023e+07 0.482179 0.604761 0 9.15927e-05
9.45102e+06 0.176181 0.882014 0 0.000145593
7.7876e+06 0 1 0 0.000176691
1.5023e+07 0.482179 0.604761 0 9.15927e-05
1.5023e+07 0.482179 0.604761 0 9.15927e-05
9.45225e+06 0.176181 0.947837 0 0.000145574
9.45102e+06 0.176181 0.882014 0 0.000145593
1.5023e+07 0.482179 0.604761 0 9.15927e-05
1.5023e+07 0.482179 0.604761 0 9.15927e-05
9.45102e+06 0.176181 0.882014 0 0.000145593
9.45102e+06 0.176181 0.882014 0 0.000145593
1.5023e+07 0.482179 0.604761 0 9.15927e-05
9.45102e+06 0.176181 0.882014 0 0.000145593
