1.2884e+07 0.25 0.791999 0 8.85031e-05
1.27079e+07 0.239583 0.763582 0 8.97289e-05
1.27079e+07 0.239583 0.763582 0 8.97289e-05
9.66619e+06 0 1 0 0.000117965
1.27079e+07 0.239583 0.763582 0 8.97289e-05
1.2884e+07 0.25 0.791999 0 8.85031e-05
1.27079e+07 0.239583 0.763582 0 8.97289e-05
1.2884e+07 0.25 0.791999 0 8.85031e-05
9.66619e+06 0 1 0 0.000117965
9.66619e+06 0 1 0 0.000117965
1.27079e+07 0.239583 0.763582 0 8.97289e-05
1.27079e+07 0.239583 0.763582 0 8.97289e-05
9.66619e+06 0 1 0 0.000117965
1.2884e+07 0.25 0.791999 0 8.85031e-05
1.10892e+07 0.128472 0.860286 0 0.000102827
9.66619e+06 0 1 0 0.000117965
1.2884e+07 0.25 0.791999 0 8.85031e-05
9.66619e+06 0 1 0 0.000117965
1.27079e+07 0.239583 0.763582 0 8.97289e-05
1.2884e+07 0.25 0.791999 0 8.85031e-05
1.2884e+07 0.25 0.791999 0 8.85031e-05
1.2884e+07 0.25 0.791999 0 8.85031e-05
9.66619e+06 0 1 0 0.000117965
1.2652e+07 0.236111 0.899509 0 9.01259e-05
1.2884e+07 0.25 0.791999 0 8.85031e-05
1.2884e+07 0.25 0.791999 0 8.85031e-05
1.27079e+07 0.239583 0.763582 0 8.97289e-05
9.66619e+06 0 1 0 0.000117965
1.27079e+07 0.239583 0.763582 0 8.97289e-05
9.66619e+06 0 1 0 0.000117965
1.2652e+07 0.236111 0.899509 0 9.01259e-05
9.66619e+06 0 1 0 0.000117965
1.2884e+07 0.25 0.791999 0 8.85031e-05
1.2884e+07 0.25 0.791999 0 8.85031e-05
1.2884e+07 0.25 0.791999 0 8.85031e-05
1.2884e+07 0.25 0.791999 0 8.85031e-05
9.66619e+06 0 1 0 0.000117965
9.66619e+06 0 1 0 0.000117965
1.27079e+07 0.239583 0.763582 0 8.97289e-05
1.27079e+07 0.239583 0.763582 0 8.97289e-05
1.2884e+07 0.25 0.791999 0 8.85031e-05
1.27079e+07 0.239583 0.763582 0 8.97289e-05
1.27079e+07 0.239583 0.763582 0 8.97289e-05
1.27079e+07 0.239583 0.763582 0 8.97289e-05
9.66619e+06 0 1 0 0.000117965
1.2884e+07 0.25 0.791999 0 8.85031e-05
1.27079e+07 0.239583 0.763582 0 8.97289e-05
1.2884e+07 0.25 0.791999 0 8.85031e-05
9.66619e+06 0 1 0 0.000117965
1.2652e+07 0.236111 0.899509 0 9.01259e-05
1.2884e+07 0.25 0.791999 0 8.85031e-05
1.27079e+07 0.239583 0.763582 0 8.97289e-05
9.66619e+06 0 1 0 0.000117965
1.2884e+07 0.25 0.791999 0 8.85031e-05
1.27079e+07 0.239583 0.763582 0 8.97289e-05
9.66619e+06 0 1 0 0.000117965
1.27079e+07 0.239583 0.763582 0 8.97289e-05
1.27079e+07 0.239583 0.763582 0 8.97289e-05
9.66619e+06 0 1 0 0.000117965
1.27079e+07 0.239583 0.763582 0 8.97289e-05
1.2884e+07 0.25 0.791999 0 8.85031e-05
1.27079e+07 0.239583 0.763582 0 8.97289e-05
9.66619e+06 0 1 0 0.000117965
1.2884e+07 0.25 0.791999 0 8.85031e-05
9.66619e+06 0 1 0 0.000117965
9.66619e+06 0 1 0 0.000117965
1.27079e+07 0.239583 0.763582 0 8.97289e-05
1.27079e+07 0.239583 0.763582 0 8.97289e-05
9.66619e+06 0 1 0 0.000117965
1.2884e+07 0.25 0.791999 0 8.85031e-05
1.27079e+07 0.239583 0.763582 0 8.97289e-05
9.66619e+06 0 1 0 0.000117965
1.27079e+07 0.239583 0.763582 0 8.97289e-05
9.66619e+06 0 1 0 0.000117965
1.2884e+07 0.25 0.791999 0 8.85031e-05
1.2884e+07 0.25 0.791999 0 8.85031e-05
1.2884e+07 0.25 0.791999 0 8.85031e-05
1.27079e+07 0.239583 0.763582 0 8.97289e-05
1.2884e+07 0.25 0.791999 0 8.85031e-05
1.2884e+07 0.25 0.791999 0 8.85031e-05
1.2884e+07 0.25 0.791999 0 8.85031e-05
1.27079e+07 0.239583 0.763582 0 8.97289e-05
1.27079e+07 0.239583 0.763582 0 8.97289e-05
1.2884e+07 0.25 0.791999 0 8.85031e-05
1.2884e+07 0.25 0.791999 0 8.85031e-05
1.2884e+07 0.25 0.791999 0 8.85031e-05
9.66619e+06 0 1 0 0.000117965
1.27079e+07 0.239583 0.763582 0 8.97289e-05
1.2884e+07 0.25 0.791999 0 8.85031e-05
1.10892e+07 0.128472 0.860286 0 0.000102827
1.27079e+07 0.239583 0.763582 0 8.97289e-05
1.27079e+07 0.239583 0.763582 0 8.97289e-05
9.66619e+06 0 1 0 0.000117965
1.2884e+07 0.25 0.791999 0 8.85031e-05
1.27079e+07 0.239583 0.763582 0 8.97289e-05
1.27079e+07 0.239583 0.763582 0 8.97289e-05
1.2884e+07 0.25 0.791999 0 8.85031e-05
1.2884e+07 0.25 0.791999 0 8.85031e-05
1.27079e+07 0.239583 0.763582 0 8.97289e-05
1.2884e+07 0.25 0.791999 0 8.85031e-05
