1.80756e+07 0.286409 0.810693 0 7.75271e-05
1.29038e+07 0 1 0 0.0001086
1.29038e+07 0 1 0 0.0001086
2.45648e+07 0.474991 0.783323 0 5.70471e-05
1.29038e+07 0 1 0 0.0001086
1.80756e+07 0.286409 0.810693 0 7.75271e-05
1.29038e+07 0 1 0 0.0001086
1.80756e+07 0.286409 0.810693 0 7.75271e-05
2.45648e+07 0.474991 0.783323 0 5.70471e-05
2.45648e+07 0.474991 0.783323 0 5.70471e-05
1.29038e+07 0 1 0 0.0001086
1.29038e+07 0 1 0 0.0001086
2.45648e+07 0.474991 0.783323 0 5.70471e-05
1.80756e+07 0.286409 0.810693 0 7.75271e-05
1.29038e+07 0 1 0 0.0001086
1.29038e+07 0 1 0 0.0001086
1.80756e+07 0.286409 0.810693 0 7.75271e-05
2.45648e+07 0.474991 0.783323 0 5.70471e-05
1.29038e+07 0 1 0 0.0001086
1.80756e+07 0.286409 0.810693 0 7.75271e-05
1.80756e+07 0.286409 0.810693 0 7.75271e-05
1.80756e+07 0.286409 0.810693 0 7.75271e-05
2.45648e+07 0.474991 0.783323 0 5.70471e-05
1.29038e+07 0 1 0 0.0001086
1.80756e+07 0.286409 0.810693 0 7.75271e-05
1.80756e+07 0.286409 0.810693 0 7.75271e-05
1.29038e+07 0 1 0 0.0001086
2.45648e+07 0.474991 0.783323 0 5.70471e-05
1.29038e+07 0 1 0 0.0001086
2.45648e+07 0.474991 0.783323 0 5.70471e-05
1.29038e+07 0 1 0 0.0001086
2.45648e+07 0.474991 0.783323 0 5.70471e-05
1.80756e+07 0.286409 0.810693 0 7.75271e-05
1.80756e+07 0.286409 0.810693 0 7.75271e-05
1.80756e+07 0.286409 0.810693 0 7.75271e-05
1.80756e+07 0.286409 0.810693 0 7.75271e-05
2.45648e+07 0.474991 0.783323 0 5.70471e-05
2.45648e+07 0.474991 0.783323 0 5.70471e-05
1.29038e+07 0 1 0 0.0001086
1.29038e+07 0 1 0 0.0001086
1.80756e+07 0.286409 0.810693 0 7.75271e-05
1.29038e+07 0 1 0 0.0001086
1.29038e+07 0 1 0 0.0001086
1.29038e+07 0 1 0 0.0001086
2.45648e+07 0.474991 0.783323 0 5.70471e-05
1.80756e+07 0.286409 0.810693 0 7.75271e-05
1.29038e+07 0 1 0 0.0001086
1.80756e+07 0.286409 0.810693 0 7.75271e-05
1.29038e+07 0 1 0 0.0001086
1.29038e+07 0 1 0 0.0001086
1.80756e+07 0.286409 0.810693 0 7.75271e-05
1.29038e+07 0 1 0 0.0001086
1.29038e+07 0 1 0 0.0001086
1.80756e+07 0.286409 0.810693 0 7.75271e-05
1.29038e+07 0 1 0 0.0001086
2.45648e+07 0.474991 0.783323 0 5.70471e-05
1.29038e+07 0 1 0 0.0001086
1.29038e+07 0 1 0 0.0001086
2.45648e+07 0.474991 0.783323 0 5.70471e-05
1.29038e+07 0 1 0 0.0001086
1.80756e+07 0.286409 0.810693 0 7.75271e-05
1.29038e+07 0 1 0 0.0001086
2.45648e+07 0.474991 0.783323 0 5.70471e-05
1.80756e+07 0.286409 0.810693 0 7.75271e-05
2.45648e+07 0.474991 0.783323 0 5.70471e-05
1.29038e+07 0 1 0 0.0001086
1.29038e+07 0 1 0 0.0001086
1.29038e+07 0 1 0 0.0001086
1.29038e+07 0 1 0 0.0001086
1.80756e+07 0.286409 0.810693 0 7.75271e-05
1.29038e+07 0 1 0 0.0001086
2.45648e+07 0.474991 0.783323 0 5.70471e-05
1.29038e+07 0 1 0 0.0001086
2.45648e+07 0.474991 0.783323 0 5.70471e-05
1.80756e+07 0.286409 0.810693 0 7.75271e-05
1.80756e+07 0.286409 0.810693 0 7.75271e-05
1.80756e+07 0.286409 0.810693 0 7.75271e-05
1.29038e+07 0 1 0 0.0001086
1.80756e+07 0.286409 0.810693 0 7.75271e-05
1.80756e+07 0.286409 0.810693 0 7.75271e-05
1.80756e+07 0.286409 0.810693 0 7.75271e-05
1.29038e+07 0 1 0 0.0001086
1.29038e+07 0 1 0 0.0001086
1.80756e+07 0.286409 0.810693 0 7.75271e-05
1.80756e+07 0.286409 0.810693 0 7.75271e-05
1.80756e+07 0.286409 0.810693 0 7.75271e-05
2.45648e+07 0.474991 0.783323 0 5.70471e-05
1.29038e+07 0 1 0 0.0001086
1.80756e+07 0.286409 0.810693 0 7.75271e-05
1.29038e+07 0 1 0 0.0001086
1.29038e+07 0 1 0 0.0001086
1.29038e+07 0 1 0 0.0001086
1.29038e+07 0 1 0 0.0001086
1.80756e+07 0.286409 0.810693 0 7.75271e-05
1.29038e+07 0 1 0 0.0001086
1.29038e+07 0 1 0 0.0001086
1.80756e+07 0.286409 0.810693 0 7.75271e-05
1.80756e+07 0.286409 0.810693 0 7.75271e-05
1.29038e+07 0 1 0 0.0001086
1.80756e+07 0.286409 0.810693 0 7.75271e-05
