1.30713e+07 0.226601 0.898631 0 9.33425e-05
1.23539e+07 0.18162 0.901503 0 9.87629e-05
1.23539e+07 0.18162 0.901503 0 9.87629e-05
1.01123e+07 0 1 0 0.000120656
1.23539e+07 0.18162 0.901503 0 9.87629e-05
1.30713e+07 0.226601 0.898631 0 9.33425e-05
1.23539e+07 0.18162 0.901503 0 9.87629e-05
1.30713e+07 0.226601 0.898631 0 9.33425e-05
1.01123e+07 0 1 0 0.000120656
1.01123e+07 0 1 0 0.000120656
1.23539e+07 0.18162 0.901503 0 9.87629e-05
1.23539e+07 0.18162 0.901503 0 9.87629e-05
1.01123e+07 0 1 0 0.000120656
1.30713e+07 0.226601 0.898631 0 9.33425e-05
1.01123e+07 0 1 0 0.000120656
1.01123e+07 0 1 0 0.000120656
1.30713e+07 0.226601 0.898631 0 9.33425e-05
1.01123e+07 0 1 0 0.000120656
1.23539e+07 0.18162 0.901503 0 9.87629e-05
1.30713e+07 0.226601 0.898631 0 9.33425e-05
1.30713e+07 0.226601 0.898631 0 9.33425e-05
1.30713e+07 0.226601 0.898631 0 9.33425e-05
1.01123e+07 0 1 0 0.000120656
1.66171e+07 0.391672 0.908592 0 7.34252e-05
1.30713e+07 0.226601 0.898631 0 9.33425e-05
1.30713e+07 0.226601 0.898631 0 9.33425e-05
1.23539e+07 0.18162 0.901503 0 9.87629e-05
1.01123e+07 0 1 0 0.000120656
1.23539e+07 0.18162 0.901503 0 9.87629e-05
1.01123e+07 0 1 0 0.000120656
1.66171e+07 0.391672 0.908592 0 7.34252e-05
1.01123e+07 0 1 0 0.000120656
1.30713e+07 0.226601 0.898631 0 9.33425e-05
1.30713e+07 0.226601 0.898631 0 9.33425e-05
1.30713e+07 0.226601 0.898631 0 9.33425e-05
1.30713e+07 0.226601 0.898631 0 9.33425e-05
1.01123e+07 0 1 0 0.000120656
1.01123e+07 0 1 0 0.000120656
1.23539e+07 0.18162 0.901503 0 9.87629e-05
1.23539e+07 0.18162 0.901503 0 9.87629e-05
1.30713e+07 0.226601 0.898631 0 9.33425e-05
1.23539e+07 0.18162 0.901503 0 9.87629e-05
1.23539e+07 0.18162 0.901503 0 9.87629e-05
1.23539e+07 0.18162 0.901503 0 9.87629e-05
1.01123e+07 0 1 0 0.000120656
1.30713e+07 0.226601 0.898631 0 9.33425e-05
1.23539e+07 0.18162 0.901503 0 9.87629e-05
1.30713e+07 0.226601 0.898631 0 9.33425e-05
1.01123e+07 0 1 0 0.000120656
1.66171e+07 0.391672 0.908592 0 7.34252e-05
1.30713e+07 0.226601 0.898631 0 9.33425e-05
1.23539e+07 0.18162 0.901503 0 9.87629e-05
1.01123e+07 0 1 0 0.000120656
1.30713e+07 0.226601 0.898631 0 9.33425e-05
1.23539e+07 0.18162 0.901503 0 9.87629e-05
1.01123e+07 0 1 0 0.000120656
1.23539e+07 0.18162 0.901503 0 9.87629e-05
1.23539e+07 0.18162 0.901503 0 9.87629e-05
1.01123e+07 0 1 0 0.000120656
1.23539e+07 0.18162 0.901503 0 9.87629e-05
1.30713e+07 0.226601 0.898631 0 9.33425e-05
1.23539e+07 0.18162 0.901503 0 9.87629e-05
1.01123e+07 0 1 0 0.000120656
1.30713e+07 0.226601 0.898631 0 9.33425e-05
1.01123e+07 0 1 0 0.000120656
1.01123e+07 0 1 0 0.000120656
1.23539e+07 0.18162 0.901503 0 9.87629e-05
1.23539e+07 0.18162 0.901503 0 9.87629e-05
1.01123e+07 0 1 0 0.000120656
1.30713e+07 0.226601 0.898631 0 9.33425e-05
1.23539e+07 0.18162 0.901503 0 9.87629e-05
1.01123e+07 0 1 0 0.000120656
1.23539e+07 0.18162 0.901503 0 9.87629e-05
1.01123e+07 0 1 0 0.000120656
1.30713e+07 0.226601 0.898631 0 9.33425e-05
1.30713e+07 0.226601 0.898631 0 9.33425e-05
1.30713e+07 0.226601 0.898631 0 9.33425e-05
1.23539e+07 0.18162 0.901503 0 9.87629e-05
1.30713e+07 0.226601 0.898631 0 9.33425e-05
1.30713e+07 0.226601 0.898631 0 9.33425e-05
1.30713e+07 0.226601 0.898631 0 9.33425e-05
1.23539e+07 0.18162 0.901503 0 9.87629e-05
1.23539e+07 0.18162 0.901503 0 9.87629e-05
1.30713e+07 0.226601 0.898631 0 9.33425e-05
1.30713e+07 0.226601 0.898631 0 9.33425e-05
1.30713e+07 0.226601 0.898631 0 9.33425e-05
1.01123e+07 0 1 0 0.000120656
1.23539e+07 0.18162 0.901503 0 9.87629e-05
1.30713e+07 0.226601 0.898631 0 9.33425e-05
1.01123e+07 0 1 0 0.000120656
1.23539e+07 0.18162 0.901503 0 9.87629e-05
1.23539e+07 0.18162 0.901503 0 9.87629e-05
1.01123e+07 0 1 0 0.000120656
1.30713e+07 0.226601 0.898631 0 9.33425e-05
1.23539e+07 0.18162 0.901503 0 9.87629e-05
1.23539e+07 0.18162 0.901503 0 9.87629e-05
1.30713e+07 0.226601 0.898631 0 9.33425e-05
1.30713e+07 0.226601 0.898631 0 9.33425e-05
1.23539e+07 0.18162 0.901503 0 9.87629e-05
1.30713e+07 0.226601 0.898631 0 9.33425e-05
