1.23338e+07 0.361868 0.788718 0 0.000100865
1.14866e+07 0.314711 0.779411 0 0.000108304
1.14866e+07 0.314711 0.779411 0 0.000108304
9.57487e+06 0.177612 0.928069 0 0.000129928
1.14866e+07 0.314711 0.779411 0 0.000108304
1.23338e+07 0.361868 0.788718 0 0.000100865
1.14866e+07 0.314711 0.779411 0 0.000108304
1.23338e+07 0.361868 0.788718 0 0.000100865
9.57487e+06 0.177612 0.928069 0 0.000129928
9.57487e+06 0.177612 0.928069 0 0.000129928
1.14866e+07 0.314711 0.779411 0 0.000108304
1.14866e+07 0.314711 0.779411 0 0.000108304
9.57487e+06 0.177612 0.928069 0 0.000129928
1.23338e+07 0.361868 0.788718 0 0.000100865
7.87511e+06 0 1 0 0.000157971
7.87511e+06 0 1 0 0.000157971
1.23338e+07 0.361868 0.788718 0 0.000100865
9.57487e+06 0.177612 0.928069 0 0.000129928
1.14866e+07 0.314711 0.779411 0 0.000108304
1.23338e+07 0.361868 0.788718 0 0.000100865
1.23338e+07 0.361868 0.788718 0 0.000100865
1.23338e+07 0.361868 0.788718 0 0.000100865
9.57487e+06 0.177612 0.928069 0 0.000129928
7.87511e+06 0 1 0 0.000157971
1.23338e+07 0.361868 0.788718 0 0.000100865
1.23338e+07 0.361868 0.788718 0 0.000100865
1.14866e+07 0.314711 0.779411 0 0.000108304
9.57487e+06 0.177612 0.928069 0 0.000129928
1.14866e+07 0.314711 0.779411 0 0.000108304
9.57487e+06 0.177612 0.928069 0 0.000129928
7.87511e+06 0 1 0 0.000157971
9.57487e+06 0.177612 0.928069 0 0.000129928
1.23338e+07 0.361868 0.788718 0 0.000100865
1.23338e+07 0.361868 0.788718 0 0.000100865
1.23338e+07 0.361868 0.788718 0 0.000100865
1.23338e+07 0.361868 0.788718 0 0.000100865
9.57487e+06 0.177612 0.928069 0 0.000129928
9.57487e+06 0.177612 0.928069 0 0.000129928
1.14866e+07 0.314711 0.779411 0 0.000108304
1.14866e+07 0.314711 0.779411 0 0.000108304
1.23338e+07 0.361868 0.788718 0 0.000100865
1.14866e+07 0.314711 0.779411 0 0.000108304
1.14866e+07 0.314711 0.779411 0 0.000108304
1.14866e+07 0.314711 0.779411 0 0.000108304
9.57487e+06 0.177612 0.928069 0 0.000129928
1.23338e+07 0.361868 0.788718 0 0.000100865
1.14866e+07 0.314711 0.779411 0 0.000108304
1.23338e+07 0.361868 0.788718 0 0.000100865
7.87511e+06 0 1 0 0.000157971
7.87511e+06 0 1 0 0.000157971
1.23338e+07 0.361868 0.788718 0 0.000100865
1.14866e+07 0.314711 0.779411 0 0.000108304
7.87511e+06 0 1 0 0.000157971
1.23338e+07 0.361868 0.788718 0 0.000100865
1.14866e+07 0.314711 0.779411 0 0.000108304
9.57487e+06 0.177612 0.928069 0 0.000129928
1.14866e+07 0.314711 0.779411 0 0.000108304
1.14866e+07 0.314711 0.779411 0 0.000108304
9.57487e+06 0.177612 0.928069 0 0.000129928
1.14866e+07 0.314711 0.779411 0 0.000108304
1.23338e+07 0.361868 0.788718 0 0.000100865
1.14866e+07 0.314711 0.779411 0 0.000108304
9.57487e+06 0.177612 0.928069 0 0.000129928
1.23338e+07 0.361868 0.788718 0 0.000100865
9.57487e+06 0.177612 0.928069 0 0.000129928
7.87511e+06 0 1 0 0.000157971
1.14866e+07 0.314711 0.779411 0 0.000108304
1.14866e+07 0.314711 0.779411 0 0.000108304
7.87511e+06 0 1 0 0.000157971
1.23338e+07 0.361868 0.788718 0 0.000100865
1.14866e+07 0.314711 0.779411 0 0.000108304
9.57487e+06 0.177612 0.928069 0 0.000129928
1.14866e+07 0.314711 0.779411 0 0.000108304
9.57487e+06 0.177612 0.928069 0 0.000129928
1.23338e+07 0.361868 0.788718 0 0.000100865
1.23338e+07 0.361868 0.788718 0 0.000100865
1.23338e+07 0.361868 0.788718 0 0.000100865
1.14866e+07 0.314711 0.779411 0 0.000108304
1.23338e+07 0.361868 0.788718 0 0.000100865
1.23338e+07 0.361868 0.788718 0 0.000100865
1.23338e+07 0.361868 0.788718 0 0.000100865
1.14866e+07 0.314711 0.779411 0 0.000108304
1.14866e+07 0.314711 0.779411 0 0.000108304
1.23338e+07 0.361868 0.788718 0 0.000100865
1.23338e+07 0.361868 0.788718 0 0.000100865
1.23338e+07 0.361868 0.788718 0 0.000100865
9.57487e+06 0.177612 0.928069 0 0.000129928
1.14866e+07 0.314711 0.779411 0 0.000108304
1.23338e+07 0.361868 0.788718 0 0.000100865
7.87511e+06 0 1 0 0.000157971
1.14866e+07 0.314711 0.779411 0 0.000108304
1.14866e+07 0.314711 0.779411 0 0.000108304
7.87511e+06 0 1 0 0.000157971
1.23338e+07 0.361868 0.788718 0 0.000100865
1.14866e+07 0.314711 0.779411 0 0.000108304
1.14866e+07 0.314711 0.779411 0 0.000108304
1.23338e+07 0.361868 0.788718 0 0.000100865
1.23338e+07 0.361868 0.788718 0 0.000100865
1.14866e+07 0.314711 0.779411 0 0.000108304
1.23338e+07 0.361868 0.788718 0 0.000100865
