1.8824e+07 0.497986 0.674036 0 6.70648e-05
9.45975e+06 0 1 0 0.000133453
9.45975e+06 0 1 0 0.000133453
1.30677e+07 0.276232 0.875663 0 9.66072e-05
9.45975e+06 0 1 0 0.000133453
1.8824e+07 0.497986 0.674036 0 6.70648e-05
9.45975e+06 0 1 0 0.000133453
1.8824e+07 0.497986 0.674036 0 6.70648e-05
1.30677e+07 0.276232 0.875663 0 9.66072e-05
1.30677e+07 0.276232 0.875663 0 9.66072e-05
9.45975e+06 0 1 0 0.000133453
9.45975e+06 0 1 0 0.000133453
1.30677e+07 0.276232 0.875663 0 9.66072e-05
1.8824e+07 0.497986 0.674036 0 6.70648e-05
9.45975e+06 0 1 0 0.000133453
9.45975e+06 0 1 0 0.000133453
1.8824e+07 0.497986 0.674036 0 6.70648e-05
1.30677e+07 0.276232 0.875663 0 9.66072e-05
9.45975e+06 0 1 0 0.000133453
1.8824e+07 0.497986 0.674036 0 6.70648e-05
1.8824e+07 0.497986 0.674036 0 6.70648e-05
1.8824e+07 0.497986 0.674036 0 6.70648e-05
1.30677e+07 0.276232 0.875663 0 9.66072e-05
9.45975e+06 0 1 0 0.000133453
1.8824e+07 0.497986 0.674036 0 6.70648e-05
1.8824e+07 0.497986 0.674036 0 6.70648e-05
9.45975e+06 0 1 0 0.000133453
1.30677e+07 0.276232 0.875663 0 9.66072e-05
9.45975e+06 0 1 0 0.000133453
1.30677e+07 0.276232 0.875663 0 9.66072e-05
9.45975e+06 0 1 0 0.000133453
1.30677e+07 0.276232 0.875663 0 9.66072e-05
1.8824e+07 0.497986 0.674036 0 6.70648e-05
1.8824e+07 0.497986 0.674036 0 6.70648e-05
1.8824e+07 0.497986 0.674036 0 6.70648e-05
1.8824e+07 0.497986 0.674036 0 6.70648e-05
1.30677e+07 0.276232 0.875663 0 9.66072e-05
1.30677e+07 0.276232 0.875663 0 9.66072e-05
9.45975e+06 0 1 0 0.000133453
9.45975e+06 0 1 0 0.000133453
1.8824e+07 0.497986 0.674036 0 6.70648e-05
9.45975e+06 0 1 0 0.000133453
9.45975e+06 0 1 0 0.000133453
9.45975e+06 0 1 0 0.000133453
1.30677e+07 0.276232 0.875663 0 9.66072e-05
1.8824e+07 0.497986 0.674036 0 6.70648e-05
9.45975e+06 0 1 0 0.000133453
1.8824e+07 0.497986 0.674036 0 6.70648e-05
9.45975e+06 0 1 0 0.000133453
9.45975e+06 0 1 0 0.000133453
1.8824e+07 0.497986 0.674036 0 6.70648e-05
9.45975e+06 0 1 0 0.000133453
9.45975e+06 0 1 0 0.000133453
1.8824e+07 0.497986 0.674036 0 6.70648e-05
9.45975e+06 0 1 0 0.000133453
1.30677e+07 0.276232 0.875663 0 9.66072e-05
9.45975e+06 0 1 0 0.000133453
9.45975e+06 0 1 0 0.000133453
1.30677e+07 0.276232 0.875663 0 9.66072e-05
9.45975e+06 0 1 0 0.000133453
1.8824e+07 0.497986 0.674036 0 6.70648e-05
9.45975e+06 0 1 0 0.000133453
1.30677e+07 0.276232 0.875663 0 9.66072e-05
1.8824e+07 0.497986 0.674036 0 6.70648e-05
1.30677e+07 0.276232 0.875663 0 9.66072e-05
9.45975e+06 0 1 0 0.000133453
9.45975e+06 0 1 0 0.000133453
9.45975e+06 0 1 0 0.000133453
9.45975e+06 0 1 0 0.000133453
1.8824e+07 0.497986 0.674036 0 6.70648e-05
9.45975e+06 0 1 0 0.000133453
1.30677e+07 0.276232 0.875663 0 9.66072e-05
9.45975e+06 0 1 0 0.000133453
1.30677e+07 0.276232 0.875663 0 9.66072e-05
1.8824e+07 0.497986 0.674036 0 6.70648e-05
1.8824e+07 0.497986 0.674036 0 6.70648e-05
1.8824e+07 0.497986 0.674036 0 6.70648e-05
9.45975e+06 0 1 0 0.000133453
1.8824e+07 0.497986 0.674036 0 6.70648e-05
1.8824e+07 0.497986 0.674036 0 6.70648e-05
1.8824e+07 0.497986 0.674036 0 6.70648e-05
9.45975e+06 0 1 0 0.000133453
9.45975e+06 0 1 0 0.000133453
1.8824e+07 0.497986 0.674036 0 6.70648e-05
1.8824e+07 0.497986 0.674036 0 6.70648e-05
1.8824e+07 0.497986 0.674036 0 6.70648e-05
1.30677e+07 0.276232 0.875663 0 9.66072e-05
9.45975e+06 0 1 0 0.000133453
1.8824e+07 0.497986 0.674036 0 6.70648e-05
9.45975e+06 0 1 0 0.000133453
9.45975e+06 0 1 0 0.000133453
9.45975e+06 0 1 0 0.000133453
9.45975e+06 0 1 0 0.000133453
1.8824e+07 0.497986 0.674036 0 6.70648e-05
9.45975e+06 0 1 0 0.000133453
9.45975e+06 0 1 0 0.000133453
1.8824e+07 0.497986 0.674036 0 6.70648e-05
1.8824e+07 0.497986 0.674036 0 6.70648e-05
9.45975e+06 0 1 0 0.000133453
1.8824e+07 0.497986 0.674036 0 6.70648e-05
