9.57341e+06 0.329498 0.798757 0 0.000119667
8.7278e+06 0.26444 0.801315 0 0.000131261
8.7278e+06 0.26444 0.801315 0 0.000131261
7.69342e+06 0.165323 0.92875 0 0.000148909
8.7278e+06 0.26444 0.801315 0 0.000131261
9.57341e+06 0.329498 0.798757 0 0.000119667
8.7278e+06 0.26444 0.801315 0 0.000131261
9.57341e+06 0.329498 0.798757 0 0.000119667
7.69342e+06 0.165323 0.92875 0 0.000148909
7.69342e+06 0.165323 0.92875 0 0.000148909
8.7278e+06 0.26444 0.801315 0 0.000131261
8.7278e+06 0.26444 0.801315 0 0.000131261
7.69342e+06 0.165323 0.92875 0 0.000148909
9.57341e+06 0.329498 0.798757 0 0.000119667
7.03529e+06 0.0872537 0.92807 0 0.000162839
6.42216e+06 0 1 0 0.000178386
9.57341e+06 0.329498 0.798757 0 0.000119667
7.69342e+06 0.165323 0.92875 0 0.000148909
8.7278e+06 0.26444 0.801315 0 0.000131261
9.57341e+06 0.329498 0.798757 0 0.000119667
9.57341e+06 0.329498 0.798757 0 0.000119667
9.57341e+06 0.329498 0.798757 0 0.000119667
7.69342e+06 0.165323 0.92875 0 0.000148909
6.42216e+06 0 1 0 0.000178386
9.57341e+06 0.329498 0.798757 0 0.000119667
9.57341e+06 0.329498 0.798757 0 0.000119667
8.7278e+06 0.26444 0.801315 0 0.000131261
7.69342e+06 0.165323 0.92875 0 0.000148909
8.7278e+06 0.26444 0.801315 0 0.000131261
7.69342e+06 0.165323 0.92875 0 0.000148909
6.42216e+06 0 1 0 0.000178386
7.69342e+06 0.165323 0.92875 0 0.000148909
9.57341e+06 0.329498 0.798757 0 0.000119667
9.57341e+06 0.329498 0.798757 0 0.000119667
9.57341e+06 0.329498 0.798757 0 0.000119667
9.57341e+06 0.329498 0.798757 0 0.000119667
7.69342e+06 0.165323 0.92875 0 0.000148909
7.69342e+06 0.165323 0.92875 0 0.000148909
8.7278e+06 0.26444 0.801315 0 0.000131261
8.7278e+06 0.26444 0.801315 0 0.000131261
9.57341e+06 0.329498 0.798757 0 0.000119667
8.7278e+06 0.26444 0.801315 0 0.000131261
8.7278e+06 0.26444 0.801315 0 0.000131261
8.7278e+06 0.26444 0.801315 0 0.000131261
7.69342e+06 0.165323 0.92875 0 0.000148909
9.57341e+06 0.329498 0.798757 0 0.000119667
8.7278e+06 0.26444 0.801315 0 0.000131261
9.57341e+06 0.329498 0.798757 0 0.000119667
6.42216e+06 0 1 0 0.000178386
6.42216e+06 0 1 0 0.000178386
9.57341e+06 0.329498 0.798757 0 0.000119667
8.7278e+06 0.26444 0.801315 0 0.000131261
6.42216e+06 0 1 0 0.000178386
9.57341e+06 0.329498 0.798757 0 0.000119667
8.7278e+06 0.26444 0.801315 0 0.000131261
7.69342e+06 0.165323 0.92875 0 0.000148909
8.7278e+06 0.26444 0.801315 0 0.000131261
8.7278e+06 0.26444 0.801315 0 0.000131261
7.69342e+06 0.165323 0.92875 0 0.000148909
8.7278e+06 0.26444 0.801315 0 0.000131261
9.57341e+06 0.329498 0.798757 0 0.000119667
8.7278e+06 0.26444 0.801315 0 0.000131261
7.69342e+06 0.165323 0.92875 0 0.000148909
9.57341e+06 0.329498 0.798757 0 0.000119667
7.69342e+06 0.165323 0.92875 0 0.000148909
6.42216e+06 0 1 0 0.000178386
8.7278e+06 0.26444 0.801315 0 0.000131261
8.7278e+06 0.26444 0.801315 0 0.000131261
6.42216e+06 0 1 0 0.000178386
9.57341e+06 0.329498 0.798757 0 0.000119667
8.7278e+06 0.26444 0.801315 0 0.000131261
7.69342e+06 0.165323 0.92875 0 0.000148909
8.7278e+06 0.26444 0.801315 0 0.000131261
7.69342e+06 0.165323 0.92875 0 0.000148909
9.57341e+06 0.329498 0.798757 0 0.000119667
9.57341e+06 0.329498 0.798757 0 0.000119667
9.57341e+06 0.329498 0.798757 0 0.000119667
8.7278e+06 0.26444 0.801315 0 0.000131261
9.57341e+06 0.329498 0.798757 0 0.000119667
9.57341e+06 0.329498 0.798757 0 0.000119667
9.57341e+06 0.329498 0.798757 0 0.000119667
8.7278e+06 0.26444 0.801315 0 0.000131261
8.7278e+06 0.26444 0.801315 0 0.000131261
9.57341e+06 0.329498 0.798757 0 0.000119667
9.57341e+06 0.329498 0.798757 0 0.000119667
9.57341e+06 0.329498 0.798757 0 0.000119667
7.69342e+06 0.165323 0.92875 0 0.000148909
8.7278e+06 0.26444 0.801315 0 0.000131261
9.57341e+06 0.329498 0.798757 0 0.000119667
7.03529e+06 0.0872537 0.92807 0 0.000162839
8.7278e+06 0.26444 0.801315 0 0.000131261
8.7278e+06 0.26444 0.801315 0 0.000131261
6.42216e+06 0 1 0 0.000178386
9.57341e+06 0.329498 0.798757 0 0.000119667
8.7278e+06 0.26444 0.801315 0 0.000131261
8.7278e+06 0.26444 0.801315 0 0.000131261
9.57341e+06 0.329498 0.798757 0 0.000119667
9.57341e+06 0.329498 0.798757 0 0.000119667
8.7278e+06 0.26444 0.801315 0 0.000131261
9.57341e+06 0.329498 0.798757 0 0.000119667
