1.69179e+07 0.344411 0.802006 0 5.3436e-05
1.50801e+07 0.264383 0.81586 0 5.99479e-05
1.50801e+07 0.264383 0.81586 0 5.99479e-05
1.1097e+07 0 1 0 8.14655e-05
1.50801e+07 0.264383 0.81586 0 5.99479e-05
1.69179e+07 0.344411 0.802006 0 5.3436e-05
1.50801e+07 0.264383 0.81586 0 5.99479e-05
1.69179e+07 0.344411 0.802006 0 5.3436e-05
1.1097e+07 0 1 0 8.14655e-05
1.1097e+07 0 1 0 8.14655e-05
1.50801e+07 0.264383 0.81586 0 5.99479e-05
1.50801e+07 0.264383 0.81586 0 5.99479e-05
1.1097e+07 0 1 0 8.14655e-05
1.69179e+07 0.344411 0.802006 0 5.3436e-05
1.1097e+07 0 1 0 8.14655e-05
1.1097e+07 0 1 0 8.14655e-05
1.69179e+07 0.344411 0.802006 0 5.3436e-05
1.1097e+07 0 1 0 8.14655e-05
1.50801e+07 0.264383 0.81586 0 5.99479e-05
1.69179e+07 0.344411 0.802006 0 5.3436e-05
1.69179e+07 0.344411 0.802006 0 5.3436e-05
1.69179e+07 0.344411 0.802006 0 5.3436e-05
1.1097e+07 0 1 0 8.14655e-05
1.1097e+07 0 1 0 8.14655e-05
1.69179e+07 0.344411 0.802006 0 5.3436e-05
1.69179e+07 0.344411 0.802006 0 5.3436e-05
1.50801e+07 0.264383 0.81586 0 5.99479e-05
1.1097e+07 0 1 0 8.14655e-05
1.50801e+07 0.264383 0.81586 0 5.99479e-05
1.1097e+07 0 1 0 8.14655e-05
1.1097e+07 0 1 0 8.14655e-05
1.1097e+07 0 1 0 8.14655e-05
1.69179e+07 0.344411 0.802006 0 5.3436e-05
1.69179e+07 0.344411 0.802006 0 5.3436e-05
1.69179e+07 0.344411 0.802006 0 5.3436e-05
1.69179e+07 0.344411 0.802006 0 5.3436e-05
1.1097e+07 0 1 0 8.14655e-05
1.1097e+07 0 1 0 8.14655e-05
1.50801e+07 0.264383 0.81586 0 5.99479e-05
1.50801e+07 0.264383 0.81586 0 5.99479e-05
1.69179e+07 0.344411 0.802006 0 5.3436e-05
1.50801e+07 0.264383 0.81586 0 5.99479e-05
1.50801e+07 0.264383 0.81586 0 5.99479e-05
1.50801e+07 0.264383 0.81586 0 5.99479e-05
1.1097e+07 0 1 0 8.14655e-05
1.69179e+07 0.344411 0.802006 0 5.3436e-05
1.50801e+07 0.264383 0.81586 0 5.99479e-05
1.69179e+07 0.344411 0.802006 0 5.3436e-05
1.1097e+07 0 1 0 8.14655e-05
1.1097e+07 0 1 0 8.14655e-05
1.69179e+07 0.344411 0.802006 0 5.3436e-05
1.50801e+07 0.264383 0.81586 0 5.99479e-05
1.1097e+07 0 1 0 8.14655e-05
1.69179e+07 0.344411 0.802006 0 5.3436e-05
1.50801e+07 0.264383 0.81586 0 5.99479e-05
1.1097e+07 0 1 0 8.14655e-05
1.50801e+07 0.264383 0.81586 0 5.99479e-05
1.50801e+07 0.264383 0.81586 0 5.99479e-05
1.1097e+07 0 1 0 8.14655e-05
1.50801e+07 0.264383 0.81586 0 5.99479e-05
1.69179e+07 0.344411 0.802006 0 5.3436e-05
1.50801e+07 0.264383 0.81586 0 5.99479e-05
1.1097e+07 0 1 0 8.14655e-05
1.69179e+07 0.344411 0.802006 0 5.3436e-05
1.1097e+07 0 1 0 8.14655e-05
1.1097e+07 0 1 0 8.14655e-05
1.50801e+07 0.264383 0.81586 0 5.99479e-05
1.50801e+07 0.264383 0.81586 0 5.99479e-05
1.1097e+07 0 1 0 8.14655e-05
1.69179e+07 0.344411 0.802006 0 5.3436e-05
1.50801e+07 0.264383 0.81586 0 5.99479e-05
1.1097e+07 0 1 0 8.14655e-05
1.50801e+07 0.264383 0.81586 0 5.99479e-05
1.1097e+07 0 1 0 8.14655e-05
1.69179e+07 0.344411 0.802006 0 5.3436e-05
1.69179e+07 0.344411 0.802006 0 5.3436e-05
1.69179e+07 0.344411 0.802006 0 5.3436e-05
1.50801e+07 0.264383 0.81586 0 5.99479e-05
1.69179e+07 0.344411 0.802006 0 5.3436e-05
1.69179e+07 0.344411 0.802006 0 5.3436e-05
1.69179e+07 0.344411 0.802006 0 5.3436e-05
1.50801e+07 0.264383 0.81586 0 5.99479e-05
1.50801e+07 0.264383 0.81586 0 5.99479e-05
1.69179e+07 0.344411 0.802006 0 5.3436e-05
1.69179e+07 0.344411 0.802006 0 5.3436e-05
1.69179e+07 0.344411 0.802006 0 5.3436e-05
1.1097e+07 0 1 0 8.14655e-05
1.50801e+07 0.264383 0.81586 0 5.99479e-05
1.69179e+07 0.344411 0.802006 0 5.3436e-05
1.1097e+07 0 1 0 8.14655e-05
1.50801e+07 0.264383 0.81586 0 5.99479e-05
1.50801e+07 0.264383 0.81586 0 5.99479e-05
1.1097e+07 0 1 0 8.14655e-05
1.69179e+07 0.344411 0.802006 0 5.3436e-05
1.50801e+07 0.264383 0.81586 0 5.99479e-05
1.50801e+07 0.264383 0.81586 0 5.99479e-05
1.69179e+07 0.344411 0.802006 0 5.3436e-05
1.69179e+07 0.344411 0.802006 0 5.3436e-05
1.50801e+07 0.264383 0.81586 0 5.99479e-05
1.69179e+07 0.344411 0.802006 0 5.3436e-05
