8.1279e+06 0.160734 0.891382 0 0.000139934
1.12163e+07 0.392109 0.678236 0 0.000101403
1.12163e+07 0.392109 0.678236 0 0.000101403
8.12868e+06 0.160734 0.924346 0 0.000139921
1.12163e+07 0.392109 0.678236 0 0.000101403
8.1279e+06 0.160734 0.891382 0 0.000139934
1.12163e+07 0.392109 0.678236 0 0.000101403
8.1279e+06 0.160734 0.891382 0 0.000139934
8.12868e+06 0.160734 0.924346 0 0.000139921
8.12868e+06 0.160734 0.924346 0 0.000139921
1.12163e+07 0.392109 0.678236 0 0.000101403
1.12163e+07 0.392109 0.678236 0 0.000101403
8.12868e+06 0.160734 0.924346 0 0.000139921
8.1279e+06 0.160734 0.891382 0 0.000139934
6.82278e+06 0 1 0 0.000166702
7.81443e+06 0.126949 0.961721 0 0.000145547
8.1279e+06 0.160734 0.891382 0 0.000139934
8.12868e+06 0.160734 0.924346 0 0.000139921
1.12163e+07 0.392109 0.678236 0 0.000101403
8.1279e+06 0.160734 0.891382 0 0.000139934
8.1279e+06 0.160734 0.891382 0 0.000139934
8.1279e+06 0.160734 0.891382 0 0.000139934
8.12868e+06 0.160734 0.924346 0 0.000139921
6.82278e+06 0 1 0 0.000166702
8.1279e+06 0.160734 0.891382 0 0.000139934
8.1279e+06 0.160734 0.891382 0 0.000139934
1.12163e+07 0.392109 0.678236 0 0.000101403
8.12868e+06 0.160734 0.924346 0 0.000139921
1.12163e+07 0.392109 0.678236 0 0.000101403
8.12868e+06 0.160734 0.924346 0 0.000139921
6.82278e+06 0 1 0 0.000166702
8.12868e+06 0.160734 0.924346 0 0.000139921
8.1279e+06 0.160734 0.891382 0 0.000139934
8.1279e+06 0.160734 0.891382 0 0.000139934
8.1279e+06 0.160734 0.891382 0 0.000139934
8.1279e+06 0.160734 0.891382 0 0.000139934
8.12868e+06 0.160734 0.924346 0 0.000139921
8.12868e+06 0.160734 0.924346 0 0.000139921
1.12163e+07 0.392109 0.678236 0 0.000101403
1.12163e+07 0.392109 0.678236 0 0.000101403
8.1279e+06 0.160734 0.891382 0 0.000139934
1.12163e+07 0.392109 0.678236 0 0.000101403
1.12163e+07 0.392109 0.678236 0 0.000101403
1.12163e+07 0.392109 0.678236 0 0.000101403
8.12868e+06 0.160734 0.924346 0 0.000139921
8.1279e+06 0.160734 0.891382 0 0.000139934
1.12163e+07 0.392109 0.678236 0 0.000101403
8.1279e+06 0.160734 0.891382 0 0.000139934
7.81443e+06 0.126949 0.961721 0 0.000145547
6.82278e+06 0 1 0 0.000166702
8.1279e+06 0.160734 0.891382 0 0.000139934
1.12163e+07 0.392109 0.678236 0 0.000101403
6.82278e+06 0 1 0 0.000166702
8.1279e+06 0.160734 0.891382 0 0.000139934
1.12163e+07 0.392109 0.678236 0 0.000101403
8.12868e+06 0.160734 0.924346 0 0.000139921
1.12163e+07 0.392109 0.678236 0 0.000101403
1.12163e+07 0.392109 0.678236 0 0.000101403
8.12868e+06 0.160734 0.924346 0 0.000139921
1.12163e+07 0.392109 0.678236 0 0.000101403
8.1279e+06 0.160734 0.891382 0 0.000139934
1.12163e+07 0.392109 0.678236 0 0.000101403
8.12868e+06 0.160734 0.924346 0 0.000139921
8.1279e+06 0.160734 0.891382 0 0.000139934
8.12868e+06 0.160734 0.924346 0 0.000139921
7.81443e+06 0.126949 0.961721 0 0.000145547
1.12163e+07 0.392109 0.678236 0 0.000101403
1.12163e+07 0.392109 0.678236 0 0.000101403
6.82278e+06 0 1 0 0.000166702
8.1279e+06 0.160734 0.891382 0 0.000139934
1.12163e+07 0.392109 0.678236 0 0.000101403
8.12868e+06 0.160734 0.924346 0 0.000139921
1.12163e+07 0.392109 0.678236 0 0.000101403
8.12868e+06 0.160734 0.924346 0 0.000139921
8.1279e+06 0.160734 0.891382 0 0.000139934
8.1279e+06 0.160734 0.891382 0 0.000139934
8.1279e+06 0.160734 0.891382 0 0.000139934
1.12163e+07 0.392109 0.678236 0 0.000101403
8.1279e+06 0.160734 0.891382 0 0.000139934
8.1279e+06 0.160734 0.891382 0 0.000139934
8.1279e+06 0.160734 0.891382 0 0.000139934
1.12163e+07 0.392109 0.678236 0 0.000101403
1.12163e+07 0.392109 0.678236 0 0.000101403
8.1279e+06 0.160734 0.891382 0 0.000139934
8.1279e+06 0.160734 0.891382 0 0.000139934
8.1279e+06 0.160734 0.891382 0 0.000139934
8.12868e+06 0.160734 0.924346 0 0.000139921
1.12163e+07 0.392109 0.678236 0 0.000101403
8.1279e+06 0.160734 0.891382 0 0.000139934
6.82278e+06 0 1 0 0.000166702
1.12163e+07 0.392109 0.678236 0 0.000101403
1.12163e+07 0.392109 0.678236 0 0.000101403
7.81443e+06 0.126949 0.961721 0 0.000145547
8.1279e+06 0.160734 0.891382 0 0.000139934
1.12163e+07 0.392109 0.678236 0 0.000101403
1.12163e+07 0.392109 0.678236 0 0.000101403
8.1279e+06 0.160734 0.891382 0 0.000139934
8.1279e+06 0.160734 0.891382 0 0.000139934
1.12163e+07 0.392109 0.678236 0 0.000101403
8.1279e+06 0.160734 0.891382 0 0.000139934
