2.79393e+07 0.428627 0.775645 0 3.74297e-05
2.56932e+07 0.378569 0.760062 0 4.07017e-05
2.56932e+07 0.378569 0.760062 0 4.07017e-05
1.59758e+07 0 1 0 6.54592e-05
2.56932e+07 0.378569 0.760062 0 4.07017e-05
2.79393e+07 0.428627 0.775645 0 3.74297e-05
2.56932e+07 0.378569 0.760062 0 4.07017e-05
2.79393e+07 0.428627 0.775645 0 3.74297e-05
1.59758e+07 0 1 0 6.54592e-05
1.59758e+07 0 1 0 6.54592e-05
2.56932e+07 0.378569 0.760062 0 4.07017e-05
2.56932e+07 0.378569 0.760062 0 4.07017e-05
1.59758e+07 0 1 0 6.54592e-05
2.79393e+07 0.428627 0.775645 0 3.74297e-05
1.59758e+07 0 1 0 6.54592e-05
1.59758e+07 0 1 0 6.54592e-05
2.79393e+07 0.428627 0.775645 0 3.74297e-05
1.59758e+07 0 1 0 6.54592e-05
2.56932e+07 0.378569 0.760062 0 4.07017e-05
2.79393e+07 0.428627 0.775645 0 3.74297e-05
2.79393e+07 0.428627 0.775645 0 3.74297e-05
2.79393e+07 0.428627 0.775645 0 3.74297e-05
1.59758e+07 0 1 0 6.54592e-05
1.59758e+07 0 1 0 6.54592e-05
2.79393e+07 0.428627 0.775645 0 3.74297e-05
2.79393e+07 0.428627 0.775645 0 3.74297e-05
2.56932e+07 0.378569 0.760062 0 4.07017e-05
1.59758e+07 0 1 0 6.54592e-05
2.56932e+07 0.378569 0.760062 0 4.07017e-05
1.59758e+07 0 1 0 6.54592e-05
1.59758e+07 0 1 0 6.54592e-05
1.59758e+07 0 1 0 6.54592e-05
2.79393e+07 0.428627 0.775645 0 3.74297e-05
2.79393e+07 0.428627 0.775645 0 3.74297e-05
2.79393e+07 0.428627 0.775645 0 3.74297e-05
2.79393e+07 0.428627 0.775645 0 3.74297e-05
1.59758e+07 0 1 0 6.54592e-05
1.59758e+07 0 1 0 6.54592e-05
2.56932e+07 0.378569 0.760062 0 4.07017e-05
2.56932e+07 0.378569 0.760062 0 4.07017e-05
2.79393e+07 0.428627 0.775645 0 3.74297e-05
2.56932e+07 0.378569 0.760062 0 4.07017e-05
2.56932e+07 0.378569 0.760062 0 4.07017e-05
2.56932e+07 0.378569 0.760062 0 4.07017e-05
1.59758e+07 0 1 0 6.54592e-05
2.79393e+07 0.428627 0.775645 0 3.74297e-05
2.56932e+07 0.378569 0.760062 0 4.07017e-05
2.79393e+07 0.428627 0.775645 0 3.74297e-05
1.59758e+07 0 1 0 6.54592e-05
1.59758e+07 0 1 0 6.54592e-05
2.79393e+07 0.428627 0.775645 0 3.74297e-05
2.56932e+07 0.378569 0.760062 0 4.07017e-05
1.59758e+07 0 1 0 6.54592e-05
2.79393e+07 0.428627 0.775645 0 3.74297e-05
2.56932e+07 0.378569 0.760062 0 4.07017e-05
1.59758e+07 0 1 0 6.54592e-05
2.56932e+07 0.378569 0.760062 0 4.07017e-05
2.56932e+07 0.378569 0.760062 0 4.07017e-05
1.59758e+07 0 1 0 6.54592e-05
2.56932e+07 0.378569 0.760062 0 4.07017e-05
2.79393e+07 0.428627 0.775645 0 3.74297e-05
2.56932e+07 0.378569 0.760062 0 4.07017e-05
1.59758e+07 0 1 0 6.54592e-05
2.79393e+07 0.428627 0.775645 0 3.74297e-05
1.59758e+07 0 1 0 6.54592e-05
1.59758e+07 0 1 0 6.54592e-05
2.56932e+07 0.378569 0.760062 0 4.07017e-05
2.56932e+07 0.378569 0.760062 0 4.07017e-05
1.59758e+07 0 1 0 6.54592e-05
2.79393e+07 0.428627 0.775645 0 3.74297e-05
2.56932e+07 0.378569 0.760062 0 4.07017e-05
1.59758e+07 0 1 0 6.54592e-05
2.56932e+07 0.378569 0.760062 0 4.07017e-05
1.59758e+07 0 1 0 6.54592e-05
2.79393e+07 0.428627 0.775645 0 3.74297e-05
2.79393e+07 0.428627 0.775645 0 3.74297e-05
2.79393e+07 0.428627 0.775645 0 3.74297e-05
2.56932e+07 0.378569 0.760062 0 4.07017e-05
2.79393e+07 0.428627 0.775645 0 3.74297e-05
2.79393e+07 0.428627 0.775645 0 3.74297e-05
2.79393e+07 0.428627 0.775645 0 3.74297e-05
2.56932e+07 0.378569 0.760062 0 4.07017e-05
2.56932e+07 0.378569 0.760062 0 4.07017e-05
2.79393e+07 0.428627 0.775645 0 3.74297e-05
2.79393e+07 0.428627 0.775645 0 3.74297e-05
2.79393e+07 0.428627 0.775645 0 3.74297e-05
1.59758e+07 0 1 0 6.54592e-05
2.56932e+07 0.378569 0.760062 0 4.07017e-05
2.79393e+07 0.428627 0.775645 0 3.74297e-05
1.59758e+07 0 1 0 6.54592e-05
2.56932e+07 0.378569 0.760062 0 4.07017e-05
2.56932e+07 0.378569 0.760062 0 4.07017e-05
1.59758e+07 0 1 0 6.54592e-05
2.79393e+07 0.428627 0.775645 0 3.74297e-05
2.56932e+07 0.378569 0.760062 0 4.07017e-05
2.56932e+07 0.378569 0.760062 0 4.07017e-05
2.79393e+07 0.428627 0.775645 0 3.74297e-05
2.79393e+07 0.428627 0.775645 0 3.74297e-05
2.56932e+07 0.378569 0.760062 0 4.07017e-05
2.79393e+07 0.428627 0.775645 0 3.74297e-05
