1.06217e+07 0.214198 0.817431 0 0.000102959
1.01574e+07 0.178238 0.809384 0 0.000107665
1.01574e+07 0.178238 0.809384 0 0.000107665
8.34881e+06 0 1 0 0.000130989
1.01574e+07 0.178238 0.809384 0 0.000107665
1.06217e+07 0.214198 0.817431 0 0.000102959
1.01574e+07 0.178238 0.809384 0 0.000107665
1.06217e+07 0.214198 0.817431 0 0.000102959
8.34881e+06 0 1 0 0.000130989
8.34881e+06 0 1 0 0.000130989
1.01574e+07 0.178238 0.809384 0 0.000107665
1.01574e+07 0.178238 0.809384 0 0.000107665
8.34881e+06 0 1 0 0.000130989
1.06217e+07 0.214198 0.817431 0 0.000102959
9.42512e+06 0.11433 0.870205 0 0.00011603
8.34881e+06 0 1 0 0.000130989
1.06217e+07 0.214198 0.817431 0 0.000102959
8.34881e+06 0 1 0 0.000130989
1.01574e+07 0.178238 0.809384 0 0.000107665
1.06217e+07 0.214198 0.817431 0 0.000102959
1.06217e+07 0.214198 0.817431 0 0.000102959
1.06217e+07 0.214198 0.817431 0 0.000102959
8.34881e+06 0 1 0 0.000130989
1.05289e+07 0.207163 0.908036 0 0.000103866
1.06217e+07 0.214198 0.817431 0 0.000102959
1.06217e+07 0.214198 0.817431 0 0.000102959
1.01574e+07 0.178238 0.809384 0 0.000107665
8.34881e+06 0 1 0 0.000130989
1.01574e+07 0.178238 0.809384 0 0.000107665
8.34881e+06 0 1 0 0.000130989
1.05289e+07 0.207163 0.908036 0 0.000103866
8.34881e+06 0 1 0 0.000130989
1.06217e+07 0.214198 0.817431 0 0.000102959
1.06217e+07 0.214198 0.817431 0 0.000102959
1.06217e+07 0.214198 0.817431 0 0.000102959
1.06217e+07 0.214198 0.817431 0 0.000102959
8.34881e+06 0 1 0 0.000130989
8.34881e+06 0 1 0 0.000130989
1.01574e+07 0.178238 0.809384 0 0.000107665
1.01574e+07 0.178238 0.809384 0 0.000107665
1.06217e+07 0.214198 0.817431 0 0.000102959
1.01574e+07 0.178238 0.809384 0 0.000107665
1.01574e+07 0.178238 0.809384 0 0.000107665
1.01574e+07 0.178238 0.809384 0 0.000107665
8.34881e+06 0 1 0 0.000130989
1.06217e+07 0.214198 0.817431 0 0.000102959
1.01574e+07 0.178238 0.809384 0 0.000107665
1.06217e+07 0.214198 0.817431 0 0.000102959
8.34881e+06 0 1 0 0.000130989
1.05289e+07 0.207163 0.908036 0 0.000103866
1.06217e+07 0.214198 0.817431 0 0.000102959
1.01574e+07 0.178238 0.809384 0 0.000107665
1.01586e+07 0.178238 0.901095 0 0.000107653
1.06217e+07 0.214198 0.817431 0 0.000102959
1.01574e+07 0.178238 0.809384 0 0.000107665
8.34881e+06 0 1 0 0.000130989
1.01574e+07 0.178238 0.809384 0 0.000107665
1.01574e+07 0.178238 0.809384 0 0.000107665
8.34881e+06 0 1 0 0.000130989
1.01574e+07 0.178238 0.809384 0 0.000107665
1.06217e+07 0.214198 0.817431 0 0.000102959
1.01574e+07 0.178238 0.809384 0 0.000107665
8.34881e+06 0 1 0 0.000130989
1.06217e+07 0.214198 0.817431 0 0.000102959
8.34881e+06 0 1 0 0.000130989
8.34881e+06 0 1 0 0.000130989
1.01574e+07 0.178238 0.809384 0 0.000107665
1.01574e+07 0.178238 0.809384 0 0.000107665
1.01586e+07 0.178238 0.901095 0 0.000107653
1.06217e+07 0.214198 0.817431 0 0.000102959
1.01574e+07 0.178238 0.809384 0 0.000107665
8.34881e+06 0 1 0 0.000130989
1.01574e+07 0.178238 0.809384 0 0.000107665
8.34881e+06 0 1 0 0.000130989
1.06217e+07 0.214198 0.817431 0 0.000102959
1.06217e+07 0.214198 0.817431 0 0.000102959
1.06217e+07 0.214198 0.817431 0 0.000102959
1.01574e+07 0.178238 0.809384 0 0.000107665
1.06217e+07 0.214198 0.817431 0 0.000102959
1.06217e+07 0.214198 0.817431 0 0.000102959
1.06217e+07 0.214198 0.817431 0 0.000102959
1.01574e+07 0.178238 0.809384 0 0.000107665
1.01574e+07 0.178238 0.809384 0 0.000107665
1.06217e+07 0.214198 0.817431 0 0.000102959
1.06217e+07 0.214198 0.817431 0 0.000102959
1.06217e+07 0.214198 0.817431 0 0.000102959
8.34881e+06 0 1 0 0.000130989
1.01574e+07 0.178238 0.809384 0 0.000107665
1.06217e+07 0.214198 0.817431 0 0.000102959
9.42512e+06 0.11433 0.870205 0 0.00011603
1.01574e+07 0.178238 0.809384 0 0.000107665
1.01574e+07 0.178238 0.809384 0 0.000107665
8.34881e+06 0 1 0 0.000130989
1.06217e+07 0.214198 0.817431 0 0.000102959
1.01574e+07 0.178238 0.809384 0 0.000107665
1.01574e+07 0.178238 0.809384 0 0.000107665
1.06217e+07 0.214198 0.817431 0 0.000102959
1.06217e+07 0.214198 0.817431 0 0.000102959
1.01574e+07 0.178238 0.809384 0 0.000107665
1.06217e+07 0.214198 0.817431 0 0.000102959
