9.94306e+06 0 1 0 0.000108739
1.23549e+07 0.195403 0.780349 0 8.75117e-05
1.23549e+07 0.195403 0.780349 0 8.75117e-05
9.94306e+06 0 1 0 0.000108739
1.23549e+07 0.195403 0.780349 0 8.75117e-05
9.94306e+06 0 1 0 0.000108739
1.23549e+07 0.195403 0.780349 0 8.75117e-05
9.94306e+06 0 1 0 0.000108739
9.94306e+06 0 1 0 0.000108739
9.94306e+06 0 1 0 0.000108739
1.23549e+07 0.195403 0.780349 0 8.75117e-05
1.23549e+07 0.195403 0.780349 0 8.75117e-05
9.94306e+06 0 1 0 0.000108739
9.94306e+06 0 1 0 0.000108739
1.13283e+07 0.122421 0.847487 0 9.54428e-05
1.2466e+07 0.202466 0.916497 0 8.67318e-05
9.94306e+06 0 1 0 0.000108739
9.94306e+06 0 1 0 0.000108739
1.23549e+07 0.195403 0.780349 0 8.75117e-05
9.94306e+06 0 1 0 0.000108739
9.94306e+06 0 1 0 0.000108739
9.94306e+06 0 1 0 0.000108739
9.94306e+06 0 1 0 0.000108739
1.6703e+07 0.404932 0.804481 0 6.47308e-05
9.94306e+06 0 1 0 0.000108739
9.94306e+06 0 1 0 0.000108739
1.23549e+07 0.195403 0.780349 0 8.75117e-05
9.94306e+06 0 1 0 0.000108739
1.23549e+07 0.195403 0.780349 0 8.75117e-05
9.94306e+06 0 1 0 0.000108739
1.6703e+07 0.404932 0.804481 0 6.47308e-05
9.94306e+06 0 1 0 0.000108739
9.94306e+06 0 1 0 0.000108739
9.94306e+06 0 1 0 0.000108739
9.94306e+06 0 1 0 0.000108739
9.94306e+06 0 1 0 0.000108739
9.94306e+06 0 1 0 0.000108739
9.94306e+06 0 1 0 0.000108739
1.23549e+07 0.195403 0.780349 0 8.75117e-05
1.23549e+07 0.195403 0.780349 0 8.75117e-05
9.94306e+06 0 1 0 0.000108739
1.23549e+07 0.195403 0.780349 0 8.75117e-05
1.23549e+07 0.195403 0.780349 0 8.75117e-05
1.23549e+07 0.195403 0.780349 0 8.75117e-05
9.94306e+06 0 1 0 0.000108739
9.94306e+06 0 1 0 0.000108739
1.23549e+07 0.195403 0.780349 0 8.75117e-05
9.94306e+06 0 1 0 0.000108739
1.2466e+07 0.202466 0.916497 0 8.67318e-05
1.6703e+07 0.404932 0.804481 0 6.47308e-05
9.94306e+06 0 1 0 0.000108739
1.23549e+07 0.195403 0.780349 0 8.75117e-05
9.94306e+06 0 1 0 0.000108739
9.94306e+06 0 1 0 0.000108739
1.23549e+07 0.195403 0.780349 0 8.75117e-05
9.94306e+06 0 1 0 0.000108739
1.23549e+07 0.195403 0.780349 0 8.75117e-05
1.23549e+07 0.195403 0.780349 0 8.75117e-05
9.94306e+06 0 1 0 0.000108739
1.23549e+07 0.195403 0.780349 0 8.75117e-05
9.94306e+06 0 1 0 0.000108739
1.23549e+07 0.195403 0.780349 0 8.75117e-05
9.94306e+06 0 1 0 0.000108739
9.94306e+06 0 1 0 0.000108739
9.94306e+06 0 1 0 0.000108739
1.2466e+07 0.202466 0.916497 0 8.67318e-05
1.23549e+07 0.195403 0.780349 0 8.75117e-05
1.23549e+07 0.195403 0.780349 0 8.75117e-05
9.94306e+06 0 1 0 0.000108739
9.94306e+06 0 1 0 0.000108739
1.23549e+07 0.195403 0.780349 0 8.75117e-05
9.94306e+06 0 1 0 0.000108739
1.23549e+07 0.195403 0.780349 0 8.75117e-05
9.94306e+06 0 1 0 0.000108739
9.94306e+06 0 1 0 0.000108739
9.94306e+06 0 1 0 0.000108739
9.94306e+06 0 1 0 0.000108739
1.23549e+07 0.195403 0.780349 0 8.75117e-05
9.94306e+06 0 1 0 0.000108739
9.94306e+06 0 1 0 0.000108739
9.94306e+06 0 1 0 0.000108739
1.23549e+07 0.195403 0.780349 0 8.75117e-05
1.23549e+07 0.195403 0.780349 0 8.75117e-05
9.94306e+06 0 1 0 0.000108739
9.94306e+06 0 1 0 0.000108739
9.94306e+06 0 1 0 0.000108739
9.94306e+06 0 1 0 0.000108739
1.23549e+07 0.195403 0.780349 0 8.75117e-05
9.94306e+06 0 1 0 0.000108739
1.13283e+07 0.122421 0.847487 0 9.54428e-05
1.23549e+07 0.195403 0.780349 0 8.75117e-05
1.23549e+07 0.195403 0.780349 0 8.75117e-05
1.2466e+07 0.202466 0.916497 0 8.67318e-05
9.94306e+06 0 1 0 0.000108739
1.23549e+07 0.195403 0.780349 0 8.75117e-05
1.23549e+07 0.195403 0.780349 0 8.75117e-05
9.94306e+06 0 1 0 0.000108739
9.94306e+06 0 1 0 0.000108739
1.23549e+07 0.195403 0.780349 0 8.75117e-05
9.94306e+06 0 1 0 0.000108739
