2.23989e+07 0.329186 0.733006 0 5.98481e-05
1.50328e+07 0 1 0 8.91735e-05
1.50328e+07 0 1 0 8.91735e-05
2.24044e+07 0.329186 0.815107 0 5.98334e-05
1.50328e+07 0 1 0 8.91735e-05
2.23989e+07 0.329186 0.733006 0 5.98481e-05
1.50328e+07 0 1 0 8.91735e-05
2.23989e+07 0.329186 0.733006 0 5.98481e-05
2.24044e+07 0.329186 0.815107 0 5.98334e-05
2.24044e+07 0.329186 0.815107 0 5.98334e-05
1.50328e+07 0 1 0 8.91735e-05
1.50328e+07 0 1 0 8.91735e-05
2.24044e+07 0.329186 0.815107 0 5.98334e-05
2.23989e+07 0.329186 0.733006 0 5.98481e-05
1.81986e+07 0.174163 0.812856 0 7.3661e-05
1.50328e+07 0 1 0 8.91735e-05
2.23989e+07 0.329186 0.733006 0 5.98481e-05
2.24044e+07 0.329186 0.815107 0 5.98334e-05
1.50328e+07 0 1 0 8.91735e-05
2.23989e+07 0.329186 0.733006 0 5.98481e-05
2.23989e+07 0.329186 0.733006 0 5.98481e-05
2.23989e+07 0.329186 0.733006 0 5.98481e-05
2.24044e+07 0.329186 0.815107 0 5.98334e-05
1.50328e+07 0 1 0 8.91735e-05
2.23989e+07 0.329186 0.733006 0 5.98481e-05
2.23989e+07 0.329186 0.733006 0 5.98481e-05
1.50328e+07 0 1 0 8.91735e-05
2.24044e+07 0.329186 0.815107 0 5.98334e-05
1.50328e+07 0 1 0 8.91735e-05
2.24044e+07 0.329186 0.815107 0 5.98334e-05
1.50328e+07 0 1 0 8.91735e-05
2.24044e+07 0.329186 0.815107 0 5.98334e-05
2.23989e+07 0.329186 0.733006 0 5.98481e-05
2.23989e+07 0.329186 0.733006 0 5.98481e-05
2.23989e+07 0.329186 0.733006 0 5.98481e-05
2.23989e+07 0.329186 0.733006 0 5.98481e-05
2.24044e+07 0.329186 0.815107 0 5.98334e-05
2.24044e+07 0.329186 0.815107 0 5.98334e-05
1.50328e+07 0 1 0 8.91735e-05
1.50328e+07 0 1 0 8.91735e-05
2.23989e+07 0.329186 0.733006 0 5.98481e-05
1.50328e+07 0 1 0 8.91735e-05
1.50328e+07 0 1 0 8.91735e-05
1.50328e+07 0 1 0 8.91735e-05
2.24044e+07 0.329186 0.815107 0 5.98334e-05
2.23989e+07 0.329186 0.733006 0 5.98481e-05
1.50328e+07 0 1 0 8.91735e-05
2.23989e+07 0.329186 0.733006 0 5.98481e-05
1.50328e+07 0 1 0 8.91735e-05
1.50328e+07 0 1 0 8.91735e-05
2.23989e+07 0.329186 0.733006 0 5.98481e-05
1.50328e+07 0 1 0 8.91735e-05
1.50328e+07 0 1 0 8.91735e-05
2.23989e+07 0.329186 0.733006 0 5.98481e-05
1.50328e+07 0 1 0 8.91735e-05
2.24044e+07 0.329186 0.815107 0 5.98334e-05
1.50328e+07 0 1 0 8.91735e-05
1.50328e+07 0 1 0 8.91735e-05
2.24044e+07 0.329186 0.815107 0 5.98334e-05
1.50328e+07 0 1 0 8.91735e-05
2.23989e+07 0.329186 0.733006 0 5.98481e-05
1.50328e+07 0 1 0 8.91735e-05
2.24044e+07 0.329186 0.815107 0 5.98334e-05
2.23989e+07 0.329186 0.733006 0 5.98481e-05
2.24044e+07 0.329186 0.815107 0 5.98334e-05
1.50328e+07 0 1 0 8.91735e-05
1.50328e+07 0 1 0 8.91735e-05
1.50328e+07 0 1 0 8.91735e-05
1.50328e+07 0 1 0 8.91735e-05
2.23989e+07 0.329186 0.733006 0 5.98481e-05
1.50328e+07 0 1 0 8.91735e-05
2.24044e+07 0.329186 0.815107 0 5.98334e-05
1.50328e+07 0 1 0 8.91735e-05
2.24044e+07 0.329186 0.815107 0 5.98334e-05
2.23989e+07 0.329186 0.733006 0 5.98481e-05
2.23989e+07 0.329186 0.733006 0 5.98481e-05
2.23989e+07 0.329186 0.733006 0 5.98481e-05
1.50328e+07 0 1 0 8.91735e-05
2.23989e+07 0.329186 0.733006 0 5.98481e-05
2.23989e+07 0.329186 0.733006 0 5.98481e-05
2.23989e+07 0.329186 0.733006 0 5.98481e-05
1.50328e+07 0 1 0 8.91735e-05
1.50328e+07 0 1 0 8.91735e-05
2.23989e+07 0.329186 0.733006 0 5.98481e-05
2.23989e+07 0.329186 0.733006 0 5.98481e-05
2.23989e+07 0.329186 0.733006 0 5.98481e-05
2.24044e+07 0.329186 0.815107 0 5.98334e-05
1.50328e+07 0 1 0 8.91735e-05
2.23989e+07 0.329186 0.733006 0 5.98481e-05
1.81986e+07 0.174163 0.812856 0 7.3661e-05
1.50328e+07 0 1 0 8.91735e-05
1.50328e+07 0 1 0 8.91735e-05
1.50328e+07 0 1 0 8.91735e-05
2.23989e+07 0.329186 0.733006 0 5.98481e-05
1.50328e+07 0 1 0 8.91735e-05
1.50328e+07 0 1 0 8.91735e-05
2.23989e+07 0.329186 0.733006 0 5.98481e-05
2.23989e+07 0.329186 0.733006 0 5.98481e-05
1.50328e+07 0 1 0 8.91735e-05
2.23989e+07 0.329186 0.733006 0 5.98481e-05
