8.32048e+06 0.375097 0.66445 0 0.000155472
6.75106e+06 0.229601 0.743073 0 0.000191614
6.75106e+06 0.229601 0.743073 0 0.000191614
5.9357e+06 0.123552 0.923717 0 0.000217935
6.75106e+06 0.229601 0.743073 0 0.000191614
8.32048e+06 0.375097 0.66445 0 0.000155472
6.75106e+06 0.229601 0.743073 0 0.000191614
8.32048e+06 0.375097 0.66445 0 0.000155472
5.9357e+06 0.123552 0.923717 0 0.000217935
5.9357e+06 0.123552 0.923717 0 0.000217935
6.75106e+06 0.229601 0.743073 0 0.000191614
6.75106e+06 0.229601 0.743073 0 0.000191614
5.9357e+06 0.123552 0.923717 0 0.000217935
8.32048e+06 0.375097 0.66445 0 0.000155472
5.96225e+06 0.127542 0.849563 0 0.000216965
5.2027e+06 0 1 0 0.00024864
8.32048e+06 0.375097 0.66445 0 0.000155472
5.9357e+06 0.123552 0.923717 0 0.000217935
6.75106e+06 0.229601 0.743073 0 0.000191614
8.32048e+06 0.375097 0.66445 0 0.000155472
8.32048e+06 0.375097 0.66445 0 0.000155472
8.32048e+06 0.375097 0.66445 0 0.000155472
5.9357e+06 0.123552 0.923717 0 0.000217935
5.2027e+06 0 1 0 0.00024864
8.32048e+06 0.375097 0.66445 0 0.000155472
8.32048e+06 0.375097 0.66445 0 0.000155472
6.75106e+06 0.229601 0.743073 0 0.000191614
5.9357e+06 0.123552 0.923717 0 0.000217935
6.75106e+06 0.229601 0.743073 0 0.000191614
5.9357e+06 0.123552 0.923717 0 0.000217935
5.2027e+06 0 1 0 0.00024864
5.9357e+06 0.123552 0.923717 0 0.000217935
8.32048e+06 0.375097 0.66445 0 0.000155472
8.32048e+06 0.375097 0.66445 0 0.000155472
8.32048e+06 0.375097 0.66445 0 0.000155472
8.32048e+06 0.375097 0.66445 0 0.000155472
5.9357e+06 0.123552 0.923717 0 0.000217935
5.9357e+06 0.123552 0.923717 0 0.000217935
6.75106e+06 0.229601 0.743073 0 0.000191614
6.75106e+06 0.229601 0.743073 0 0.000191614
8.32048e+06 0.375097 0.66445 0 0.000155472
6.75106e+06 0.229601 0.743073 0 0.000191614
6.75106e+06 0.229601 0.743073 0 0.000191614
6.75106e+06 0.229601 0.743073 0 0.000191614
5.9357e+06 0.123552 0.923717 0 0.000217935
8.32048e+06 0.375097 0.66445 0 0.000155472
6.75106e+06 0.229601 0.743073 0 0.000191614
8.32048e+06 0.375097 0.66445 0 0.000155472
5.2027e+06 0 1 0 0.00024864
5.2027e+06 0 1 0 0.00024864
8.32048e+06 0.375097 0.66445 0 0.000155472
6.75106e+06 0.229601 0.743073 0 0.000191614
5.2027e+06 0 1 0 0.00024864
8.32048e+06 0.375097 0.66445 0 0.000155472
6.75106e+06 0.229601 0.743073 0 0.000191614
5.9357e+06 0.123552 0.923717 0 0.000217935
6.75106e+06 0.229601 0.743073 0 0.000191614
6.75106e+06 0.229601 0.743073 0 0.000191614
5.9357e+06 0.123552 0.923717 0 0.000217935
6.75106e+06 0.229601 0.743073 0 0.000191614
8.32048e+06 0.375097 0.66445 0 0.000155472
6.75106e+06 0.229601 0.743073 0 0.000191614
5.9357e+06 0.123552 0.923717 0 0.000217935
8.32048e+06 0.375097 0.66445 0 0.000155472
5.9357e+06 0.123552 0.923717 0 0.000217935
5.2027e+06 0 1 0 0.00024864
6.75106e+06 0.229601 0.743073 0 0.000191614
6.75106e+06 0.229601 0.743073 0 0.000191614
5.2027e+06 0 1 0 0.00024864
8.32048e+06 0.375097 0.66445 0 0.000155472
6.75106e+06 0.229601 0.743073 0 0.000191614
5.9357e+06 0.123552 0.923717 0 0.000217935
6.75106e+06 0.229601 0.743073 0 0.000191614
5.9357e+06 0.123552 0.923717 0 0.000217935
8.32048e+06 0.375097 0.66445 0 0.000155472
8.32048e+06 0.375097 0.66445 0 0.000155472
8.32048e+06 0.375097 0.66445 0 0.000155472
6.75106e+06 0.229601 0.743073 0 0.000191614
8.32048e+06 0.375097 0.66445 0 0.000155472
8.32048e+06 0.375097 0.66445 0 0.000155472
8.32048e+06 0.375097 0.66445 0 0.000155472
6.75106e+06 0.229601 0.743073 0 0.000191614
6.75106e+06 0.229601 0.743073 0 0.000191614
8.32048e+06 0.375097 0.66445 0 0.000155472
8.32048e+06 0.375097 0.66445 0 0.000155472
8.32048e+06 0.375097 0.66445 0 0.000155472
5.9357e+06 0.123552 0.923717 0 0.000217935
6.75106e+06 0.229601 0.743073 0 0.000191614
8.32048e+06 0.375097 0.66445 0 0.000155472
5.96225e+06 0.127542 0.849563 0 0.000216965
6.75106e+06 0.229601 0.743073 0 0.000191614
6.75106e+06 0.229601 0.743073 0 0.000191614
5.2027e+06 0 1 0 0.00024864
8.32048e+06 0.375097 0.66445 0 0.000155472
6.75106e+06 0.229601 0.743073 0 0.000191614
6.75106e+06 0.229601 0.743073 0 0.000191614
8.32048e+06 0.375097 0.66445 0 0.000155472
8.32048e+06 0.375097 0.66445 0 0.000155472
6.75106e+06 0.229601 0.743073 0 0.000191614
8.32048e+06 0.375097 0.66445 0 0.000155472
