1.47915e+07 0.259347 0.776461 0 8.77619e-05
1.42594e+07 0.231684 0.747112 0 9.10367e-05
1.42594e+07 0.231684 0.747112 0 9.10367e-05
1.47941e+07 0.259347 0.845614 0 8.77466e-05
1.42594e+07 0.231684 0.747112 0 9.10367e-05
1.47915e+07 0.259347 0.776461 0 8.77619e-05
1.42594e+07 0.231684 0.747112 0 9.10367e-05
1.47915e+07 0.259347 0.776461 0 8.77619e-05
1.47941e+07 0.259347 0.845614 0 8.77466e-05
1.47941e+07 0.259347 0.845614 0 8.77466e-05
1.42594e+07 0.231684 0.747112 0 9.10367e-05
1.42594e+07 0.231684 0.747112 0 9.10367e-05
1.47941e+07 0.259347 0.845614 0 8.77466e-05
1.47915e+07 0.259347 0.776461 0 8.77619e-05
1.2976e+07 0.155608 0.824707 0 0.000100041
1.09592e+07 0 1 0 0.000118451
1.47915e+07 0.259347 0.776461 0 8.77619e-05
1.47941e+07 0.259347 0.845614 0 8.77466e-05
1.42594e+07 0.231684 0.747112 0 9.10367e-05
1.47915e+07 0.259347 0.776461 0 8.77619e-05
1.47915e+07 0.259347 0.776461 0 8.77619e-05
1.47915e+07 0.259347 0.776461 0 8.77619e-05
1.47941e+07 0.259347 0.845614 0 8.77466e-05
1.09592e+07 0 1 0 0.000118451
1.47915e+07 0.259347 0.776461 0 8.77619e-05
1.47915e+07 0.259347 0.776461 0 8.77619e-05
1.42594e+07 0.231684 0.747112 0 9.10367e-05
1.47941e+07 0.259347 0.845614 0 8.77466e-05
1.42594e+07 0.231684 0.747112 0 9.10367e-05
1.47941e+07 0.259347 0.845614 0 8.77466e-05
1.09592e+07 0 1 0 0.000118451
1.47941e+07 0.259347 0.845614 0 8.77466e-05
1.47915e+07 0.259347 0.776461 0 8.77619e-05
1.47915e+07 0.259347 0.776461 0 8.77619e-05
1.47915e+07 0.259347 0.776461 0 8.77619e-05
1.47915e+07 0.259347 0.776461 0 8.77619e-05
1.47941e+07 0.259347 0.845614 0 8.77466e-05
1.47941e+07 0.259347 0.845614 0 8.77466e-05
1.42594e+07 0.231684 0.747112 0 9.10367e-05
1.42594e+07 0.231684 0.747112 0 9.10367e-05
1.47915e+07 0.259347 0.776461 0 8.77619e-05
1.42594e+07 0.231684 0.747112 0 9.10367e-05
1.42594e+07 0.231684 0.747112 0 9.10367e-05
1.42594e+07 0.231684 0.747112 0 9.10367e-05
1.47941e+07 0.259347 0.845614 0 8.77466e-05
1.47915e+07 0.259347 0.776461 0 8.77619e-05
1.42594e+07 0.231684 0.747112 0 9.10367e-05
1.47915e+07 0.259347 0.776461 0 8.77619e-05
1.09592e+07 0 1 0 0.000118451
1.09592e+07 0 1 0 0.000118451
1.47915e+07 0.259347 0.776461 0 8.77619e-05
1.42594e+07 0.231684 0.747112 0 9.10367e-05
1.09592e+07 0 1 0 0.000118451
1.47915e+07 0.259347 0.776461 0 8.77619e-05
1.42594e+07 0.231684 0.747112 0 9.10367e-05
1.47941e+07 0.259347 0.845614 0 8.77466e-05
1.42594e+07 0.231684 0.747112 0 9.10367e-05
1.42594e+07 0.231684 0.747112 0 9.10367e-05
1.47941e+07 0.259347 0.845614 0 8.77466e-05
1.42594e+07 0.231684 0.747112 0 9.10367e-05
1.47915e+07 0.259347 0.776461 0 8.77619e-05
1.42594e+07 0.231684 0.747112 0 9.10367e-05
1.47941e+07 0.259347 0.845614 0 8.77466e-05
1.47915e+07 0.259347 0.776461 0 8.77619e-05
1.47941e+07 0.259347 0.845614 0 8.77466e-05
1.09592e+07 0 1 0 0.000118451
1.42594e+07 0.231684 0.747112 0 9.10367e-05
1.42594e+07 0.231684 0.747112 0 9.10367e-05
1.09592e+07 0 1 0 0.000118451
1.47915e+07 0.259347 0.776461 0 8.77619e-05
1.42594e+07 0.231684 0.747112 0 9.10367e-05
1.47941e+07 0.259347 0.845614 0 8.77466e-05
1.42594e+07 0.231684 0.747112 0 9.10367e-05
1.47941e+07 0.259347 0.845614 0 8.77466e-05
1.47915e+07 0.259347 0.776461 0 8.77619e-05
1.47915e+07 0.259347 0.776461 0 8.77619e-05
1.47915e+07 0.259347 0.776461 0 8.77619e-05
1.42594e+07 0.231684 0.747112 0 9.10367e-05
1.47915e+07 0.259347 0.776461 0 8.77619e-05
1.47915e+07 0.259347 0.776461 0 8.77619e-05
1.47915e+07 0.259347 0.776461 0 8.77619e-05
1.42594e+07 0.231684 0.747112 0 9.10367e-05
1.42594e+07 0.231684 0.747112 0 9.10367e-05
1.47915e+07 0.259347 0.776461 0 8.77619e-05
1.47915e+07 0.259347 0.776461 0 8.77619e-05
1.47915e+07 0.259347 0.776461 0 8.77619e-05
1.47941e+07 0.259347 0.845614 0 8.77466e-05
1.42594e+07 0.231684 0.747112 0 9.10367e-05
1.47915e+07 0.259347 0.776461 0 8.77619e-05
1.2976e+07 0.155608 0.824707 0 0.000100041
1.42594e+07 0.231684 0.747112 0 9.10367e-05
1.42594e+07 0.231684 0.747112 0 9.10367e-05
1.09592e+07 0 1 0 0.000118451
1.47915e+07 0.259347 0.776461 0 8.77619e-05
1.42594e+07 0.231684 0.747112 0 9.10367e-05
1.42594e+07 0.231684 0.747112 0 9.10367e-05
1.47915e+07 0.259347 0.776461 0 8.77619e-05
1.47915e+07 0.259347 0.776461 0 8.77619e-05
1.42594e+07 0.231684 0.747112 0 9.10367e-05
1.47915e+07 0.259347 0.776461 0 8.77619e-05
