1.26595e+07 0.396317 0.709564 0 9.15423e-05
1.60825e+07 0.525044 0.53823 0 7.20583e-05
1.60825e+07 0.525044 0.53823 0 7.20583e-05
7.64739e+06 0 1 0 0.000151539
1.60825e+07 0.525044 0.53823 0 7.20583e-05
1.26595e+07 0.396317 0.709564 0 9.15423e-05
1.60825e+07 0.525044 0.53823 0 7.20583e-05
1.26595e+07 0.396317 0.709564 0 9.15423e-05
7.64739e+06 0 1 0 0.000151539
7.64739e+06 0 1 0 0.000151539
1.60825e+07 0.525044 0.53823 0 7.20583e-05
1.60825e+07 0.525044 0.53823 0 7.20583e-05
7.64739e+06 0 1 0 0.000151539
1.26595e+07 0.396317 0.709564 0 9.15423e-05
7.64739e+06 0 1 0 0.000151539
7.64739e+06 0 1 0 0.000151539
1.26595e+07 0.396317 0.709564 0 9.15423e-05
7.64739e+06 0 1 0 0.000151539
1.60825e+07 0.525044 0.53823 0 7.20583e-05
1.26595e+07 0.396317 0.709564 0 9.15423e-05
1.26595e+07 0.396317 0.709564 0 9.15423e-05
1.26595e+07 0.396317 0.709564 0 9.15423e-05
7.64739e+06 0 1 0 0.000151539
7.64739e+06 0 1 0 0.000151539
1.26595e+07 0.396317 0.709564 0 9.15423e-05
1.26595e+07 0.396317 0.709564 0 9.15423e-05
1.60825e+07 0.525044 0.53823 0 7.20583e-05
7.64739e+06 0 1 0 0.000151539
1.60825e+07 0.525044 0.53823 0 7.20583e-05
7.64739e+06 0 1 0 0.000151539
7.64739e+06 0 1 0 0.000151539
7.64739e+06 0 1 0 0.000151539
1.26595e+07 0.396317 0.709564 0 9.15423e-05
1.26595e+07 0.396317 0.709564 0 9.15423e-05
1.26595e+07 0.396317 0.709564 0 9.15423e-05
1.26595e+07 0.396317 0.709564 0 9.15423e-05
7.64739e+06 0 1 0 0.000151539
7.64739e+06 0 1 0 0.000151539
1.60825e+07 0.525044 0.53823 0 7.20583e-05
1.60825e+07 0.525044 0.53823 0 7.20583e-05
1.26595e+07 0.396317 0.709564 0 9.15423e-05
1.60825e+07 0.525044 0.53823 0 7.20583e-05
1.60825e+07 0.525044 0.53823 0 7.20583e-05
1.60825e+07 0.525044 0.53823 0 7.20583e-05
7.64739e+06 0 1 0 0.000151539
1.26595e+07 0.396317 0.709564 0 9.15423e-05
1.60825e+07 0.525044 0.53823 0 7.20583e-05
1.26595e+07 0.396317 0.709564 0 9.15423e-05
7.64739e+06 0 1 0 0.000151539
7.64739e+06 0 1 0 0.000151539
1.26595e+07 0.396317 0.709564 0 9.15423e-05
1.60825e+07 0.525044 0.53823 0 7.20583e-05
7.64739e+06 0 1 0 0.000151539
1.26595e+07 0.396317 0.709564 0 9.15423e-05
1.60825e+07 0.525044 0.53823 0 7.20583e-05
7.64739e+06 0 1 0 0.000151539
1.60825e+07 0.525044 0.53823 0 7.20583e-05
1.60825e+07 0.525044 0.53823 0 7.20583e-05
7.64739e+06 0 1 0 0.000151539
1.60825e+07 0.525044 0.53823 0 7.20583e-05
1.26595e+07 0.396317 0.709564 0 9.15423e-05
1.60825e+07 0.525044 0.53823 0 7.20583e-05
7.64739e+06 0 1 0 0.000151539
1.26595e+07 0.396317 0.709564 0 9.15423e-05
7.64739e+06 0 1 0 0.000151539
7.64739e+06 0 1 0 0.000151539
1.60825e+07 0.525044 0.53823 0 7.20583e-05
1.60825e+07 0.525044 0.53823 0 7.20583e-05
7.64739e+06 0 1 0 0.000151539
1.26595e+07 0.396317 0.709564 0 9.15423e-05
1.60825e+07 0.525044 0.53823 0 7.20583e-05
7.64739e+06 0 1 0 0.000151539
1.60825e+07 0.525044 0.53823 0 7.20583e-05
7.64739e+06 0 1 0 0.000151539
1.26595e+07 0.396317 0.709564 0 9.15423e-05
1.26595e+07 0.396317 0.709564 0 9.15423e-05
1.26595e+07 0.396317 0.709564 0 9.15423e-05
1.60825e+07 0.525044 0.53823 0 7.20583e-05
1.26595e+07 0.396317 0.709564 0 9.15423e-05
1.26595e+07 0.396317 0.709564 0 9.15423e-05
1.26595e+07 0.396317 0.709564 0 9.15423e-05
1.60825e+07 0.525044 0.53823 0 7.20583e-05
1.60825e+07 0.525044 0.53823 0 7.20583e-05
1.26595e+07 0.396317 0.709564 0 9.15423e-05
1.26595e+07 0.396317 0.709564 0 9.15423e-05
1.26595e+07 0.396317 0.709564 0 9.15423e-05
7.64739e+06 0 1 0 0.000151539
1.60825e+07 0.525044 0.53823 0 7.20583e-05
1.26595e+07 0.396317 0.709564 0 9.15423e-05
7.64739e+06 0 1 0 0.000151539
1.60825e+07 0.525044 0.53823 0 7.20583e-05
1.60825e+07 0.525044 0.53823 0 7.20583e-05
7.64739e+06 0 1 0 0.000151539
1.26595e+07 0.396317 0.709564 0 9.15423e-05
1.60825e+07 0.525044 0.53823 0 7.20583e-05
1.60825e+07 0.525044 0.53823 0 7.20583e-05
1.26595e+07 0.396317 0.709564 0 9.15423e-05
1.26595e+07 0.396317 0.709564 0 9.15423e-05
1.60825e+07 0.525044 0.53823 0 7.20583e-05
1.26595e+07 0.396317 0.709564 0 9.15423e-05
