1.1585e+07 0.211082 0.817589 0 0.000114847
1.50329e+07 0.39226 0.597531 0 8.85056e-05
1.50329e+07 0.39226 0.597531 0 8.85056e-05
1.15866e+07 0.211082 0.874018 0 0.000114831
1.50329e+07 0.39226 0.597531 0 8.85056e-05
1.1585e+07 0.211082 0.817589 0 0.000114847
1.50329e+07 0.39226 0.597531 0 8.85056e-05
1.1585e+07 0.211082 0.817589 0 0.000114847
1.15866e+07 0.211082 0.874018 0 0.000114831
1.15866e+07 0.211082 0.874018 0 0.000114831
1.50329e+07 0.39226 0.597531 0 8.85056e-05
1.50329e+07 0.39226 0.597531 0 8.85056e-05
1.15866e+07 0.211082 0.874018 0 0.000114831
1.1585e+07 0.211082 0.817589 0 0.000114847
1.02597e+07 0.109059 0.875659 0 0.000129683
9.14207e+06 0 1 0 0.000145536
1.1585e+07 0.211082 0.817589 0 0.000114847
1.15866e+07 0.211082 0.874018 0 0.000114831
1.50329e+07 0.39226 0.597531 0 8.85056e-05
1.1585e+07 0.211082 0.817589 0 0.000114847
1.1585e+07 0.211082 0.817589 0 0.000114847
1.1585e+07 0.211082 0.817589 0 0.000114847
1.15866e+07 0.211082 0.874018 0 0.000114831
9.14207e+06 0 1 0 0.000145536
1.1585e+07 0.211082 0.817589 0 0.000114847
1.1585e+07 0.211082 0.817589 0 0.000114847
1.50329e+07 0.39226 0.597531 0 8.85056e-05
1.15866e+07 0.211082 0.874018 0 0.000114831
1.50329e+07 0.39226 0.597531 0 8.85056e-05
1.15866e+07 0.211082 0.874018 0 0.000114831
9.14207e+06 0 1 0 0.000145536
1.15866e+07 0.211082 0.874018 0 0.000114831
1.1585e+07 0.211082 0.817589 0 0.000114847
1.1585e+07 0.211082 0.817589 0 0.000114847
1.1585e+07 0.211082 0.817589 0 0.000114847
1.1585e+07 0.211082 0.817589 0 0.000114847
1.15866e+07 0.211082 0.874018 0 0.000114831
1.15866e+07 0.211082 0.874018 0 0.000114831
1.50329e+07 0.39226 0.597531 0 8.85056e-05
1.50329e+07 0.39226 0.597531 0 8.85056e-05
1.1585e+07 0.211082 0.817589 0 0.000114847
1.50329e+07 0.39226 0.597531 0 8.85056e-05
1.50329e+07 0.39226 0.597531 0 8.85056e-05
1.50329e+07 0.39226 0.597531 0 8.85056e-05
1.15866e+07 0.211082 0.874018 0 0.000114831
1.1585e+07 0.211082 0.817589 0 0.000114847
1.50329e+07 0.39226 0.597531 0 8.85056e-05
1.1585e+07 0.211082 0.817589 0 0.000114847
9.14207e+06 0 1 0 0.000145536
9.14207e+06 0 1 0 0.000145536
1.1585e+07 0.211082 0.817589 0 0.000114847
1.50329e+07 0.39226 0.597531 0 8.85056e-05
9.14207e+06 0 1 0 0.000145536
1.1585e+07 0.211082 0.817589 0 0.000114847
1.50329e+07 0.39226 0.597531 0 8.85056e-05
1.15866e+07 0.211082 0.874018 0 0.000114831
1.50329e+07 0.39226 0.597531 0 8.85056e-05
1.50329e+07 0.39226 0.597531 0 8.85056e-05
1.15866e+07 0.211082 0.874018 0 0.000114831
1.50329e+07 0.39226 0.597531 0 8.85056e-05
1.1585e+07 0.211082 0.817589 0 0.000114847
1.50329e+07 0.39226 0.597531 0 8.85056e-05
1.15866e+07 0.211082 0.874018 0 0.000114831
1.1585e+07 0.211082 0.817589 0 0.000114847
1.15866e+07 0.211082 0.874018 0 0.000114831
9.14207e+06 0 1 0 0.000145536
1.50329e+07 0.39226 0.597531 0 8.85056e-05
1.50329e+07 0.39226 0.597531 0 8.85056e-05
9.14207e+06 0 1 0 0.000145536
1.1585e+07 0.211082 0.817589 0 0.000114847
1.50329e+07 0.39226 0.597531 0 8.85056e-05
1.15866e+07 0.211082 0.874018 0 0.000114831
1.50329e+07 0.39226 0.597531 0 8.85056e-05
1.15866e+07 0.211082 0.874018 0 0.000114831
1.1585e+07 0.211082 0.817589 0 0.000114847
1.1585e+07 0.211082 0.817589 0 0.000114847
1.1585e+07 0.211082 0.817589 0 0.000114847
1.50329e+07 0.39226 0.597531 0 8.85056e-05
1.1585e+07 0.211082 0.817589 0 0.000114847
1.1585e+07 0.211082 0.817589 0 0.000114847
1.1585e+07 0.211082 0.817589 0 0.000114847
1.50329e+07 0.39226 0.597531 0 8.85056e-05
1.50329e+07 0.39226 0.597531 0 8.85056e-05
1.1585e+07 0.211082 0.817589 0 0.000114847
1.1585e+07 0.211082 0.817589 0 0.000114847
1.1585e+07 0.211082 0.817589 0 0.000114847
1.15866e+07 0.211082 0.874018 0 0.000114831
1.50329e+07 0.39226 0.597531 0 8.85056e-05
1.1585e+07 0.211082 0.817589 0 0.000114847
1.02597e+07 0.109059 0.875659 0 0.000129683
1.50329e+07 0.39226 0.597531 0 8.85056e-05
1.50329e+07 0.39226 0.597531 0 8.85056e-05
9.14207e+06 0 1 0 0.000145536
1.1585e+07 0.211082 0.817589 0 0.000114847
1.50329e+07 0.39226 0.597531 0 8.85056e-05
1.50329e+07 0.39226 0.597531 0 8.85056e-05
1.1585e+07 0.211082 0.817589 0 0.000114847
1.1585e+07 0.211082 0.817589 0 0.000114847
1.50329e+07 0.39226 0.597531 0 8.85056e-05
1.1585e+07 0.211082 0.817589 0 0.000114847
