8.12768e+06 0 1 0 0.000144642
1.27474e+07 0.362828 0.663006 0 9.22224e-05
1.27474e+07 0.362828 0.663006 0 9.22224e-05
8.12768e+06 0 1 0 0.000144642
1.27474e+07 0.362828 0.663006 0 9.22224e-05
8.12768e+06 0 1 0 0.000144642
1.27474e+07 0.362828 0.663006 0 9.22224e-05
8.12768e+06 0 1 0 0.000144642
8.12768e+06 0 1 0 0.000144642
8.12768e+06 0 1 0 0.000144642
1.27474e+07 0.362828 0.663006 0 9.22224e-05
1.27474e+07 0.362828 0.663006 0 9.22224e-05
8.12768e+06 0 1 0 0.000144642
8.12768e+06 0 1 0 0.000144642
9.31307e+06 0.127432 0.870232 0 0.000126231
8.12768e+06 0 1 0 0.000144642
8.12768e+06 0 1 0 0.000144642
8.12768e+06 0 1 0 0.000144642
1.27474e+07 0.362828 0.663006 0 9.22224e-05
8.12768e+06 0 1 0 0.000144642
8.12768e+06 0 1 0 0.000144642
8.12768e+06 0 1 0 0.000144642
8.12768e+06 0 1 0 0.000144642
8.12768e+06 0 1 0 0.000144642
8.12768e+06 0 1 0 0.000144642
8.12768e+06 0 1 0 0.000144642
1.27474e+07 0.362828 0.663006 0 9.22224e-05
8.12768e+06 0 1 0 0.000144642
1.27474e+07 0.362828 0.663006 0 9.22224e-05
8.12768e+06 0 1 0 0.000144642
8.12768e+06 0 1 0 0.000144642
8.12768e+06 0 1 0 0.000144642
8.12768e+06 0 1 0 0.000144642
8.12768e+06 0 1 0 0.000144642
8.12768e+06 0 1 0 0.000144642
8.12768e+06 0 1 0 0.000144642
8.12768e+06 0 1 0 0.000144642
8.12768e+06 0 1 0 0.000144642
1.27474e+07 0.362828 0.663006 0 9.22224e-05
1.27474e+07 0.362828 0.663006 0 9.22224e-05
8.12768e+06 0 1 0 0.000144642
1.27474e+07 0.362828 0.663006 0 9.22224e-05
1.27474e+07 0.362828 0.663006 0 9.22224e-05
1.27474e+07 0.362828 0.663006 0 9.22224e-05
8.12768e+06 0 1 0 0.000144642
8.12768e+06 0 1 0 0.000144642
1.27474e+07 0.362828 0.663006 0 9.22224e-05
8.12768e+06 0 1 0 0.000144642
8.12768e+06 0 1 0 0.000144642
8.12768e+06 0 1 0 0.000144642
8.12768e+06 0 1 0 0.000144642
1.27474e+07 0.362828 0.663006 0 9.22224e-05
1.25159e+07 0.350793 0.823028 0 9.39286e-05
8.12768e+06 0 1 0 0.000144642
1.27474e+07 0.362828 0.663006 0 9.22224e-05
8.12768e+06 0 1 0 0.000144642
1.27474e+07 0.362828 0.663006 0 9.22224e-05
1.27474e+07 0.362828 0.663006 0 9.22224e-05
8.12768e+06 0 1 0 0.000144642
1.27474e+07 0.362828 0.663006 0 9.22224e-05
8.12768e+06 0 1 0 0.000144642
1.27474e+07 0.362828 0.663006 0 9.22224e-05
8.12768e+06 0 1 0 0.000144642
8.12768e+06 0 1 0 0.000144642
8.12768e+06 0 1 0 0.000144642
8.12768e+06 0 1 0 0.000144642
1.27474e+07 0.362828 0.663006 0 9.22224e-05
1.27474e+07 0.362828 0.663006 0 9.22224e-05
1.25159e+07 0.350793 0.823028 0 9.39286e-05
8.12768e+06 0 1 0 0.000144642
1.27474e+07 0.362828 0.663006 0 9.22224e-05
8.12768e+06 0 1 0 0.000144642
1.27474e+07 0.362828 0.663006 0 9.22224e-05
8.12768e+06 0 1 0 0.000144642
8.12768e+06 0 1 0 0.000144642
8.12768e+06 0 1 0 0.000144642
8.12768e+06 0 1 0 0.000144642
1.27474e+07 0.362828 0.663006 0 9.22224e-05
8.12768e+06 0 1 0 0.000144642
8.12768e+06 0 1 0 0.000144642
8.12768e+06 0 1 0 0.000144642
1.27474e+07 0.362828 0.663006 0 9.22224e-05
1.27474e+07 0.362828 0.663006 0 9.22224e-05
8.12768e+06 0 1 0 0.000144642
8.12768e+06 0 1 0 0.000144642
8.12768e+06 0 1 0 0.000144642
8.12768e+06 0 1 0 0.000144642
1.27474e+07 0.362828 0.663006 0 9.22224e-05
8.12768e+06 0 1 0 0.000144642
9.31307e+06 0.127432 0.870232 0 0.000126231
1.27474e+07 0.362828 0.663006 0 9.22224e-05
1.27474e+07 0.362828 0.663006 0 9.22224e-05
8.12768e+06 0 1 0 0.000144642
8.12768e+06 0 1 0 0.000144642
1.27474e+07 0.362828 0.663006 0 9.22224e-05
1.27474e+07 0.362828 0.663006 0 9.22224e-05
8.12768e+06 0 1 0 0.000144642
8.12768e+06 0 1 0 0.000144642
1.27474e+07 0.362828 0.663006 0 9.22224e-05
8.12768e+06 0 1 0 0.000144642
