9.19825e+06 0.216563 0.896406 0 0.000114869
9.11696e+06 0.209577 0.868924 0 0.000115893
9.11696e+06 0.209577 0.868924 0 0.000115893
7.20824e+06 0 1 0 0.000146581
9.11696e+06 0.209577 0.868924 0 0.000115893
9.19825e+06 0.216563 0.896406 0 0.000114869
9.11696e+06 0.209577 0.868924 0 0.000115893
9.19825e+06 0.216563 0.896406 0 0.000114869
7.20824e+06 0 1 0 0.000146581
7.20824e+06 0 1 0 0.000146581
9.11696e+06 0.209577 0.868924 0 0.000115893
9.11696e+06 0.209577 0.868924 0 0.000115893
7.20824e+06 0 1 0 0.000146581
9.19825e+06 0.216563 0.896406 0 0.000114869
7.20824e+06 0 1 0 0.000146581
1.00021e+07 0.279436 0.940968 0 0.000105637
9.19825e+06 0.216563 0.896406 0 0.000114869
7.20824e+06 0 1 0 0.000146581
9.11696e+06 0.209577 0.868924 0 0.000115893
9.19825e+06 0.216563 0.896406 0 0.000114869
9.19825e+06 0.216563 0.896406 0 0.000114869
9.19825e+06 0.216563 0.896406 0 0.000114869
7.20824e+06 0 1 0 0.000146581
7.20824e+06 0 1 0 0.000146581
9.19825e+06 0.216563 0.896406 0 0.000114869
9.19825e+06 0.216563 0.896406 0 0.000114869
9.11696e+06 0.209577 0.868924 0 0.000115893
7.20824e+06 0 1 0 0.000146581
9.11696e+06 0.209577 0.868924 0 0.000115893
7.20824e+06 0 1 0 0.000146581
7.20824e+06 0 1 0 0.000146581
7.20824e+06 0 1 0 0.000146581
9.19825e+06 0.216563 0.896406 0 0.000114869
9.19825e+06 0.216563 0.896406 0 0.000114869
9.19825e+06 0.216563 0.896406 0 0.000114869
9.19825e+06 0.216563 0.896406 0 0.000114869
7.20824e+06 0 1 0 0.000146581
7.20824e+06 0 1 0 0.000146581
9.11696e+06 0.209577 0.868924 0 0.000115893
9.11696e+06 0.209577 0.868924 0 0.000115893
9.19825e+06 0.216563 0.896406 0 0.000114869
9.11696e+06 0.209577 0.868924 0 0.000115893
9.11696e+06 0.209577 0.868924 0 0.000115893
9.11696e+06 0.209577 0.868924 0 0.000115893
7.20824e+06 0 1 0 0.000146581
9.19825e+06 0.216563 0.896406 0 0.000114869
9.11696e+06 0.209577 0.868924 0 0.000115893
9.19825e+06 0.216563 0.896406 0 0.000114869
1.00021e+07 0.279436 0.940968 0 0.000105637
7.20824e+06 0 1 0 0.000146581
9.19825e+06 0.216563 0.896406 0 0.000114869
9.11696e+06 0.209577 0.868924 0 0.000115893
7.20824e+06 0 1 0 0.000146581
9.19825e+06 0.216563 0.896406 0 0.000114869
9.11696e+06 0.209577 0.868924 0 0.000115893
7.20824e+06 0 1 0 0.000146581
9.11696e+06 0.209577 0.868924 0 0.000115893
9.11696e+06 0.209577 0.868924 0 0.000115893
7.20824e+06 0 1 0 0.000146581
9.11696e+06 0.209577 0.868924 0 0.000115893
9.19825e+06 0.216563 0.896406 0 0.000114869
9.11696e+06 0.209577 0.868924 0 0.000115893
7.20824e+06 0 1 0 0.000146581
9.19825e+06 0.216563 0.896406 0 0.000114869
7.20824e+06 0 1 0 0.000146581
1.00021e+07 0.279436 0.940968 0 0.000105637
9.11696e+06 0.209577 0.868924 0 0.000115893
9.11696e+06 0.209577 0.868924 0 0.000115893
7.20824e+06 0 1 0 0.000146581
9.19825e+06 0.216563 0.896406 0 0.000114869
9.11696e+06 0.209577 0.868924 0 0.000115893
7.20824e+06 0 1 0 0.000146581
9.11696e+06 0.209577 0.868924 0 0.000115893
7.20824e+06 0 1 0 0.000146581
9.19825e+06 0.216563 0.896406 0 0.000114869
9.19825e+06 0.216563 0.896406 0 0.000114869
9.19825e+06 0.216563 0.896406 0 0.000114869
9.11696e+06 0.209577 0.868924 0 0.000115893
9.19825e+06 0.216563 0.896406 0 0.000114869
9.19825e+06 0.216563 0.896406 0 0.000114869
9.19825e+06 0.216563 0.896406 0 0.000114869
9.11696e+06 0.209577 0.868924 0 0.000115893
9.11696e+06 0.209577 0.868924 0 0.000115893
9.19825e+06 0.216563 0.896406 0 0.000114869
9.19825e+06 0.216563 0.896406 0 0.000114869
9.19825e+06 0.216563 0.896406 0 0.000114869
7.20824e+06 0 1 0 0.000146581
9.11696e+06 0.209577 0.868924 0 0.000115893
9.19825e+06 0.216563 0.896406 0 0.000114869
7.20824e+06 0 1 0 0.000146581
9.11696e+06 0.209577 0.868924 0 0.000115893
9.11696e+06 0.209577 0.868924 0 0.000115893
1.00021e+07 0.279436 0.940968 0 0.000105637
9.19825e+06 0.216563 0.896406 0 0.000114869
9.11696e+06 0.209577 0.868924 0 0.000115893
9.11696e+06 0.209577 0.868924 0 0.000115893
9.19825e+06 0.216563 0.896406 0 0.000114869
9.19825e+06 0.216563 0.896406 0 0.000114869
9.11696e+06 0.209577 0.868924 0 0.000115893
9.19825e+06 0.216563 0.896406 0 0.000114869
