8.35986e+06 0.170918 0.854181 0 0.000144078
9.92843e+06 0.302054 0.692201 0 0.000121315
9.92843e+06 0.302054 0.692201 0 0.000121315
8.36073e+06 0.170918 0.89909 0 0.000144063
9.92843e+06 0.302054 0.692201 0 0.000121315
8.35986e+06 0.170918 0.854181 0 0.000144078
9.92843e+06 0.302054 0.692201 0 0.000121315
8.35986e+06 0.170918 0.854181 0 0.000144078
8.36073e+06 0.170918 0.89909 0 0.000144063
8.36073e+06 0.170918 0.89909 0 0.000144063
9.92843e+06 0.302054 0.692201 0 0.000121315
9.92843e+06 0.302054 0.692201 0 0.000121315
8.36073e+06 0.170918 0.89909 0 0.000144063
8.35986e+06 0.170918 0.854181 0 0.000144078
7.61618e+06 0.0898794 0.89852 0 0.000158146
6.93244e+06 0 1 0 0.000173744
8.35986e+06 0.170918 0.854181 0 0.000144078
8.36073e+06 0.170918 0.89909 0 0.000144063
9.92843e+06 0.302054 0.692201 0 0.000121315
8.35986e+06 0.170918 0.854181 0 0.000144078
8.35986e+06 0.170918 0.854181 0 0.000144078
8.35986e+06 0.170918 0.854181 0 0.000144078
8.36073e+06 0.170918 0.89909 0 0.000144063
6.93244e+06 0 1 0 0.000173744
8.35986e+06 0.170918 0.854181 0 0.000144078
8.35986e+06 0.170918 0.854181 0 0.000144078
9.92843e+06 0.302054 0.692201 0 0.000121315
8.36073e+06 0.170918 0.89909 0 0.000144063
9.92843e+06 0.302054 0.692201 0 0.000121315
8.36073e+06 0.170918 0.89909 0 0.000144063
6.93244e+06 0 1 0 0.000173744
8.36073e+06 0.170918 0.89909 0 0.000144063
8.35986e+06 0.170918 0.854181 0 0.000144078
8.35986e+06 0.170918 0.854181 0 0.000144078
8.35986e+06 0.170918 0.854181 0 0.000144078
8.35986e+06 0.170918 0.854181 0 0.000144078
8.36073e+06 0.170918 0.89909 0 0.000144063
8.36073e+06 0.170918 0.89909 0 0.000144063
9.92843e+06 0.302054 0.692201 0 0.000121315
9.92843e+06 0.302054 0.692201 0 0.000121315
8.35986e+06 0.170918 0.854181 0 0.000144078
9.92843e+06 0.302054 0.692201 0 0.000121315
9.92843e+06 0.302054 0.692201 0 0.000121315
9.92843e+06 0.302054 0.692201 0 0.000121315
8.36073e+06 0.170918 0.89909 0 0.000144063
8.35986e+06 0.170918 0.854181 0 0.000144078
9.92843e+06 0.302054 0.692201 0 0.000121315
8.35986e+06 0.170918 0.854181 0 0.000144078
6.93244e+06 0 1 0 0.000173744
6.93244e+06 0 1 0 0.000173744
8.35986e+06 0.170918 0.854181 0 0.000144078
9.92843e+06 0.302054 0.692201 0 0.000121315
6.93244e+06 0 1 0 0.000173744
8.35986e+06 0.170918 0.854181 0 0.000144078
9.92843e+06 0.302054 0.692201 0 0.000121315
8.36073e+06 0.170918 0.89909 0 0.000144063
9.92843e+06 0.302054 0.692201 0 0.000121315
9.92843e+06 0.302054 0.692201 0 0.000121315
8.36073e+06 0.170918 0.89909 0 0.000144063
9.92843e+06 0.302054 0.692201 0 0.000121315
8.35986e+06 0.170918 0.854181 0 0.000144078
9.92843e+06 0.302054 0.692201 0 0.000121315
8.36073e+06 0.170918 0.89909 0 0.000144063
8.35986e+06 0.170918 0.854181 0 0.000144078
8.36073e+06 0.170918 0.89909 0 0.000144063
6.93244e+06 0 1 0 0.000173744
9.92843e+06 0.302054 0.692201 0 0.000121315
9.92843e+06 0.302054 0.692201 0 0.000121315
6.93244e+06 0 1 0 0.000173744
8.35986e+06 0.170918 0.854181 0 0.000144078
9.92843e+06 0.302054 0.692201 0 0.000121315
8.36073e+06 0.170918 0.89909 0 0.000144063
9.92843e+06 0.302054 0.692201 0 0.000121315
8.36073e+06 0.170918 0.89909 0 0.000144063
8.35986e+06 0.170918 0.854181 0 0.000144078
8.35986e+06 0.170918 0.854181 0 0.000144078
8.35986e+06 0.170918 0.854181 0 0.000144078
9.92843e+06 0.302054 0.692201 0 0.000121315
8.35986e+06 0.170918 0.854181 0 0.000144078
8.35986e+06 0.170918 0.854181 0 0.000144078
8.35986e+06 0.170918 0.854181 0 0.000144078
9.92843e+06 0.302054 0.692201 0 0.000121315
9.92843e+06 0.302054 0.692201 0 0.000121315
8.35986e+06 0.170918 0.854181 0 0.000144078
8.35986e+06 0.170918 0.854181 0 0.000144078
8.35986e+06 0.170918 0.854181 0 0.000144078
8.36073e+06 0.170918 0.89909 0 0.000144063
9.92843e+06 0.302054 0.692201 0 0.000121315
8.35986e+06 0.170918 0.854181 0 0.000144078
7.61618e+06 0.0898794 0.89852 0 0.000158146
9.92843e+06 0.302054 0.692201 0 0.000121315
9.92843e+06 0.302054 0.692201 0 0.000121315
6.93244e+06 0 1 0 0.000173744
8.35986e+06 0.170918 0.854181 0 0.000144078
9.92843e+06 0.302054 0.692201 0 0.000121315
9.92843e+06 0.302054 0.692201 0 0.000121315
8.35986e+06 0.170918 0.854181 0 0.000144078
8.35986e+06 0.170918 0.854181 0 0.000144078
9.92843e+06 0.302054 0.692201 0 0.000121315
8.35986e+06 0.170918 0.854181 0 0.000144078
