1.16661e+07 0.214666 0.822448 0 0.00010867
1.51862e+07 0.396947 0.60871 0 8.34804e-05
1.51862e+07 0.396947 0.60871 0 8.34804e-05
1.16677e+07 0.214666 0.877131 0 0.000108655
1.51862e+07 0.396947 0.60871 0 8.34804e-05
1.16661e+07 0.214666 0.822448 0 0.00010867
1.51862e+07 0.396947 0.60871 0 8.34804e-05
1.16661e+07 0.214666 0.822448 0 0.00010867
1.16677e+07 0.214666 0.877131 0 0.000108655
1.16677e+07 0.214666 0.877131 0 0.000108655
1.51862e+07 0.396947 0.60871 0 8.34804e-05
1.51862e+07 0.396947 0.60871 0 8.34804e-05
1.16677e+07 0.214666 0.877131 0 0.000108655
1.16661e+07 0.214666 0.822448 0 0.00010867
1.03289e+07 0.112885 0.876435 0 0.000122738
9.16428e+06 0 1 0 0.000138336
1.16661e+07 0.214666 0.822448 0 0.00010867
1.16677e+07 0.214666 0.877131 0 0.000108655
1.51862e+07 0.396947 0.60871 0 8.34804e-05
1.16661e+07 0.214666 0.822448 0 0.00010867
1.16661e+07 0.214666 0.822448 0 0.00010867
1.16661e+07 0.214666 0.822448 0 0.00010867
1.16677e+07 0.214666 0.877131 0 0.000108655
9.16428e+06 0 1 0 0.000138336
1.16661e+07 0.214666 0.822448 0 0.00010867
1.16661e+07 0.214666 0.822448 0 0.00010867
1.51862e+07 0.396947 0.60871 0 8.34804e-05
1.16677e+07 0.214666 0.877131 0 0.000108655
1.51862e+07 0.396947 0.60871 0 8.34804e-05
1.16677e+07 0.214666 0.877131 0 0.000108655
9.16428e+06 0 1 0 0.000138336
1.16677e+07 0.214666 0.877131 0 0.000108655
1.16661e+07 0.214666 0.822448 0 0.00010867
1.16661e+07 0.214666 0.822448 0 0.00010867
1.16661e+07 0.214666 0.822448 0 0.00010867
1.16661e+07 0.214666 0.822448 0 0.00010867
1.16677e+07 0.214666 0.877131 0 0.000108655
1.16677e+07 0.214666 0.877131 0 0.000108655
1.51862e+07 0.396947 0.60871 0 8.34804e-05
1.51862e+07 0.396947 0.60871 0 8.34804e-05
1.16661e+07 0.214666 0.822448 0 0.00010867
1.51862e+07 0.396947 0.60871 0 8.34804e-05
1.51862e+07 0.396947 0.60871 0 8.34804e-05
1.51862e+07 0.396947 0.60871 0 8.34804e-05
1.16677e+07 0.214666 0.877131 0 0.000108655
1.16661e+07 0.214666 0.822448 0 0.00010867
1.51862e+07 0.396947 0.60871 0 8.34804e-05
1.16661e+07 0.214666 0.822448 0 0.00010867
9.16428e+06 0 1 0 0.000138336
9.16428e+06 0 1 0 0.000138336
1.16661e+07 0.214666 0.822448 0 0.00010867
1.51862e+07 0.396947 0.60871 0 8.34804e-05
9.16428e+06 0 1 0 0.000138336
1.16661e+07 0.214666 0.822448 0 0.00010867
1.51862e+07 0.396947 0.60871 0 8.34804e-05
1.16677e+07 0.214666 0.877131 0 0.000108655
1.51862e+07 0.396947 0.60871 0 8.34804e-05
1.51862e+07 0.396947 0.60871 0 8.34804e-05
1.16677e+07 0.214666 0.877131 0 0.000108655
1.51862e+07 0.396947 0.60871 0 8.34804e-05
1.16661e+07 0.214666 0.822448 0 0.00010867
1.51862e+07 0.396947 0.60871 0 8.34804e-05
1.16677e+07 0.214666 0.877131 0 0.000108655
1.16661e+07 0.214666 0.822448 0 0.00010867
1.16677e+07 0.214666 0.877131 0 0.000108655
9.16428e+06 0 1 0 0.000138336
1.51862e+07 0.396947 0.60871 0 8.34804e-05
1.51862e+07 0.396947 0.60871 0 8.34804e-05
9.16428e+06 0 1 0 0.000138336
1.16661e+07 0.214666 0.822448 0 0.00010867
1.51862e+07 0.396947 0.60871 0 8.34804e-05
1.16677e+07 0.214666 0.877131 0 0.000108655
1.51862e+07 0.396947 0.60871 0 8.34804e-05
1.16677e+07 0.214666 0.877131 0 0.000108655
1.16661e+07 0.214666 0.822448 0 0.00010867
1.16661e+07 0.214666 0.822448 0 0.00010867
1.16661e+07 0.214666 0.822448 0 0.00010867
1.51862e+07 0.396947 0.60871 0 8.34804e-05
1.16661e+07 0.214666 0.822448 0 0.00010867
1.16661e+07 0.214666 0.822448 0 0.00010867
1.16661e+07 0.214666 0.822448 0 0.00010867
1.51862e+07 0.396947 0.60871 0 8.34804e-05
1.51862e+07 0.396947 0.60871 0 8.34804e-05
1.16661e+07 0.214666 0.822448 0 0.00010867
1.16661e+07 0.214666 0.822448 0 0.00010867
1.16661e+07 0.214666 0.822448 0 0.00010867
1.16677e+07 0.214666 0.877131 0 0.000108655
1.51862e+07 0.396947 0.60871 0 8.34804e-05
1.16661e+07 0.214666 0.822448 0 0.00010867
1.03289e+07 0.112885 0.876435 0 0.000122738
1.51862e+07 0.396947 0.60871 0 8.34804e-05
1.51862e+07 0.396947 0.60871 0 8.34804e-05
9.16428e+06 0 1 0 0.000138336
1.16661e+07 0.214666 0.822448 0 0.00010867
1.51862e+07 0.396947 0.60871 0 8.34804e-05
1.51862e+07 0.396947 0.60871 0 8.34804e-05
1.16661e+07 0.214666 0.822448 0 0.00010867
1.16661e+07 0.214666 0.822448 0 0.00010867
1.51862e+07 0.396947 0.60871 0 8.34804e-05
1.16661e+07 0.214666 0.822448 0 0.00010867
