1.00645e+07 0.229458 0.830199 0 0.000100439
1.26118e+07 0.385312 0.648214 0 8.01527e-05
1.26118e+07 0.385312 0.648214 0 8.01527e-05
7.7574e+06 0 1 0 0.00013031
1.26118e+07 0.385312 0.648214 0 8.01527e-05
1.00645e+07 0.229458 0.830199 0 0.000100439
1.26118e+07 0.385312 0.648214 0 8.01527e-05
1.00645e+07 0.229458 0.830199 0 0.000100439
7.7574e+06 0 1 0 0.00013031
7.7574e+06 0 1 0 0.00013031
1.26118e+07 0.385312 0.648214 0 8.01527e-05
1.26118e+07 0.385312 0.648214 0 8.01527e-05
7.7574e+06 0 1 0 0.00013031
1.00645e+07 0.229458 0.830199 0 0.000100439
8.81612e+06 0.12023 0.882328 0 0.000114661
7.7574e+06 0 1 0 0.00013031
1.00645e+07 0.229458 0.830199 0 0.000100439
7.7574e+06 0 1 0 0.00013031
1.26118e+07 0.385312 0.648214 0 8.01527e-05
1.00645e+07 0.229458 0.830199 0 0.000100439
1.00645e+07 0.229458 0.830199 0 0.000100439
1.00645e+07 0.229458 0.830199 0 0.000100439
7.7574e+06 0 1 0 0.00013031
7.7574e+06 0 1 0 0.00013031
1.00645e+07 0.229458 0.830199 0 0.000100439
1.00645e+07 0.229458 0.830199 0 0.000100439
1.26118e+07 0.385312 0.648214 0 8.01527e-05
7.7574e+06 0 1 0 0.00013031
1.26118e+07 0.385312 0.648214 0 8.01527e-05
7.7574e+06 0 1 0 0.00013031
7.7574e+06 0 1 0 0.00013031
7.7574e+06 0 1 0 0.00013031
1.00645e+07 0.229458 0.830199 0 0.000100439
1.00645e+07 0.229458 0.830199 0 0.000100439
1.00645e+07 0.229458 0.830199 0 0.000100439
1.00645e+07 0.229458 0.830199 0 0.000100439
7.7574e+06 0 1 0 0.00013031
7.7574e+06 0 1 0 0.00013031
1.26118e+07 0.385312 0.648214 0 8.01527e-05
1.26118e+07 0.385312 0.648214 0 8.01527e-05
1.00645e+07 0.229458 0.830199 0 0.000100439
1.26118e+07 0.385312 0.648214 0 8.01527e-05
1.26118e+07 0.385312 0.648214 0 8.01527e-05
1.26118e+07 0.385312 0.648214 0 8.01527e-05
7.7574e+06 0 1 0 0.00013031
1.00645e+07 0.229458 0.830199 0 0.000100439
1.26118e+07 0.385312 0.648214 0 8.01527e-05
1.00645e+07 0.229458 0.830199 0 0.000100439
7.7574e+06 0 1 0 0.00013031
7.7574e+06 0 1 0 0.00013031
1.00645e+07 0.229458 0.830199 0 0.000100439
1.26118e+07 0.385312 0.648214 0 8.01527e-05
7.7574e+06 0 1 0 0.00013031
1.00645e+07 0.229458 0.830199 0 0.000100439
1.26118e+07 0.385312 0.648214 0 8.01527e-05
7.7574e+06 0 1 0 0.00013031
1.26118e+07 0.385312 0.648214 0 8.01527e-05
1.26118e+07 0.385312 0.648214 0 8.01527e-05
7.7574e+06 0 1 0 0.00013031
1.26118e+07 0.385312 0.648214 0 8.01527e-05
1.00645e+07 0.229458 0.830199 0 0.000100439
1.26118e+07 0.385312 0.648214 0 8.01527e-05
7.7574e+06 0 1 0 0.00013031
1.00645e+07 0.229458 0.830199 0 0.000100439
7.7574e+06 0 1 0 0.00013031
7.7574e+06 0 1 0 0.00013031
1.26118e+07 0.385312 0.648214 0 8.01527e-05
1.26118e+07 0.385312 0.648214 0 8.01527e-05
7.7574e+06 0 1 0 0.00013031
1.00645e+07 0.229458 0.830199 0 0.000100439
1.26118e+07 0.385312 0.648214 0 8.01527e-05
7.7574e+06 0 1 0 0.00013031
1.26118e+07 0.385312 0.648214 0 8.01527e-05
7.7574e+06 0 1 0 0.00013031
1.00645e+07 0.229458 0.830199 0 0.000100439
1.00645e+07 0.229458 0.830199 0 0.000100439
1.00645e+07 0.229458 0.830199 0 0.000100439
1.26118e+07 0.385312 0.648214 0 8.01527e-05
1.00645e+07 0.229458 0.830199 0 0.000100439
1.00645e+07 0.229458 0.830199 0 0.000100439
1.00645e+07 0.229458 0.830199 0 0.000100439
1.26118e+07 0.385312 0.648214 0 8.01527e-05
1.26118e+07 0.385312 0.648214 0 8.01527e-05
1.00645e+07 0.229458 0.830199 0 0.000100439
1.00645e+07 0.229458 0.830199 0 0.000100439
1.00645e+07 0.229458 0.830199 0 0.000100439
7.7574e+06 0 1 0 0.00013031
1.26118e+07 0.385312 0.648214 0 8.01527e-05
1.00645e+07 0.229458 0.830199 0 0.000100439
8.81612e+06 0.12023 0.882328 0 0.000114661
1.26118e+07 0.385312 0.648214 0 8.01527e-05
1.26118e+07 0.385312 0.648214 0 8.01527e-05
7.7574e+06 0 1 0 0.00013031
1.00645e+07 0.229458 0.830199 0 0.000100439
1.26118e+07 0.385312 0.648214 0 8.01527e-05
1.26118e+07 0.385312 0.648214 0 8.01527e-05
1.00645e+07 0.229458 0.830199 0 0.000100439
1.00645e+07 0.229458 0.830199 0 0.000100439
1.26118e+07 0.385312 0.648214 0 8.01527e-05
1.00645e+07 0.229458 0.830199 0 0.000100439
