9.83498e+06 0.200195 0.866447 0 0.000118942
1.19273e+07 0.340699 0.72576 0 9.80771e-05
1.19273e+07 0.340699 0.72576 0 9.80771e-05
9.83621e+06 0.200195 0.907591 0 0.000118927
1.19273e+07 0.340699 0.72576 0 9.80771e-05
9.83498e+06 0.200195 0.866447 0 0.000118942
1.19273e+07 0.340699 0.72576 0 9.80771e-05
9.83498e+06 0.200195 0.866447 0 0.000118942
9.83621e+06 0.200195 0.907591 0 0.000118927
9.83621e+06 0.200195 0.907591 0 0.000118927
1.19273e+07 0.340699 0.72576 0 9.80771e-05
1.19273e+07 0.340699 0.72576 0 9.80771e-05
9.83621e+06 0.200195 0.907591 0 0.000118927
9.83498e+06 0.200195 0.866447 0 0.000118942
8.79135e+06 0.105149 0.907187 0 0.000133061
7.86803e+06 0 1 0 0.000148676
9.83498e+06 0.200195 0.866447 0 0.000118942
9.83621e+06 0.200195 0.907591 0 0.000118927
1.19273e+07 0.340699 0.72576 0 9.80771e-05
9.83498e+06 0.200195 0.866447 0 0.000118942
9.83498e+06 0.200195 0.866447 0 0.000118942
9.83498e+06 0.200195 0.866447 0 0.000118942
9.83621e+06 0.200195 0.907591 0 0.000118927
7.86803e+06 0 1 0 0.000148676
9.83498e+06 0.200195 0.866447 0 0.000118942
9.83498e+06 0.200195 0.866447 0 0.000118942
1.19273e+07 0.340699 0.72576 0 9.80771e-05
9.83621e+06 0.200195 0.907591 0 0.000118927
1.19273e+07 0.340699 0.72576 0 9.80771e-05
9.83621e+06 0.200195 0.907591 0 0.000118927
7.86803e+06 0 1 0 0.000148676
9.83621e+06 0.200195 0.907591 0 0.000118927
9.83498e+06 0.200195 0.866447 0 0.000118942
9.83498e+06 0.200195 0.866447 0 0.000118942
9.83498e+06 0.200195 0.866447 0 0.000118942
9.83498e+06 0.200195 0.866447 0 0.000118942
9.83621e+06 0.200195 0.907591 0 0.000118927
9.83621e+06 0.200195 0.907591 0 0.000118927
1.19273e+07 0.340699 0.72576 0 9.80771e-05
1.19273e+07 0.340699 0.72576 0 9.80771e-05
9.83498e+06 0.200195 0.866447 0 0.000118942
1.19273e+07 0.340699 0.72576 0 9.80771e-05
1.19273e+07 0.340699 0.72576 0 9.80771e-05
1.19273e+07 0.340699 0.72576 0 9.80771e-05
9.83621e+06 0.200195 0.907591 0 0.000118927
9.83498e+06 0.200195 0.866447 0 0.000118942
1.19273e+07 0.340699 0.72576 0 9.80771e-05
9.83498e+06 0.200195 0.866447 0 0.000118942
7.86803e+06 0 1 0 0.000148676
7.86803e+06 0 1 0 0.000148676
9.83498e+06 0.200195 0.866447 0 0.000118942
1.19273e+07 0.340699 0.72576 0 9.80771e-05
7.86803e+06 0 1 0 0.000148676
9.83498e+06 0.200195 0.866447 0 0.000118942
1.19273e+07 0.340699 0.72576 0 9.80771e-05
9.83621e+06 0.200195 0.907591 0 0.000118927
1.19273e+07 0.340699 0.72576 0 9.80771e-05
1.19273e+07 0.340699 0.72576 0 9.80771e-05
9.83621e+06 0.200195 0.907591 0 0.000118927
1.19273e+07 0.340699 0.72576 0 9.80771e-05
9.83498e+06 0.200195 0.866447 0 0.000118942
1.19273e+07 0.340699 0.72576 0 9.80771e-05
9.83621e+06 0.200195 0.907591 0 0.000118927
9.83498e+06 0.200195 0.866447 0 0.000118942
9.83621e+06 0.200195 0.907591 0 0.000118927
7.86803e+06 0 1 0 0.000148676
1.19273e+07 0.340699 0.72576 0 9.80771e-05
1.19273e+07 0.340699 0.72576 0 9.80771e-05
7.86803e+06 0 1 0 0.000148676
9.83498e+06 0.200195 0.866447 0 0.000118942
1.19273e+07 0.340699 0.72576 0 9.80771e-05
9.83621e+06 0.200195 0.907591 0 0.000118927
1.19273e+07 0.340699 0.72576 0 9.80771e-05
9.83621e+06 0.200195 0.907591 0 0.000118927
9.83498e+06 0.200195 0.866447 0 0.000118942
9.83498e+06 0.200195 0.866447 0 0.000118942
9.83498e+06 0.200195 0.866447 0 0.000118942
1.19273e+07 0.340699 0.72576 0 9.80771e-05
9.83498e+06 0.200195 0.866447 0 0.000118942
9.83498e+06 0.200195 0.866447 0 0.000118942
9.83498e+06 0.200195 0.866447 0 0.000118942
1.19273e+07 0.340699 0.72576 0 9.80771e-05
1.19273e+07 0.340699 0.72576 0 9.80771e-05
9.83498e+06 0.200195 0.866447 0 0.000118942
9.83498e+06 0.200195 0.866447 0 0.000118942
9.83498e+06 0.200195 0.866447 0 0.000118942
9.83621e+06 0.200195 0.907591 0 0.000118927
1.19273e+07 0.340699 0.72576 0 9.80771e-05
9.83498e+06 0.200195 0.866447 0 0.000118942
8.79135e+06 0.105149 0.907187 0 0.000133061
1.19273e+07 0.340699 0.72576 0 9.80771e-05
1.19273e+07 0.340699 0.72576 0 9.80771e-05
7.86803e+06 0 1 0 0.000148676
9.83498e+06 0.200195 0.866447 0 0.000118942
1.19273e+07 0.340699 0.72576 0 9.80771e-05
1.19273e+07 0.340699 0.72576 0 9.80771e-05
9.83498e+06 0.200195 0.866447 0 0.000118942
9.83498e+06 0.200195 0.866447 0 0.000118942
1.19273e+07 0.340699 0.72576 0 9.80771e-05
9.83498e+06 0.200195 0.866447 0 0.000118942
