1.49648e+07 0.297045 0.844343 0 7.39416e-05
1.46604e+07 0.282436 0.824755 0 7.54768e-05
1.46604e+07 0.282436 0.824755 0 7.54768e-05
1.0524e+07 0 1 0 0.000105142
1.46604e+07 0.282436 0.824755 0 7.54768e-05
1.49648e+07 0.297045 0.844343 0 7.39416e-05
1.46604e+07 0.282436 0.824755 0 7.54768e-05
1.49648e+07 0.297045 0.844343 0 7.39416e-05
1.0524e+07 0 1 0 0.000105142
1.0524e+07 0 1 0 0.000105142
1.46604e+07 0.282436 0.824755 0 7.54768e-05
1.46604e+07 0.282436 0.824755 0 7.54768e-05
1.0524e+07 0 1 0 0.000105142
1.49648e+07 0.297045 0.844343 0 7.39416e-05
1.27579e+07 0.175305 0.880052 0 8.6732e-05
1.0524e+07 0 1 0 0.000105142
1.49648e+07 0.297045 0.844343 0 7.39416e-05
1.0524e+07 0 1 0 0.000105142
1.46604e+07 0.282436 0.824755 0 7.54768e-05
1.49648e+07 0.297045 0.844343 0 7.39416e-05
1.49648e+07 0.297045 0.844343 0 7.39416e-05
1.49648e+07 0.297045 0.844343 0 7.39416e-05
1.0524e+07 0 1 0 0.000105142
1.0524e+07 0 1 0 0.000105142
1.49648e+07 0.297045 0.844343 0 7.39416e-05
1.49648e+07 0.297045 0.844343 0 7.39416e-05
1.46604e+07 0.282436 0.824755 0 7.54768e-05
1.0524e+07 0 1 0 0.000105142
1.46604e+07 0.282436 0.824755 0 7.54768e-05
1.0524e+07 0 1 0 0.000105142
1.0524e+07 0 1 0 0.000105142
1.0524e+07 0 1 0 0.000105142
1.49648e+07 0.297045 0.844343 0 7.39416e-05
1.49648e+07 0.297045 0.844343 0 7.39416e-05
1.49648e+07 0.297045 0.844343 0 7.39416e-05
1.49648e+07 0.297045 0.844343 0 7.39416e-05
1.0524e+07 0 1 0 0.000105142
1.0524e+07 0 1 0 0.000105142
1.46604e+07 0.282436 0.824755 0 7.54768e-05
1.46604e+07 0.282436 0.824755 0 7.54768e-05
1.49648e+07 0.297045 0.844343 0 7.39416e-05
1.46604e+07 0.282436 0.824755 0 7.54768e-05
1.46604e+07 0.282436 0.824755 0 7.54768e-05
1.46604e+07 0.282436 0.824755 0 7.54768e-05
1.0524e+07 0 1 0 0.000105142
1.49648e+07 0.297045 0.844343 0 7.39416e-05
1.46604e+07 0.282436 0.824755 0 7.54768e-05
1.49648e+07 0.297045 0.844343 0 7.39416e-05
1.0524e+07 0 1 0 0.000105142
1.0524e+07 0 1 0 0.000105142
1.49648e+07 0.297045 0.844343 0 7.39416e-05
1.46604e+07 0.282436 0.824755 0 7.54768e-05
1.0524e+07 0 1 0 0.000105142
1.49648e+07 0.297045 0.844343 0 7.39416e-05
1.46604e+07 0.282436 0.824755 0 7.54768e-05
1.0524e+07 0 1 0 0.000105142
1.46604e+07 0.282436 0.824755 0 7.54768e-05
1.46604e+07 0.282436 0.824755 0 7.54768e-05
1.0524e+07 0 1 0 0.000105142
1.46604e+07 0.282436 0.824755 0 7.54768e-05
1.49648e+07 0.297045 0.844343 0 7.39416e-05
1.46604e+07 0.282436 0.824755 0 7.54768e-05
1.0524e+07 0 1 0 0.000105142
1.49648e+07 0.297045 0.844343 0 7.39416e-05
1.0524e+07 0 1 0 0.000105142
1.0524e+07 0 1 0 0.000105142
1.46604e+07 0.282436 0.824755 0 7.54768e-05
1.46604e+07 0.282436 0.824755 0 7.54768e-05
1.0524e+07 0 1 0 0.000105142
1.49648e+07 0.297045 0.844343 0 7.39416e-05
1.46604e+07 0.282436 0.824755 0 7.54768e-05
1.0524e+07 0 1 0 0.000105142
1.46604e+07 0.282436 0.824755 0 7.54768e-05
1.0524e+07 0 1 0 0.000105142
1.49648e+07 0.297045 0.844343 0 7.39416e-05
1.49648e+07 0.297045 0.844343 0 7.39416e-05
1.49648e+07 0.297045 0.844343 0 7.39416e-05
1.46604e+07 0.282436 0.824755 0 7.54768e-05
1.49648e+07 0.297045 0.844343 0 7.39416e-05
1.49648e+07 0.297045 0.844343 0 7.39416e-05
1.49648e+07 0.297045 0.844343 0 7.39416e-05
1.46604e+07 0.282436 0.824755 0 7.54768e-05
1.46604e+07 0.282436 0.824755 0 7.54768e-05
1.49648e+07 0.297045 0.844343 0 7.39416e-05
1.49648e+07 0.297045 0.844343 0 7.39416e-05
1.49648e+07 0.297045 0.844343 0 7.39416e-05
1.0524e+07 0 1 0 0.000105142
1.46604e+07 0.282436 0.824755 0 7.54768e-05
1.49648e+07 0.297045 0.844343 0 7.39416e-05
1.27579e+07 0.175305 0.880052 0 8.6732e-05
1.46604e+07 0.282436 0.824755 0 7.54768e-05
1.46604e+07 0.282436 0.824755 0 7.54768e-05
1.0524e+07 0 1 0 0.000105142
1.49648e+07 0.297045 0.844343 0 7.39416e-05
1.46604e+07 0.282436 0.824755 0 7.54768e-05
1.46604e+07 0.282436 0.824755 0 7.54768e-05
1.49648e+07 0.297045 0.844343 0 7.39416e-05
1.49648e+07 0.297045 0.844343 0 7.39416e-05
1.46604e+07 0.282436 0.824755 0 7.54768e-05
1.49648e+07 0.297045 0.844343 0 7.39416e-05
