7.98489e+06 0.173038 0.868378 0 0.000146844
9.54779e+06 0.308585 0.720778 0 0.000122806
9.54779e+06 0.308585 0.720778 0 0.000122806
7.98573e+06 0.173038 0.909096 0 0.000146828
9.54779e+06 0.308585 0.720778 0 0.000122806
7.98489e+06 0.173038 0.868378 0 0.000146844
9.54779e+06 0.308585 0.720778 0 0.000122806
7.98489e+06 0.173038 0.868378 0 0.000146844
7.98573e+06 0.173038 0.909096 0 0.000146828
7.98573e+06 0.173038 0.909096 0 0.000146828
9.54779e+06 0.308585 0.720778 0 0.000122806
9.54779e+06 0.308585 0.720778 0 0.000122806
7.98573e+06 0.173038 0.909096 0 0.000146828
7.98489e+06 0.173038 0.868378 0 0.000146844
7.36873e+06 0.103823 0.896786 0 0.000159122
8.04198e+06 0.178806 0.939823 0 0.000145801
7.98489e+06 0.173038 0.868378 0 0.000146844
7.98573e+06 0.173038 0.909096 0 0.000146828
9.54779e+06 0.308585 0.720778 0 0.000122806
7.98489e+06 0.173038 0.868378 0 0.000146844
7.98489e+06 0.173038 0.868378 0 0.000146844
7.98489e+06 0.173038 0.868378 0 0.000146844
7.98573e+06 0.173038 0.909096 0 0.000146828
6.60458e+06 0 1 0 0.000177533
7.98489e+06 0.173038 0.868378 0 0.000146844
7.98489e+06 0.173038 0.868378 0 0.000146844
9.54779e+06 0.308585 0.720778 0 0.000122806
7.98573e+06 0.173038 0.909096 0 0.000146828
9.54779e+06 0.308585 0.720778 0 0.000122806
7.98573e+06 0.173038 0.909096 0 0.000146828
6.60458e+06 0 1 0 0.000177533
7.98573e+06 0.173038 0.909096 0 0.000146828
7.98489e+06 0.173038 0.868378 0 0.000146844
7.98489e+06 0.173038 0.868378 0 0.000146844
7.98489e+06 0.173038 0.868378 0 0.000146844
7.98489e+06 0.173038 0.868378 0 0.000146844
7.98573e+06 0.173038 0.909096 0 0.000146828
7.98573e+06 0.173038 0.909096 0 0.000146828
9.54779e+06 0.308585 0.720778 0 0.000122806
9.54779e+06 0.308585 0.720778 0 0.000122806
7.98489e+06 0.173038 0.868378 0 0.000146844
9.54779e+06 0.308585 0.720778 0 0.000122806
9.54779e+06 0.308585 0.720778 0 0.000122806
9.54779e+06 0.308585 0.720778 0 0.000122806
7.98573e+06 0.173038 0.909096 0 0.000146828
7.98489e+06 0.173038 0.868378 0 0.000146844
9.54779e+06 0.308585 0.720778 0 0.000122806
7.98489e+06 0.173038 0.868378 0 0.000146844
8.04198e+06 0.178806 0.939823 0 0.000145801
6.60458e+06 0 1 0 0.000177533
7.98489e+06 0.173038 0.868378 0 0.000146844
9.54779e+06 0.308585 0.720778 0 0.000122806
6.60458e+06 0 1 0 0.000177533
7.98489e+06 0.173038 0.868378 0 0.000146844
9.54779e+06 0.308585 0.720778 0 0.000122806
7.98573e+06 0.173038 0.909096 0 0.000146828
9.54779e+06 0.308585 0.720778 0 0.000122806
9.54779e+06 0.308585 0.720778 0 0.000122806
7.98573e+06 0.173038 0.909096 0 0.000146828
9.54779e+06 0.308585 0.720778 0 0.000122806
7.98489e+06 0.173038 0.868378 0 0.000146844
9.54779e+06 0.308585 0.720778 0 0.000122806
7.98573e+06 0.173038 0.909096 0 0.000146828
7.98489e+06 0.173038 0.868378 0 0.000146844
7.98573e+06 0.173038 0.909096 0 0.000146828
8.04198e+06 0.178806 0.939823 0 0.000145801
9.54779e+06 0.308585 0.720778 0 0.000122806
9.54779e+06 0.308585 0.720778 0 0.000122806
6.60458e+06 0 1 0 0.000177533
7.98489e+06 0.173038 0.868378 0 0.000146844
9.54779e+06 0.308585 0.720778 0 0.000122806
7.98573e+06 0.173038 0.909096 0 0.000146828
9.54779e+06 0.308585 0.720778 0 0.000122806
7.98573e+06 0.173038 0.909096 0 0.000146828
7.98489e+06 0.173038 0.868378 0 0.000146844
7.98489e+06 0.173038 0.868378 0 0.000146844
7.98489e+06 0.173038 0.868378 0 0.000146844
9.54779e+06 0.308585 0.720778 0 0.000122806
7.98489e+06 0.173038 0.868378 0 0.000146844
7.98489e+06 0.173038 0.868378 0 0.000146844
7.98489e+06 0.173038 0.868378 0 0.000146844
9.54779e+06 0.308585 0.720778 0 0.000122806
9.54779e+06 0.308585 0.720778 0 0.000122806
7.98489e+06 0.173038 0.868378 0 0.000146844
7.98489e+06 0.173038 0.868378 0 0.000146844
7.98489e+06 0.173038 0.868378 0 0.000146844
7.98573e+06 0.173038 0.909096 0 0.000146828
9.54779e+06 0.308585 0.720778 0 0.000122806
7.98489e+06 0.173038 0.868378 0 0.000146844
7.36873e+06 0.103823 0.896786 0 0.000159122
9.54779e+06 0.308585 0.720778 0 0.000122806
9.54779e+06 0.308585 0.720778 0 0.000122806
8.04198e+06 0.178806 0.939823 0 0.000145801
7.98489e+06 0.173038 0.868378 0 0.000146844
9.54779e+06 0.308585 0.720778 0 0.000122806
9.54779e+06 0.308585 0.720778 0 0.000122806
7.98489e+06 0.173038 0.868378 0 0.000146844
7.98489e+06 0.173038 0.868378 0 0.000146844
9.54779e+06 0.308585 0.720778 0 0.000122806
7.98489e+06 0.173038 0.868378 0 0.000146844
