5.78335e+07 0 1 0 3.268e-05
5.78335e+07 0 1 0 3.268e-05
5.78335e+07 0 1 0 3.268e-05
1.54788e+08 0.626683 0.89133 0 1.22102e-05
5.78335e+07 0 1 0 3.268e-05
5.78335e+07 0 1 0 3.268e-05
5.78335e+07 0 1 0 3.268e-05
5.78335e+07 0 1 0 3.268e-05
1.54788e+08 0.626683 0.89133 0 1.22102e-05
1.54788e+08 0.626683 0.89133 0 1.22102e-05
5.78335e+07 0 1 0 3.268e-05
5.78335e+07 0 1 0 3.268e-05
1.54788e+08 0.626683 0.89133 0 1.22102e-05
5.78335e+07 0 1 0 3.268e-05
5.78335e+07 0 1 0 3.268e-05
5.78335e+07 0 1 0 3.268e-05
5.78335e+07 0 1 0 3.268e-05
1.54788e+08 0.626683 0.89133 0 1.22102e-05
5.78335e+07 0 1 0 3.268e-05
5.78335e+07 0 1 0 3.268e-05
5.78335e+07 0 1 0 3.268e-05
5.78335e+07 0 1 0 3.268e-05
1.54788e+08 0.626683 0.89133 0 1.22102e-05
5.78335e+07 0 1 0 3.268e-05
5.78335e+07 0 1 0 3.268e-05
5.78335e+07 0 1 0 3.268e-05
5.78335e+07 0 1 0 3.268e-05
1.54788e+08 0.626683 0.89133 0 1.22102e-05
5.78335e+07 0 1 0 3.268e-05
1.54788e+08 0.626683 0.89133 0 1.22102e-05
5.78335e+07 0 1 0 3.268e-05
1.54788e+08 0.626683 0.89133 0 1.22102e-05
5.78335e+07 0 1 0 3.268e-05
5.78335e+07 0 1 0 3.268e-05
5.78335e+07 0 1 0 3.268e-05
5.78335e+07 0 1 0 3.268e-05
1.54788e+08 0.626683 0.89133 0 1.22102e-05
1.54788e+08 0.626683 0.89133 0 1.22102e-05
5.78335e+07 0 1 0 3.268e-05
5.78335e+07 0 1 0 3.268e-05
5.78335e+07 0 1 0 3.268e-05
5.78335e+07 0 1 0 3.268e-05
5.78335e+07 0 1 0 3.268e-05
5.78335e+07 0 1 0 3.268e-05
1.54788e+08 0.626683 0.89133 0 1.22102e-05
5.78335e+07 0 1 0 3.268e-05
5.78335e+07 0 1 0 3.268e-05
5.78335e+07 0 1 0 3.268e-05
5.78335e+07 0 1 0 3.268e-05
5.78335e+07 0 1 0 3.268e-05
5.78335e+07 0 1 0 3.268e-05
5.78335e+07 0 1 0 3.268e-05
5.78335e+07 0 1 0 3.268e-05
5.78335e+07 0 1 0 3.268e-05
5.78335e+07 0 1 0 3.268e-05
1.54788e+08 0.626683 0.89133 0 1.22102e-05
5.78335e+07 0 1 0 3.268e-05
5.78335e+07 0 1 0 3.268e-05
1.54788e+08 0.626683 0.89133 0 1.22102e-05
5.78335e+07 0 1 0 3.268e-05
5.78335e+07 0 1 0 3.268e-05
5.78335e+07 0 1 0 3.268e-05
1.54788e+08 0.626683 0.89133 0 1.22102e-05
5.78335e+07 0 1 0 3.268e-05
1.54788e+08 0.626683 0.89133 0 1.22102e-05
5.78335e+07 0 1 0 3.268e-05
5.78335e+07 0 1 0 3.268e-05
5.78335e+07 0 1 0 3.268e-05
5.78335e+07 0 1 0 3.268e-05
5.78335e+07 0 1 0 3.268e-05
5.78335e+07 0 1 0 3.268e-05
1.54788e+08 0.626683 0.89133 0 1.22102e-05
5.78335e+07 0 1 0 3.268e-05
1.54788e+08 0.626683 0.89133 0 1.22102e-05
5.78335e+07 0 1 0 3.268e-05
5.78335e+07 0 1 0 3.268e-05
5.78335e+07 0 1 0 3.268e-05
5.78335e+07 0 1 0 3.268e-05
5.78335e+07 0 1 0 3.268e-05
5.78335e+07 0 1 0 3.268e-05
5.78335e+07 0 1 0 3.268e-05
5.78335e+07 0 1 0 3.268e-05
5.78335e+07 0 1 0 3.268e-05
5.78335e+07 0 1 0 3.268e-05
5.78335e+07 0 1 0 3.268e-05
5.78335e+07 0 1 0 3.268e-05
1.54788e+08 0.626683 0.89133 0 1.22102e-05
5.78335e+07 0 1 0 3.268e-05
5.78335e+07 0 1 0 3.268e-05
5.78335e+07 0 1 0 3.268e-05
5.78335e+07 0 1 0 3.268e-05
5.78335e+07 0 1 0 3.268e-05
5.78335e+07 0 1 0 3.268e-05
5.78335e+07 0 1 0 3.268e-05
5.78335e+07 0 1 0 3.268e-05
5.78335e+07 0 1 0 3.268e-05
5.78335e+07 0 1 0 3.268e-05
5.78335e+07 0 1 0 3.268e-05
5.78335e+07 0 1 0 3.268e-05
5.78335e+07 0 1 0 3.268e-05
