8.93386e+06 0.19562 0.896253 0 0.000126584
1.50572e+07 0.523176 0.666515 0 7.51056e-05
1.50572e+07 0.523176 0.666515 0 7.51056e-05
7.18796e+06 0 1 0 0.00015733
1.50572e+07 0.523176 0.666515 0 7.51056e-05
8.93386e+06 0.19562 0.896253 0 0.000126584
1.50572e+07 0.523176 0.666515 0 7.51056e-05
8.93386e+06 0.19562 0.896253 0 0.000126584
7.18796e+06 0 1 0 0.00015733
7.18796e+06 0 1 0 0.00015733
1.50572e+07 0.523176 0.666515 0 7.51056e-05
1.50572e+07 0.523176 0.666515 0 7.51056e-05
7.18796e+06 0 1 0 0.00015733
8.93386e+06 0.19562 0.896253 0 0.000126584
7.99422e+06 0.100974 0.929359 0 0.000141462
7.18796e+06 0 1 0 0.00015733
8.93386e+06 0.19562 0.896253 0 0.000126584
7.18796e+06 0 1 0 0.00015733
1.50572e+07 0.523176 0.666515 0 7.51056e-05
8.93386e+06 0.19562 0.896253 0 0.000126584
8.93386e+06 0.19562 0.896253 0 0.000126584
8.93386e+06 0.19562 0.896253 0 0.000126584
7.18796e+06 0 1 0 0.00015733
7.18796e+06 0 1 0 0.00015733
8.93386e+06 0.19562 0.896253 0 0.000126584
8.93386e+06 0.19562 0.896253 0 0.000126584
1.50572e+07 0.523176 0.666515 0 7.51056e-05
7.18796e+06 0 1 0 0.00015733
1.50572e+07 0.523176 0.666515 0 7.51056e-05
7.18796e+06 0 1 0 0.00015733
7.18796e+06 0 1 0 0.00015733
7.18796e+06 0 1 0 0.00015733
8.93386e+06 0.19562 0.896253 0 0.000126584
8.93386e+06 0.19562 0.896253 0 0.000126584
8.93386e+06 0.19562 0.896253 0 0.000126584
8.93386e+06 0.19562 0.896253 0 0.000126584
7.18796e+06 0 1 0 0.00015733
7.18796e+06 0 1 0 0.00015733
1.50572e+07 0.523176 0.666515 0 7.51056e-05
1.50572e+07 0.523176 0.666515 0 7.51056e-05
8.93386e+06 0.19562 0.896253 0 0.000126584
1.50572e+07 0.523176 0.666515 0 7.51056e-05
1.50572e+07 0.523176 0.666515 0 7.51056e-05
1.50572e+07 0.523176 0.666515 0 7.51056e-05
7.18796e+06 0 1 0 0.00015733
8.93386e+06 0.19562 0.896253 0 0.000126584
1.50572e+07 0.523176 0.666515 0 7.51056e-05
8.93386e+06 0.19562 0.896253 0 0.000126584
7.18796e+06 0 1 0 0.00015733
7.18796e+06 0 1 0 0.00015733
8.93386e+06 0.19562 0.896253 0 0.000126584
1.50572e+07 0.523176 0.666515 0 7.51056e-05
7.18796e+06 0 1 0 0.00015733
8.93386e+06 0.19562 0.896253 0 0.000126584
1.50572e+07 0.523176 0.666515 0 7.51056e-05
7.18796e+06 0 1 0 0.00015733
1.50572e+07 0.523176 0.666515 0 7.51056e-05
1.50572e+07 0.523176 0.666515 0 7.51056e-05
7.18796e+06 0 1 0 0.00015733
1.50572e+07 0.523176 0.666515 0 7.51056e-05
8.93386e+06 0.19562 0.896253 0 0.000126584
1.50572e+07 0.523176 0.666515 0 7.51056e-05
7.18796e+06 0 1 0 0.00015733
8.93386e+06 0.19562 0.896253 0 0.000126584
7.18796e+06 0 1 0 0.00015733
7.18796e+06 0 1 0 0.00015733
1.50572e+07 0.523176 0.666515 0 7.51056e-05
1.50572e+07 0.523176 0.666515 0 7.51056e-05
7.18796e+06 0 1 0 0.00015733
8.93386e+06 0.19562 0.896253 0 0.000126584
1.50572e+07 0.523176 0.666515 0 7.51056e-05
7.18796e+06 0 1 0 0.00015733
1.50572e+07 0.523176 0.666515 0 7.51056e-05
7.18796e+06 0 1 0 0.00015733
8.93386e+06 0.19562 0.896253 0 0.000126584
8.93386e+06 0.19562 0.896253 0 0.000126584
8.93386e+06 0.19562 0.896253 0 0.000126584
1.50572e+07 0.523176 0.666515 0 7.51056e-05
8.93386e+06 0.19562 0.896253 0 0.000126584
8.93386e+06 0.19562 0.896253 0 0.000126584
8.93386e+06 0.19562 0.896253 0 0.000126584
1.50572e+07 0.523176 0.666515 0 7.51056e-05
1.50572e+07 0.523176 0.666515 0 7.51056e-05
8.93386e+06 0.19562 0.896253 0 0.000126584
8.93386e+06 0.19562 0.896253 0 0.000126584
8.93386e+06 0.19562 0.896253 0 0.000126584
7.18796e+06 0 1 0 0.00015733
1.50572e+07 0.523176 0.666515 0 7.51056e-05
8.93386e+06 0.19562 0.896253 0 0.000126584
7.99422e+06 0.100974 0.929359 0 0.000141462
1.50572e+07 0.523176 0.666515 0 7.51056e-05
1.50572e+07 0.523176 0.666515 0 7.51056e-05
7.18796e+06 0 1 0 0.00015733
8.93386e+06 0.19562 0.896253 0 0.000126584
1.50572e+07 0.523176 0.666515 0 7.51056e-05
1.50572e+07 0.523176 0.666515 0 7.51056e-05
8.93386e+06 0.19562 0.896253 0 0.000126584
8.93386e+06 0.19562 0.896253 0 0.000126584
1.50572e+07 0.523176 0.666515 0 7.51056e-05
8.93386e+06 0.19562 0.896253 0 0.000126584
