1.29215e+07 0.223893 0.863032 0 0.000103363
1.65998e+07 0.396086 0.710717 0 8.04587e-05
1.65998e+07 0.396086 0.710717 0 8.04587e-05
1.29233e+07 0.223893 0.905237 0 0.000103348
1.65998e+07 0.396086 0.710717 0 8.04587e-05
1.29215e+07 0.223893 0.863032 0 0.000103363
1.65998e+07 0.396086 0.710717 0 8.04587e-05
1.29215e+07 0.223893 0.863032 0 0.000103363
1.29233e+07 0.223893 0.905237 0 0.000103348
1.29233e+07 0.223893 0.905237 0 0.000103348
1.65998e+07 0.396086 0.710717 0 8.04587e-05
1.65998e+07 0.396086 0.710717 0 8.04587e-05
1.29233e+07 0.223893 0.905237 0 0.000103348
1.29215e+07 0.223893 0.863032 0 0.000103363
1.00313e+07 0 1 0 0.000133143
1.00313e+07 0 1 0 0.000133143
1.29215e+07 0.223893 0.863032 0 0.000103363
1.29233e+07 0.223893 0.905237 0 0.000103348
1.65998e+07 0.396086 0.710717 0 8.04587e-05
1.29215e+07 0.223893 0.863032 0 0.000103363
1.29215e+07 0.223893 0.863032 0 0.000103363
1.29215e+07 0.223893 0.863032 0 0.000103363
1.29233e+07 0.223893 0.905237 0 0.000103348
1.00313e+07 0 1 0 0.000133143
1.29215e+07 0.223893 0.863032 0 0.000103363
1.29215e+07 0.223893 0.863032 0 0.000103363
1.65998e+07 0.396086 0.710717 0 8.04587e-05
1.29233e+07 0.223893 0.905237 0 0.000103348
1.65998e+07 0.396086 0.710717 0 8.04587e-05
1.29233e+07 0.223893 0.905237 0 0.000103348
1.00313e+07 0 1 0 0.000133143
1.29233e+07 0.223893 0.905237 0 0.000103348
1.29215e+07 0.223893 0.863032 0 0.000103363
1.29215e+07 0.223893 0.863032 0 0.000103363
1.29215e+07 0.223893 0.863032 0 0.000103363
1.29215e+07 0.223893 0.863032 0 0.000103363
1.29233e+07 0.223893 0.905237 0 0.000103348
1.29233e+07 0.223893 0.905237 0 0.000103348
1.65998e+07 0.396086 0.710717 0 8.04587e-05
1.65998e+07 0.396086 0.710717 0 8.04587e-05
1.29215e+07 0.223893 0.863032 0 0.000103363
1.65998e+07 0.396086 0.710717 0 8.04587e-05
1.65998e+07 0.396086 0.710717 0 8.04587e-05
1.65998e+07 0.396086 0.710717 0 8.04587e-05
1.29233e+07 0.223893 0.905237 0 0.000103348
1.29215e+07 0.223893 0.863032 0 0.000103363
1.65998e+07 0.396086 0.710717 0 8.04587e-05
1.29215e+07 0.223893 0.863032 0 0.000103363
1.00313e+07 0 1 0 0.000133143
1.00313e+07 0 1 0 0.000133143
1.29215e+07 0.223893 0.863032 0 0.000103363
1.65998e+07 0.396086 0.710717 0 8.04587e-05
1.00313e+07 0 1 0 0.000133143
1.29215e+07 0.223893 0.863032 0 0.000103363
1.65998e+07 0.396086 0.710717 0 8.04587e-05
1.29233e+07 0.223893 0.905237 0 0.000103348
1.65998e+07 0.396086 0.710717 0 8.04587e-05
1.65998e+07 0.396086 0.710717 0 8.04587e-05
1.29233e+07 0.223893 0.905237 0 0.000103348
1.65998e+07 0.396086 0.710717 0 8.04587e-05
1.29215e+07 0.223893 0.863032 0 0.000103363
1.65998e+07 0.396086 0.710717 0 8.04587e-05
1.29233e+07 0.223893 0.905237 0 0.000103348
1.29215e+07 0.223893 0.863032 0 0.000103363
1.29233e+07 0.223893 0.905237 0 0.000103348
1.00313e+07 0 1 0 0.000133143
1.65998e+07 0.396086 0.710717 0 8.04587e-05
1.65998e+07 0.396086 0.710717 0 8.04587e-05
1.00313e+07 0 1 0 0.000133143
1.29215e+07 0.223893 0.863032 0 0.000103363
1.65998e+07 0.396086 0.710717 0 8.04587e-05
1.29233e+07 0.223893 0.905237 0 0.000103348
1.65998e+07 0.396086 0.710717 0 8.04587e-05
1.29233e+07 0.223893 0.905237 0 0.000103348
1.29215e+07 0.223893 0.863032 0 0.000103363
1.29215e+07 0.223893 0.863032 0 0.000103363
1.29215e+07 0.223893 0.863032 0 0.000103363
1.65998e+07 0.396086 0.710717 0 8.04587e-05
1.29215e+07 0.223893 0.863032 0 0.000103363
1.29215e+07 0.223893 0.863032 0 0.000103363
1.29215e+07 0.223893 0.863032 0 0.000103363
1.65998e+07 0.396086 0.710717 0 8.04587e-05
1.65998e+07 0.396086 0.710717 0 8.04587e-05
1.29215e+07 0.223893 0.863032 0 0.000103363
1.29215e+07 0.223893 0.863032 0 0.000103363
1.29215e+07 0.223893 0.863032 0 0.000103363
1.29233e+07 0.223893 0.905237 0 0.000103348
1.65998e+07 0.396086 0.710717 0 8.04587e-05
1.29215e+07 0.223893 0.863032 0 0.000103363
1.00313e+07 0 1 0 0.000133143
1.65998e+07 0.396086 0.710717 0 8.04587e-05
1.65998e+07 0.396086 0.710717 0 8.04587e-05
1.00313e+07 0 1 0 0.000133143
1.29215e+07 0.223893 0.863032 0 0.000103363
1.65998e+07 0.396086 0.710717 0 8.04587e-05
1.65998e+07 0.396086 0.710717 0 8.04587e-05
1.29215e+07 0.223893 0.863032 0 0.000103363
1.29215e+07 0.223893 0.863032 0 0.000103363
1.65998e+07 0.396086 0.710717 0 8.04587e-05
1.29215e+07 0.223893 0.863032 0 0.000103363
