1.40735e+07 0.271209 0.877688 0 8.51332e-05
1.02604e+07 0 1 0 0.000116771
1.02604e+07 0 1 0 0.000116771
1.02604e+07 0 1 0 0.000116771
1.02604e+07 0 1 0 0.000116771
1.40735e+07 0.271209 0.877688 0 8.51332e-05
1.02604e+07 0 1 0 0.000116771
1.40735e+07 0.271209 0.877688 0 8.51332e-05
1.02604e+07 0 1 0 0.000116771
1.02604e+07 0 1 0 0.000116771
1.02604e+07 0 1 0 0.000116771
1.02604e+07 0 1 0 0.000116771
1.02604e+07 0 1 0 0.000116771
1.40735e+07 0.271209 0.877688 0 8.51332e-05
1.18203e+07 0.132118 0.921372 0 0.000101361
1.02604e+07 0 1 0 0.000116771
1.40735e+07 0.271209 0.877688 0 8.51332e-05
1.02604e+07 0 1 0 0.000116771
1.02604e+07 0 1 0 0.000116771
1.40735e+07 0.271209 0.877688 0 8.51332e-05
1.40735e+07 0.271209 0.877688 0 8.51332e-05
1.40735e+07 0.271209 0.877688 0 8.51332e-05
1.02604e+07 0 1 0 0.000116771
1.36393e+07 0.247852 0.9422 0 8.78434e-05
1.40735e+07 0.271209 0.877688 0 8.51332e-05
1.40735e+07 0.271209 0.877688 0 8.51332e-05
1.02604e+07 0 1 0 0.000116771
1.02604e+07 0 1 0 0.000116771
1.02604e+07 0 1 0 0.000116771
1.02604e+07 0 1 0 0.000116771
1.36393e+07 0.247852 0.9422 0 8.78434e-05
1.02604e+07 0 1 0 0.000116771
1.40735e+07 0.271209 0.877688 0 8.51332e-05
1.40735e+07 0.271209 0.877688 0 8.51332e-05
1.40735e+07 0.271209 0.877688 0 8.51332e-05
1.40735e+07 0.271209 0.877688 0 8.51332e-05
1.02604e+07 0 1 0 0.000116771
1.02604e+07 0 1 0 0.000116771
1.02604e+07 0 1 0 0.000116771
1.02604e+07 0 1 0 0.000116771
1.40735e+07 0.271209 0.877688 0 8.51332e-05
1.02604e+07 0 1 0 0.000116771
1.02604e+07 0 1 0 0.000116771
1.02604e+07 0 1 0 0.000116771
1.02604e+07 0 1 0 0.000116771
1.40735e+07 0.271209 0.877688 0 8.51332e-05
1.02604e+07 0 1 0 0.000116771
1.40735e+07 0.271209 0.877688 0 8.51332e-05
1.02604e+07 0 1 0 0.000116771
1.36393e+07 0.247852 0.9422 0 8.78434e-05
1.40735e+07 0.271209 0.877688 0 8.51332e-05
1.02604e+07 0 1 0 0.000116771
1.02604e+07 0 1 0 0.000116771
1.40735e+07 0.271209 0.877688 0 8.51332e-05
1.02604e+07 0 1 0 0.000116771
1.02604e+07 0 1 0 0.000116771
1.02604e+07 0 1 0 0.000116771
1.02604e+07 0 1 0 0.000116771
1.02604e+07 0 1 0 0.000116771
1.02604e+07 0 1 0 0.000116771
1.40735e+07 0.271209 0.877688 0 8.51332e-05
1.02604e+07 0 1 0 0.000116771
1.02604e+07 0 1 0 0.000116771
1.40735e+07 0.271209 0.877688 0 8.51332e-05
1.02604e+07 0 1 0 0.000116771
1.02604e+07 0 1 0 0.000116771
1.02604e+07 0 1 0 0.000116771
1.02604e+07 0 1 0 0.000116771
1.02604e+07 0 1 0 0.000116771
1.40735e+07 0.271209 0.877688 0 8.51332e-05
1.02604e+07 0 1 0 0.000116771
1.02604e+07 0 1 0 0.000116771
1.02604e+07 0 1 0 0.000116771
1.02604e+07 0 1 0 0.000116771
1.40735e+07 0.271209 0.877688 0 8.51332e-05
1.40735e+07 0.271209 0.877688 0 8.51332e-05
1.40735e+07 0.271209 0.877688 0 8.51332e-05
1.02604e+07 0 1 0 0.000116771
1.40735e+07 0.271209 0.877688 0 8.51332e-05
1.40735e+07 0.271209 0.877688 0 8.51332e-05
1.40735e+07 0.271209 0.877688 0 8.51332e-05
1.02604e+07 0 1 0 0.000116771
1.02604e+07 0 1 0 0.000116771
1.40735e+07 0.271209 0.877688 0 8.51332e-05
1.40735e+07 0.271209 0.877688 0 8.51332e-05
1.40735e+07 0.271209 0.877688 0 8.51332e-05
1.02604e+07 0 1 0 0.000116771
1.02604e+07 0 1 0 0.000116771
1.40735e+07 0.271209 0.877688 0 8.51332e-05
1.18203e+07 0.132118 0.921372 0 0.000101361
1.02604e+07 0 1 0 0.000116771
1.02604e+07 0 1 0 0.000116771
1.02604e+07 0 1 0 0.000116771
1.40735e+07 0.271209 0.877688 0 8.51332e-05
1.02604e+07 0 1 0 0.000116771
1.02604e+07 0 1 0 0.000116771
1.40735e+07 0.271209 0.877688 0 8.51332e-05
1.40735e+07 0.271209 0.877688 0 8.51332e-05
1.02604e+07 0 1 0 0.000116771
1.40735e+07 0.271209 0.877688 0 8.51332e-05
