1.62951e+07 0.280092 0.835968 0 7.21433e-05
2.28592e+07 0.487094 0.656811 0 5.14269e-05
2.28592e+07 0.487094 0.656811 0 5.14269e-05
1.17355e+07 0 1 0 0.000100173
2.28592e+07 0.487094 0.656811 0 5.14269e-05
1.62951e+07 0.280092 0.835968 0 7.21433e-05
2.28592e+07 0.487094 0.656811 0 5.14269e-05
1.62951e+07 0.280092 0.835968 0 7.21433e-05
1.17355e+07 0 1 0 0.000100173
1.17355e+07 0 1 0 0.000100173
2.28592e+07 0.487094 0.656811 0 5.14269e-05
2.28592e+07 0.487094 0.656811 0 5.14269e-05
1.17355e+07 0 1 0 0.000100173
1.62951e+07 0.280092 0.835968 0 7.21433e-05
1.17355e+07 0 1 0 0.000100173
1.17355e+07 0 1 0 0.000100173
1.62951e+07 0.280092 0.835968 0 7.21433e-05
1.17355e+07 0 1 0 0.000100173
2.28592e+07 0.487094 0.656811 0 5.14269e-05
1.62951e+07 0.280092 0.835968 0 7.21433e-05
1.62951e+07 0.280092 0.835968 0 7.21433e-05
1.62951e+07 0.280092 0.835968 0 7.21433e-05
1.17355e+07 0 1 0 0.000100173
1.17355e+07 0 1 0 0.000100173
1.62951e+07 0.280092 0.835968 0 7.21433e-05
1.62951e+07 0.280092 0.835968 0 7.21433e-05
2.28592e+07 0.487094 0.656811 0 5.14269e-05
1.17355e+07 0 1 0 0.000100173
2.28592e+07 0.487094 0.656811 0 5.14269e-05
1.17355e+07 0 1 0 0.000100173
1.17355e+07 0 1 0 0.000100173
1.17355e+07 0 1 0 0.000100173
1.62951e+07 0.280092 0.835968 0 7.21433e-05
1.62951e+07 0.280092 0.835968 0 7.21433e-05
1.62951e+07 0.280092 0.835968 0 7.21433e-05
1.62951e+07 0.280092 0.835968 0 7.21433e-05
1.17355e+07 0 1 0 0.000100173
1.17355e+07 0 1 0 0.000100173
2.28592e+07 0.487094 0.656811 0 5.14269e-05
2.28592e+07 0.487094 0.656811 0 5.14269e-05
1.62951e+07 0.280092 0.835968 0 7.21433e-05
2.28592e+07 0.487094 0.656811 0 5.14269e-05
2.28592e+07 0.487094 0.656811 0 5.14269e-05
2.28592e+07 0.487094 0.656811 0 5.14269e-05
1.17355e+07 0 1 0 0.000100173
1.62951e+07 0.280092 0.835968 0 7.21433e-05
2.28592e+07 0.487094 0.656811 0 5.14269e-05
1.62951e+07 0.280092 0.835968 0 7.21433e-05
1.17355e+07 0 1 0 0.000100173
1.17355e+07 0 1 0 0.000100173
1.62951e+07 0.280092 0.835968 0 7.21433e-05
2.28592e+07 0.487094 0.656811 0 5.14269e-05
1.17355e+07 0 1 0 0.000100173
1.62951e+07 0.280092 0.835968 0 7.21433e-05
2.28592e+07 0.487094 0.656811 0 5.14269e-05
1.17355e+07 0 1 0 0.000100173
2.28592e+07 0.487094 0.656811 0 5.14269e-05
2.28592e+07 0.487094 0.656811 0 5.14269e-05
1.17355e+07 0 1 0 0.000100173
2.28592e+07 0.487094 0.656811 0 5.14269e-05
1.62951e+07 0.280092 0.835968 0 7.21433e-05
2.28592e+07 0.487094 0.656811 0 5.14269e-05
1.17355e+07 0 1 0 0.000100173
1.62951e+07 0.280092 0.835968 0 7.21433e-05
1.17355e+07 0 1 0 0.000100173
1.17355e+07 0 1 0 0.000100173
2.28592e+07 0.487094 0.656811 0 5.14269e-05
2.28592e+07 0.487094 0.656811 0 5.14269e-05
1.17355e+07 0 1 0 0.000100173
1.62951e+07 0.280092 0.835968 0 7.21433e-05
2.28592e+07 0.487094 0.656811 0 5.14269e-05
1.17355e+07 0 1 0 0.000100173
2.28592e+07 0.487094 0.656811 0 5.14269e-05
1.17355e+07 0 1 0 0.000100173
1.62951e+07 0.280092 0.835968 0 7.21433e-05
1.62951e+07 0.280092 0.835968 0 7.21433e-05
1.62951e+07 0.280092 0.835968 0 7.21433e-05
2.28592e+07 0.487094 0.656811 0 5.14269e-05
1.62951e+07 0.280092 0.835968 0 7.21433e-05
1.62951e+07 0.280092 0.835968 0 7.21433e-05
1.62951e+07 0.280092 0.835968 0 7.21433e-05
2.28592e+07 0.487094 0.656811 0 5.14269e-05
2.28592e+07 0.487094 0.656811 0 5.14269e-05
1.62951e+07 0.280092 0.835968 0 7.21433e-05
1.62951e+07 0.280092 0.835968 0 7.21433e-05
1.62951e+07 0.280092 0.835968 0 7.21433e-05
1.17355e+07 0 1 0 0.000100173
2.28592e+07 0.487094 0.656811 0 5.14269e-05
1.62951e+07 0.280092 0.835968 0 7.21433e-05
1.17355e+07 0 1 0 0.000100173
2.28592e+07 0.487094 0.656811 0 5.14269e-05
2.28592e+07 0.487094 0.656811 0 5.14269e-05
1.17355e+07 0 1 0 0.000100173
1.62951e+07 0.280092 0.835968 0 7.21433e-05
2.28592e+07 0.487094 0.656811 0 5.14269e-05
2.28592e+07 0.487094 0.656811 0 5.14269e-05
1.62951e+07 0.280092 0.835968 0 7.21433e-05
1.62951e+07 0.280092 0.835968 0 7.21433e-05
2.28592e+07 0.487094 0.656811 0 5.14269e-05
1.62951e+07 0.280092 0.835968 0 7.21433e-05
