1.77681e+07 0.277714 0.769271 0 7.30009e-05
1.66925e+07 0.231091 0.768467 0 7.77051e-05
1.66925e+07 0.231091 0.768467 0 7.77051e-05
1.77716e+07 0.277714 0.839772 0 7.29868e-05
1.66925e+07 0.231091 0.768467 0 7.77051e-05
1.77681e+07 0.277714 0.769271 0 7.30009e-05
1.66925e+07 0.231091 0.768467 0 7.77051e-05
1.77681e+07 0.277714 0.769271 0 7.30009e-05
1.77716e+07 0.277714 0.839772 0 7.29868e-05
1.77716e+07 0.277714 0.839772 0 7.29868e-05
1.66925e+07 0.231091 0.768467 0 7.77051e-05
1.66925e+07 0.231091 0.768467 0 7.77051e-05
1.77716e+07 0.277714 0.839772 0 7.29868e-05
1.77681e+07 0.277714 0.769271 0 7.30009e-05
1.51102e+07 0.150513 0.833623 0 8.58418e-05
1.28386e+07 0 1 0 0.00010103
1.77681e+07 0.277714 0.769271 0 7.30009e-05
1.77716e+07 0.277714 0.839772 0 7.29868e-05
1.66925e+07 0.231091 0.768467 0 7.77051e-05
1.77681e+07 0.277714 0.769271 0 7.30009e-05
1.77681e+07 0.277714 0.769271 0 7.30009e-05
1.77681e+07 0.277714 0.769271 0 7.30009e-05
1.77716e+07 0.277714 0.839772 0 7.29868e-05
1.28386e+07 0 1 0 0.00010103
1.77681e+07 0.277714 0.769271 0 7.30009e-05
1.77681e+07 0.277714 0.769271 0 7.30009e-05
1.66925e+07 0.231091 0.768467 0 7.77051e-05
1.77716e+07 0.277714 0.839772 0 7.29868e-05
1.66925e+07 0.231091 0.768467 0 7.77051e-05
1.77716e+07 0.277714 0.839772 0 7.29868e-05
1.28386e+07 0 1 0 0.00010103
1.77716e+07 0.277714 0.839772 0 7.29868e-05
1.77681e+07 0.277714 0.769271 0 7.30009e-05
1.77681e+07 0.277714 0.769271 0 7.30009e-05
1.77681e+07 0.277714 0.769271 0 7.30009e-05
1.77681e+07 0.277714 0.769271 0 7.30009e-05
1.77716e+07 0.277714 0.839772 0 7.29868e-05
1.77716e+07 0.277714 0.839772 0 7.29868e-05
1.66925e+07 0.231091 0.768467 0 7.77051e-05
1.66925e+07 0.231091 0.768467 0 7.77051e-05
1.77681e+07 0.277714 0.769271 0 7.30009e-05
1.66925e+07 0.231091 0.768467 0 7.77051e-05
1.66925e+07 0.231091 0.768467 0 7.77051e-05
1.66925e+07 0.231091 0.768467 0 7.77051e-05
1.77716e+07 0.277714 0.839772 0 7.29868e-05
1.77681e+07 0.277714 0.769271 0 7.30009e-05
1.66925e+07 0.231091 0.768467 0 7.77051e-05
1.77681e+07 0.277714 0.769271 0 7.30009e-05
1.28386e+07 0 1 0 0.00010103
1.28386e+07 0 1 0 0.00010103
1.77681e+07 0.277714 0.769271 0 7.30009e-05
1.66925e+07 0.231091 0.768467 0 7.77051e-05
1.28386e+07 0 1 0 0.00010103
1.77681e+07 0.277714 0.769271 0 7.30009e-05
1.66925e+07 0.231091 0.768467 0 7.77051e-05
1.77716e+07 0.277714 0.839772 0 7.29868e-05
1.66925e+07 0.231091 0.768467 0 7.77051e-05
1.66925e+07 0.231091 0.768467 0 7.77051e-05
1.77716e+07 0.277714 0.839772 0 7.29868e-05
1.66925e+07 0.231091 0.768467 0 7.77051e-05
1.77681e+07 0.277714 0.769271 0 7.30009e-05
1.66925e+07 0.231091 0.768467 0 7.77051e-05
1.77716e+07 0.277714 0.839772 0 7.29868e-05
1.77681e+07 0.277714 0.769271 0 7.30009e-05
1.77716e+07 0.277714 0.839772 0 7.29868e-05
1.28386e+07 0 1 0 0.00010103
1.66925e+07 0.231091 0.768467 0 7.77051e-05
1.66925e+07 0.231091 0.768467 0 7.77051e-05
1.28386e+07 0 1 0 0.00010103
1.77681e+07 0.277714 0.769271 0 7.30009e-05
1.66925e+07 0.231091 0.768467 0 7.77051e-05
1.77716e+07 0.277714 0.839772 0 7.29868e-05
1.66925e+07 0.231091 0.768467 0 7.77051e-05
1.77716e+07 0.277714 0.839772 0 7.29868e-05
1.77681e+07 0.277714 0.769271 0 7.30009e-05
1.77681e+07 0.277714 0.769271 0 7.30009e-05
1.77681e+07 0.277714 0.769271 0 7.30009e-05
1.66925e+07 0.231091 0.768467 0 7.77051e-05
1.77681e+07 0.277714 0.769271 0 7.30009e-05
1.77681e+07 0.277714 0.769271 0 7.30009e-05
1.77681e+07 0.277714 0.769271 0 7.30009e-05
1.66925e+07 0.231091 0.768467 0 7.77051e-05
1.66925e+07 0.231091 0.768467 0 7.77051e-05
1.77681e+07 0.277714 0.769271 0 7.30009e-05
1.77681e+07 0.277714 0.769271 0 7.30009e-05
1.77681e+07 0.277714 0.769271 0 7.30009e-05
1.77716e+07 0.277714 0.839772 0 7.29868e-05
1.66925e+07 0.231091 0.768467 0 7.77051e-05
1.77681e+07 0.277714 0.769271 0 7.30009e-05
1.51102e+07 0.150513 0.833623 0 8.58418e-05
1.66925e+07 0.231091 0.768467 0 7.77051e-05
1.66925e+07 0.231091 0.768467 0 7.77051e-05
1.28386e+07 0 1 0 0.00010103
1.77681e+07 0.277714 0.769271 0 7.30009e-05
1.66925e+07 0.231091 0.768467 0 7.77051e-05
1.66925e+07 0.231091 0.768467 0 7.77051e-05
1.77681e+07 0.277714 0.769271 0 7.30009e-05
1.77681e+07 0.277714 0.769271 0 7.30009e-05
1.66925e+07 0.231091 0.768467 0 7.77051e-05
1.77681e+07 0.277714 0.769271 0 7.30009e-05
