1.49215e+07 0.268026 0.881149 0 8.49756e-05
1.09261e+07 0 1 0 0.000116049
1.09261e+07 0 1 0 0.000116049
1.96596e+07 0.444504 0.863965 0 6.44956e-05
1.09261e+07 0 1 0 0.000116049
1.49215e+07 0.268026 0.881149 0 8.49756e-05
1.09261e+07 0 1 0 0.000116049
1.49215e+07 0.268026 0.881149 0 8.49756e-05
1.96596e+07 0.444504 0.863965 0 6.44956e-05
1.96596e+07 0.444504 0.863965 0 6.44956e-05
1.09261e+07 0 1 0 0.000116049
1.09261e+07 0 1 0 0.000116049
1.96596e+07 0.444504 0.863965 0 6.44956e-05
1.49215e+07 0.268026 0.881149 0 8.49756e-05
1.09261e+07 0 1 0 0.000116049
1.09261e+07 0 1 0 0.000116049
1.49215e+07 0.268026 0.881149 0 8.49756e-05
1.96596e+07 0.444504 0.863965 0 6.44956e-05
1.09261e+07 0 1 0 0.000116049
1.49215e+07 0.268026 0.881149 0 8.49756e-05
1.49215e+07 0.268026 0.881149 0 8.49756e-05
1.49215e+07 0.268026 0.881149 0 8.49756e-05
1.96596e+07 0.444504 0.863965 0 6.44956e-05
1.09261e+07 0 1 0 0.000116049
1.49215e+07 0.268026 0.881149 0 8.49756e-05
1.49215e+07 0.268026 0.881149 0 8.49756e-05
1.09261e+07 0 1 0 0.000116049
1.96596e+07 0.444504 0.863965 0 6.44956e-05
1.09261e+07 0 1 0 0.000116049
1.96596e+07 0.444504 0.863965 0 6.44956e-05
1.09261e+07 0 1 0 0.000116049
1.96596e+07 0.444504 0.863965 0 6.44956e-05
1.49215e+07 0.268026 0.881149 0 8.49756e-05
1.49215e+07 0.268026 0.881149 0 8.49756e-05
1.49215e+07 0.268026 0.881149 0 8.49756e-05
1.49215e+07 0.268026 0.881149 0 8.49756e-05
1.96596e+07 0.444504 0.863965 0 6.44956e-05
1.96596e+07 0.444504 0.863965 0 6.44956e-05
1.09261e+07 0 1 0 0.000116049
1.09261e+07 0 1 0 0.000116049
1.49215e+07 0.268026 0.881149 0 8.49756e-05
1.09261e+07 0 1 0 0.000116049
1.09261e+07 0 1 0 0.000116049
1.09261e+07 0 1 0 0.000116049
1.96596e+07 0.444504 0.863965 0 6.44956e-05
1.49215e+07 0.268026 0.881149 0 8.49756e-05
1.09261e+07 0 1 0 0.000116049
1.49215e+07 0.268026 0.881149 0 8.49756e-05
1.09261e+07 0 1 0 0.000116049
1.09261e+07 0 1 0 0.000116049
1.49215e+07 0.268026 0.881149 0 8.49756e-05
1.09261e+07 0 1 0 0.000116049
1.09261e+07 0 1 0 0.000116049
1.49215e+07 0.268026 0.881149 0 8.49756e-05
1.09261e+07 0 1 0 0.000116049
1.96596e+07 0.444504 0.863965 0 6.44956e-05
1.09261e+07 0 1 0 0.000116049
1.09261e+07 0 1 0 0.000116049
1.96596e+07 0.444504 0.863965 0 6.44956e-05
1.09261e+07 0 1 0 0.000116049
1.49215e+07 0.268026 0.881149 0 8.49756e-05
1.09261e+07 0 1 0 0.000116049
1.96596e+07 0.444504 0.863965 0 6.44956e-05
1.49215e+07 0.268026 0.881149 0 8.49756e-05
1.96596e+07 0.444504 0.863965 0 6.44956e-05
1.09261e+07 0 1 0 0.000116049
1.09261e+07 0 1 0 0.000116049
1.09261e+07 0 1 0 0.000116049
1.09261e+07 0 1 0 0.000116049
1.49215e+07 0.268026 0.881149 0 8.49756e-05
1.09261e+07 0 1 0 0.000116049
1.96596e+07 0.444504 0.863965 0 6.44956e-05
1.09261e+07 0 1 0 0.000116049
1.96596e+07 0.444504 0.863965 0 6.44956e-05
1.49215e+07 0.268026 0.881149 0 8.49756e-05
1.49215e+07 0.268026 0.881149 0 8.49756e-05
1.49215e+07 0.268026 0.881149 0 8.49756e-05
1.09261e+07 0 1 0 0.000116049
1.49215e+07 0.268026 0.881149 0 8.49756e-05
1.49215e+07 0.268026 0.881149 0 8.49756e-05
1.49215e+07 0.268026 0.881149 0 8.49756e-05
1.09261e+07 0 1 0 0.000116049
1.09261e+07 0 1 0 0.000116049
1.49215e+07 0.268026 0.881149 0 8.49756e-05
1.49215e+07 0.268026 0.881149 0 8.49756e-05
1.49215e+07 0.268026 0.881149 0 8.49756e-05
1.96596e+07 0.444504 0.863965 0 6.44956e-05
1.09261e+07 0 1 0 0.000116049
1.49215e+07 0.268026 0.881149 0 8.49756e-05
1.09261e+07 0 1 0 0.000116049
1.09261e+07 0 1 0 0.000116049
1.09261e+07 0 1 0 0.000116049
1.09261e+07 0 1 0 0.000116049
1.49215e+07 0.268026 0.881149 0 8.49756e-05
1.09261e+07 0 1 0 0.000116049
1.09261e+07 0 1 0 0.000116049
1.49215e+07 0.268026 0.881149 0 8.49756e-05
1.49215e+07 0.268026 0.881149 0 8.49756e-05
1.09261e+07 0 1 0 0.000116049
1.49215e+07 0.268026 0.881149 0 8.49756e-05
