1.09967e+07 0 1 0 0.000108032
2.24993e+07 0.511848 0.6301 0 5.28015e-05
2.24993e+07 0.511848 0.6301 0 5.28015e-05
1.09967e+07 0 1 0 0.000108032
2.24993e+07 0.511848 0.6301 0 5.28015e-05
1.09967e+07 0 1 0 0.000108032
2.24993e+07 0.511848 0.6301 0 5.28015e-05
1.09967e+07 0 1 0 0.000108032
1.09967e+07 0 1 0 0.000108032
1.09967e+07 0 1 0 0.000108032
2.24993e+07 0.511848 0.6301 0 5.28015e-05
2.24993e+07 0.511848 0.6301 0 5.28015e-05
1.09967e+07 0 1 0 0.000108032
1.09967e+07 0 1 0 0.000108032
1.09967e+07 0 1 0 0.000108032
1.09967e+07 0 1 0 0.000108032
1.09967e+07 0 1 0 0.000108032
1.09967e+07 0 1 0 0.000108032
2.24993e+07 0.511848 0.6301 0 5.28015e-05
1.09967e+07 0 1 0 0.000108032
1.09967e+07 0 1 0 0.000108032
1.09967e+07 0 1 0 0.000108032
1.09967e+07 0 1 0 0.000108032
1.47141e+07 0.252765 0.921533 0 8.0739e-05
1.09967e+07 0 1 0 0.000108032
1.09967e+07 0 1 0 0.000108032
2.24993e+07 0.511848 0.6301 0 5.28015e-05
1.09967e+07 0 1 0 0.000108032
2.24993e+07 0.511848 0.6301 0 5.28015e-05
1.09967e+07 0 1 0 0.000108032
1.47141e+07 0.252765 0.921533 0 8.0739e-05
1.09967e+07 0 1 0 0.000108032
1.09967e+07 0 1 0 0.000108032
1.09967e+07 0 1 0 0.000108032
1.09967e+07 0 1 0 0.000108032
1.09967e+07 0 1 0 0.000108032
1.09967e+07 0 1 0 0.000108032
1.09967e+07 0 1 0 0.000108032
2.24993e+07 0.511848 0.6301 0 5.28015e-05
2.24993e+07 0.511848 0.6301 0 5.28015e-05
1.09967e+07 0 1 0 0.000108032
2.24993e+07 0.511848 0.6301 0 5.28015e-05
2.24993e+07 0.511848 0.6301 0 5.28015e-05
2.24993e+07 0.511848 0.6301 0 5.28015e-05
1.09967e+07 0 1 0 0.000108032
1.09967e+07 0 1 0 0.000108032
2.24993e+07 0.511848 0.6301 0 5.28015e-05
1.09967e+07 0 1 0 0.000108032
1.09967e+07 0 1 0 0.000108032
1.47141e+07 0.252765 0.921533 0 8.0739e-05
1.09967e+07 0 1 0 0.000108032
2.24993e+07 0.511848 0.6301 0 5.28015e-05
1.09967e+07 0 1 0 0.000108032
1.09967e+07 0 1 0 0.000108032
2.24993e+07 0.511848 0.6301 0 5.28015e-05
1.09967e+07 0 1 0 0.000108032
2.24993e+07 0.511848 0.6301 0 5.28015e-05
2.24993e+07 0.511848 0.6301 0 5.28015e-05
1.09967e+07 0 1 0 0.000108032
2.24993e+07 0.511848 0.6301 0 5.28015e-05
1.09967e+07 0 1 0 0.000108032
2.24993e+07 0.511848 0.6301 0 5.28015e-05
1.09967e+07 0 1 0 0.000108032
1.09967e+07 0 1 0 0.000108032
1.09967e+07 0 1 0 0.000108032
1.09967e+07 0 1 0 0.000108032
2.24993e+07 0.511848 0.6301 0 5.28015e-05
2.24993e+07 0.511848 0.6301 0 5.28015e-05
1.09967e+07 0 1 0 0.000108032
1.09967e+07 0 1 0 0.000108032
2.24993e+07 0.511848 0.6301 0 5.28015e-05
1.09967e+07 0 1 0 0.000108032
2.24993e+07 0.511848 0.6301 0 5.28015e-05
1.09967e+07 0 1 0 0.000108032
1.09967e+07 0 1 0 0.000108032
1.09967e+07 0 1 0 0.000108032
1.09967e+07 0 1 0 0.000108032
2.24993e+07 0.511848 0.6301 0 5.28015e-05
1.09967e+07 0 1 0 0.000108032
1.09967e+07 0 1 0 0.000108032
1.09967e+07 0 1 0 0.000108032
2.24993e+07 0.511848 0.6301 0 5.28015e-05
2.24993e+07 0.511848 0.6301 0 5.28015e-05
1.09967e+07 0 1 0 0.000108032
1.09967e+07 0 1 0 0.000108032
1.09967e+07 0 1 0 0.000108032
1.09967e+07 0 1 0 0.000108032
2.24993e+07 0.511848 0.6301 0 5.28015e-05
1.09967e+07 0 1 0 0.000108032
1.09967e+07 0 1 0 0.000108032
2.24993e+07 0.511848 0.6301 0 5.28015e-05
2.24993e+07 0.511848 0.6301 0 5.28015e-05
1.09967e+07 0 1 0 0.000108032
1.09967e+07 0 1 0 0.000108032
2.24993e+07 0.511848 0.6301 0 5.28015e-05
2.24993e+07 0.511848 0.6301 0 5.28015e-05
1.09967e+07 0 1 0 0.000108032
1.09967e+07 0 1 0 0.000108032
2.24993e+07 0.511848 0.6301 0 5.28015e-05
1.09967e+07 0 1 0 0.000108032
