1.20992e+07 0 1 0 0.000105792
1.20992e+07 0 1 0 0.000105792
1.20992e+07 0 1 0 0.000105792
1.75246e+07 0.30974 0.81802 0 7.30404e-05
1.20992e+07 0 1 0 0.000105792
1.20992e+07 0 1 0 0.000105792
1.20992e+07 0 1 0 0.000105792
1.20992e+07 0 1 0 0.000105792
1.75246e+07 0.30974 0.81802 0 7.30404e-05
1.75246e+07 0.30974 0.81802 0 7.30404e-05
1.20992e+07 0 1 0 0.000105792
1.20992e+07 0 1 0 0.000105792
1.75246e+07 0.30974 0.81802 0 7.30404e-05
1.20992e+07 0 1 0 0.000105792
1.20992e+07 0 1 0 0.000105792
3.17763e+07 0.61948 0.766838 0 4.02816e-05
1.20992e+07 0 1 0 0.000105792
1.75246e+07 0.30974 0.81802 0 7.30404e-05
1.20992e+07 0 1 0 0.000105792
1.20992e+07 0 1 0 0.000105792
1.20992e+07 0 1 0 0.000105792
1.20992e+07 0 1 0 0.000105792
1.75246e+07 0.30974 0.81802 0 7.30404e-05
1.20992e+07 0 1 0 0.000105792
1.20992e+07 0 1 0 0.000105792
1.20992e+07 0 1 0 0.000105792
1.20992e+07 0 1 0 0.000105792
1.75246e+07 0.30974 0.81802 0 7.30404e-05
1.20992e+07 0 1 0 0.000105792
1.75246e+07 0.30974 0.81802 0 7.30404e-05
1.20992e+07 0 1 0 0.000105792
1.75246e+07 0.30974 0.81802 0 7.30404e-05
1.20992e+07 0 1 0 0.000105792
1.20992e+07 0 1 0 0.000105792
1.20992e+07 0 1 0 0.000105792
1.20992e+07 0 1 0 0.000105792
1.75246e+07 0.30974 0.81802 0 7.30404e-05
1.75246e+07 0.30974 0.81802 0 7.30404e-05
1.20992e+07 0 1 0 0.000105792
1.20992e+07 0 1 0 0.000105792
1.20992e+07 0 1 0 0.000105792
1.20992e+07 0 1 0 0.000105792
1.20992e+07 0 1 0 0.000105792
1.20992e+07 0 1 0 0.000105792
1.75246e+07 0.30974 0.81802 0 7.30404e-05
1.20992e+07 0 1 0 0.000105792
1.20992e+07 0 1 0 0.000105792
1.20992e+07 0 1 0 0.000105792
3.17763e+07 0.61948 0.766838 0 4.02816e-05
1.20992e+07 0 1 0 0.000105792
1.20992e+07 0 1 0 0.000105792
1.20992e+07 0 1 0 0.000105792
1.20992e+07 0 1 0 0.000105792
1.20992e+07 0 1 0 0.000105792
1.20992e+07 0 1 0 0.000105792
1.75246e+07 0.30974 0.81802 0 7.30404e-05
1.20992e+07 0 1 0 0.000105792
1.20992e+07 0 1 0 0.000105792
1.75246e+07 0.30974 0.81802 0 7.30404e-05
1.20992e+07 0 1 0 0.000105792
1.20992e+07 0 1 0 0.000105792
1.20992e+07 0 1 0 0.000105792
1.75246e+07 0.30974 0.81802 0 7.30404e-05
1.20992e+07 0 1 0 0.000105792
1.75246e+07 0.30974 0.81802 0 7.30404e-05
3.17763e+07 0.61948 0.766838 0 4.02816e-05
1.20992e+07 0 1 0 0.000105792
1.20992e+07 0 1 0 0.000105792
1.20992e+07 0 1 0 0.000105792
1.20992e+07 0 1 0 0.000105792
1.20992e+07 0 1 0 0.000105792
1.75246e+07 0.30974 0.81802 0 7.30404e-05
1.20992e+07 0 1 0 0.000105792
1.75246e+07 0.30974 0.81802 0 7.30404e-05
1.20992e+07 0 1 0 0.000105792
1.20992e+07 0 1 0 0.000105792
1.20992e+07 0 1 0 0.000105792
1.20992e+07 0 1 0 0.000105792
1.20992e+07 0 1 0 0.000105792
1.20992e+07 0 1 0 0.000105792
1.20992e+07 0 1 0 0.000105792
1.20992e+07 0 1 0 0.000105792
1.20992e+07 0 1 0 0.000105792
1.20992e+07 0 1 0 0.000105792
1.20992e+07 0 1 0 0.000105792
1.20992e+07 0 1 0 0.000105792
1.75246e+07 0.30974 0.81802 0 7.30404e-05
1.20992e+07 0 1 0 0.000105792
1.20992e+07 0 1 0 0.000105792
1.20992e+07 0 1 0 0.000105792
1.20992e+07 0 1 0 0.000105792
1.20992e+07 0 1 0 0.000105792
3.17763e+07 0.61948 0.766838 0 4.02816e-05
1.20992e+07 0 1 0 0.000105792
1.20992e+07 0 1 0 0.000105792
1.20992e+07 0 1 0 0.000105792
1.20992e+07 0 1 0 0.000105792
1.20992e+07 0 1 0 0.000105792
1.20992e+07 0 1 0 0.000105792
1.20992e+07 0 1 0 0.000105792
