1.8818e+07 0.470674 0.683098 0 7.42328e-05
1.65376e+07 0.397588 0.668827 0 8.44687e-05
1.65376e+07 0.397588 0.668827 0 8.44687e-05
9.97018e+06 0 1 0 0.000140109
1.65376e+07 0.397588 0.668827 0 8.44687e-05
1.8818e+07 0.470674 0.683098 0 7.42328e-05
1.65376e+07 0.397588 0.668827 0 8.44687e-05
1.8818e+07 0.470674 0.683098 0 7.42328e-05
9.97018e+06 0 1 0 0.000140109
9.97018e+06 0 1 0 0.000140109
1.65376e+07 0.397588 0.668827 0 8.44687e-05
1.65376e+07 0.397588 0.668827 0 8.44687e-05
9.97018e+06 0 1 0 0.000140109
1.8818e+07 0.470674 0.683098 0 7.42328e-05
9.97018e+06 0 1 0 0.000140109
9.97018e+06 0 1 0 0.000140109
1.8818e+07 0.470674 0.683098 0 7.42328e-05
9.97018e+06 0 1 0 0.000140109
1.65376e+07 0.397588 0.668827 0 8.44687e-05
1.8818e+07 0.470674 0.683098 0 7.42328e-05
1.8818e+07 0.470674 0.683098 0 7.42328e-05
1.8818e+07 0.470674 0.683098 0 7.42328e-05
9.97018e+06 0 1 0 0.000140109
9.97018e+06 0 1 0 0.000140109
1.8818e+07 0.470674 0.683098 0 7.42328e-05
1.8818e+07 0.470674 0.683098 0 7.42328e-05
1.65376e+07 0.397588 0.668827 0 8.44687e-05
9.97018e+06 0 1 0 0.000140109
1.65376e+07 0.397588 0.668827 0 8.44687e-05
9.97018e+06 0 1 0 0.000140109
9.97018e+06 0 1 0 0.000140109
9.97018e+06 0 1 0 0.000140109
1.8818e+07 0.470674 0.683098 0 7.42328e-05
1.8818e+07 0.470674 0.683098 0 7.42328e-05
1.8818e+07 0.470674 0.683098 0 7.42328e-05
1.8818e+07 0.470674 0.683098 0 7.42328e-05
9.97018e+06 0 1 0 0.000140109
9.97018e+06 0 1 0 0.000140109
1.65376e+07 0.397588 0.668827 0 8.44687e-05
1.65376e+07 0.397588 0.668827 0 8.44687e-05
1.8818e+07 0.470674 0.683098 0 7.42328e-05
1.65376e+07 0.397588 0.668827 0 8.44687e-05
1.65376e+07 0.397588 0.668827 0 8.44687e-05
1.65376e+07 0.397588 0.668827 0 8.44687e-05
9.97018e+06 0 1 0 0.000140109
1.8818e+07 0.470674 0.683098 0 7.42328e-05
1.65376e+07 0.397588 0.668827 0 8.44687e-05
1.8818e+07 0.470674 0.683098 0 7.42328e-05
9.97018e+06 0 1 0 0.000140109
9.97018e+06 0 1 0 0.000140109
1.8818e+07 0.470674 0.683098 0 7.42328e-05
1.65376e+07 0.397588 0.668827 0 8.44687e-05
9.97018e+06 0 1 0 0.000140109
1.8818e+07 0.470674 0.683098 0 7.42328e-05
1.65376e+07 0.397588 0.668827 0 8.44687e-05
9.97018e+06 0 1 0 0.000140109
1.65376e+07 0.397588 0.668827 0 8.44687e-05
1.65376e+07 0.397588 0.668827 0 8.44687e-05
9.97018e+06 0 1 0 0.000140109
1.65376e+07 0.397588 0.668827 0 8.44687e-05
1.8818e+07 0.470674 0.683098 0 7.42328e-05
1.65376e+07 0.397588 0.668827 0 8.44687e-05
9.97018e+06 0 1 0 0.000140109
1.8818e+07 0.470674 0.683098 0 7.42328e-05
9.97018e+06 0 1 0 0.000140109
9.97018e+06 0 1 0 0.000140109
1.65376e+07 0.397588 0.668827 0 8.44687e-05
1.65376e+07 0.397588 0.668827 0 8.44687e-05
9.97018e+06 0 1 0 0.000140109
1.8818e+07 0.470674 0.683098 0 7.42328e-05
1.65376e+07 0.397588 0.668827 0 8.44687e-05
9.97018e+06 0 1 0 0.000140109
1.65376e+07 0.397588 0.668827 0 8.44687e-05
9.97018e+06 0 1 0 0.000140109
1.8818e+07 0.470674 0.683098 0 7.42328e-05
1.8818e+07 0.470674 0.683098 0 7.42328e-05
1.8818e+07 0.470674 0.683098 0 7.42328e-05
1.65376e+07 0.397588 0.668827 0 8.44687e-05
1.8818e+07 0.470674 0.683098 0 7.42328e-05
1.8818e+07 0.470674 0.683098 0 7.42328e-05
1.8818e+07 0.470674 0.683098 0 7.42328e-05
1.65376e+07 0.397588 0.668827 0 8.44687e-05
1.65376e+07 0.397588 0.668827 0 8.44687e-05
1.8818e+07 0.470674 0.683098 0 7.42328e-05
1.8818e+07 0.470674 0.683098 0 7.42328e-05
1.8818e+07 0.470674 0.683098 0 7.42328e-05
9.97018e+06 0 1 0 0.000140109
1.65376e+07 0.397588 0.668827 0 8.44687e-05
1.8818e+07 0.470674 0.683098 0 7.42328e-05
9.97018e+06 0 1 0 0.000140109
1.65376e+07 0.397588 0.668827 0 8.44687e-05
1.65376e+07 0.397588 0.668827 0 8.44687e-05
9.97018e+06 0 1 0 0.000140109
1.8818e+07 0.470674 0.683098 0 7.42328e-05
1.65376e+07 0.397588 0.668827 0 8.44687e-05
1.65376e+07 0.397588 0.668827 0 8.44687e-05
1.8818e+07 0.470674 0.683098 0 7.42328e-05
1.8818e+07 0.470674 0.683098 0 7.42328e-05
1.65376e+07 0.397588 0.668827 0 8.44687e-05
1.8818e+07 0.470674 0.683098 0 7.42328e-05
