1.85077e+07 0.315003 0.79472 0 6.46057e-05
1.76686e+07 0.282417 0.78033 0 6.76736e-05
1.76686e+07 0.282417 0.78033 0 6.76736e-05
1.26835e+07 0 1 0 9.4272e-05
1.76686e+07 0.282417 0.78033 0 6.76736e-05
1.85077e+07 0.315003 0.79472 0 6.46057e-05
1.76686e+07 0.282417 0.78033 0 6.76736e-05
1.85077e+07 0.315003 0.79472 0 6.46057e-05
1.26835e+07 0 1 0 9.4272e-05
1.26835e+07 0 1 0 9.4272e-05
1.76686e+07 0.282417 0.78033 0 6.76736e-05
1.76686e+07 0.282417 0.78033 0 6.76736e-05
1.26835e+07 0 1 0 9.4272e-05
1.85077e+07 0.315003 0.79472 0 6.46057e-05
1.51981e+07 0.165648 0.857138 0 7.86743e-05
1.26835e+07 0 1 0 9.4272e-05
1.85077e+07 0.315003 0.79472 0 6.46057e-05
1.26835e+07 0 1 0 9.4272e-05
1.76686e+07 0.282417 0.78033 0 6.76736e-05
1.85077e+07 0.315003 0.79472 0 6.46057e-05
1.85077e+07 0.315003 0.79472 0 6.46057e-05
1.85077e+07 0.315003 0.79472 0 6.46057e-05
1.26835e+07 0 1 0 9.4272e-05
1.26835e+07 0 1 0 9.4272e-05
1.85077e+07 0.315003 0.79472 0 6.46057e-05
1.85077e+07 0.315003 0.79472 0 6.46057e-05
1.76686e+07 0.282417 0.78033 0 6.76736e-05
1.26835e+07 0 1 0 9.4272e-05
1.76686e+07 0.282417 0.78033 0 6.76736e-05
1.26835e+07 0 1 0 9.4272e-05
1.26835e+07 0 1 0 9.4272e-05
1.26835e+07 0 1 0 9.4272e-05
1.85077e+07 0.315003 0.79472 0 6.46057e-05
1.85077e+07 0.315003 0.79472 0 6.46057e-05
1.85077e+07 0.315003 0.79472 0 6.46057e-05
1.85077e+07 0.315003 0.79472 0 6.46057e-05
1.26835e+07 0 1 0 9.4272e-05
1.26835e+07 0 1 0 9.4272e-05
1.76686e+07 0.282417 0.78033 0 6.76736e-05
1.76686e+07 0.282417 0.78033 0 6.76736e-05
1.85077e+07 0.315003 0.79472 0 6.46057e-05
1.76686e+07 0.282417 0.78033 0 6.76736e-05
1.76686e+07 0.282417 0.78033 0 6.76736e-05
1.76686e+07 0.282417 0.78033 0 6.76736e-05
1.26835e+07 0 1 0 9.4272e-05
1.85077e+07 0.315003 0.79472 0 6.46057e-05
1.76686e+07 0.282417 0.78033 0 6.76736e-05
1.85077e+07 0.315003 0.79472 0 6.46057e-05
1.26835e+07 0 1 0 9.4272e-05
1.26835e+07 0 1 0 9.4272e-05
1.85077e+07 0.315003 0.79472 0 6.46057e-05
1.76686e+07 0.282417 0.78033 0 6.76736e-05
1.26835e+07 0 1 0 9.4272e-05
1.85077e+07 0.315003 0.79472 0 6.46057e-05
1.76686e+07 0.282417 0.78033 0 6.76736e-05
1.26835e+07 0 1 0 9.4272e-05
1.76686e+07 0.282417 0.78033 0 6.76736e-05
1.76686e+07 0.282417 0.78033 0 6.76736e-05
1.26835e+07 0 1 0 9.4272e-05
1.76686e+07 0.282417 0.78033 0 6.76736e-05
1.85077e+07 0.315003 0.79472 0 6.46057e-05
1.76686e+07 0.282417 0.78033 0 6.76736e-05
1.26835e+07 0 1 0 9.4272e-05
1.85077e+07 0.315003 0.79472 0 6.46057e-05
1.26835e+07 0 1 0 9.4272e-05
1.26835e+07 0 1 0 9.4272e-05
1.76686e+07 0.282417 0.78033 0 6.76736e-05
1.76686e+07 0.282417 0.78033 0 6.76736e-05
1.26835e+07 0 1 0 9.4272e-05
1.85077e+07 0.315003 0.79472 0 6.46057e-05
1.76686e+07 0.282417 0.78033 0 6.76736e-05
1.26835e+07 0 1 0 9.4272e-05
1.76686e+07 0.282417 0.78033 0 6.76736e-05
1.26835e+07 0 1 0 9.4272e-05
1.85077e+07 0.315003 0.79472 0 6.46057e-05
1.85077e+07 0.315003 0.79472 0 6.46057e-05
1.85077e+07 0.315003 0.79472 0 6.46057e-05
1.76686e+07 0.282417 0.78033 0 6.76736e-05
1.85077e+07 0.315003 0.79472 0 6.46057e-05
1.85077e+07 0.315003 0.79472 0 6.46057e-05
1.85077e+07 0.315003 0.79472 0 6.46057e-05
1.76686e+07 0.282417 0.78033 0 6.76736e-05
1.76686e+07 0.282417 0.78033 0 6.76736e-05
1.85077e+07 0.315003 0.79472 0 6.46057e-05
1.85077e+07 0.315003 0.79472 0 6.46057e-05
1.85077e+07 0.315003 0.79472 0 6.46057e-05
1.26835e+07 0 1 0 9.4272e-05
1.76686e+07 0.282417 0.78033 0 6.76736e-05
1.85077e+07 0.315003 0.79472 0 6.46057e-05
1.51981e+07 0.165648 0.857138 0 7.86743e-05
1.76686e+07 0.282417 0.78033 0 6.76736e-05
1.76686e+07 0.282417 0.78033 0 6.76736e-05
1.26835e+07 0 1 0 9.4272e-05
1.85077e+07 0.315003 0.79472 0 6.46057e-05
1.76686e+07 0.282417 0.78033 0 6.76736e-05
1.76686e+07 0.282417 0.78033 0 6.76736e-05
1.85077e+07 0.315003 0.79472 0 6.46057e-05
1.85077e+07 0.315003 0.79472 0 6.46057e-05
1.76686e+07 0.282417 0.78033 0 6.76736e-05
1.85077e+07 0.315003 0.79472 0 6.46057e-05
