1.31337e+07 0.277858 0.816297 0 7.98707e-05
1.8788e+07 0.495514 0.610292 0 5.58336e-05
1.8788e+07 0.495514 0.610292 0 5.58336e-05
9.48806e+06 0 1 0 0.00011056
1.8788e+07 0.495514 0.610292 0 5.58336e-05
1.31337e+07 0.277858 0.816297 0 7.98707e-05
1.8788e+07 0.495514 0.610292 0 5.58336e-05
1.31337e+07 0.277858 0.816297 0 7.98707e-05
9.48806e+06 0 1 0 0.00011056
9.48806e+06 0 1 0 0.00011056
1.8788e+07 0.495514 0.610292 0 5.58336e-05
1.8788e+07 0.495514 0.610292 0 5.58336e-05
9.48806e+06 0 1 0 0.00011056
1.31337e+07 0.277858 0.816297 0 7.98707e-05
9.48806e+06 0 1 0 0.00011056
9.48806e+06 0 1 0 0.00011056
1.31337e+07 0.277858 0.816297 0 7.98707e-05
9.48806e+06 0 1 0 0.00011056
1.8788e+07 0.495514 0.610292 0 5.58336e-05
1.31337e+07 0.277858 0.816297 0 7.98707e-05
1.31337e+07 0.277858 0.816297 0 7.98707e-05
1.31337e+07 0.277858 0.816297 0 7.98707e-05
9.48806e+06 0 1 0 0.00011056
9.48806e+06 0 1 0 0.00011056
1.31337e+07 0.277858 0.816297 0 7.98707e-05
1.31337e+07 0.277858 0.816297 0 7.98707e-05
1.8788e+07 0.495514 0.610292 0 5.58336e-05
9.48806e+06 0 1 0 0.00011056
1.8788e+07 0.495514 0.610292 0 5.58336e-05
9.48806e+06 0 1 0 0.00011056
9.48806e+06 0 1 0 0.00011056
9.48806e+06 0 1 0 0.00011056
1.31337e+07 0.277858 0.816297 0 7.98707e-05
1.31337e+07 0.277858 0.816297 0 7.98707e-05
1.31337e+07 0.277858 0.816297 0 7.98707e-05
1.31337e+07 0.277858 0.816297 0 7.98707e-05
9.48806e+06 0 1 0 0.00011056
9.48806e+06 0 1 0 0.00011056
1.8788e+07 0.495514 0.610292 0 5.58336e-05
1.8788e+07 0.495514 0.610292 0 5.58336e-05
1.31337e+07 0.277858 0.816297 0 7.98707e-05
1.8788e+07 0.495514 0.610292 0 5.58336e-05
1.8788e+07 0.495514 0.610292 0 5.58336e-05
1.8788e+07 0.495514 0.610292 0 5.58336e-05
9.48806e+06 0 1 0 0.00011056
1.31337e+07 0.277858 0.816297 0 7.98707e-05
1.8788e+07 0.495514 0.610292 0 5.58336e-05
1.31337e+07 0.277858 0.816297 0 7.98707e-05
9.48806e+06 0 1 0 0.00011056
9.48806e+06 0 1 0 0.00011056
1.31337e+07 0.277858 0.816297 0 7.98707e-05
1.8788e+07 0.495514 0.610292 0 5.58336e-05
9.48806e+06 0 1 0 0.00011056
1.31337e+07 0.277858 0.816297 0 7.98707e-05
1.8788e+07 0.495514 0.610292 0 5.58336e-05
9.48806e+06 0 1 0 0.00011056
1.8788e+07 0.495514 0.610292 0 5.58336e-05
1.8788e+07 0.495514 0.610292 0 5.58336e-05
9.48806e+06 0 1 0 0.00011056
1.8788e+07 0.495514 0.610292 0 5.58336e-05
1.31337e+07 0.277858 0.816297 0 7.98707e-05
1.8788e+07 0.495514 0.610292 0 5.58336e-05
9.48806e+06 0 1 0 0.00011056
1.31337e+07 0.277858 0.816297 0 7.98707e-05
9.48806e+06 0 1 0 0.00011056
9.48806e+06 0 1 0 0.00011056
1.8788e+07 0.495514 0.610292 0 5.58336e-05
1.8788e+07 0.495514 0.610292 0 5.58336e-05
9.48806e+06 0 1 0 0.00011056
1.31337e+07 0.277858 0.816297 0 7.98707e-05
1.8788e+07 0.495514 0.610292 0 5.58336e-05
9.48806e+06 0 1 0 0.00011056
1.8788e+07 0.495514 0.610292 0 5.58336e-05
9.48806e+06 0 1 0 0.00011056
1.31337e+07 0.277858 0.816297 0 7.98707e-05
1.31337e+07 0.277858 0.816297 0 7.98707e-05
1.31337e+07 0.277858 0.816297 0 7.98707e-05
1.8788e+07 0.495514 0.610292 0 5.58336e-05
1.31337e+07 0.277858 0.816297 0 7.98707e-05
1.31337e+07 0.277858 0.816297 0 7.98707e-05
1.31337e+07 0.277858 0.816297 0 7.98707e-05
1.8788e+07 0.495514 0.610292 0 5.58336e-05
1.8788e+07 0.495514 0.610292 0 5.58336e-05
1.31337e+07 0.277858 0.816297 0 7.98707e-05
1.31337e+07 0.277858 0.816297 0 7.98707e-05
1.31337e+07 0.277858 0.816297 0 7.98707e-05
9.48806e+06 0 1 0 0.00011056
1.8788e+07 0.495514 0.610292 0 5.58336e-05
1.31337e+07 0.277858 0.816297 0 7.98707e-05
9.48806e+06 0 1 0 0.00011056
1.8788e+07 0.495514 0.610292 0 5.58336e-05
1.8788e+07 0.495514 0.610292 0 5.58336e-05
9.48806e+06 0 1 0 0.00011056
1.31337e+07 0.277858 0.816297 0 7.98707e-05
1.8788e+07 0.495514 0.610292 0 5.58336e-05
1.8788e+07 0.495514 0.610292 0 5.58336e-05
1.31337e+07 0.277858 0.816297 0 7.98707e-05
1.31337e+07 0.277858 0.816297 0 7.98707e-05
1.8788e+07 0.495514 0.610292 0 5.58336e-05
1.31337e+07 0.277858 0.816297 0 7.98707e-05
