1.57126e+07 0.2897 0.818157 0 6.61838e-05
2.13804e+07 0.478252 0.636096 0 4.8639e-05
2.13804e+07 0.478252 0.636096 0 4.8639e-05
1.11652e+07 0 1 0 9.31392e-05
2.13804e+07 0.478252 0.636096 0 4.8639e-05
1.57126e+07 0.2897 0.818157 0 6.61838e-05
2.13804e+07 0.478252 0.636096 0 4.8639e-05
1.57126e+07 0.2897 0.818157 0 6.61838e-05
1.11652e+07 0 1 0 9.31392e-05
1.11652e+07 0 1 0 9.31392e-05
2.13804e+07 0.478252 0.636096 0 4.8639e-05
2.13804e+07 0.478252 0.636096 0 4.8639e-05
1.11652e+07 0 1 0 9.31392e-05
1.57126e+07 0.2897 0.818157 0 6.61838e-05
1.11652e+07 0 1 0 9.31392e-05
1.11652e+07 0 1 0 9.31392e-05
1.57126e+07 0.2897 0.818157 0 6.61838e-05
1.11652e+07 0 1 0 9.31392e-05
2.13804e+07 0.478252 0.636096 0 4.8639e-05
1.57126e+07 0.2897 0.818157 0 6.61838e-05
1.57126e+07 0.2897 0.818157 0 6.61838e-05
1.57126e+07 0.2897 0.818157 0 6.61838e-05
1.11652e+07 0 1 0 9.31392e-05
1.11652e+07 0 1 0 9.31392e-05
1.57126e+07 0.2897 0.818157 0 6.61838e-05
1.57126e+07 0.2897 0.818157 0 6.61838e-05
2.13804e+07 0.478252 0.636096 0 4.8639e-05
1.11652e+07 0 1 0 9.31392e-05
2.13804e+07 0.478252 0.636096 0 4.8639e-05
1.11652e+07 0 1 0 9.31392e-05
1.11652e+07 0 1 0 9.31392e-05
1.11652e+07 0 1 0 9.31392e-05
1.57126e+07 0.2897 0.818157 0 6.61838e-05
1.57126e+07 0.2897 0.818157 0 6.61838e-05
1.57126e+07 0.2897 0.818157 0 6.61838e-05
1.57126e+07 0.2897 0.818157 0 6.61838e-05
1.11652e+07 0 1 0 9.31392e-05
1.11652e+07 0 1 0 9.31392e-05
2.13804e+07 0.478252 0.636096 0 4.8639e-05
2.13804e+07 0.478252 0.636096 0 4.8639e-05
1.57126e+07 0.2897 0.818157 0 6.61838e-05
2.13804e+07 0.478252 0.636096 0 4.8639e-05
2.13804e+07 0.478252 0.636096 0 4.8639e-05
2.13804e+07 0.478252 0.636096 0 4.8639e-05
1.11652e+07 0 1 0 9.31392e-05
1.57126e+07 0.2897 0.818157 0 6.61838e-05
2.13804e+07 0.478252 0.636096 0 4.8639e-05
1.57126e+07 0.2897 0.818157 0 6.61838e-05
1.11652e+07 0 1 0 9.31392e-05
1.11652e+07 0 1 0 9.31392e-05
1.57126e+07 0.2897 0.818157 0 6.61838e-05
2.13804e+07 0.478252 0.636096 0 4.8639e-05
1.11652e+07 0 1 0 9.31392e-05
1.57126e+07 0.2897 0.818157 0 6.61838e-05
2.13804e+07 0.478252 0.636096 0 4.8639e-05
1.11652e+07 0 1 0 9.31392e-05
2.13804e+07 0.478252 0.636096 0 4.8639e-05
2.13804e+07 0.478252 0.636096 0 4.8639e-05
1.11652e+07 0 1 0 9.31392e-05
2.13804e+07 0.478252 0.636096 0 4.8639e-05
1.57126e+07 0.2897 0.818157 0 6.61838e-05
2.13804e+07 0.478252 0.636096 0 4.8639e-05
1.11652e+07 0 1 0 9.31392e-05
1.57126e+07 0.2897 0.818157 0 6.61838e-05
1.11652e+07 0 1 0 9.31392e-05
1.11652e+07 0 1 0 9.31392e-05
2.13804e+07 0.478252 0.636096 0 4.8639e-05
2.13804e+07 0.478252 0.636096 0 4.8639e-05
1.11652e+07 0 1 0 9.31392e-05
1.57126e+07 0.2897 0.818157 0 6.61838e-05
2.13804e+07 0.478252 0.636096 0 4.8639e-05
1.11652e+07 0 1 0 9.31392e-05
2.13804e+07 0.478252 0.636096 0 4.8639e-05
1.11652e+07 0 1 0 9.31392e-05
1.57126e+07 0.2897 0.818157 0 6.61838e-05
1.57126e+07 0.2897 0.818157 0 6.61838e-05
1.57126e+07 0.2897 0.818157 0 6.61838e-05
2.13804e+07 0.478252 0.636096 0 4.8639e-05
1.57126e+07 0.2897 0.818157 0 6.61838e-05
1.57126e+07 0.2897 0.818157 0 6.61838e-05
1.57126e+07 0.2897 0.818157 0 6.61838e-05
2.13804e+07 0.478252 0.636096 0 4.8639e-05
2.13804e+07 0.478252 0.636096 0 4.8639e-05
1.57126e+07 0.2897 0.818157 0 6.61838e-05
1.57126e+07 0.2897 0.818157 0 6.61838e-05
1.57126e+07 0.2897 0.818157 0 6.61838e-05
1.11652e+07 0 1 0 9.31392e-05
2.13804e+07 0.478252 0.636096 0 4.8639e-05
1.57126e+07 0.2897 0.818157 0 6.61838e-05
1.11652e+07 0 1 0 9.31392e-05
2.13804e+07 0.478252 0.636096 0 4.8639e-05
2.13804e+07 0.478252 0.636096 0 4.8639e-05
1.11652e+07 0 1 0 9.31392e-05
1.57126e+07 0.2897 0.818157 0 6.61838e-05
2.13804e+07 0.478252 0.636096 0 4.8639e-05
2.13804e+07 0.478252 0.636096 0 4.8639e-05
1.57126e+07 0.2897 0.818157 0 6.61838e-05
1.57126e+07 0.2897 0.818157 0 6.61838e-05
2.13804e+07 0.478252 0.636096 0 4.8639e-05
1.57126e+07 0.2897 0.818157 0 6.61838e-05
