1.78273e+07 0.301887 0.794293 0 7.10707e-05
1.73284e+07 0.281761 0.772095 0 7.31168e-05
1.73284e+07 0.281761 0.772095 0 7.31168e-05
1.24509e+07 0 1 0 0.00010176
1.73284e+07 0.281761 0.772095 0 7.31168e-05
1.78273e+07 0.301887 0.794293 0 7.10707e-05
1.73284e+07 0.281761 0.772095 0 7.31168e-05
1.78273e+07 0.301887 0.794293 0 7.10707e-05
1.24509e+07 0 1 0 0.00010176
1.24509e+07 0 1 0 0.00010176
1.73284e+07 0.281761 0.772095 0 7.31168e-05
1.73284e+07 0.281761 0.772095 0 7.31168e-05
1.24509e+07 0 1 0 0.00010176
1.78273e+07 0.301887 0.794293 0 7.10707e-05
1.47486e+07 0.155975 0.859779 0 8.59066e-05
1.24509e+07 0 1 0 0.00010176
1.78273e+07 0.301887 0.794293 0 7.10707e-05
1.24509e+07 0 1 0 0.00010176
1.73284e+07 0.281761 0.772095 0 7.31168e-05
1.78273e+07 0.301887 0.794293 0 7.10707e-05
1.78273e+07 0.301887 0.794293 0 7.10707e-05
1.78273e+07 0.301887 0.794293 0 7.10707e-05
1.24509e+07 0 1 0 0.00010176
1.24509e+07 0 1 0 0.00010176
1.78273e+07 0.301887 0.794293 0 7.10707e-05
1.78273e+07 0.301887 0.794293 0 7.10707e-05
1.73284e+07 0.281761 0.772095 0 7.31168e-05
1.24509e+07 0 1 0 0.00010176
1.73284e+07 0.281761 0.772095 0 7.31168e-05
1.24509e+07 0 1 0 0.00010176
1.24509e+07 0 1 0 0.00010176
1.24509e+07 0 1 0 0.00010176
1.78273e+07 0.301887 0.794293 0 7.10707e-05
1.78273e+07 0.301887 0.794293 0 7.10707e-05
1.78273e+07 0.301887 0.794293 0 7.10707e-05
1.78273e+07 0.301887 0.794293 0 7.10707e-05
1.24509e+07 0 1 0 0.00010176
1.24509e+07 0 1 0 0.00010176
1.73284e+07 0.281761 0.772095 0 7.31168e-05
1.73284e+07 0.281761 0.772095 0 7.31168e-05
1.78273e+07 0.301887 0.794293 0 7.10707e-05
1.73284e+07 0.281761 0.772095 0 7.31168e-05
1.73284e+07 0.281761 0.772095 0 7.31168e-05
1.73284e+07 0.281761 0.772095 0 7.31168e-05
1.24509e+07 0 1 0 0.00010176
1.78273e+07 0.301887 0.794293 0 7.10707e-05
1.73284e+07 0.281761 0.772095 0 7.31168e-05
1.78273e+07 0.301887 0.794293 0 7.10707e-05
1.24509e+07 0 1 0 0.00010176
1.24509e+07 0 1 0 0.00010176
1.78273e+07 0.301887 0.794293 0 7.10707e-05
1.73284e+07 0.281761 0.772095 0 7.31168e-05
1.24509e+07 0 1 0 0.00010176
1.78273e+07 0.301887 0.794293 0 7.10707e-05
1.73284e+07 0.281761 0.772095 0 7.31168e-05
1.24509e+07 0 1 0 0.00010176
1.73284e+07 0.281761 0.772095 0 7.31168e-05
1.73284e+07 0.281761 0.772095 0 7.31168e-05
1.24509e+07 0 1 0 0.00010176
1.73284e+07 0.281761 0.772095 0 7.31168e-05
1.78273e+07 0.301887 0.794293 0 7.10707e-05
1.73284e+07 0.281761 0.772095 0 7.31168e-05
1.24509e+07 0 1 0 0.00010176
1.78273e+07 0.301887 0.794293 0 7.10707e-05
1.24509e+07 0 1 0 0.00010176
1.24509e+07 0 1 0 0.00010176
1.73284e+07 0.281761 0.772095 0 7.31168e-05
1.73284e+07 0.281761 0.772095 0 7.31168e-05
1.24509e+07 0 1 0 0.00010176
1.78273e+07 0.301887 0.794293 0 7.10707e-05
1.73284e+07 0.281761 0.772095 0 7.31168e-05
1.24509e+07 0 1 0 0.00010176
1.73284e+07 0.281761 0.772095 0 7.31168e-05
1.24509e+07 0 1 0 0.00010176
1.78273e+07 0.301887 0.794293 0 7.10707e-05
1.78273e+07 0.301887 0.794293 0 7.10707e-05
1.78273e+07 0.301887 0.794293 0 7.10707e-05
1.73284e+07 0.281761 0.772095 0 7.31168e-05
1.78273e+07 0.301887 0.794293 0 7.10707e-05
1.78273e+07 0.301887 0.794293 0 7.10707e-05
1.78273e+07 0.301887 0.794293 0 7.10707e-05
1.73284e+07 0.281761 0.772095 0 7.31168e-05
1.73284e+07 0.281761 0.772095 0 7.31168e-05
1.78273e+07 0.301887 0.794293 0 7.10707e-05
1.78273e+07 0.301887 0.794293 0 7.10707e-05
1.78273e+07 0.301887 0.794293 0 7.10707e-05
1.24509e+07 0 1 0 0.00010176
1.73284e+07 0.281761 0.772095 0 7.31168e-05
1.78273e+07 0.301887 0.794293 0 7.10707e-05
1.47486e+07 0.155975 0.859779 0 8.59066e-05
1.73284e+07 0.281761 0.772095 0 7.31168e-05
1.73284e+07 0.281761 0.772095 0 7.31168e-05
1.24509e+07 0 1 0 0.00010176
1.78273e+07 0.301887 0.794293 0 7.10707e-05
1.73284e+07 0.281761 0.772095 0 7.31168e-05
1.73284e+07 0.281761 0.772095 0 7.31168e-05
1.78273e+07 0.301887 0.794293 0 7.10707e-05
1.78273e+07 0.301887 0.794293 0 7.10707e-05
1.73284e+07 0.281761 0.772095 0 7.31168e-05
1.78273e+07 0.301887 0.794293 0 7.10707e-05
