1.74366e+07 0.315997 0.766779 0 6.65267e-05
1.69163e+07 0.294931 0.741611 0 6.85728e-05
1.69163e+07 0.294931 0.741611 0 6.85728e-05
1.19322e+07 0 1 0 9.7216e-05
1.69163e+07 0.294931 0.741611 0 6.85728e-05
1.74366e+07 0.315997 0.766779 0 6.65267e-05
1.69163e+07 0.294931 0.741611 0 6.85728e-05
1.74366e+07 0.315997 0.766779 0 6.65267e-05
1.19322e+07 0 1 0 9.7216e-05
1.19322e+07 0 1 0 9.7216e-05
1.69163e+07 0.294931 0.741611 0 6.85728e-05
1.69163e+07 0.294931 0.741611 0 6.85728e-05
1.19322e+07 0 1 0 9.7216e-05
1.74366e+07 0.315997 0.766779 0 6.65267e-05
1.42572e+07 0.163265 0.841023 0 8.13626e-05
1.19322e+07 0 1 0 9.7216e-05
1.74366e+07 0.315997 0.766779 0 6.65267e-05
1.19322e+07 0 1 0 9.7216e-05
1.69163e+07 0.294931 0.741611 0 6.85728e-05
1.74366e+07 0.315997 0.766779 0 6.65267e-05
1.74366e+07 0.315997 0.766779 0 6.65267e-05
1.74366e+07 0.315997 0.766779 0 6.65267e-05
1.19322e+07 0 1 0 9.7216e-05
1.19322e+07 0 1 0 9.7216e-05
1.74366e+07 0.315997 0.766779 0 6.65267e-05
1.74366e+07 0.315997 0.766779 0 6.65267e-05
1.69163e+07 0.294931 0.741611 0 6.85728e-05
1.19322e+07 0 1 0 9.7216e-05
1.69163e+07 0.294931 0.741611 0 6.85728e-05
1.19322e+07 0 1 0 9.7216e-05
1.19322e+07 0 1 0 9.7216e-05
1.19322e+07 0 1 0 9.7216e-05
1.74366e+07 0.315997 0.766779 0 6.65267e-05
1.74366e+07 0.315997 0.766779 0 6.65267e-05
1.74366e+07 0.315997 0.766779 0 6.65267e-05
1.74366e+07 0.315997 0.766779 0 6.65267e-05
1.19322e+07 0 1 0 9.7216e-05
1.19322e+07 0 1 0 9.7216e-05
1.69163e+07 0.294931 0.741611 0 6.85728e-05
1.69163e+07 0.294931 0.741611 0 6.85728e-05
1.74366e+07 0.315997 0.766779 0 6.65267e-05
1.69163e+07 0.294931 0.741611 0 6.85728e-05
1.69163e+07 0.294931 0.741611 0 6.85728e-05
1.69163e+07 0.294931 0.741611 0 6.85728e-05
1.19322e+07 0 1 0 9.7216e-05
1.74366e+07 0.315997 0.766779 0 6.65267e-05
1.69163e+07 0.294931 0.741611 0 6.85728e-05
1.74366e+07 0.315997 0.766779 0 6.65267e-05
1.19322e+07 0 1 0 9.7216e-05
1.19322e+07 0 1 0 9.7216e-05
1.74366e+07 0.315997 0.766779 0 6.65267e-05
1.69163e+07 0.294931 0.741611 0 6.85728e-05
1.19322e+07 0 1 0 9.7216e-05
1.74366e+07 0.315997 0.766779 0 6.65267e-05
1.69163e+07 0.294931 0.741611 0 6.85728e-05
1.19322e+07 0 1 0 9.7216e-05
1.69163e+07 0.294931 0.741611 0 6.85728e-05
1.69163e+07 0.294931 0.741611 0 6.85728e-05
1.19322e+07 0 1 0 9.7216e-05
1.69163e+07 0.294931 0.741611 0 6.85728e-05
1.74366e+07 0.315997 0.766779 0 6.65267e-05
1.69163e+07 0.294931 0.741611 0 6.85728e-05
1.19322e+07 0 1 0 9.7216e-05
1.74366e+07 0.315997 0.766779 0 6.65267e-05
1.19322e+07 0 1 0 9.7216e-05
1.19322e+07 0 1 0 9.7216e-05
1.69163e+07 0.294931 0.741611 0 6.85728e-05
1.69163e+07 0.294931 0.741611 0 6.85728e-05
1.19322e+07 0 1 0 9.7216e-05
1.74366e+07 0.315997 0.766779 0 6.65267e-05
1.69163e+07 0.294931 0.741611 0 6.85728e-05
1.19322e+07 0 1 0 9.7216e-05
1.69163e+07 0.294931 0.741611 0 6.85728e-05
1.19322e+07 0 1 0 9.7216e-05
1.74366e+07 0.315997 0.766779 0 6.65267e-05
1.74366e+07 0.315997 0.766779 0 6.65267e-05
1.74366e+07 0.315997 0.766779 0 6.65267e-05
1.69163e+07 0.294931 0.741611 0 6.85728e-05
1.74366e+07 0.315997 0.766779 0 6.65267e-05
1.74366e+07 0.315997 0.766779 0 6.65267e-05
1.74366e+07 0.315997 0.766779 0 6.65267e-05
1.69163e+07 0.294931 0.741611 0 6.85728e-05
1.69163e+07 0.294931 0.741611 0 6.85728e-05
1.74366e+07 0.315997 0.766779 0 6.65267e-05
1.74366e+07 0.315997 0.766779 0 6.65267e-05
1.74366e+07 0.315997 0.766779 0 6.65267e-05
1.19322e+07 0 1 0 9.7216e-05
1.69163e+07 0.294931 0.741611 0 6.85728e-05
1.74366e+07 0.315997 0.766779 0 6.65267e-05
1.42572e+07 0.163265 0.841023 0 8.13626e-05
1.69163e+07 0.294931 0.741611 0 6.85728e-05
1.69163e+07 0.294931 0.741611 0 6.85728e-05
1.19322e+07 0 1 0 9.7216e-05
1.74366e+07 0.315997 0.766779 0 6.65267e-05
1.69163e+07 0.294931 0.741611 0 6.85728e-05
1.69163e+07 0.294931 0.741611 0 6.85728e-05
1.74366e+07 0.315997 0.766779 0 6.65267e-05
1.74366e+07 0.315997 0.766779 0 6.65267e-05
1.69163e+07 0.294931 0.741611 0 6.85728e-05
1.74366e+07 0.315997 0.766779 0 6.65267e-05
