1.4332e+07 0.42255 0.659179 0 8.31846e-05
1.31806e+07 0.372043 0.638963 0 9.04509e-05
1.31806e+07 0.372043 0.638963 0 9.04509e-05
8.28211e+06 0 1 0 0.000143949
1.31806e+07 0.372043 0.638963 0 9.04509e-05
1.4332e+07 0.42255 0.659179 0 8.31846e-05
1.31806e+07 0.372043 0.638963 0 9.04509e-05
1.4332e+07 0.42255 0.659179 0 8.31846e-05
8.28211e+06 0 1 0 0.000143949
8.28211e+06 0 1 0 0.000143949
1.31806e+07 0.372043 0.638963 0 9.04509e-05
1.31806e+07 0.372043 0.638963 0 9.04509e-05
8.28211e+06 0 1 0 0.000143949
1.4332e+07 0.42255 0.659179 0 8.31846e-05
9.4967e+06 0.128046 0.86494 0 0.000125538
8.28211e+06 0 1 0 0.000143949
1.4332e+07 0.42255 0.659179 0 8.31846e-05
8.28211e+06 0 1 0 0.000143949
1.31806e+07 0.372043 0.638963 0 9.04509e-05
1.4332e+07 0.42255 0.659179 0 8.31846e-05
1.4332e+07 0.42255 0.659179 0 8.31846e-05
1.4332e+07 0.42255 0.659179 0 8.31846e-05
8.28211e+06 0 1 0 0.000143949
8.28211e+06 0 1 0 0.000143949
1.4332e+07 0.42255 0.659179 0 8.31846e-05
1.4332e+07 0.42255 0.659179 0 8.31846e-05
1.31806e+07 0.372043 0.638963 0 9.04509e-05
8.28211e+06 0 1 0 0.000143949
1.31806e+07 0.372043 0.638963 0 9.04509e-05
8.28211e+06 0 1 0 0.000143949
8.28211e+06 0 1 0 0.000143949
8.28211e+06 0 1 0 0.000143949
1.4332e+07 0.42255 0.659179 0 8.31846e-05
1.4332e+07 0.42255 0.659179 0 8.31846e-05
1.4332e+07 0.42255 0.659179 0 8.31846e-05
1.4332e+07 0.42255 0.659179 0 8.31846e-05
8.28211e+06 0 1 0 0.000143949
8.28211e+06 0 1 0 0.000143949
1.31806e+07 0.372043 0.638963 0 9.04509e-05
1.31806e+07 0.372043 0.638963 0 9.04509e-05
1.4332e+07 0.42255 0.659179 0 8.31846e-05
1.31806e+07 0.372043 0.638963 0 9.04509e-05
1.31806e+07 0.372043 0.638963 0 9.04509e-05
1.31806e+07 0.372043 0.638963 0 9.04509e-05
8.28211e+06 0 1 0 0.000143949
1.4332e+07 0.42255 0.659179 0 8.31846e-05
1.31806e+07 0.372043 0.638963 0 9.04509e-05
1.4332e+07 0.42255 0.659179 0 8.31846e-05
8.28211e+06 0 1 0 0.000143949
8.28211e+06 0 1 0 0.000143949
1.4332e+07 0.42255 0.659179 0 8.31846e-05
1.31806e+07 0.372043 0.638963 0 9.04509e-05
8.28211e+06 0 1 0 0.000143949
1.4332e+07 0.42255 0.659179 0 8.31846e-05
1.31806e+07 0.372043 0.638963 0 9.04509e-05
8.28211e+06 0 1 0 0.000143949
1.31806e+07 0.372043 0.638963 0 9.04509e-05
1.31806e+07 0.372043 0.638963 0 9.04509e-05
8.28211e+06 0 1 0 0.000143949
1.31806e+07 0.372043 0.638963 0 9.04509e-05
1.4332e+07 0.42255 0.659179 0 8.31846e-05
1.31806e+07 0.372043 0.638963 0 9.04509e-05
8.28211e+06 0 1 0 0.000143949
1.4332e+07 0.42255 0.659179 0 8.31846e-05
8.28211e+06 0 1 0 0.000143949
8.28211e+06 0 1 0 0.000143949
1.31806e+07 0.372043 0.638963 0 9.04509e-05
1.31806e+07 0.372043 0.638963 0 9.04509e-05
8.28211e+06 0 1 0 0.000143949
1.4332e+07 0.42255 0.659179 0 8.31846e-05
1.31806e+07 0.372043 0.638963 0 9.04509e-05
8.28211e+06 0 1 0 0.000143949
1.31806e+07 0.372043 0.638963 0 9.04509e-05
8.28211e+06 0 1 0 0.000143949
1.4332e+07 0.42255 0.659179 0 8.31846e-05
1.4332e+07 0.42255 0.659179 0 8.31846e-05
1.4332e+07 0.42255 0.659179 0 8.31846e-05
1.31806e+07 0.372043 0.638963 0 9.04509e-05
1.4332e+07 0.42255 0.659179 0 8.31846e-05
1.4332e+07 0.42255 0.659179 0 8.31846e-05
1.4332e+07 0.42255 0.659179 0 8.31846e-05
1.31806e+07 0.372043 0.638963 0 9.04509e-05
1.31806e+07 0.372043 0.638963 0 9.04509e-05
1.4332e+07 0.42255 0.659179 0 8.31846e-05
1.4332e+07 0.42255 0.659179 0 8.31846e-05
1.4332e+07 0.42255 0.659179 0 8.31846e-05
8.28211e+06 0 1 0 0.000143949
1.31806e+07 0.372043 0.638963 0 9.04509e-05
1.4332e+07 0.42255 0.659179 0 8.31846e-05
9.4967e+06 0.128046 0.86494 0 0.000125538
1.31806e+07 0.372043 0.638963 0 9.04509e-05
1.31806e+07 0.372043 0.638963 0 9.04509e-05
8.28211e+06 0 1 0 0.000143949
1.4332e+07 0.42255 0.659179 0 8.31846e-05
1.31806e+07 0.372043 0.638963 0 9.04509e-05
1.31806e+07 0.372043 0.638963 0 9.04509e-05
1.4332e+07 0.42255 0.659179 0 8.31846e-05
1.4332e+07 0.42255 0.659179 0 8.31846e-05
1.31806e+07 0.372043 0.638963 0 9.04509e-05
1.4332e+07 0.42255 0.659179 0 8.31846e-05
