2.71226e+07 0 1 0 4.24e-05
2.71226e+07 0 1 0 4.24e-05
2.71226e+07 0 1 0 4.24e-05
5.2439e+07 0.483019 0.865458 0 2.19302e-05
2.71226e+07 0 1 0 4.24e-05
2.71226e+07 0 1 0 4.24e-05
2.71226e+07 0 1 0 4.24e-05
2.71226e+07 0 1 0 4.24e-05
5.2439e+07 0.483019 0.865458 0 2.19302e-05
5.2439e+07 0.483019 0.865458 0 2.19302e-05
2.71226e+07 0 1 0 4.24e-05
2.71226e+07 0 1 0 4.24e-05
5.2439e+07 0.483019 0.865458 0 2.19302e-05
2.71226e+07 0 1 0 4.24e-05
2.71226e+07 0 1 0 4.24e-05
2.71226e+07 0 1 0 4.24e-05
2.71226e+07 0 1 0 4.24e-05
5.2439e+07 0.483019 0.865458 0 2.19302e-05
2.71226e+07 0 1 0 4.24e-05
2.71226e+07 0 1 0 4.24e-05
2.71226e+07 0 1 0 4.24e-05
2.71226e+07 0 1 0 4.24e-05
5.2439e+07 0.483019 0.865458 0 2.19302e-05
2.71226e+07 0 1 0 4.24e-05
2.71226e+07 0 1 0 4.24e-05
2.71226e+07 0 1 0 4.24e-05
2.71226e+07 0 1 0 4.24e-05
5.2439e+07 0.483019 0.865458 0 2.19302e-05
2.71226e+07 0 1 0 4.24e-05
5.2439e+07 0.483019 0.865458 0 2.19302e-05
2.71226e+07 0 1 0 4.24e-05
5.2439e+07 0.483019 0.865458 0 2.19302e-05
2.71226e+07 0 1 0 4.24e-05
2.71226e+07 0 1 0 4.24e-05
2.71226e+07 0 1 0 4.24e-05
2.71226e+07 0 1 0 4.24e-05
5.2439e+07 0.483019 0.865458 0 2.19302e-05
5.2439e+07 0.483019 0.865458 0 2.19302e-05
2.71226e+07 0 1 0 4.24e-05
2.71226e+07 0 1 0 4.24e-05
2.71226e+07 0 1 0 4.24e-05
2.71226e+07 0 1 0 4.24e-05
2.71226e+07 0 1 0 4.24e-05
2.71226e+07 0 1 0 4.24e-05
5.2439e+07 0.483019 0.865458 0 2.19302e-05
2.71226e+07 0 1 0 4.24e-05
2.71226e+07 0 1 0 4.24e-05
2.71226e+07 0 1 0 4.24e-05
2.71226e+07 0 1 0 4.24e-05
2.71226e+07 0 1 0 4.24e-05
2.71226e+07 0 1 0 4.24e-05
2.71226e+07 0 1 0 4.24e-05
2.71226e+07 0 1 0 4.24e-05
2.71226e+07 0 1 0 4.24e-05
2.71226e+07 0 1 0 4.24e-05
5.2439e+07 0.483019 0.865458 0 2.19302e-05
2.71226e+07 0 1 0 4.24e-05
2.71226e+07 0 1 0 4.24e-05
5.2439e+07 0.483019 0.865458 0 2.19302e-05
2.71226e+07 0 1 0 4.24e-05
2.71226e+07 0 1 0 4.24e-05
2.71226e+07 0 1 0 4.24e-05
5.2439e+07 0.483019 0.865458 0 2.19302e-05
2.71226e+07 0 1 0 4.24e-05
5.2439e+07 0.483019 0.865458 0 2.19302e-05
2.71226e+07 0 1 0 4.24e-05
2.71226e+07 0 1 0 4.24e-05
2.71226e+07 0 1 0 4.24e-05
2.71226e+07 0 1 0 4.24e-05
2.71226e+07 0 1 0 4.24e-05
2.71226e+07 0 1 0 4.24e-05
5.2439e+07 0.483019 0.865458 0 2.19302e-05
2.71226e+07 0 1 0 4.24e-05
5.2439e+07 0.483019 0.865458 0 2.19302e-05
2.71226e+07 0 1 0 4.24e-05
2.71226e+07 0 1 0 4.24e-05
2.71226e+07 0 1 0 4.24e-05
2.71226e+07 0 1 0 4.24e-05
2.71226e+07 0 1 0 4.24e-05
2.71226e+07 0 1 0 4.24e-05
2.71226e+07 0 1 0 4.24e-05
2.71226e+07 0 1 0 4.24e-05
2.71226e+07 0 1 0 4.24e-05
2.71226e+07 0 1 0 4.24e-05
2.71226e+07 0 1 0 4.24e-05
2.71226e+07 0 1 0 4.24e-05
5.2439e+07 0.483019 0.865458 0 2.19302e-05
2.71226e+07 0 1 0 4.24e-05
2.71226e+07 0 1 0 4.24e-05
2.71226e+07 0 1 0 4.24e-05
2.71226e+07 0 1 0 4.24e-05
2.71226e+07 0 1 0 4.24e-05
2.71226e+07 0 1 0 4.24e-05
2.71226e+07 0 1 0 4.24e-05
2.71226e+07 0 1 0 4.24e-05
2.71226e+07 0 1 0 4.24e-05
2.71226e+07 0 1 0 4.24e-05
2.71226e+07 0 1 0 4.24e-05
2.71226e+07 0 1 0 4.24e-05
2.71226e+07 0 1 0 4.24e-05
