1.49581e+07 0.370231 0.759729 0 0.000103179
1.14939e+07 0.180113 0.861314 0 0.000134276
1.14939e+07 0.180113 0.861314 0 0.000134276
1.14952e+07 0.180113 0.919208 0 0.000134261
1.14939e+07 0.180113 0.861314 0 0.000134276
1.49581e+07 0.370231 0.759729 0 0.000103179
1.14939e+07 0.180113 0.861314 0 0.000134276
1.49581e+07 0.370231 0.759729 0 0.000103179
1.14952e+07 0.180113 0.919208 0 0.000134261
1.14952e+07 0.180113 0.919208 0 0.000134261
1.14939e+07 0.180113 0.861314 0 0.000134276
1.14939e+07 0.180113 0.861314 0 0.000134276
1.14952e+07 0.180113 0.919208 0 0.000134261
1.49581e+07 0.370231 0.759729 0 0.000103179
1.16713e+07 0.19262 0.834875 0 0.000132236
9.42581e+06 0 1 0 0.000163738
1.49581e+07 0.370231 0.759729 0 0.000103179
1.14952e+07 0.180113 0.919208 0 0.000134261
1.14939e+07 0.180113 0.861314 0 0.000134276
1.49581e+07 0.370231 0.759729 0 0.000103179
1.49581e+07 0.370231 0.759729 0 0.000103179
1.49581e+07 0.370231 0.759729 0 0.000103179
1.14952e+07 0.180113 0.919208 0 0.000134261
9.42581e+06 0 1 0 0.000163738
1.49581e+07 0.370231 0.759729 0 0.000103179
1.49581e+07 0.370231 0.759729 0 0.000103179
1.14939e+07 0.180113 0.861314 0 0.000134276
1.14952e+07 0.180113 0.919208 0 0.000134261
1.14939e+07 0.180113 0.861314 0 0.000134276
1.14952e+07 0.180113 0.919208 0 0.000134261
9.42581e+06 0 1 0 0.000163738
1.14952e+07 0.180113 0.919208 0 0.000134261
1.49581e+07 0.370231 0.759729 0 0.000103179
1.49581e+07 0.370231 0.759729 0 0.000103179
1.49581e+07 0.370231 0.759729 0 0.000103179
1.49581e+07 0.370231 0.759729 0 0.000103179
1.14952e+07 0.180113 0.919208 0 0.000134261
1.14952e+07 0.180113 0.919208 0 0.000134261
1.14939e+07 0.180113 0.861314 0 0.000134276
1.14939e+07 0.180113 0.861314 0 0.000134276
1.49581e+07 0.370231 0.759729 0 0.000103179
1.14939e+07 0.180113 0.861314 0 0.000134276
1.14939e+07 0.180113 0.861314 0 0.000134276
1.14939e+07 0.180113 0.861314 0 0.000134276
1.14952e+07 0.180113 0.919208 0 0.000134261
1.49581e+07 0.370231 0.759729 0 0.000103179
1.14939e+07 0.180113 0.861314 0 0.000134276
1.49581e+07 0.370231 0.759729 0 0.000103179
9.42581e+06 0 1 0 0.000163738
9.42581e+06 0 1 0 0.000163738
1.49581e+07 0.370231 0.759729 0 0.000103179
1.14939e+07 0.180113 0.861314 0 0.000134276
9.42581e+06 0 1 0 0.000163738
1.49581e+07 0.370231 0.759729 0 0.000103179
1.14939e+07 0.180113 0.861314 0 0.000134276
1.14952e+07 0.180113 0.919208 0 0.000134261
1.14939e+07 0.180113 0.861314 0 0.000134276
1.14939e+07 0.180113 0.861314 0 0.000134276
1.14952e+07 0.180113 0.919208 0 0.000134261
1.14939e+07 0.180113 0.861314 0 0.000134276
1.49581e+07 0.370231 0.759729 0 0.000103179
1.14939e+07 0.180113 0.861314 0 0.000134276
1.14952e+07 0.180113 0.919208 0 0.000134261
1.49581e+07 0.370231 0.759729 0 0.000103179
1.14952e+07 0.180113 0.919208 0 0.000134261
9.42581e+06 0 1 0 0.000163738
1.14939e+07 0.180113 0.861314 0 0.000134276
1.14939e+07 0.180113 0.861314 0 0.000134276
9.42581e+06 0 1 0 0.000163738
1.49581e+07 0.370231 0.759729 0 0.000103179
1.14939e+07 0.180113 0.861314 0 0.000134276
1.14952e+07 0.180113 0.919208 0 0.000134261
1.14939e+07 0.180113 0.861314 0 0.000134276
1.14952e+07 0.180113 0.919208 0 0.000134261
1.49581e+07 0.370231 0.759729 0 0.000103179
1.49581e+07 0.370231 0.759729 0 0.000103179
1.49581e+07 0.370231 0.759729 0 0.000103179
1.14939e+07 0.180113 0.861314 0 0.000134276
1.49581e+07 0.370231 0.759729 0 0.000103179
1.49581e+07 0.370231 0.759729 0 0.000103179
1.49581e+07 0.370231 0.759729 0 0.000103179
1.14939e+07 0.180113 0.861314 0 0.000134276
1.14939e+07 0.180113 0.861314 0 0.000134276
1.49581e+07 0.370231 0.759729 0 0.000103179
1.49581e+07 0.370231 0.759729 0 0.000103179
1.49581e+07 0.370231 0.759729 0 0.000103179
1.14952e+07 0.180113 0.919208 0 0.000134261
1.14939e+07 0.180113 0.861314 0 0.000134276
1.49581e+07 0.370231 0.759729 0 0.000103179
1.16713e+07 0.19262 0.834875 0 0.000132236
1.14939e+07 0.180113 0.861314 0 0.000134276
1.14939e+07 0.180113 0.861314 0 0.000134276
9.42581e+06 0 1 0 0.000163738
1.49581e+07 0.370231 0.759729 0 0.000103179
1.14939e+07 0.180113 0.861314 0 0.000134276
1.14939e+07 0.180113 0.861314 0 0.000134276
1.49581e+07 0.370231 0.759729 0 0.000103179
1.49581e+07 0.370231 0.759729 0 0.000103179
1.14939e+07 0.180113 0.861314 0 0.000134276
1.49581e+07 0.370231 0.759729 0 0.000103179
