3.58852e+07 0.489237 0.842548 0 3.30609e-05
1.83464e+07 0 1 0 6.46666e-05
1.83464e+07 0 1 0 6.46666e-05
1.83464e+07 0 1 0 6.46666e-05
1.83464e+07 0 1 0 6.46666e-05
3.58852e+07 0.489237 0.842548 0 3.30609e-05
1.83464e+07 0 1 0 6.46666e-05
3.58852e+07 0.489237 0.842548 0 3.30609e-05
1.83464e+07 0 1 0 6.46666e-05
1.83464e+07 0 1 0 6.46666e-05
1.83464e+07 0 1 0 6.46666e-05
1.83464e+07 0 1 0 6.46666e-05
1.83464e+07 0 1 0 6.46666e-05
3.58852e+07 0.489237 0.842548 0 3.30609e-05
1.83464e+07 0 1 0 6.46666e-05
1.83464e+07 0 1 0 6.46666e-05
3.58852e+07 0.489237 0.842548 0 3.30609e-05
1.83464e+07 0 1 0 6.46666e-05
1.83464e+07 0 1 0 6.46666e-05
3.58852e+07 0.489237 0.842548 0 3.30609e-05
3.58852e+07 0.489237 0.842548 0 3.30609e-05
3.58852e+07 0.489237 0.842548 0 3.30609e-05
1.83464e+07 0 1 0 6.46666e-05
1.83464e+07 0 1 0 6.46666e-05
3.58852e+07 0.489237 0.842548 0 3.30609e-05
3.58852e+07 0.489237 0.842548 0 3.30609e-05
1.83464e+07 0 1 0 6.46666e-05
1.83464e+07 0 1 0 6.46666e-05
1.83464e+07 0 1 0 6.46666e-05
1.83464e+07 0 1 0 6.46666e-05
1.83464e+07 0 1 0 6.46666e-05
1.83464e+07 0 1 0 6.46666e-05
3.58852e+07 0.489237 0.842548 0 3.30609e-05
3.58852e+07 0.489237 0.842548 0 3.30609e-05
3.58852e+07 0.489237 0.842548 0 3.30609e-05
3.58852e+07 0.489237 0.842548 0 3.30609e-05
1.83464e+07 0 1 0 6.46666e-05
1.83464e+07 0 1 0 6.46666e-05
1.83464e+07 0 1 0 6.46666e-05
1.83464e+07 0 1 0 6.46666e-05
3.58852e+07 0.489237 0.842548 0 3.30609e-05
1.83464e+07 0 1 0 6.46666e-05
1.83464e+07 0 1 0 6.46666e-05
1.83464e+07 0 1 0 6.46666e-05
1.83464e+07 0 1 0 6.46666e-05
3.58852e+07 0.489237 0.842548 0 3.30609e-05
1.83464e+07 0 1 0 6.46666e-05
3.58852e+07 0.489237 0.842548 0 3.30609e-05
1.83464e+07 0 1 0 6.46666e-05
1.83464e+07 0 1 0 6.46666e-05
3.58852e+07 0.489237 0.842548 0 3.30609e-05
1.83464e+07 0 1 0 6.46666e-05
1.83464e+07 0 1 0 6.46666e-05
3.58852e+07 0.489237 0.842548 0 3.30609e-05
1.83464e+07 0 1 0 6.46666e-05
1.83464e+07 0 1 0 6.46666e-05
1.83464e+07 0 1 0 6.46666e-05
1.83464e+07 0 1 0 6.46666e-05
1.83464e+07 0 1 0 6.46666e-05
1.83464e+07 0 1 0 6.46666e-05
3.58852e+07 0.489237 0.842548 0 3.30609e-05
1.83464e+07 0 1 0 6.46666e-05
1.83464e+07 0 1 0 6.46666e-05
3.58852e+07 0.489237 0.842548 0 3.30609e-05
1.83464e+07 0 1 0 6.46666e-05
1.83464e+07 0 1 0 6.46666e-05
1.83464e+07 0 1 0 6.46666e-05
1.83464e+07 0 1 0 6.46666e-05
1.83464e+07 0 1 0 6.46666e-05
3.58852e+07 0.489237 0.842548 0 3.30609e-05
1.83464e+07 0 1 0 6.46666e-05
1.83464e+07 0 1 0 6.46666e-05
1.83464e+07 0 1 0 6.46666e-05
1.83464e+07 0 1 0 6.46666e-05
3.58852e+07 0.489237 0.842548 0 3.30609e-05
3.58852e+07 0.489237 0.842548 0 3.30609e-05
3.58852e+07 0.489237 0.842548 0 3.30609e-05
1.83464e+07 0 1 0 6.46666e-05
3.58852e+07 0.489237 0.842548 0 3.30609e-05
3.58852e+07 0.489237 0.842548 0 3.30609e-05
3.58852e+07 0.489237 0.842548 0 3.30609e-05
1.83464e+07 0 1 0 6.46666e-05
1.83464e+07 0 1 0 6.46666e-05
3.58852e+07 0.489237 0.842548 0 3.30609e-05
3.58852e+07 0.489237 0.842548 0 3.30609e-05
3.58852e+07 0.489237 0.842548 0 3.30609e-05
1.83464e+07 0 1 0 6.46666e-05
1.83464e+07 0 1 0 6.46666e-05
3.58852e+07 0.489237 0.842548 0 3.30609e-05
1.83464e+07 0 1 0 6.46666e-05
1.83464e+07 0 1 0 6.46666e-05
1.83464e+07 0 1 0 6.46666e-05
1.83464e+07 0 1 0 6.46666e-05
3.58852e+07 0.489237 0.842548 0 3.30609e-05
1.83464e+07 0 1 0 6.46666e-05
1.83464e+07 0 1 0 6.46666e-05
3.58852e+07 0.489237 0.842548 0 3.30609e-05
3.58852e+07 0.489237 0.842548 0 3.30609e-05
1.83464e+07 0 1 0 6.46666e-05
3.58852e+07 0.489237 0.842548 0 3.30609e-05
