7.86238e+06 0.167488 0.853564 0 0.000157817
1.20744e+07 0.458297 0.522495 0 0.000102765
1.20744e+07 0.458297 0.522495 0 0.000102765
6.54684e+06 0 1 0 0.00018953
1.20744e+07 0.458297 0.522495 0 0.000102765
7.86238e+06 0.167488 0.853564 0 0.000157817
1.20744e+07 0.458297 0.522495 0 0.000102765
7.86238e+06 0.167488 0.853564 0 0.000157817
6.54684e+06 0 1 0 0.00018953
6.54684e+06 0 1 0 0.00018953
1.20744e+07 0.458297 0.522495 0 0.000102765
1.20744e+07 0.458297 0.522495 0 0.000102765
6.54684e+06 0 1 0 0.00018953
7.86238e+06 0.167488 0.853564 0 0.000157817
7.15498e+06 0.0850949 0.90213 0 0.000173421
8.35088e+06 0.216114 0.916555 0 0.000148586
7.86238e+06 0.167488 0.853564 0 0.000157817
6.54684e+06 0 1 0 0.00018953
1.20744e+07 0.458297 0.522495 0 0.000102765
7.86238e+06 0.167488 0.853564 0 0.000157817
7.86238e+06 0.167488 0.853564 0 0.000157817
7.86238e+06 0.167488 0.853564 0 0.000157817
6.54684e+06 0 1 0 0.00018953
6.54684e+06 0 1 0 0.00018953
7.86238e+06 0.167488 0.853564 0 0.000157817
7.86238e+06 0.167488 0.853564 0 0.000157817
1.20744e+07 0.458297 0.522495 0 0.000102765
6.54684e+06 0 1 0 0.00018953
1.20744e+07 0.458297 0.522495 0 0.000102765
6.54684e+06 0 1 0 0.00018953
6.54684e+06 0 1 0 0.00018953
6.54684e+06 0 1 0 0.00018953
7.86238e+06 0.167488 0.853564 0 0.000157817
7.86238e+06 0.167488 0.853564 0 0.000157817
7.86238e+06 0.167488 0.853564 0 0.000157817
7.86238e+06 0.167488 0.853564 0 0.000157817
6.54684e+06 0 1 0 0.00018953
6.54684e+06 0 1 0 0.00018953
1.20744e+07 0.458297 0.522495 0 0.000102765
1.20744e+07 0.458297 0.522495 0 0.000102765
7.86238e+06 0.167488 0.853564 0 0.000157817
1.20744e+07 0.458297 0.522495 0 0.000102765
1.20744e+07 0.458297 0.522495 0 0.000102765
1.20744e+07 0.458297 0.522495 0 0.000102765
6.54684e+06 0 1 0 0.00018953
7.86238e+06 0.167488 0.853564 0 0.000157817
1.20744e+07 0.458297 0.522495 0 0.000102765
7.86238e+06 0.167488 0.853564 0 0.000157817
8.35088e+06 0.216114 0.916555 0 0.000148586
6.54684e+06 0 1 0 0.00018953
7.86238e+06 0.167488 0.853564 0 0.000157817
1.20744e+07 0.458297 0.522495 0 0.000102765
6.54684e+06 0 1 0 0.00018953
7.86238e+06 0.167488 0.853564 0 0.000157817
1.20744e+07 0.458297 0.522495 0 0.000102765
6.54684e+06 0 1 0 0.00018953
1.20744e+07 0.458297 0.522495 0 0.000102765
1.20744e+07 0.458297 0.522495 0 0.000102765
6.54684e+06 0 1 0 0.00018953
1.20744e+07 0.458297 0.522495 0 0.000102765
7.86238e+06 0.167488 0.853564 0 0.000157817
1.20744e+07 0.458297 0.522495 0 0.000102765
6.54684e+06 0 1 0 0.00018953
7.86238e+06 0.167488 0.853564 0 0.000157817
6.54684e+06 0 1 0 0.00018953
8.35088e+06 0.216114 0.916555 0 0.000148586
1.20744e+07 0.458297 0.522495 0 0.000102765
1.20744e+07 0.458297 0.522495 0 0.000102765
6.54684e+06 0 1 0 0.00018953
7.86238e+06 0.167488 0.853564 0 0.000157817
1.20744e+07 0.458297 0.522495 0 0.000102765
6.54684e+06 0 1 0 0.00018953
1.20744e+07 0.458297 0.522495 0 0.000102765
6.54684e+06 0 1 0 0.00018953
7.86238e+06 0.167488 0.853564 0 0.000157817
7.86238e+06 0.167488 0.853564 0 0.000157817
7.86238e+06 0.167488 0.853564 0 0.000157817
1.20744e+07 0.458297 0.522495 0 0.000102765
7.86238e+06 0.167488 0.853564 0 0.000157817
7.86238e+06 0.167488 0.853564 0 0.000157817
7.86238e+06 0.167488 0.853564 0 0.000157817
1.20744e+07 0.458297 0.522495 0 0.000102765
1.20744e+07 0.458297 0.522495 0 0.000102765
7.86238e+06 0.167488 0.853564 0 0.000157817
7.86238e+06 0.167488 0.853564 0 0.000157817
7.86238e+06 0.167488 0.853564 0 0.000157817
6.54684e+06 0 1 0 0.00018953
1.20744e+07 0.458297 0.522495 0 0.000102765
7.86238e+06 0.167488 0.853564 0 0.000157817
7.15498e+06 0.0850949 0.90213 0 0.000173421
1.20744e+07 0.458297 0.522495 0 0.000102765
1.20744e+07 0.458297 0.522495 0 0.000102765
8.35088e+06 0.216114 0.916555 0 0.000148586
7.86238e+06 0.167488 0.853564 0 0.000157817
1.20744e+07 0.458297 0.522495 0 0.000102765
1.20744e+07 0.458297 0.522495 0 0.000102765
7.86238e+06 0.167488 0.853564 0 0.000157817
7.86238e+06 0.167488 0.853564 0 0.000157817
1.20744e+07 0.458297 0.522495 0 0.000102765
7.86238e+06 0.167488 0.853564 0 0.000157817
