1.03689e+07 0.325643 0.765302 0 0.000117895
8.08433e+06 0.134782 0.883013 0 0.000151211
8.08433e+06 0.134782 0.883013 0 0.000151211
6.99573e+06 0 1 0 0.000174741
8.08433e+06 0.134782 0.883013 0 0.000151211
1.03689e+07 0.325643 0.765302 0 0.000117895
8.08433e+06 0.134782 0.883013 0 0.000151211
1.03689e+07 0.325643 0.765302 0 0.000117895
6.99573e+06 0 1 0 0.000174741
6.99573e+06 0 1 0 0.000174741
8.08433e+06 0.134782 0.883013 0 0.000151211
8.08433e+06 0.134782 0.883013 0 0.000151211
6.99573e+06 0 1 0 0.000174741
1.03689e+07 0.325643 0.765302 0 0.000117895
7.66292e+06 0.0871691 0.916495 0 0.000159527
8.33907e+06 0.161153 0.948375 0 0.000146592
1.03689e+07 0.325643 0.765302 0 0.000117895
6.99573e+06 0 1 0 0.000174741
8.08433e+06 0.134782 0.883013 0 0.000151211
1.03689e+07 0.325643 0.765302 0 0.000117895
1.03689e+07 0.325643 0.765302 0 0.000117895
1.03689e+07 0.325643 0.765302 0 0.000117895
6.99573e+06 0 1 0 0.000174741
7.92397e+06 0.117202 0.956044 0 0.000154271
1.03689e+07 0.325643 0.765302 0 0.000117895
1.03689e+07 0.325643 0.765302 0 0.000117895
8.08433e+06 0.134782 0.883013 0 0.000151211
6.99573e+06 0 1 0 0.000174741
8.08433e+06 0.134782 0.883013 0 0.000151211
6.99573e+06 0 1 0 0.000174741
7.92397e+06 0.117202 0.956044 0 0.000154271
6.99573e+06 0 1 0 0.000174741
1.03689e+07 0.325643 0.765302 0 0.000117895
1.03689e+07 0.325643 0.765302 0 0.000117895
1.03689e+07 0.325643 0.765302 0 0.000117895
1.03689e+07 0.325643 0.765302 0 0.000117895
6.99573e+06 0 1 0 0.000174741
6.99573e+06 0 1 0 0.000174741
8.08433e+06 0.134782 0.883013 0 0.000151211
8.08433e+06 0.134782 0.883013 0 0.000151211
1.03689e+07 0.325643 0.765302 0 0.000117895
8.08433e+06 0.134782 0.883013 0 0.000151211
8.08433e+06 0.134782 0.883013 0 0.000151211
8.08433e+06 0.134782 0.883013 0 0.000151211
6.99573e+06 0 1 0 0.000174741
1.03689e+07 0.325643 0.765302 0 0.000117895
8.08433e+06 0.134782 0.883013 0 0.000151211
1.03689e+07 0.325643 0.765302 0 0.000117895
8.33907e+06 0.161153 0.948375 0 0.000146592
7.92397e+06 0.117202 0.956044 0 0.000154271
1.03689e+07 0.325643 0.765302 0 0.000117895
8.08433e+06 0.134782 0.883013 0 0.000151211
6.99573e+06 0 1 0 0.000174741
1.03689e+07 0.325643 0.765302 0 0.000117895
8.08433e+06 0.134782 0.883013 0 0.000151211
6.99573e+06 0 1 0 0.000174741
8.08433e+06 0.134782 0.883013 0 0.000151211
8.08433e+06 0.134782 0.883013 0 0.000151211
6.99573e+06 0 1 0 0.000174741
8.08433e+06 0.134782 0.883013 0 0.000151211
1.03689e+07 0.325643 0.765302 0 0.000117895
8.08433e+06 0.134782 0.883013 0 0.000151211
6.99573e+06 0 1 0 0.000174741
1.03689e+07 0.325643 0.765302 0 0.000117895
6.99573e+06 0 1 0 0.000174741
8.33907e+06 0.161153 0.948375 0 0.000146592
8.08433e+06 0.134782 0.883013 0 0.000151211
8.08433e+06 0.134782 0.883013 0 0.000151211
6.99573e+06 0 1 0 0.000174741
1.03689e+07 0.325643 0.765302 0 0.000117895
8.08433e+06 0.134782 0.883013 0 0.000151211
6.99573e+06 0 1 0 0.000174741
8.08433e+06 0.134782 0.883013 0 0.000151211
6.99573e+06 0 1 0 0.000174741
1.03689e+07 0.325643 0.765302 0 0.000117895
1.03689e+07 0.325643 0.765302 0 0.000117895
1.03689e+07 0.325643 0.765302 0 0.000117895
8.08433e+06 0.134782 0.883013 0 0.000151211
1.03689e+07 0.325643 0.765302 0 0.000117895
1.03689e+07 0.325643 0.765302 0 0.000117895
1.03689e+07 0.325643 0.765302 0 0.000117895
8.08433e+06 0.134782 0.883013 0 0.000151211
8.08433e+06 0.134782 0.883013 0 0.000151211
1.03689e+07 0.325643 0.765302 0 0.000117895
1.03689e+07 0.325643 0.765302 0 0.000117895
1.03689e+07 0.325643 0.765302 0 0.000117895
6.99573e+06 0 1 0 0.000174741
8.08433e+06 0.134782 0.883013 0 0.000151211
1.03689e+07 0.325643 0.765302 0 0.000117895
7.66292e+06 0.0871691 0.916495 0 0.000159527
8.08433e+06 0.134782 0.883013 0 0.000151211
8.08433e+06 0.134782 0.883013 0 0.000151211
8.33907e+06 0.161153 0.948375 0 0.000146592
1.03689e+07 0.325643 0.765302 0 0.000117895
8.08433e+06 0.134782 0.883013 0 0.000151211
8.08433e+06 0.134782 0.883013 0 0.000151211
1.03689e+07 0.325643 0.765302 0 0.000117895
1.03689e+07 0.325643 0.765302 0 0.000117895
8.08433e+06 0.134782 0.883013 0 0.000151211
1.03689e+07 0.325643 0.765302 0 0.000117895
