9.39221e+06 0.204688 0.86051 0 0.000106259
8.93636e+06 0.164057 0.864462 0 0.00011168
8.93636e+06 0.164057 0.864462 0 0.00011168
7.47166e+06 0 1 0 0.000133573
8.93636e+06 0.164057 0.864462 0 0.00011168
9.39221e+06 0.204688 0.86051 0 0.000106259
8.93636e+06 0.164057 0.864462 0 0.00011168
9.39221e+06 0.204688 0.86051 0 0.000106259
7.47166e+06 0 1 0 0.000133573
7.47166e+06 0 1 0 0.000133573
8.93636e+06 0.164057 0.864462 0 0.00011168
8.93636e+06 0.164057 0.864462 0 0.00011168
7.47166e+06 0 1 0 0.000133573
9.39221e+06 0.204688 0.86051 0 0.000106259
9.66921e+06 0.227543 0.793333 0 0.000103215
7.47166e+06 0 1 0 0.000133573
9.39221e+06 0.204688 0.86051 0 0.000106259
7.47166e+06 0 1 0 0.000133573
8.93636e+06 0.164057 0.864462 0 0.00011168
9.39221e+06 0.204688 0.86051 0 0.000106259
9.39221e+06 0.204688 0.86051 0 0.000106259
9.39221e+06 0.204688 0.86051 0 0.000106259
7.47166e+06 0 1 0 0.000133573
7.47166e+06 0 1 0 0.000133573
9.39221e+06 0.204688 0.86051 0 0.000106259
9.39221e+06 0.204688 0.86051 0 0.000106259
8.93636e+06 0.164057 0.864462 0 0.00011168
7.47166e+06 0 1 0 0.000133573
8.93636e+06 0.164057 0.864462 0 0.00011168
7.47166e+06 0 1 0 0.000133573
7.47166e+06 0 1 0 0.000133573
7.47166e+06 0 1 0 0.000133573
9.39221e+06 0.204688 0.86051 0 0.000106259
9.39221e+06 0.204688 0.86051 0 0.000106259
9.39221e+06 0.204688 0.86051 0 0.000106259
9.39221e+06 0.204688 0.86051 0 0.000106259
7.47166e+06 0 1 0 0.000133573
7.47166e+06 0 1 0 0.000133573
8.93636e+06 0.164057 0.864462 0 0.00011168
8.93636e+06 0.164057 0.864462 0 0.00011168
9.39221e+06 0.204688 0.86051 0 0.000106259
8.93636e+06 0.164057 0.864462 0 0.00011168
8.93636e+06 0.164057 0.864462 0 0.00011168
8.93636e+06 0.164057 0.864462 0 0.00011168
7.47166e+06 0 1 0 0.000133573
9.39221e+06 0.204688 0.86051 0 0.000106259
8.93636e+06 0.164057 0.864462 0 0.00011168
9.39221e+06 0.204688 0.86051 0 0.000106259
7.47166e+06 0 1 0 0.000133573
7.47166e+06 0 1 0 0.000133573
9.39221e+06 0.204688 0.86051 0 0.000106259
8.93636e+06 0.164057 0.864462 0 0.00011168
9.29499e+06 0.196256 0.912783 0 0.000107371
9.39221e+06 0.204688 0.86051 0 0.000106259
8.93636e+06 0.164057 0.864462 0 0.00011168
7.47166e+06 0 1 0 0.000133573
8.93636e+06 0.164057 0.864462 0 0.00011168
8.93636e+06 0.164057 0.864462 0 0.00011168
7.47166e+06 0 1 0 0.000133573
8.93636e+06 0.164057 0.864462 0 0.00011168
9.39221e+06 0.204688 0.86051 0 0.000106259
8.93636e+06 0.164057 0.864462 0 0.00011168
7.47166e+06 0 1 0 0.000133573
9.39221e+06 0.204688 0.86051 0 0.000106259
7.47166e+06 0 1 0 0.000133573
7.47166e+06 0 1 0 0.000133573
8.93636e+06 0.164057 0.864462 0 0.00011168
8.93636e+06 0.164057 0.864462 0 0.00011168
9.29499e+06 0.196256 0.912783 0 0.000107371
9.39221e+06 0.204688 0.86051 0 0.000106259
8.93636e+06 0.164057 0.864462 0 0.00011168
7.47166e+06 0 1 0 0.000133573
8.93636e+06 0.164057 0.864462 0 0.00011168
7.47166e+06 0 1 0 0.000133573
9.39221e+06 0.204688 0.86051 0 0.000106259
9.39221e+06 0.204688 0.86051 0 0.000106259
9.39221e+06 0.204688 0.86051 0 0.000106259
8.93636e+06 0.164057 0.864462 0 0.00011168
9.39221e+06 0.204688 0.86051 0 0.000106259
9.39221e+06 0.204688 0.86051 0 0.000106259
9.39221e+06 0.204688 0.86051 0 0.000106259
8.93636e+06 0.164057 0.864462 0 0.00011168
8.93636e+06 0.164057 0.864462 0 0.00011168
9.39221e+06 0.204688 0.86051 0 0.000106259
9.39221e+06 0.204688 0.86051 0 0.000106259
9.39221e+06 0.204688 0.86051 0 0.000106259
7.47166e+06 0 1 0 0.000133573
8.93636e+06 0.164057 0.864462 0 0.00011168
9.39221e+06 0.204688 0.86051 0 0.000106259
9.66921e+06 0.227543 0.793333 0 0.000103215
8.93636e+06 0.164057 0.864462 0 0.00011168
8.93636e+06 0.164057 0.864462 0 0.00011168
7.47166e+06 0 1 0 0.000133573
9.39221e+06 0.204688 0.86051 0 0.000106259
8.93636e+06 0.164057 0.864462 0 0.00011168
8.93636e+06 0.164057 0.864462 0 0.00011168
9.39221e+06 0.204688 0.86051 0 0.000106259
9.39221e+06 0.204688 0.86051 0 0.000106259
8.93636e+06 0.164057 0.864462 0 0.00011168
9.39221e+06 0.204688 0.86051 0 0.000106259
