1.6338e+07 0.452905 0.730305 0 7.0226e-05
1.12999e+07 0.208522 0.849237 0 0.000101537
1.12999e+07 0.208522 0.849237 0 0.000101537
8.946e+06 0 1 0 0.000128253
1.12999e+07 0.208522 0.849237 0 0.000101537
1.6338e+07 0.452905 0.730305 0 7.0226e-05
1.12999e+07 0.208522 0.849237 0 0.000101537
1.6338e+07 0.452905 0.730305 0 7.0226e-05
8.946e+06 0 1 0 0.000128253
8.946e+06 0 1 0 0.000128253
1.12999e+07 0.208522 0.849237 0 0.000101537
1.12999e+07 0.208522 0.849237 0 0.000101537
8.946e+06 0 1 0 0.000128253
1.6338e+07 0.452905 0.730305 0 7.0226e-05
1.01539e+07 0.119098 0.905873 0 0.000112996
8.946e+06 0 1 0 0.000128253
1.6338e+07 0.452905 0.730305 0 7.0226e-05
8.946e+06 0 1 0 0.000128253
1.12999e+07 0.208522 0.849237 0 0.000101537
1.6338e+07 0.452905 0.730305 0 7.0226e-05
1.6338e+07 0.452905 0.730305 0 7.0226e-05
1.6338e+07 0.452905 0.730305 0 7.0226e-05
8.946e+06 0 1 0 0.000128253
8.946e+06 0 1 0 0.000128253
1.6338e+07 0.452905 0.730305 0 7.0226e-05
1.6338e+07 0.452905 0.730305 0 7.0226e-05
1.12999e+07 0.208522 0.849237 0 0.000101537
8.946e+06 0 1 0 0.000128253
1.12999e+07 0.208522 0.849237 0 0.000101537
8.946e+06 0 1 0 0.000128253
8.946e+06 0 1 0 0.000128253
8.946e+06 0 1 0 0.000128253
1.6338e+07 0.452905 0.730305 0 7.0226e-05
1.6338e+07 0.452905 0.730305 0 7.0226e-05
1.6338e+07 0.452905 0.730305 0 7.0226e-05
1.6338e+07 0.452905 0.730305 0 7.0226e-05
8.946e+06 0 1 0 0.000128253
8.946e+06 0 1 0 0.000128253
1.12999e+07 0.208522 0.849237 0 0.000101537
1.12999e+07 0.208522 0.849237 0 0.000101537
1.6338e+07 0.452905 0.730305 0 7.0226e-05
1.12999e+07 0.208522 0.849237 0 0.000101537
1.12999e+07 0.208522 0.849237 0 0.000101537
1.12999e+07 0.208522 0.849237 0 0.000101537
8.946e+06 0 1 0 0.000128253
1.6338e+07 0.452905 0.730305 0 7.0226e-05
1.12999e+07 0.208522 0.849237 0 0.000101537
1.6338e+07 0.452905 0.730305 0 7.0226e-05
8.946e+06 0 1 0 0.000128253
8.946e+06 0 1 0 0.000128253
1.6338e+07 0.452905 0.730305 0 7.0226e-05
1.12999e+07 0.208522 0.849237 0 0.000101537
8.946e+06 0 1 0 0.000128253
1.6338e+07 0.452905 0.730305 0 7.0226e-05
1.12999e+07 0.208522 0.849237 0 0.000101537
8.946e+06 0 1 0 0.000128253
1.12999e+07 0.208522 0.849237 0 0.000101537
1.12999e+07 0.208522 0.849237 0 0.000101537
8.946e+06 0 1 0 0.000128253
1.12999e+07 0.208522 0.849237 0 0.000101537
1.6338e+07 0.452905 0.730305 0 7.0226e-05
1.12999e+07 0.208522 0.849237 0 0.000101537
8.946e+06 0 1 0 0.000128253
1.6338e+07 0.452905 0.730305 0 7.0226e-05
8.946e+06 0 1 0 0.000128253
8.946e+06 0 1 0 0.000128253
1.12999e+07 0.208522 0.849237 0 0.000101537
1.12999e+07 0.208522 0.849237 0 0.000101537
8.946e+06 0 1 0 0.000128253
1.6338e+07 0.452905 0.730305 0 7.0226e-05
1.12999e+07 0.208522 0.849237 0 0.000101537
8.946e+06 0 1 0 0.000128253
1.12999e+07 0.208522 0.849237 0 0.000101537
8.946e+06 0 1 0 0.000128253
1.6338e+07 0.452905 0.730305 0 7.0226e-05
1.6338e+07 0.452905 0.730305 0 7.0226e-05
1.6338e+07 0.452905 0.730305 0 7.0226e-05
1.12999e+07 0.208522 0.849237 0 0.000101537
1.6338e+07 0.452905 0.730305 0 7.0226e-05
1.6338e+07 0.452905 0.730305 0 7.0226e-05
1.6338e+07 0.452905 0.730305 0 7.0226e-05
1.12999e+07 0.208522 0.849237 0 0.000101537
1.12999e+07 0.208522 0.849237 0 0.000101537
1.6338e+07 0.452905 0.730305 0 7.0226e-05
1.6338e+07 0.452905 0.730305 0 7.0226e-05
1.6338e+07 0.452905 0.730305 0 7.0226e-05
8.946e+06 0 1 0 0.000128253
1.12999e+07 0.208522 0.849237 0 0.000101537
1.6338e+07 0.452905 0.730305 0 7.0226e-05
1.01539e+07 0.119098 0.905873 0 0.000112996
1.12999e+07 0.208522 0.849237 0 0.000101537
1.12999e+07 0.208522 0.849237 0 0.000101537
8.946e+06 0 1 0 0.000128253
1.6338e+07 0.452905 0.730305 0 7.0226e-05
1.12999e+07 0.208522 0.849237 0 0.000101537
1.12999e+07 0.208522 0.849237 0 0.000101537
1.6338e+07 0.452905 0.730305 0 7.0226e-05
1.6338e+07 0.452905 0.730305 0 7.0226e-05
1.12999e+07 0.208522 0.849237 0 0.000101537
1.6338e+07 0.452905 0.730305 0 7.0226e-05
