1.26344e+07 0.215183 0.894347 0 0.000102733
1.58504e+07 0.374614 0.778822 0 8.1889e-05
1.58504e+07 0.374614 0.778822 0 8.1889e-05
9.91837e+06 0 1 0 0.000130865
1.58504e+07 0.374614 0.778822 0 8.1889e-05
1.26344e+07 0.215183 0.894347 0 0.000102733
1.58504e+07 0.374614 0.778822 0 8.1889e-05
1.26344e+07 0.215183 0.894347 0 0.000102733
9.91837e+06 0 1 0 0.000130865
9.91837e+06 0 1 0 0.000130865
1.58504e+07 0.374614 0.778822 0 8.1889e-05
1.58504e+07 0.374614 0.778822 0 8.1889e-05
9.91837e+06 0 1 0 0.000130865
1.26344e+07 0.215183 0.894347 0 0.000102733
9.91837e+06 0 1 0 0.000130865
9.91837e+06 0 1 0 0.000130865
1.26344e+07 0.215183 0.894347 0 0.000102733
9.91837e+06 0 1 0 0.000130865
1.58504e+07 0.374614 0.778822 0 8.1889e-05
1.26344e+07 0.215183 0.894347 0 0.000102733
1.26344e+07 0.215183 0.894347 0 0.000102733
1.26344e+07 0.215183 0.894347 0 0.000102733
9.91837e+06 0 1 0 0.000130865
1.17575e+07 0.156497 0.959989 0 0.000110395
1.26344e+07 0.215183 0.894347 0 0.000102733
1.26344e+07 0.215183 0.894347 0 0.000102733
1.58504e+07 0.374614 0.778822 0 8.1889e-05
9.91837e+06 0 1 0 0.000130865
1.58504e+07 0.374614 0.778822 0 8.1889e-05
9.91837e+06 0 1 0 0.000130865
1.17575e+07 0.156497 0.959989 0 0.000110395
9.91837e+06 0 1 0 0.000130865
1.26344e+07 0.215183 0.894347 0 0.000102733
1.26344e+07 0.215183 0.894347 0 0.000102733
1.26344e+07 0.215183 0.894347 0 0.000102733
1.26344e+07 0.215183 0.894347 0 0.000102733
9.91837e+06 0 1 0 0.000130865
9.91837e+06 0 1 0 0.000130865
1.58504e+07 0.374614 0.778822 0 8.1889e-05
1.58504e+07 0.374614 0.778822 0 8.1889e-05
1.26344e+07 0.215183 0.894347 0 0.000102733
1.58504e+07 0.374614 0.778822 0 8.1889e-05
1.58504e+07 0.374614 0.778822 0 8.1889e-05
1.58504e+07 0.374614 0.778822 0 8.1889e-05
9.91837e+06 0 1 0 0.000130865
1.26344e+07 0.215183 0.894347 0 0.000102733
1.58504e+07 0.374614 0.778822 0 8.1889e-05
1.26344e+07 0.215183 0.894347 0 0.000102733
9.91837e+06 0 1 0 0.000130865
1.17575e+07 0.156497 0.959989 0 0.000110395
1.26344e+07 0.215183 0.894347 0 0.000102733
1.58504e+07 0.374614 0.778822 0 8.1889e-05
9.91837e+06 0 1 0 0.000130865
1.26344e+07 0.215183 0.894347 0 0.000102733
1.58504e+07 0.374614 0.778822 0 8.1889e-05
9.91837e+06 0 1 0 0.000130865
1.58504e+07 0.374614 0.778822 0 8.1889e-05
1.58504e+07 0.374614 0.778822 0 8.1889e-05
9.91837e+06 0 1 0 0.000130865
1.58504e+07 0.374614 0.778822 0 8.1889e-05
1.26344e+07 0.215183 0.894347 0 0.000102733
1.58504e+07 0.374614 0.778822 0 8.1889e-05
9.91837e+06 0 1 0 0.000130865
1.26344e+07 0.215183 0.894347 0 0.000102733
9.91837e+06 0 1 0 0.000130865
9.91837e+06 0 1 0 0.000130865
1.58504e+07 0.374614 0.778822 0 8.1889e-05
1.58504e+07 0.374614 0.778822 0 8.1889e-05
9.91837e+06 0 1 0 0.000130865
1.26344e+07 0.215183 0.894347 0 0.000102733
1.58504e+07 0.374614 0.778822 0 8.1889e-05
9.91837e+06 0 1 0 0.000130865
1.58504e+07 0.374614 0.778822 0 8.1889e-05
9.91837e+06 0 1 0 0.000130865
1.26344e+07 0.215183 0.894347 0 0.000102733
1.26344e+07 0.215183 0.894347 0 0.000102733
1.26344e+07 0.215183 0.894347 0 0.000102733
1.58504e+07 0.374614 0.778822 0 8.1889e-05
1.26344e+07 0.215183 0.894347 0 0.000102733
1.26344e+07 0.215183 0.894347 0 0.000102733
1.26344e+07 0.215183 0.894347 0 0.000102733
1.58504e+07 0.374614 0.778822 0 8.1889e-05
1.58504e+07 0.374614 0.778822 0 8.1889e-05
1.26344e+07 0.215183 0.894347 0 0.000102733
1.26344e+07 0.215183 0.894347 0 0.000102733
1.26344e+07 0.215183 0.894347 0 0.000102733
9.91837e+06 0 1 0 0.000130865
1.58504e+07 0.374614 0.778822 0 8.1889e-05
1.26344e+07 0.215183 0.894347 0 0.000102733
9.91837e+06 0 1 0 0.000130865
1.58504e+07 0.374614 0.778822 0 8.1889e-05
1.58504e+07 0.374614 0.778822 0 8.1889e-05
9.91837e+06 0 1 0 0.000130865
1.26344e+07 0.215183 0.894347 0 0.000102733
1.58504e+07 0.374614 0.778822 0 8.1889e-05
1.58504e+07 0.374614 0.778822 0 8.1889e-05
1.26344e+07 0.215183 0.894347 0 0.000102733
1.26344e+07 0.215183 0.894347 0 0.000102733
1.58504e+07 0.374614 0.778822 0 8.1889e-05
1.26344e+07 0.215183 0.894347 0 0.000102733
