1.13841e+07 0.360611 0.77776 0 0.000102846
1.06051e+07 0.313554 0.76755 0 0.0001104
1.06051e+07 0.313554 0.76755 0 0.0001104
8.86981e+06 0.178992 0.923551 0 0.000131998
1.06051e+07 0.313554 0.76755 0 0.0001104
1.13841e+07 0.360611 0.77776 0 0.000102846
1.06051e+07 0.313554 0.76755 0 0.0001104
1.13841e+07 0.360611 0.77776 0 0.000102846
8.86981e+06 0.178992 0.923551 0 0.000131998
8.86981e+06 0.178992 0.923551 0 0.000131998
1.06051e+07 0.313554 0.76755 0 0.0001104
1.06051e+07 0.313554 0.76755 0 0.0001104
8.86981e+06 0.178992 0.923551 0 0.000131998
1.13841e+07 0.360611 0.77776 0 0.000102846
7.28298e+06 0 1 0 0.000160758
7.28298e+06 0 1 0 0.000160758
1.13841e+07 0.360611 0.77776 0 0.000102846
8.86981e+06 0.178992 0.923551 0 0.000131998
1.06051e+07 0.313554 0.76755 0 0.0001104
1.13841e+07 0.360611 0.77776 0 0.000102846
1.13841e+07 0.360611 0.77776 0 0.000102846
1.13841e+07 0.360611 0.77776 0 0.000102846
8.86981e+06 0.178992 0.923551 0 0.000131998
7.28298e+06 0 1 0 0.000160758
1.13841e+07 0.360611 0.77776 0 0.000102846
1.13841e+07 0.360611 0.77776 0 0.000102846
1.06051e+07 0.313554 0.76755 0 0.0001104
8.86981e+06 0.178992 0.923551 0 0.000131998
1.06051e+07 0.313554 0.76755 0 0.0001104
8.86981e+06 0.178992 0.923551 0 0.000131998
7.28298e+06 0 1 0 0.000160758
8.86981e+06 0.178992 0.923551 0 0.000131998
1.13841e+07 0.360611 0.77776 0 0.000102846
1.13841e+07 0.360611 0.77776 0 0.000102846
1.13841e+07 0.360611 0.77776 0 0.000102846
1.13841e+07 0.360611 0.77776 0 0.000102846
8.86981e+06 0.178992 0.923551 0 0.000131998
8.86981e+06 0.178992 0.923551 0 0.000131998
1.06051e+07 0.313554 0.76755 0 0.0001104
1.06051e+07 0.313554 0.76755 0 0.0001104
1.13841e+07 0.360611 0.77776 0 0.000102846
1.06051e+07 0.313554 0.76755 0 0.0001104
1.06051e+07 0.313554 0.76755 0 0.0001104
1.06051e+07 0.313554 0.76755 0 0.0001104
8.86981e+06 0.178992 0.923551 0 0.000131998
1.13841e+07 0.360611 0.77776 0 0.000102846
1.06051e+07 0.313554 0.76755 0 0.0001104
1.13841e+07 0.360611 0.77776 0 0.000102846
7.28298e+06 0 1 0 0.000160758
7.28298e+06 0 1 0 0.000160758
1.13841e+07 0.360611 0.77776 0 0.000102846
1.06051e+07 0.313554 0.76755 0 0.0001104
7.28298e+06 0 1 0 0.000160758
1.13841e+07 0.360611 0.77776 0 0.000102846
1.06051e+07 0.313554 0.76755 0 0.0001104
8.86981e+06 0.178992 0.923551 0 0.000131998
1.06051e+07 0.313554 0.76755 0 0.0001104
1.06051e+07 0.313554 0.76755 0 0.0001104
8.86981e+06 0.178992 0.923551 0 0.000131998
1.06051e+07 0.313554 0.76755 0 0.0001104
1.13841e+07 0.360611 0.77776 0 0.000102846
1.06051e+07 0.313554 0.76755 0 0.0001104
8.86981e+06 0.178992 0.923551 0 0.000131998
1.13841e+07 0.360611 0.77776 0 0.000102846
8.86981e+06 0.178992 0.923551 0 0.000131998
7.28298e+06 0 1 0 0.000160758
1.06051e+07 0.313554 0.76755 0 0.0001104
1.06051e+07 0.313554 0.76755 0 0.0001104
7.28298e+06 0 1 0 0.000160758
1.13841e+07 0.360611 0.77776 0 0.000102846
1.06051e+07 0.313554 0.76755 0 0.0001104
8.86981e+06 0.178992 0.923551 0 0.000131998
1.06051e+07 0.313554 0.76755 0 0.0001104
8.86981e+06 0.178992 0.923551 0 0.000131998
1.13841e+07 0.360611 0.77776 0 0.000102846
1.13841e+07 0.360611 0.77776 0 0.000102846
1.13841e+07 0.360611 0.77776 0 0.000102846
1.06051e+07 0.313554 0.76755 0 0.0001104
1.13841e+07 0.360611 0.77776 0 0.000102846
1.13841e+07 0.360611 0.77776 0 0.000102846
1.13841e+07 0.360611 0.77776 0 0.000102846
1.06051e+07 0.313554 0.76755 0 0.0001104
1.06051e+07 0.313554 0.76755 0 0.0001104
1.13841e+07 0.360611 0.77776 0 0.000102846
1.13841e+07 0.360611 0.77776 0 0.000102846
1.13841e+07 0.360611 0.77776 0 0.000102846
8.86981e+06 0.178992 0.923551 0 0.000131998
1.06051e+07 0.313554 0.76755 0 0.0001104
1.13841e+07 0.360611 0.77776 0 0.000102846
7.28298e+06 0 1 0 0.000160758
1.06051e+07 0.313554 0.76755 0 0.0001104
1.06051e+07 0.313554 0.76755 0 0.0001104
7.28298e+06 0 1 0 0.000160758
1.13841e+07 0.360611 0.77776 0 0.000102846
1.06051e+07 0.313554 0.76755 0 0.0001104
1.06051e+07 0.313554 0.76755 0 0.0001104
1.13841e+07 0.360611 0.77776 0 0.000102846
1.13841e+07 0.360611 0.77776 0 0.000102846
1.06051e+07 0.313554 0.76755 0 0.0001104
1.13841e+07 0.360611 0.77776 0 0.000102846
