1.33936e+07 0.240708 0.800392 0 0.000109859
1.01728e+07 0 1 0 0.00014464
1.01728e+07 0 1 0 0.00014464
2.0157e+07 0.495575 0.718082 0 7.29969e-05
1.01728e+07 0 1 0 0.00014464
1.33936e+07 0.240708 0.800392 0 0.000109859
1.01728e+07 0 1 0 0.00014464
1.33936e+07 0.240708 0.800392 0 0.000109859
2.0157e+07 0.495575 0.718082 0 7.29969e-05
2.0157e+07 0.495575 0.718082 0 7.29969e-05
1.01728e+07 0 1 0 0.00014464
1.01728e+07 0 1 0 0.00014464
2.0157e+07 0.495575 0.718082 0 7.29969e-05
1.33936e+07 0.240708 0.800392 0 0.000109859
1.15166e+07 0.116814 0.873577 0 0.000127764
1.01728e+07 0 1 0 0.00014464
1.33936e+07 0.240708 0.800392 0 0.000109859
2.0157e+07 0.495575 0.718082 0 7.29969e-05
1.01728e+07 0 1 0 0.00014464
1.33936e+07 0.240708 0.800392 0 0.000109859
1.33936e+07 0.240708 0.800392 0 0.000109859
1.33936e+07 0.240708 0.800392 0 0.000109859
2.0157e+07 0.495575 0.718082 0 7.29969e-05
1.01728e+07 0 1 0 0.00014464
1.33936e+07 0.240708 0.800392 0 0.000109859
1.33936e+07 0.240708 0.800392 0 0.000109859
1.01728e+07 0 1 0 0.00014464
2.0157e+07 0.495575 0.718082 0 7.29969e-05
1.01728e+07 0 1 0 0.00014464
2.0157e+07 0.495575 0.718082 0 7.29969e-05
1.01728e+07 0 1 0 0.00014464
2.0157e+07 0.495575 0.718082 0 7.29969e-05
1.33936e+07 0.240708 0.800392 0 0.000109859
1.33936e+07 0.240708 0.800392 0 0.000109859
1.33936e+07 0.240708 0.800392 0 0.000109859
1.33936e+07 0.240708 0.800392 0 0.000109859
2.0157e+07 0.495575 0.718082 0 7.29969e-05
2.0157e+07 0.495575 0.718082 0 7.29969e-05
1.01728e+07 0 1 0 0.00014464
1.01728e+07 0 1 0 0.00014464
1.33936e+07 0.240708 0.800392 0 0.000109859
1.01728e+07 0 1 0 0.00014464
1.01728e+07 0 1 0 0.00014464
1.01728e+07 0 1 0 0.00014464
2.0157e+07 0.495575 0.718082 0 7.29969e-05
1.33936e+07 0.240708 0.800392 0 0.000109859
1.01728e+07 0 1 0 0.00014464
1.33936e+07 0.240708 0.800392 0 0.000109859
1.01728e+07 0 1 0 0.00014464
1.01728e+07 0 1 0 0.00014464
1.33936e+07 0.240708 0.800392 0 0.000109859
1.01728e+07 0 1 0 0.00014464
1.01728e+07 0 1 0 0.00014464
1.33936e+07 0.240708 0.800392 0 0.000109859
1.01728e+07 0 1 0 0.00014464
2.0157e+07 0.495575 0.718082 0 7.29969e-05
1.01728e+07 0 1 0 0.00014464
1.01728e+07 0 1 0 0.00014464
2.0157e+07 0.495575 0.718082 0 7.29969e-05
1.01728e+07 0 1 0 0.00014464
1.33936e+07 0.240708 0.800392 0 0.000109859
1.01728e+07 0 1 0 0.00014464
2.0157e+07 0.495575 0.718082 0 7.29969e-05
1.33936e+07 0.240708 0.800392 0 0.000109859
2.0157e+07 0.495575 0.718082 0 7.29969e-05
1.01728e+07 0 1 0 0.00014464
1.01728e+07 0 1 0 0.00014464
1.01728e+07 0 1 0 0.00014464
1.01728e+07 0 1 0 0.00014464
1.33936e+07 0.240708 0.800392 0 0.000109859
1.01728e+07 0 1 0 0.00014464
2.0157e+07 0.495575 0.718082 0 7.29969e-05
1.01728e+07 0 1 0 0.00014464
2.0157e+07 0.495575 0.718082 0 7.29969e-05
1.33936e+07 0.240708 0.800392 0 0.000109859
1.33936e+07 0.240708 0.800392 0 0.000109859
1.33936e+07 0.240708 0.800392 0 0.000109859
1.01728e+07 0 1 0 0.00014464
1.33936e+07 0.240708 0.800392 0 0.000109859
1.33936e+07 0.240708 0.800392 0 0.000109859
1.33936e+07 0.240708 0.800392 0 0.000109859
1.01728e+07 0 1 0 0.00014464
1.01728e+07 0 1 0 0.00014464
1.33936e+07 0.240708 0.800392 0 0.000109859
1.33936e+07 0.240708 0.800392 0 0.000109859
1.33936e+07 0.240708 0.800392 0 0.000109859
2.0157e+07 0.495575 0.718082 0 7.29969e-05
1.01728e+07 0 1 0 0.00014464
1.33936e+07 0.240708 0.800392 0 0.000109859
1.15166e+07 0.116814 0.873577 0 0.000127764
1.01728e+07 0 1 0 0.00014464
1.01728e+07 0 1 0 0.00014464
1.01728e+07 0 1 0 0.00014464
1.33936e+07 0.240708 0.800392 0 0.000109859
1.01728e+07 0 1 0 0.00014464
1.01728e+07 0 1 0 0.00014464
1.33936e+07 0.240708 0.800392 0 0.000109859
1.33936e+07 0.240708 0.800392 0 0.000109859
1.01728e+07 0 1 0 0.00014464
1.33936e+07 0.240708 0.800392 0 0.000109859
