1.29179e+07 0.380952 0.699806 0 9.8903e-05
1.20338e+07 0.335418 0.682 0 0.000106169
1.20338e+07 0.335418 0.682 0 0.000106169
8.00177e+06 0 1 0 0.000159667
1.20338e+07 0.335418 0.682 0 0.000106169
1.29179e+07 0.380952 0.699806 0 9.8903e-05
1.20338e+07 0.335418 0.682 0 0.000106169
1.29179e+07 0.380952 0.699806 0 9.8903e-05
8.00177e+06 0 1 0 0.000159667
8.00177e+06 0 1 0 0.000159667
1.20338e+07 0.335418 0.682 0 0.000106169
1.20338e+07 0.335418 0.682 0 0.000106169
8.00177e+06 0 1 0 0.000159667
1.29179e+07 0.380952 0.699806 0 9.8903e-05
1.01754e+07 0.213885 0.778565 0 0.00012556
8.00177e+06 0 1 0 0.000159667
1.29179e+07 0.380952 0.699806 0 9.8903e-05
8.00177e+06 0 1 0 0.000159667
1.20338e+07 0.335418 0.682 0 0.000106169
1.29179e+07 0.380952 0.699806 0 9.8903e-05
1.29179e+07 0.380952 0.699806 0 9.8903e-05
1.29179e+07 0.380952 0.699806 0 9.8903e-05
8.00177e+06 0 1 0 0.000159667
8.00177e+06 0 1 0 0.000159667
1.29179e+07 0.380952 0.699806 0 9.8903e-05
1.29179e+07 0.380952 0.699806 0 9.8903e-05
1.20338e+07 0.335418 0.682 0 0.000106169
8.00177e+06 0 1 0 0.000159667
1.20338e+07 0.335418 0.682 0 0.000106169
8.00177e+06 0 1 0 0.000159667
8.00177e+06 0 1 0 0.000159667
8.00177e+06 0 1 0 0.000159667
1.29179e+07 0.380952 0.699806 0 9.8903e-05
1.29179e+07 0.380952 0.699806 0 9.8903e-05
1.29179e+07 0.380952 0.699806 0 9.8903e-05
1.29179e+07 0.380952 0.699806 0 9.8903e-05
8.00177e+06 0 1 0 0.000159667
8.00177e+06 0 1 0 0.000159667
1.20338e+07 0.335418 0.682 0 0.000106169
1.20338e+07 0.335418 0.682 0 0.000106169
1.29179e+07 0.380952 0.699806 0 9.8903e-05
1.20338e+07 0.335418 0.682 0 0.000106169
1.20338e+07 0.335418 0.682 0 0.000106169
1.20338e+07 0.335418 0.682 0 0.000106169
8.00177e+06 0 1 0 0.000159667
1.29179e+07 0.380952 0.699806 0 9.8903e-05
1.20338e+07 0.335418 0.682 0 0.000106169
1.29179e+07 0.380952 0.699806 0 9.8903e-05
8.00177e+06 0 1 0 0.000159667
8.00177e+06 0 1 0 0.000159667
1.29179e+07 0.380952 0.699806 0 9.8903e-05
1.20338e+07 0.335418 0.682 0 0.000106169
8.00177e+06 0 1 0 0.000159667
1.29179e+07 0.380952 0.699806 0 9.8903e-05
1.20338e+07 0.335418 0.682 0 0.000106169
8.00177e+06 0 1 0 0.000159667
1.20338e+07 0.335418 0.682 0 0.000106169
1.20338e+07 0.335418 0.682 0 0.000106169
8.00177e+06 0 1 0 0.000159667
1.20338e+07 0.335418 0.682 0 0.000106169
1.29179e+07 0.380952 0.699806 0 9.8903e-05
1.20338e+07 0.335418 0.682 0 0.000106169
8.00177e+06 0 1 0 0.000159667
1.29179e+07 0.380952 0.699806 0 9.8903e-05
8.00177e+06 0 1 0 0.000159667
8.00177e+06 0 1 0 0.000159667
1.20338e+07 0.335418 0.682 0 0.000106169
1.20338e+07 0.335418 0.682 0 0.000106169
8.00177e+06 0 1 0 0.000159667
1.29179e+07 0.380952 0.699806 0 9.8903e-05
1.20338e+07 0.335418 0.682 0 0.000106169
8.00177e+06 0 1 0 0.000159667
1.20338e+07 0.335418 0.682 0 0.000106169
8.00177e+06 0 1 0 0.000159667
1.29179e+07 0.380952 0.699806 0 9.8903e-05
1.29179e+07 0.380952 0.699806 0 9.8903e-05
1.29179e+07 0.380952 0.699806 0 9.8903e-05
1.20338e+07 0.335418 0.682 0 0.000106169
1.29179e+07 0.380952 0.699806 0 9.8903e-05
1.29179e+07 0.380952 0.699806 0 9.8903e-05
1.29179e+07 0.380952 0.699806 0 9.8903e-05
1.20338e+07 0.335418 0.682 0 0.000106169
1.20338e+07 0.335418 0.682 0 0.000106169
1.29179e+07 0.380952 0.699806 0 9.8903e-05
1.29179e+07 0.380952 0.699806 0 9.8903e-05
1.29179e+07 0.380952 0.699806 0 9.8903e-05
8.00177e+06 0 1 0 0.000159667
1.20338e+07 0.335418 0.682 0 0.000106169
1.29179e+07 0.380952 0.699806 0 9.8903e-05
1.01754e+07 0.213885 0.778565 0 0.00012556
1.20338e+07 0.335418 0.682 0 0.000106169
1.20338e+07 0.335418 0.682 0 0.000106169
8.00177e+06 0 1 0 0.000159667
1.29179e+07 0.380952 0.699806 0 9.8903e-05
1.20338e+07 0.335418 0.682 0 0.000106169
1.20338e+07 0.335418 0.682 0 0.000106169
1.29179e+07 0.380952 0.699806 0 9.8903e-05
1.29179e+07 0.380952 0.699806 0 9.8903e-05
1.20338e+07 0.335418 0.682 0 0.000106169
1.29179e+07 0.380952 0.699806 0 9.8903e-05
