6.60826e+06 0.247173 0.778987 0 0.000183293
7.42668e+06 0.330266 0.647904 0 0.000163094
7.42668e+06 0.330266 0.647904 0 0.000163094
5.66093e+06 0.120957 0.925211 0 0.000213967
7.42668e+06 0.330266 0.647904 0 0.000163094
6.60826e+06 0.247173 0.778987 0 0.000183293
7.42668e+06 0.330266 0.647904 0 0.000163094
6.60826e+06 0.247173 0.778987 0 0.000183293
5.66093e+06 0.120957 0.925211 0 0.000213967
5.66093e+06 0.120957 0.925211 0 0.000213967
7.42668e+06 0.330266 0.647904 0 0.000163094
7.42668e+06 0.330266 0.647904 0 0.000163094
5.66093e+06 0.120957 0.925211 0 0.000213967
6.60826e+06 0.247173 0.778987 0 0.000183293
5.31581e+06 0.0638969 0.924424 0 0.000227858
5.69507e+06 0.126216 0.950005 0 0.000212684
6.60826e+06 0.247173 0.778987 0 0.000183293
5.66093e+06 0.120957 0.925211 0 0.000213967
7.42668e+06 0.330266 0.647904 0 0.000163094
6.60826e+06 0.247173 0.778987 0 0.000183293
6.60826e+06 0.247173 0.778987 0 0.000183293
6.60826e+06 0.247173 0.778987 0 0.000183293
5.66093e+06 0.120957 0.925211 0 0.000213967
4.97654e+06 0 1 0 0.000243392
6.60826e+06 0.247173 0.778987 0 0.000183293
6.60826e+06 0.247173 0.778987 0 0.000183293
7.42668e+06 0.330266 0.647904 0 0.000163094
5.66093e+06 0.120957 0.925211 0 0.000213967
7.42668e+06 0.330266 0.647904 0 0.000163094
5.66093e+06 0.120957 0.925211 0 0.000213967
4.97654e+06 0 1 0 0.000243392
5.66093e+06 0.120957 0.925211 0 0.000213967
6.60826e+06 0.247173 0.778987 0 0.000183293
6.60826e+06 0.247173 0.778987 0 0.000183293
6.60826e+06 0.247173 0.778987 0 0.000183293
6.60826e+06 0.247173 0.778987 0 0.000183293
5.66093e+06 0.120957 0.925211 0 0.000213967
5.66093e+06 0.120957 0.925211 0 0.000213967
7.42668e+06 0.330266 0.647904 0 0.000163094
7.42668e+06 0.330266 0.647904 0 0.000163094
6.60826e+06 0.247173 0.778987 0 0.000183293
7.42668e+06 0.330266 0.647904 0 0.000163094
7.42668e+06 0.330266 0.647904 0 0.000163094
7.42668e+06 0.330266 0.647904 0 0.000163094
5.66093e+06 0.120957 0.925211 0 0.000213967
6.60826e+06 0.247173 0.778987 0 0.000183293
7.42668e+06 0.330266 0.647904 0 0.000163094
6.60826e+06 0.247173 0.778987 0 0.000183293
5.69507e+06 0.126216 0.950005 0 0.000212684
4.97654e+06 0 1 0 0.000243392
6.60826e+06 0.247173 0.778987 0 0.000183293
7.42668e+06 0.330266 0.647904 0 0.000163094
4.97654e+06 0 1 0 0.000243392
6.60826e+06 0.247173 0.778987 0 0.000183293
7.42668e+06 0.330266 0.647904 0 0.000163094
5.66093e+06 0.120957 0.925211 0 0.000213967
7.42668e+06 0.330266 0.647904 0 0.000163094
7.42668e+06 0.330266 0.647904 0 0.000163094
5.66093e+06 0.120957 0.925211 0 0.000213967
7.42668e+06 0.330266 0.647904 0 0.000163094
6.60826e+06 0.247173 0.778987 0 0.000183293
7.42668e+06 0.330266 0.647904 0 0.000163094
5.66093e+06 0.120957 0.925211 0 0.000213967
6.60826e+06 0.247173 0.778987 0 0.000183293
5.66093e+06 0.120957 0.925211 0 0.000213967
5.69507e+06 0.126216 0.950005 0 0.000212684
7.42668e+06 0.330266 0.647904 0 0.000163094
7.42668e+06 0.330266 0.647904 0 0.000163094
4.97654e+06 0 1 0 0.000243392
6.60826e+06 0.247173 0.778987 0 0.000183293
7.42668e+06 0.330266 0.647904 0 0.000163094
5.66093e+06 0.120957 0.925211 0 0.000213967
7.42668e+06 0.330266 0.647904 0 0.000163094
5.66093e+06 0.120957 0.925211 0 0.000213967
6.60826e+06 0.247173 0.778987 0 0.000183293
6.60826e+06 0.247173 0.778987 0 0.000183293
6.60826e+06 0.247173 0.778987 0 0.000183293
7.42668e+06 0.330266 0.647904 0 0.000163094
6.60826e+06 0.247173 0.778987 0 0.000183293
6.60826e+06 0.247173 0.778987 0 0.000183293
6.60826e+06 0.247173 0.778987 0 0.000183293
7.42668e+06 0.330266 0.647904 0 0.000163094
7.42668e+06 0.330266 0.647904 0 0.000163094
6.60826e+06 0.247173 0.778987 0 0.000183293
6.60826e+06 0.247173 0.778987 0 0.000183293
6.60826e+06 0.247173 0.778987 0 0.000183293
5.66093e+06 0.120957 0.925211 0 0.000213967
7.42668e+06 0.330266 0.647904 0 0.000163094
6.60826e+06 0.247173 0.778987 0 0.000183293
5.31581e+06 0.0638969 0.924424 0 0.000227858
7.42668e+06 0.330266 0.647904 0 0.000163094
7.42668e+06 0.330266 0.647904 0 0.000163094
5.69507e+06 0.126216 0.950005 0 0.000212684
6.60826e+06 0.247173 0.778987 0 0.000183293
7.42668e+06 0.330266 0.647904 0 0.000163094
7.42668e+06 0.330266 0.647904 0 0.000163094
6.60826e+06 0.247173 0.778987 0 0.000183293
6.60826e+06 0.247173 0.778987 0 0.000183293
7.42668e+06 0.330266 0.647904 0 0.000163094
6.60826e+06 0.247173 0.778987 0 0.000183293
