1.17761e+07 0.273654 0.864797 0 8.38917e-05
8.55674e+06 0 1 0 0.000115455
8.55674e+06 0 1 0 0.000115455
1.17783e+07 0.273654 0.906771 0 8.38759e-05
8.55674e+06 0 1 0 0.000115455
1.17761e+07 0.273654 0.864797 0 8.38917e-05
8.55674e+06 0 1 0 0.000115455
1.17761e+07 0.273654 0.864797 0 8.38917e-05
1.17783e+07 0.273654 0.906771 0 8.38759e-05
1.17783e+07 0.273654 0.906771 0 8.38759e-05
8.55674e+06 0 1 0 0.000115455
8.55674e+06 0 1 0 0.000115455
1.17783e+07 0.273654 0.906771 0 8.38759e-05
1.17761e+07 0.273654 0.864797 0 8.38917e-05
9.94051e+06 0.139368 0.909383 0 9.9383e-05
8.55674e+06 0 1 0 0.000115455
1.17761e+07 0.273654 0.864797 0 8.38917e-05
1.17783e+07 0.273654 0.906771 0 8.38759e-05
8.55674e+06 0 1 0 0.000115455
1.17761e+07 0.273654 0.864797 0 8.38917e-05
1.17761e+07 0.273654 0.864797 0 8.38917e-05
1.17761e+07 0.273654 0.864797 0 8.38917e-05
1.17783e+07 0.273654 0.906771 0 8.38759e-05
8.55674e+06 0 1 0 0.000115455
1.17761e+07 0.273654 0.864797 0 8.38917e-05
1.17761e+07 0.273654 0.864797 0 8.38917e-05
8.55674e+06 0 1 0 0.000115455
1.17783e+07 0.273654 0.906771 0 8.38759e-05
8.55674e+06 0 1 0 0.000115455
1.17783e+07 0.273654 0.906771 0 8.38759e-05
8.55674e+06 0 1 0 0.000115455
1.17783e+07 0.273654 0.906771 0 8.38759e-05
1.17761e+07 0.273654 0.864797 0 8.38917e-05
1.17761e+07 0.273654 0.864797 0 8.38917e-05
1.17761e+07 0.273654 0.864797 0 8.38917e-05
1.17761e+07 0.273654 0.864797 0 8.38917e-05
1.17783e+07 0.273654 0.906771 0 8.38759e-05
1.17783e+07 0.273654 0.906771 0 8.38759e-05
8.55674e+06 0 1 0 0.000115455
8.55674e+06 0 1 0 0.000115455
1.17761e+07 0.273654 0.864797 0 8.38917e-05
8.55674e+06 0 1 0 0.000115455
8.55674e+06 0 1 0 0.000115455
8.55674e+06 0 1 0 0.000115455
1.17783e+07 0.273654 0.906771 0 8.38759e-05
1.17761e+07 0.273654 0.864797 0 8.38917e-05
8.55674e+06 0 1 0 0.000115455
1.17761e+07 0.273654 0.864797 0 8.38917e-05
8.55674e+06 0 1 0 0.000115455
8.55674e+06 0 1 0 0.000115455
1.17761e+07 0.273654 0.864797 0 8.38917e-05
8.55674e+06 0 1 0 0.000115455
8.55674e+06 0 1 0 0.000115455
1.17761e+07 0.273654 0.864797 0 8.38917e-05
8.55674e+06 0 1 0 0.000115455
1.17783e+07 0.273654 0.906771 0 8.38759e-05
8.55674e+06 0 1 0 0.000115455
8.55674e+06 0 1 0 0.000115455
1.17783e+07 0.273654 0.906771 0 8.38759e-05
8.55674e+06 0 1 0 0.000115455
1.17761e+07 0.273654 0.864797 0 8.38917e-05
8.55674e+06 0 1 0 0.000115455
1.17783e+07 0.273654 0.906771 0 8.38759e-05
1.17761e+07 0.273654 0.864797 0 8.38917e-05
1.17783e+07 0.273654 0.906771 0 8.38759e-05
8.55674e+06 0 1 0 0.000115455
8.55674e+06 0 1 0 0.000115455
8.55674e+06 0 1 0 0.000115455
8.55674e+06 0 1 0 0.000115455
1.17761e+07 0.273654 0.864797 0 8.38917e-05
8.55674e+06 0 1 0 0.000115455
1.17783e+07 0.273654 0.906771 0 8.38759e-05
8.55674e+06 0 1 0 0.000115455
1.17783e+07 0.273654 0.906771 0 8.38759e-05
1.17761e+07 0.273654 0.864797 0 8.38917e-05
1.17761e+07 0.273654 0.864797 0 8.38917e-05
1.17761e+07 0.273654 0.864797 0 8.38917e-05
8.55674e+06 0 1 0 0.000115455
1.17761e+07 0.273654 0.864797 0 8.38917e-05
1.17761e+07 0.273654 0.864797 0 8.38917e-05
1.17761e+07 0.273654 0.864797 0 8.38917e-05
8.55674e+06 0 1 0 0.000115455
8.55674e+06 0 1 0 0.000115455
1.17761e+07 0.273654 0.864797 0 8.38917e-05
1.17761e+07 0.273654 0.864797 0 8.38917e-05
1.17761e+07 0.273654 0.864797 0 8.38917e-05
1.17783e+07 0.273654 0.906771 0 8.38759e-05
8.55674e+06 0 1 0 0.000115455
1.17761e+07 0.273654 0.864797 0 8.38917e-05
9.94051e+06 0.139368 0.909383 0 9.9383e-05
8.55674e+06 0 1 0 0.000115455
8.55674e+06 0 1 0 0.000115455
8.55674e+06 0 1 0 0.000115455
1.17761e+07 0.273654 0.864797 0 8.38917e-05
8.55674e+06 0 1 0 0.000115455
8.55674e+06 0 1 0 0.000115455
1.17761e+07 0.273654 0.864797 0 8.38917e-05
1.17761e+07 0.273654 0.864797 0 8.38917e-05
8.55674e+06 0 1 0 0.000115455
1.17761e+07 0.273654 0.864797 0 8.38917e-05
