9.24244e+06 0.293458 0.728646 0 0.000139034
8.75093e+06 0.25373 0.718567 0 0.000146843
8.75093e+06 0.25373 0.718567 0 0.000146843
7.58712e+06 0.139001 0.9109 0 0.000169367
8.75093e+06 0.25373 0.718567 0 0.000146843
9.24244e+06 0.293458 0.728646 0 0.000139034
8.75093e+06 0.25373 0.718567 0 0.000146843
9.24244e+06 0.293458 0.728646 0 0.000139034
7.58712e+06 0.139001 0.9109 0 0.000169367
7.58712e+06 0.139001 0.9109 0 0.000169367
8.75093e+06 0.25373 0.718567 0 0.000146843
8.75093e+06 0.25373 0.718567 0 0.000146843
7.58712e+06 0.139001 0.9109 0 0.000169367
9.24244e+06 0.293458 0.728646 0 0.000139034
7.07274e+06 0.0763987 0.906095 0 0.000181685
6.53303e+06 0 1 0 0.000196694
9.24244e+06 0.293458 0.728646 0 0.000139034
7.58712e+06 0.139001 0.9109 0 0.000169367
8.75093e+06 0.25373 0.718567 0 0.000146843
9.24244e+06 0.293458 0.728646 0 0.000139034
9.24244e+06 0.293458 0.728646 0 0.000139034
9.24244e+06 0.293458 0.728646 0 0.000139034
7.58712e+06 0.139001 0.9109 0 0.000169367
6.53303e+06 0 1 0 0.000196694
9.24244e+06 0.293458 0.728646 0 0.000139034
9.24244e+06 0.293458 0.728646 0 0.000139034
8.75093e+06 0.25373 0.718567 0 0.000146843
7.58712e+06 0.139001 0.9109 0 0.000169367
8.75093e+06 0.25373 0.718567 0 0.000146843
7.58712e+06 0.139001 0.9109 0 0.000169367
6.53303e+06 0 1 0 0.000196694
7.58712e+06 0.139001 0.9109 0 0.000169367
9.24244e+06 0.293458 0.728646 0 0.000139034
9.24244e+06 0.293458 0.728646 0 0.000139034
9.24244e+06 0.293458 0.728646 0 0.000139034
9.24244e+06 0.293458 0.728646 0 0.000139034
7.58712e+06 0.139001 0.9109 0 0.000169367
7.58712e+06 0.139001 0.9109 0 0.000169367
8.75093e+06 0.25373 0.718567 0 0.000146843
8.75093e+06 0.25373 0.718567 0 0.000146843
9.24244e+06 0.293458 0.728646 0 0.000139034
8.75093e+06 0.25373 0.718567 0 0.000146843
8.75093e+06 0.25373 0.718567 0 0.000146843
8.75093e+06 0.25373 0.718567 0 0.000146843
7.58712e+06 0.139001 0.9109 0 0.000169367
9.24244e+06 0.293458 0.728646 0 0.000139034
8.75093e+06 0.25373 0.718567 0 0.000146843
9.24244e+06 0.293458 0.728646 0 0.000139034
6.53303e+06 0 1 0 0.000196694
6.53303e+06 0 1 0 0.000196694
9.24244e+06 0.293458 0.728646 0 0.000139034
8.75093e+06 0.25373 0.718567 0 0.000146843
7.53706e+06 0.133275 0.91991 0 0.000170492
9.24244e+06 0.293458 0.728646 0 0.000139034
8.75093e+06 0.25373 0.718567 0 0.000146843
7.58712e+06 0.139001 0.9109 0 0.000169367
8.75093e+06 0.25373 0.718567 0 0.000146843
8.75093e+06 0.25373 0.718567 0 0.000146843
7.58712e+06 0.139001 0.9109 0 0.000169367
8.75093e+06 0.25373 0.718567 0 0.000146843
9.24244e+06 0.293458 0.728646 0 0.000139034
8.75093e+06 0.25373 0.718567 0 0.000146843
7.58712e+06 0.139001 0.9109 0 0.000169367
9.24244e+06 0.293458 0.728646 0 0.000139034
7.58712e+06 0.139001 0.9109 0 0.000169367
6.53303e+06 0 1 0 0.000196694
8.75093e+06 0.25373 0.718567 0 0.000146843
8.75093e+06 0.25373 0.718567 0 0.000146843
7.53706e+06 0.133275 0.91991 0 0.000170492
9.24244e+06 0.293458 0.728646 0 0.000139034
8.75093e+06 0.25373 0.718567 0 0.000146843
7.58712e+06 0.139001 0.9109 0 0.000169367
8.75093e+06 0.25373 0.718567 0 0.000146843
7.58712e+06 0.139001 0.9109 0 0.000169367
9.24244e+06 0.293458 0.728646 0 0.000139034
9.24244e+06 0.293458 0.728646 0 0.000139034
9.24244e+06 0.293458 0.728646 0 0.000139034
8.75093e+06 0.25373 0.718567 0 0.000146843
9.24244e+06 0.293458 0.728646 0 0.000139034
9.24244e+06 0.293458 0.728646 0 0.000139034
9.24244e+06 0.293458 0.728646 0 0.000139034
8.75093e+06 0.25373 0.718567 0 0.000146843
8.75093e+06 0.25373 0.718567 0 0.000146843
9.24244e+06 0.293458 0.728646 0 0.000139034
9.24244e+06 0.293458 0.728646 0 0.000139034
9.24244e+06 0.293458 0.728646 0 0.000139034
7.58712e+06 0.139001 0.9109 0 0.000169367
8.75093e+06 0.25373 0.718567 0 0.000146843
9.24244e+06 0.293458 0.728646 0 0.000139034
7.07274e+06 0.0763987 0.906095 0 0.000181685
8.75093e+06 0.25373 0.718567 0 0.000146843
8.75093e+06 0.25373 0.718567 0 0.000146843
6.53303e+06 0 1 0 0.000196694
9.24244e+06 0.293458 0.728646 0 0.000139034
8.75093e+06 0.25373 0.718567 0 0.000146843
8.75093e+06 0.25373 0.718567 0 0.000146843
9.24244e+06 0.293458 0.728646 0 0.000139034
9.24244e+06 0.293458 0.728646 0 0.000139034
8.75093e+06 0.25373 0.718567 0 0.000146843
9.24244e+06 0.293458 0.728646 0 0.000139034
