1.41874e+07 0.40223 0.775682 0 9.0182e-05
1.31697e+07 0.355972 0.761139 0 9.71509e-05
1.31697e+07 0.355972 0.761139 0 9.71509e-05
8.48668e+06 0 1 0 0.00015076
1.31697e+07 0.355972 0.761139 0 9.71509e-05
1.41874e+07 0.40223 0.775682 0 9.0182e-05
1.31697e+07 0.355972 0.761139 0 9.71509e-05
1.41874e+07 0.40223 0.775682 0 9.0182e-05
8.48668e+06 0 1 0 0.00015076
8.48668e+06 0 1 0 0.00015076
1.31697e+07 0.355972 0.761139 0 9.71509e-05
1.31697e+07 0.355972 0.761139 0 9.71509e-05
8.48668e+06 0 1 0 0.00015076
1.41874e+07 0.40223 0.775682 0 9.0182e-05
8.48668e+06 0 1 0 0.00015076
8.48668e+06 0 1 0 0.00015076
1.41874e+07 0.40223 0.775682 0 9.0182e-05
8.48668e+06 0 1 0 0.00015076
1.31697e+07 0.355972 0.761139 0 9.71509e-05
1.41874e+07 0.40223 0.775682 0 9.0182e-05
1.41874e+07 0.40223 0.775682 0 9.0182e-05
1.41874e+07 0.40223 0.775682 0 9.0182e-05
8.48668e+06 0 1 0 0.00015076
8.48668e+06 0 1 0 0.00015076
1.41874e+07 0.40223 0.775682 0 9.0182e-05
1.41874e+07 0.40223 0.775682 0 9.0182e-05
1.31697e+07 0.355972 0.761139 0 9.71509e-05
8.48668e+06 0 1 0 0.00015076
1.31697e+07 0.355972 0.761139 0 9.71509e-05
8.48668e+06 0 1 0 0.00015076
8.48668e+06 0 1 0 0.00015076
8.48668e+06 0 1 0 0.00015076
1.41874e+07 0.40223 0.775682 0 9.0182e-05
1.41874e+07 0.40223 0.775682 0 9.0182e-05
1.41874e+07 0.40223 0.775682 0 9.0182e-05
1.41874e+07 0.40223 0.775682 0 9.0182e-05
8.48668e+06 0 1 0 0.00015076
8.48668e+06 0 1 0 0.00015076
1.31697e+07 0.355972 0.761139 0 9.71509e-05
1.31697e+07 0.355972 0.761139 0 9.71509e-05
1.41874e+07 0.40223 0.775682 0 9.0182e-05
1.31697e+07 0.355972 0.761139 0 9.71509e-05
1.31697e+07 0.355972 0.761139 0 9.71509e-05
1.31697e+07 0.355972 0.761139 0 9.71509e-05
8.48668e+06 0 1 0 0.00015076
1.41874e+07 0.40223 0.775682 0 9.0182e-05
1.31697e+07 0.355972 0.761139 0 9.71509e-05
1.41874e+07 0.40223 0.775682 0 9.0182e-05
8.48668e+06 0 1 0 0.00015076
8.48668e+06 0 1 0 0.00015076
1.41874e+07 0.40223 0.775682 0 9.0182e-05
1.31697e+07 0.355972 0.761139 0 9.71509e-05
8.48668e+06 0 1 0 0.00015076
1.41874e+07 0.40223 0.775682 0 9.0182e-05
1.31697e+07 0.355972 0.761139 0 9.71509e-05
8.48668e+06 0 1 0 0.00015076
1.31697e+07 0.355972 0.761139 0 9.71509e-05
1.31697e+07 0.355972 0.761139 0 9.71509e-05
8.48668e+06 0 1 0 0.00015076
1.31697e+07 0.355972 0.761139 0 9.71509e-05
1.41874e+07 0.40223 0.775682 0 9.0182e-05
1.31697e+07 0.355972 0.761139 0 9.71509e-05
8.48668e+06 0 1 0 0.00015076
1.41874e+07 0.40223 0.775682 0 9.0182e-05
8.48668e+06 0 1 0 0.00015076
8.48668e+06 0 1 0 0.00015076
1.31697e+07 0.355972 0.761139 0 9.71509e-05
1.31697e+07 0.355972 0.761139 0 9.71509e-05
8.48668e+06 0 1 0 0.00015076
1.41874e+07 0.40223 0.775682 0 9.0182e-05
1.31697e+07 0.355972 0.761139 0 9.71509e-05
8.48668e+06 0 1 0 0.00015076
1.31697e+07 0.355972 0.761139 0 9.71509e-05
8.48668e+06 0 1 0 0.00015076
1.41874e+07 0.40223 0.775682 0 9.0182e-05
1.41874e+07 0.40223 0.775682 0 9.0182e-05
1.41874e+07 0.40223 0.775682 0 9.0182e-05
1.31697e+07 0.355972 0.761139 0 9.71509e-05
1.41874e+07 0.40223 0.775682 0 9.0182e-05
1.41874e+07 0.40223 0.775682 0 9.0182e-05
1.41874e+07 0.40223 0.775682 0 9.0182e-05
1.31697e+07 0.355972 0.761139 0 9.71509e-05
1.31697e+07 0.355972 0.761139 0 9.71509e-05
1.41874e+07 0.40223 0.775682 0 9.0182e-05
1.41874e+07 0.40223 0.775682 0 9.0182e-05
1.41874e+07 0.40223 0.775682 0 9.0182e-05
8.48668e+06 0 1 0 0.00015076
1.31697e+07 0.355972 0.761139 0 9.71509e-05
1.41874e+07 0.40223 0.775682 0 9.0182e-05
8.48668e+06 0 1 0 0.00015076
1.31697e+07 0.355972 0.761139 0 9.71509e-05
1.31697e+07 0.355972 0.761139 0 9.71509e-05
8.48668e+06 0 1 0 0.00015076
1.41874e+07 0.40223 0.775682 0 9.0182e-05
1.31697e+07 0.355972 0.761139 0 9.71509e-05
1.31697e+07 0.355972 0.761139 0 9.71509e-05
1.41874e+07 0.40223 0.775682 0 9.0182e-05
1.41874e+07 0.40223 0.775682 0 9.0182e-05
1.31697e+07 0.355972 0.761139 0 9.71509e-05
1.41874e+07 0.40223 0.775682 0 9.0182e-05
