1.23762e+07 0.346793 0.790458 0 0.000112701
1.19008e+07 0.320665 0.763133 0 0.000117202
1.19008e+07 0.320665 0.763133 0 0.000117202
8.08854e+06 0 1 0 0.000172442
1.19008e+07 0.320665 0.763133 0 0.000117202
1.23762e+07 0.346793 0.790458 0 0.000112701
1.19008e+07 0.320665 0.763133 0 0.000117202
1.23762e+07 0.346793 0.790458 0 0.000112701
8.08854e+06 0 1 0 0.000172442
8.08854e+06 0 1 0 0.000172442
1.19008e+07 0.320665 0.763133 0 0.000117202
1.19008e+07 0.320665 0.763133 0 0.000117202
8.08854e+06 0 1 0 0.000172442
1.23762e+07 0.346793 0.790458 0 0.000112701
8.89002e+06 0.0902613 0.928102 0 0.000156895
8.08854e+06 0 1 0 0.000172442
1.23762e+07 0.346793 0.790458 0 0.000112701
8.08854e+06 0 1 0 0.000172442
1.19008e+07 0.320665 0.763133 0 0.000117202
1.23762e+07 0.346793 0.790458 0 0.000112701
1.23762e+07 0.346793 0.790458 0 0.000112701
1.23762e+07 0.346793 0.790458 0 0.000112701
8.08854e+06 0 1 0 0.000172442
8.08854e+06 0 1 0 0.000172442
1.23762e+07 0.346793 0.790458 0 0.000112701
1.23762e+07 0.346793 0.790458 0 0.000112701
1.19008e+07 0.320665 0.763133 0 0.000117202
8.08854e+06 0 1 0 0.000172442
1.19008e+07 0.320665 0.763133 0 0.000117202
8.08854e+06 0 1 0 0.000172442
8.08854e+06 0 1 0 0.000172442
8.08854e+06 0 1 0 0.000172442
1.23762e+07 0.346793 0.790458 0 0.000112701
1.23762e+07 0.346793 0.790458 0 0.000112701
1.23762e+07 0.346793 0.790458 0 0.000112701
1.23762e+07 0.346793 0.790458 0 0.000112701
8.08854e+06 0 1 0 0.000172442
8.08854e+06 0 1 0 0.000172442
1.19008e+07 0.320665 0.763133 0 0.000117202
1.19008e+07 0.320665 0.763133 0 0.000117202
1.23762e+07 0.346793 0.790458 0 0.000112701
1.19008e+07 0.320665 0.763133 0 0.000117202
1.19008e+07 0.320665 0.763133 0 0.000117202
1.19008e+07 0.320665 0.763133 0 0.000117202
8.08854e+06 0 1 0 0.000172442
1.23762e+07 0.346793 0.790458 0 0.000112701
1.19008e+07 0.320665 0.763133 0 0.000117202
1.23762e+07 0.346793 0.790458 0 0.000112701
8.08854e+06 0 1 0 0.000172442
8.08854e+06 0 1 0 0.000172442
1.23762e+07 0.346793 0.790458 0 0.000112701
1.19008e+07 0.320665 0.763133 0 0.000117202
8.08854e+06 0 1 0 0.000172442
1.23762e+07 0.346793 0.790458 0 0.000112701
1.19008e+07 0.320665 0.763133 0 0.000117202
8.08854e+06 0 1 0 0.000172442
1.19008e+07 0.320665 0.763133 0 0.000117202
1.19008e+07 0.320665 0.763133 0 0.000117202
8.08854e+06 0 1 0 0.000172442
1.19008e+07 0.320665 0.763133 0 0.000117202
1.23762e+07 0.346793 0.790458 0 0.000112701
1.19008e+07 0.320665 0.763133 0 0.000117202
8.08854e+06 0 1 0 0.000172442
1.23762e+07 0.346793 0.790458 0 0.000112701
8.08854e+06 0 1 0 0.000172442
8.08854e+06 0 1 0 0.000172442
1.19008e+07 0.320665 0.763133 0 0.000117202
1.19008e+07 0.320665 0.763133 0 0.000117202
8.08854e+06 0 1 0 0.000172442
1.23762e+07 0.346793 0.790458 0 0.000112701
1.19008e+07 0.320665 0.763133 0 0.000117202
8.08854e+06 0 1 0 0.000172442
1.19008e+07 0.320665 0.763133 0 0.000117202
8.08854e+06 0 1 0 0.000172442
1.23762e+07 0.346793 0.790458 0 0.000112701
1.23762e+07 0.346793 0.790458 0 0.000112701
1.23762e+07 0.346793 0.790458 0 0.000112701
1.19008e+07 0.320665 0.763133 0 0.000117202
1.23762e+07 0.346793 0.790458 0 0.000112701
1.23762e+07 0.346793 0.790458 0 0.000112701
1.23762e+07 0.346793 0.790458 0 0.000112701
1.19008e+07 0.320665 0.763133 0 0.000117202
1.19008e+07 0.320665 0.763133 0 0.000117202
1.23762e+07 0.346793 0.790458 0 0.000112701
1.23762e+07 0.346793 0.790458 0 0.000112701
1.23762e+07 0.346793 0.790458 0 0.000112701
8.08854e+06 0 1 0 0.000172442
1.19008e+07 0.320665 0.763133 0 0.000117202
1.23762e+07 0.346793 0.790458 0 0.000112701
8.89002e+06 0.0902613 0.928102 0 0.000156895
1.19008e+07 0.320665 0.763133 0 0.000117202
1.19008e+07 0.320665 0.763133 0 0.000117202
8.08854e+06 0 1 0 0.000172442
1.23762e+07 0.346793 0.790458 0 0.000112701
1.19008e+07 0.320665 0.763133 0 0.000117202
1.19008e+07 0.320665 0.763133 0 0.000117202
1.23762e+07 0.346793 0.790458 0 0.000112701
1.23762e+07 0.346793 0.790458 0 0.000112701
1.19008e+07 0.320665 0.763133 0 0.000117202
1.23762e+07 0.346793 0.790458 0 0.000112701
