1.06825e+07 0.192282 0.852719 0 0.000124774
1.30398e+07 0.338482 0.687961 0 0.000102218
1.30398e+07 0.338482 0.687961 0 0.000102218
1.06838e+07 0.192282 0.898078 0 0.000124759
1.30398e+07 0.338482 0.687961 0 0.000102218
1.06825e+07 0.192282 0.852719 0 0.000124774
1.30398e+07 0.338482 0.687961 0 0.000102218
1.06825e+07 0.192282 0.852719 0 0.000124774
1.06838e+07 0.192282 0.898078 0 0.000124759
1.06838e+07 0.192282 0.898078 0 0.000124759
1.30398e+07 0.338482 0.687961 0 0.000102218
1.30398e+07 0.338482 0.687961 0 0.000102218
1.06838e+07 0.192282 0.898078 0 0.000124759
1.06825e+07 0.192282 0.852719 0 0.000124774
8.63054e+06 0 1 0 0.00015444
8.63054e+06 0 1 0 0.00015444
1.06825e+07 0.192282 0.852719 0 0.000124774
1.06838e+07 0.192282 0.898078 0 0.000124759
1.30398e+07 0.338482 0.687961 0 0.000102218
1.06825e+07 0.192282 0.852719 0 0.000124774
1.06825e+07 0.192282 0.852719 0 0.000124774
1.06825e+07 0.192282 0.852719 0 0.000124774
1.06838e+07 0.192282 0.898078 0 0.000124759
8.63054e+06 0 1 0 0.00015444
1.06825e+07 0.192282 0.852719 0 0.000124774
1.06825e+07 0.192282 0.852719 0 0.000124774
1.30398e+07 0.338482 0.687961 0 0.000102218
1.06838e+07 0.192282 0.898078 0 0.000124759
1.30398e+07 0.338482 0.687961 0 0.000102218
1.06838e+07 0.192282 0.898078 0 0.000124759
8.63054e+06 0 1 0 0.00015444
1.06838e+07 0.192282 0.898078 0 0.000124759
1.06825e+07 0.192282 0.852719 0 0.000124774
1.06825e+07 0.192282 0.852719 0 0.000124774
1.06825e+07 0.192282 0.852719 0 0.000124774
1.06825e+07 0.192282 0.852719 0 0.000124774
1.06838e+07 0.192282 0.898078 0 0.000124759
1.06838e+07 0.192282 0.898078 0 0.000124759
1.30398e+07 0.338482 0.687961 0 0.000102218
1.30398e+07 0.338482 0.687961 0 0.000102218
1.06825e+07 0.192282 0.852719 0 0.000124774
1.30398e+07 0.338482 0.687961 0 0.000102218
1.30398e+07 0.338482 0.687961 0 0.000102218
1.30398e+07 0.338482 0.687961 0 0.000102218
1.06838e+07 0.192282 0.898078 0 0.000124759
1.06825e+07 0.192282 0.852719 0 0.000124774
1.30398e+07 0.338482 0.687961 0 0.000102218
1.06825e+07 0.192282 0.852719 0 0.000124774
8.63054e+06 0 1 0 0.00015444
8.63054e+06 0 1 0 0.00015444
1.06825e+07 0.192282 0.852719 0 0.000124774
1.30398e+07 0.338482 0.687961 0 0.000102218
1.04106e+07 0.171064 0.914992 0 0.000128033
1.06825e+07 0.192282 0.852719 0 0.000124774
1.30398e+07 0.338482 0.687961 0 0.000102218
1.06838e+07 0.192282 0.898078 0 0.000124759
1.30398e+07 0.338482 0.687961 0 0.000102218
1.30398e+07 0.338482 0.687961 0 0.000102218
1.06838e+07 0.192282 0.898078 0 0.000124759
1.30398e+07 0.338482 0.687961 0 0.000102218
1.06825e+07 0.192282 0.852719 0 0.000124774
1.30398e+07 0.338482 0.687961 0 0.000102218
1.06838e+07 0.192282 0.898078 0 0.000124759
1.06825e+07 0.192282 0.852719 0 0.000124774
1.06838e+07 0.192282 0.898078 0 0.000124759
8.63054e+06 0 1 0 0.00015444
1.30398e+07 0.338482 0.687961 0 0.000102218
1.30398e+07 0.338482 0.687961 0 0.000102218
1.04106e+07 0.171064 0.914992 0 0.000128033
1.06825e+07 0.192282 0.852719 0 0.000124774
1.30398e+07 0.338482 0.687961 0 0.000102218
1.06838e+07 0.192282 0.898078 0 0.000124759
1.30398e+07 0.338482 0.687961 0 0.000102218
1.06838e+07 0.192282 0.898078 0 0.000124759
1.06825e+07 0.192282 0.852719 0 0.000124774
1.06825e+07 0.192282 0.852719 0 0.000124774
1.06825e+07 0.192282 0.852719 0 0.000124774
1.30398e+07 0.338482 0.687961 0 0.000102218
1.06825e+07 0.192282 0.852719 0 0.000124774
1.06825e+07 0.192282 0.852719 0 0.000124774
1.06825e+07 0.192282 0.852719 0 0.000124774
1.30398e+07 0.338482 0.687961 0 0.000102218
1.30398e+07 0.338482 0.687961 0 0.000102218
1.06825e+07 0.192282 0.852719 0 0.000124774
1.06825e+07 0.192282 0.852719 0 0.000124774
1.06825e+07 0.192282 0.852719 0 0.000124774
1.06838e+07 0.192282 0.898078 0 0.000124759
1.30398e+07 0.338482 0.687961 0 0.000102218
1.06825e+07 0.192282 0.852719 0 0.000124774
8.63054e+06 0 1 0 0.00015444
1.30398e+07 0.338482 0.687961 0 0.000102218
1.30398e+07 0.338482 0.687961 0 0.000102218
8.63054e+06 0 1 0 0.00015444
1.06825e+07 0.192282 0.852719 0 0.000124774
1.30398e+07 0.338482 0.687961 0 0.000102218
1.30398e+07 0.338482 0.687961 0 0.000102218
1.06825e+07 0.192282 0.852719 0 0.000124774
1.06825e+07 0.192282 0.852719 0 0.000124774
1.30398e+07 0.338482 0.687961 0 0.000102218
1.06825e+07 0.192282 0.852719 0 0.000124774
