3.24451e+07 0.451698 0.834641 0 3.53856e-05
1.78044e+07 0 1 0 6.44836e-05
1.78044e+07 0 1 0 6.44836e-05
1.78044e+07 0 1 0 6.44836e-05
1.78044e+07 0 1 0 6.44836e-05
3.24451e+07 0.451698 0.834641 0 3.53856e-05
1.78044e+07 0 1 0 6.44836e-05
3.24451e+07 0.451698 0.834641 0 3.53856e-05
1.78044e+07 0 1 0 6.44836e-05
1.78044e+07 0 1 0 6.44836e-05
1.78044e+07 0 1 0 6.44836e-05
1.78044e+07 0 1 0 6.44836e-05
1.78044e+07 0 1 0 6.44836e-05
3.24451e+07 0.451698 0.834641 0 3.53856e-05
2.38595e+07 0.25408 0.877155 0 4.81188e-05
1.78044e+07 0 1 0 6.44836e-05
3.24451e+07 0.451698 0.834641 0 3.53856e-05
1.78044e+07 0 1 0 6.44836e-05
1.78044e+07 0 1 0 6.44836e-05
3.24451e+07 0.451698 0.834641 0 3.53856e-05
3.24451e+07 0.451698 0.834641 0 3.53856e-05
3.24451e+07 0.451698 0.834641 0 3.53856e-05
1.78044e+07 0 1 0 6.44836e-05
1.78044e+07 0 1 0 6.44836e-05
3.24451e+07 0.451698 0.834641 0 3.53856e-05
3.24451e+07 0.451698 0.834641 0 3.53856e-05
1.78044e+07 0 1 0 6.44836e-05
1.78044e+07 0 1 0 6.44836e-05
1.78044e+07 0 1 0 6.44836e-05
1.78044e+07 0 1 0 6.44836e-05
1.78044e+07 0 1 0 6.44836e-05
1.78044e+07 0 1 0 6.44836e-05
3.24451e+07 0.451698 0.834641 0 3.53856e-05
3.24451e+07 0.451698 0.834641 0 3.53856e-05
3.24451e+07 0.451698 0.834641 0 3.53856e-05
3.24451e+07 0.451698 0.834641 0 3.53856e-05
1.78044e+07 0 1 0 6.44836e-05
1.78044e+07 0 1 0 6.44836e-05
1.78044e+07 0 1 0 6.44836e-05
1.78044e+07 0 1 0 6.44836e-05
3.24451e+07 0.451698 0.834641 0 3.53856e-05
1.78044e+07 0 1 0 6.44836e-05
1.78044e+07 0 1 0 6.44836e-05
1.78044e+07 0 1 0 6.44836e-05
1.78044e+07 0 1 0 6.44836e-05
3.24451e+07 0.451698 0.834641 0 3.53856e-05
1.78044e+07 0 1 0 6.44836e-05
3.24451e+07 0.451698 0.834641 0 3.53856e-05
1.78044e+07 0 1 0 6.44836e-05
1.78044e+07 0 1 0 6.44836e-05
3.24451e+07 0.451698 0.834641 0 3.53856e-05
1.78044e+07 0 1 0 6.44836e-05
1.78044e+07 0 1 0 6.44836e-05
3.24451e+07 0.451698 0.834641 0 3.53856e-05
1.78044e+07 0 1 0 6.44836e-05
1.78044e+07 0 1 0 6.44836e-05
1.78044e+07 0 1 0 6.44836e-05
1.78044e+07 0 1 0 6.44836e-05
1.78044e+07 0 1 0 6.44836e-05
1.78044e+07 0 1 0 6.44836e-05
3.24451e+07 0.451698 0.834641 0 3.53856e-05
1.78044e+07 0 1 0 6.44836e-05
1.78044e+07 0 1 0 6.44836e-05
3.24451e+07 0.451698 0.834641 0 3.53856e-05
1.78044e+07 0 1 0 6.44836e-05
1.78044e+07 0 1 0 6.44836e-05
1.78044e+07 0 1 0 6.44836e-05
1.78044e+07 0 1 0 6.44836e-05
1.78044e+07 0 1 0 6.44836e-05
3.24451e+07 0.451698 0.834641 0 3.53856e-05
1.78044e+07 0 1 0 6.44836e-05
1.78044e+07 0 1 0 6.44836e-05
1.78044e+07 0 1 0 6.44836e-05
1.78044e+07 0 1 0 6.44836e-05
3.24451e+07 0.451698 0.834641 0 3.53856e-05
3.24451e+07 0.451698 0.834641 0 3.53856e-05
3.24451e+07 0.451698 0.834641 0 3.53856e-05
1.78044e+07 0 1 0 6.44836e-05
3.24451e+07 0.451698 0.834641 0 3.53856e-05
3.24451e+07 0.451698 0.834641 0 3.53856e-05
3.24451e+07 0.451698 0.834641 0 3.53856e-05
1.78044e+07 0 1 0 6.44836e-05
1.78044e+07 0 1 0 6.44836e-05
3.24451e+07 0.451698 0.834641 0 3.53856e-05
3.24451e+07 0.451698 0.834641 0 3.53856e-05
3.24451e+07 0.451698 0.834641 0 3.53856e-05
1.78044e+07 0 1 0 6.44836e-05
1.78044e+07 0 1 0 6.44836e-05
3.24451e+07 0.451698 0.834641 0 3.53856e-05
2.38595e+07 0.25408 0.877155 0 4.81188e-05
1.78044e+07 0 1 0 6.44836e-05
1.78044e+07 0 1 0 6.44836e-05
1.78044e+07 0 1 0 6.44836e-05
3.24451e+07 0.451698 0.834641 0 3.53856e-05
1.78044e+07 0 1 0 6.44836e-05
1.78044e+07 0 1 0 6.44836e-05
3.24451e+07 0.451698 0.834641 0 3.53856e-05
3.24451e+07 0.451698 0.834641 0 3.53856e-05
1.78044e+07 0 1 0 6.44836e-05
3.24451e+07 0.451698 0.834641 0 3.53856e-05
