1.78335e+07 0 1 0 7.2448e-05
2.81791e+07 0.367491 0.773615 0 4.58496e-05
2.81791e+07 0.367491 0.773615 0 4.58496e-05
1.78335e+07 0 1 0 7.2448e-05
2.81791e+07 0.367491 0.773615 0 4.58496e-05
1.78335e+07 0 1 0 7.2448e-05
2.81791e+07 0.367491 0.773615 0 4.58496e-05
1.78335e+07 0 1 0 7.2448e-05
1.78335e+07 0 1 0 7.2448e-05
1.78335e+07 0 1 0 7.2448e-05
2.81791e+07 0.367491 0.773615 0 4.58496e-05
2.81791e+07 0.367491 0.773615 0 4.58496e-05
1.78335e+07 0 1 0 7.2448e-05
1.78335e+07 0 1 0 7.2448e-05
1.78335e+07 0 1 0 7.2448e-05
3.255e+07 0.452297 0.89651 0 3.96928e-05
1.78335e+07 0 1 0 7.2448e-05
1.78335e+07 0 1 0 7.2448e-05
2.81791e+07 0.367491 0.773615 0 4.58496e-05
1.78335e+07 0 1 0 7.2448e-05
1.78335e+07 0 1 0 7.2448e-05
1.78335e+07 0 1 0 7.2448e-05
1.78335e+07 0 1 0 7.2448e-05
1.78335e+07 0 1 0 7.2448e-05
1.78335e+07 0 1 0 7.2448e-05
1.78335e+07 0 1 0 7.2448e-05
2.81791e+07 0.367491 0.773615 0 4.58496e-05
1.78335e+07 0 1 0 7.2448e-05
2.81791e+07 0.367491 0.773615 0 4.58496e-05
1.78335e+07 0 1 0 7.2448e-05
1.78335e+07 0 1 0 7.2448e-05
1.78335e+07 0 1 0 7.2448e-05
1.78335e+07 0 1 0 7.2448e-05
1.78335e+07 0 1 0 7.2448e-05
1.78335e+07 0 1 0 7.2448e-05
1.78335e+07 0 1 0 7.2448e-05
1.78335e+07 0 1 0 7.2448e-05
1.78335e+07 0 1 0 7.2448e-05
2.81791e+07 0.367491 0.773615 0 4.58496e-05
2.81791e+07 0.367491 0.773615 0 4.58496e-05
1.78335e+07 0 1 0 7.2448e-05
2.81791e+07 0.367491 0.773615 0 4.58496e-05
2.81791e+07 0.367491 0.773615 0 4.58496e-05
2.81791e+07 0.367491 0.773615 0 4.58496e-05
1.78335e+07 0 1 0 7.2448e-05
1.78335e+07 0 1 0 7.2448e-05
2.81791e+07 0.367491 0.773615 0 4.58496e-05
1.78335e+07 0 1 0 7.2448e-05
3.255e+07 0.452297 0.89651 0 3.96928e-05
1.78335e+07 0 1 0 7.2448e-05
1.78335e+07 0 1 0 7.2448e-05
2.81791e+07 0.367491 0.773615 0 4.58496e-05
1.78335e+07 0 1 0 7.2448e-05
1.78335e+07 0 1 0 7.2448e-05
2.81791e+07 0.367491 0.773615 0 4.58496e-05
1.78335e+07 0 1 0 7.2448e-05
2.81791e+07 0.367491 0.773615 0 4.58496e-05
2.81791e+07 0.367491 0.773615 0 4.58496e-05
1.78335e+07 0 1 0 7.2448e-05
2.81791e+07 0.367491 0.773615 0 4.58496e-05
1.78335e+07 0 1 0 7.2448e-05
2.81791e+07 0.367491 0.773615 0 4.58496e-05
1.78335e+07 0 1 0 7.2448e-05
1.78335e+07 0 1 0 7.2448e-05
1.78335e+07 0 1 0 7.2448e-05
3.255e+07 0.452297 0.89651 0 3.96928e-05
2.81791e+07 0.367491 0.773615 0 4.58496e-05
2.81791e+07 0.367491 0.773615 0 4.58496e-05
1.78335e+07 0 1 0 7.2448e-05
1.78335e+07 0 1 0 7.2448e-05
2.81791e+07 0.367491 0.773615 0 4.58496e-05
1.78335e+07 0 1 0 7.2448e-05
2.81791e+07 0.367491 0.773615 0 4.58496e-05
1.78335e+07 0 1 0 7.2448e-05
1.78335e+07 0 1 0 7.2448e-05
1.78335e+07 0 1 0 7.2448e-05
1.78335e+07 0 1 0 7.2448e-05
2.81791e+07 0.367491 0.773615 0 4.58496e-05
1.78335e+07 0 1 0 7.2448e-05
1.78335e+07 0 1 0 7.2448e-05
1.78335e+07 0 1 0 7.2448e-05
2.81791e+07 0.367491 0.773615 0 4.58496e-05
2.81791e+07 0.367491 0.773615 0 4.58496e-05
1.78335e+07 0 1 0 7.2448e-05
1.78335e+07 0 1 0 7.2448e-05
1.78335e+07 0 1 0 7.2448e-05
1.78335e+07 0 1 0 7.2448e-05
2.81791e+07 0.367491 0.773615 0 4.58496e-05
1.78335e+07 0 1 0 7.2448e-05
1.78335e+07 0 1 0 7.2448e-05
2.81791e+07 0.367491 0.773615 0 4.58496e-05
2.81791e+07 0.367491 0.773615 0 4.58496e-05
3.255e+07 0.452297 0.89651 0 3.96928e-05
1.78335e+07 0 1 0 7.2448e-05
2.81791e+07 0.367491 0.773615 0 4.58496e-05
2.81791e+07 0.367491 0.773615 0 4.58496e-05
1.78335e+07 0 1 0 7.2448e-05
1.78335e+07 0 1 0 7.2448e-05
2.81791e+07 0.367491 0.773615 0 4.58496e-05
1.78335e+07 0 1 0 7.2448e-05
