1.33806e+07 0.25953 0.855438 0 8.76787e-05
1.91374e+07 0.482581 0.679197 0 6.13034e-05
1.91374e+07 0.482581 0.679197 0 6.13034e-05
9.91138e+06 0 1 0 0.000118368
1.91374e+07 0.482581 0.679197 0 6.13034e-05
1.33806e+07 0.25953 0.855438 0 8.76787e-05
1.91374e+07 0.482581 0.679197 0 6.13034e-05
1.33806e+07 0.25953 0.855438 0 8.76787e-05
9.91138e+06 0 1 0 0.000118368
9.91138e+06 0 1 0 0.000118368
1.91374e+07 0.482581 0.679197 0 6.13034e-05
1.91374e+07 0.482581 0.679197 0 6.13034e-05
9.91138e+06 0 1 0 0.000118368
1.33806e+07 0.25953 0.855438 0 8.76787e-05
9.91138e+06 0 1 0 0.000118368
9.91138e+06 0 1 0 0.000118368
1.33806e+07 0.25953 0.855438 0 8.76787e-05
9.91138e+06 0 1 0 0.000118368
1.91374e+07 0.482581 0.679197 0 6.13034e-05
1.33806e+07 0.25953 0.855438 0 8.76787e-05
1.33806e+07 0.25953 0.855438 0 8.76787e-05
1.33806e+07 0.25953 0.855438 0 8.76787e-05
9.91138e+06 0 1 0 0.000118368
9.91138e+06 0 1 0 0.000118368
1.33806e+07 0.25953 0.855438 0 8.76787e-05
1.33806e+07 0.25953 0.855438 0 8.76787e-05
1.91374e+07 0.482581 0.679197 0 6.13034e-05
9.91138e+06 0 1 0 0.000118368
1.91374e+07 0.482581 0.679197 0 6.13034e-05
9.91138e+06 0 1 0 0.000118368
9.91138e+06 0 1 0 0.000118368
9.91138e+06 0 1 0 0.000118368
1.33806e+07 0.25953 0.855438 0 8.76787e-05
1.33806e+07 0.25953 0.855438 0 8.76787e-05
1.33806e+07 0.25953 0.855438 0 8.76787e-05
1.33806e+07 0.25953 0.855438 0 8.76787e-05
9.91138e+06 0 1 0 0.000118368
9.91138e+06 0 1 0 0.000118368
1.91374e+07 0.482581 0.679197 0 6.13034e-05
1.91374e+07 0.482581 0.679197 0 6.13034e-05
1.33806e+07 0.25953 0.855438 0 8.76787e-05
1.91374e+07 0.482581 0.679197 0 6.13034e-05
1.91374e+07 0.482581 0.679197 0 6.13034e-05
1.91374e+07 0.482581 0.679197 0 6.13034e-05
9.91138e+06 0 1 0 0.000118368
1.33806e+07 0.25953 0.855438 0 8.76787e-05
1.91374e+07 0.482581 0.679197 0 6.13034e-05
1.33806e+07 0.25953 0.855438 0 8.76787e-05
9.91138e+06 0 1 0 0.000118368
9.91138e+06 0 1 0 0.000118368
1.33806e+07 0.25953 0.855438 0 8.76787e-05
1.91374e+07 0.482581 0.679197 0 6.13034e-05
9.91138e+06 0 1 0 0.000118368
1.33806e+07 0.25953 0.855438 0 8.76787e-05
1.91374e+07 0.482581 0.679197 0 6.13034e-05
9.91138e+06 0 1 0 0.000118368
1.91374e+07 0.482581 0.679197 0 6.13034e-05
1.91374e+07 0.482581 0.679197 0 6.13034e-05
9.91138e+06 0 1 0 0.000118368
1.91374e+07 0.482581 0.679197 0 6.13034e-05
1.33806e+07 0.25953 0.855438 0 8.76787e-05
1.91374e+07 0.482581 0.679197 0 6.13034e-05
9.91138e+06 0 1 0 0.000118368
1.33806e+07 0.25953 0.855438 0 8.76787e-05
9.91138e+06 0 1 0 0.000118368
9.91138e+06 0 1 0 0.000118368
1.91374e+07 0.482581 0.679197 0 6.13034e-05
1.91374e+07 0.482581 0.679197 0 6.13034e-05
9.91138e+06 0 1 0 0.000118368
1.33806e+07 0.25953 0.855438 0 8.76787e-05
1.91374e+07 0.482581 0.679197 0 6.13034e-05
9.91138e+06 0 1 0 0.000118368
1.91374e+07 0.482581 0.679197 0 6.13034e-05
9.91138e+06 0 1 0 0.000118368
1.33806e+07 0.25953 0.855438 0 8.76787e-05
1.33806e+07 0.25953 0.855438 0 8.76787e-05
1.33806e+07 0.25953 0.855438 0 8.76787e-05
1.91374e+07 0.482581 0.679197 0 6.13034e-05
1.33806e+07 0.25953 0.855438 0 8.76787e-05
1.33806e+07 0.25953 0.855438 0 8.76787e-05
1.33806e+07 0.25953 0.855438 0 8.76787e-05
1.91374e+07 0.482581 0.679197 0 6.13034e-05
1.91374e+07 0.482581 0.679197 0 6.13034e-05
1.33806e+07 0.25953 0.855438 0 8.76787e-05
1.33806e+07 0.25953 0.855438 0 8.76787e-05
1.33806e+07 0.25953 0.855438 0 8.76787e-05
9.91138e+06 0 1 0 0.000118368
1.91374e+07 0.482581 0.679197 0 6.13034e-05
1.33806e+07 0.25953 0.855438 0 8.76787e-05
9.91138e+06 0 1 0 0.000118368
1.91374e+07 0.482581 0.679197 0 6.13034e-05
1.91374e+07 0.482581 0.679197 0 6.13034e-05
9.91138e+06 0 1 0 0.000118368
1.33806e+07 0.25953 0.855438 0 8.76787e-05
1.91374e+07 0.482581 0.679197 0 6.13034e-05
1.91374e+07 0.482581 0.679197 0 6.13034e-05
1.33806e+07 0.25953 0.855438 0 8.76787e-05
1.33806e+07 0.25953 0.855438 0 8.76787e-05
1.91374e+07 0.482581 0.679197 0 6.13034e-05
1.33806e+07 0.25953 0.855438 0 8.76787e-05
