1e+08 1 0.666667 0.666667 2.4e-07
2.72504e+07 0.770833 0.222222 0 8.8072e-07
6.25e+06 0 1 0 3.84e-06
2.72504e+07 0.770833 0.222222 0 8.8072e-07
6.25e+06 0 1 0 3.84e-06
6.25e+06 0 1 0 3.84e-06
7.5e+07 0.958333 0.388889 0.388889 3.2e-07
2.72504e+07 0.770833 0.222222 0 8.8072e-07
3.74579e+07 0.833333 0.388889 0.333333 6.4072e-07
3.74579e+07 0.833333 0.388889 0.333333 6.4072e-07
5.98563e+07 0.895833 0.111111 0 4.0096e-07
3.74579e+07 0.833333 0.388889 0.333333 6.4072e-07
5.98563e+07 0.895833 0.111111 0 4.0096e-07
6.66578e+06 0.0625 0.5 0 3.60048e-06
2.72504e+07 0.770833 0.222222 0 8.8072e-07
6.66578e+06 0.0625 0.5 0 3.60048e-06
2.72504e+07 0.770833 0.222222 0 8.8072e-07
2.72504e+07 0.770833 0.222222 0 8.8072e-07
2.72504e+07 0.770833 0.222222 0 8.8072e-07
3.32889e+07 0.8125 0.166667 0.111111 7.2096e-07
6.66578e+06 0.0625 0.5 0 3.60048e-06
2.72504e+07 0.770833 0.222222 0 8.8072e-07
6.25e+06 0 1 0 3.84e-06
6.25e+06 0 1 0 3.84e-06
6.25e+06 0 1 0 3.84e-06
2.72504e+07 0.770833 0.222222 0 8.8072e-07
2.72504e+07 0.770833 0.222222 0 8.8072e-07
2.72504e+07 0.770833 0.222222 0 8.8072e-07
7.5e+07 0.958333 0.388889 0.388889 3.2e-07
3.74579e+07 0.833333 0.388889 0.333333 6.4072e-07
7.14269e+06 0.125 0.888889 0 3.36008e-06
2.72504e+07 0.770833 0.222222 0 8.8072e-07
2.72504e+07 0.770833 0.222222 0 8.8072e-07
7.14269e+06 0.125 0.888889 0 3.36008e-06
