3.18706e+06 0.168874 0.555556 0.111111 1.00406e-05
3.17441e+06 0.165563 0.388889 0 1.00806e-05
2.64901e+06 0 1 0 1.208e-05
2.28454e+07 0.884106 0.388889 0 1.40072e-06
2.64901e+06 0 1 0 1.208e-05
2.76811e+06 0.0430464 0.666667 0 1.15602e-05
3.8068e+07 0.930464 0.444444 0.222222 8.406e-07
3.63389e+07 0.927152 0.5 0.222222 8.806e-07
3.9988e+07 0.933775 0.722222 0.444444 8.0024e-07
2.42358e+07 0.890728 0.611111 0.222222 1.32036e-06
6.95652e+07 0.966887 0.555556 0.333333 4.6e-07
2.42358e+07 0.890728 0.611111 0.222222 1.32036e-06
6.95652e+07 0.966887 0.555556 0.333333 4.6e-07
1.14276e+07 0.768212 0.666667 0.111111 2.80024e-06
3.63389e+07 0.927152 0.5 0.222222 8.806e-07
2.66661e+06 0.00662252 0.777778 0 1.20002e-05
3.0188e+06 0.122517 0.722222 0 1.06002e-05
3.17441e+06 0.165563 0.388889 0 1.00806e-05
2.28454e+07 0.884106 0.388889 0 1.40072e-06
2.28454e+07 0.884106 0.388889 0 1.40072e-06
1.28991e+07 0.794702 0.388889 0.111111 2.4808e-06
3.0188e+06 0.122517 0.722222 0 1.06002e-05
2.64901e+06 0 1 0 1.208e-05
1.11099e+07 0.761589 0.666667 0 2.88032e-06
1.11099e+07 0.761589 0.666667 0 2.88032e-06
2.28454e+07 0.884106 0.388889 0 1.40072e-06
2.28454e+07 0.884106 0.388889 0 1.40072e-06
3.0188e+06 0.122517 0.722222 0 1.06002e-05
3.8068e+07 0.930464 0.444444 0.222222 8.406e-07
3.04172e+06 0.129139 0.722222 0.111111 1.05204e-05
1.33307e+07 0.801325 0.5 0 2.40048e-06
2.28454e+07 0.884106 0.388889 0 1.40072e-06
2.28454e+07 0.884106 0.388889 0 1.40072e-06
2.75858e+06 0.0397351 0.833333 0 1.16002e-05
