550955 0.0970149 0.75 0.1875 1.45202e-05
568158 0.124378 0.25 0 1.40806e-05
497512 0 1 0 1.608e-05
1.15942e+07 0.962687 0.125 0 6.9e-07
497512 0 1 0 1.608e-05
514131 0.0323383 0.625 0 1.55602e-05
1.11056e+07 0.955224 0.5625 0.25 7.2036e-07
1.15942e+07 0.995025 0.5 0.375 6.9e-07
1.15942e+07 0.987562 0.6875 0.5 6.9e-07
1.15942e+07 0.967662 0.375 0.25 6.9e-07
1.15942e+07 0.982587 0.4375 0.25 6.9e-07
1.15942e+07 0.967662 0.375 0.25 6.9e-07
1.15942e+07 0.982587 0.4375 0.25 6.9e-07
3.9988e+06 0.875622 0.375 0.0625 2.0006e-06
1.15942e+07 0.995025 0.5 0.375 6.9e-07
506314 0.0174129 0.5625 0 1.58005e-05
547936 0.0920398 0.625 0 1.46002e-05
568158 0.124378 0.25 0 1.40806e-05
9.99251e+06 0.950249 0.3125 0 8.006e-07
9.99251e+06 0.950249 0.3125 0 8.006e-07
3.63577e+06 0.863184 0.5625 0.0625 2.20036e-06
547936 0.0920398 0.625 0 1.46002e-05
497512 0 1 0 1.608e-05
3.5084e+06 0.858209 0.6875 0 2.28024e-06
3.5084e+06 0.858209 0.6875 0 2.28024e-06
1.15942e+07 0.962687 0.125 0 6.9e-07
1.15942e+07 0.962687 0.125 0 6.9e-07
547936 0.0920398 0.625 0 1.46002e-05
1.11056e+07 0.955224 0.5625 0.25 7.2036e-07
550955 0.0970149 0.75 0.1875 1.45202e-05
3.5084e+06 0.858209 0.6875 0 2.28024e-06
9.99251e+06 0.950249 0.3125 0 8.006e-07
9.99251e+06 0.950249 0.3125 0 8.006e-07
503773 0.0124378 0.8125 0 1.58802e-05
