1.26846e+06 0.0973282 0.548387 0.0967742 1.89206e-05
1.23202e+06 0.0706107 0.709677 0 1.94802e-05
1.23203e+06 0.0706107 0.870968 0 1.94801e-05
1.23202e+06 0.0706107 0.709677 0 1.94802e-05
1.99999e+06 0.427481 0.870968 0 1.20001e-05
1.14504e+06 0 1 0 2.096e-05
1.26846e+06 0.0973282 0.548387 0.0967742 1.89206e-05
1.23202e+06 0.0706107 0.709677 0 1.94802e-05
1.23709e+06 0.0744275 0.677419 0.0967742 1.94004e-05
1.23709e+06 0.0744275 0.677419 0.0967742 1.94004e-05
1.26313e+06 0.0935115 0.580645 0 1.90005e-05
1.23709e+06 0.0744275 0.677419 0.0967742 1.94004e-05
1.26313e+06 0.0935115 0.580645 0 1.90005e-05
1.14942e+06 0.00381679 0.774194 0 2.08802e-05
1.23202e+06 0.0706107 0.709677 0 1.94802e-05
1.14942e+06 0.00381679 0.774194 0 2.08802e-05
2.28126e+06 0.498092 0.580645 0 1.05205e-05
1.23202e+06 0.0706107 0.709677 0 1.94802e-05
1.23202e+06 0.0706107 0.709677 0 1.94802e-05
1.23202e+06 0.0706107 0.709677 0 1.94802e-05
1.14942e+06 0.00381679 0.774194 0 2.08802e-05
2.9973e+07 0.961832 0.451613 0.0645161 8.0072e-07
1.05256e+07 0.891221 0.741935 0.0645161 2.28016e-06
1.05256e+07 0.891221 0.741935 0.0645161 2.28016e-06
1.05256e+07 0.891221 0.741935 0.0645161 2.28016e-06
1.23202e+06 0.0706107 0.709677 0 1.94802e-05
1.23202e+06 0.0706107 0.709677 0 1.94802e-05
2.65473e+06 0.568702 0.580645 0.0645161 9.04048e-06
1.26846e+06 0.0973282 0.548387 0.0967742 1.89206e-05
2.19771e+06 0.479008 0.612903 0.225806 1.09205e-05
1.17187e+06 0.0229008 0.870968 0 2.04801e-05
1.23202e+06 0.0706107 0.709677 0 1.94802e-05
1.23202e+06 0.0706107 0.709677 0 1.94802e-05
1.18576e+06 0.0343511 0.806452 0.0645161 2.02401e-05
