884830 0.172161 0.35 0.3 9.04128e-06
847415 0.135531 0.55 0 9.44048e-06
732601 0 1 0 1.092e-05
1.65256e+06 0.556777 0.3 0 4.84096e-06
732601 0 1 0 1.092e-05
1.23452e+06 0.406593 0.7 0 6.48024e-06
1.73877e+06 0.578755 0.45 0.3 4.60096e-06
1.65256e+06 0.556777 0.3 0 4.84096e-06
1.73877e+06 0.578755 0.45 0.3 4.60096e-06
1.73877e+06 0.578755 0.45 0.3 4.60096e-06
1.65256e+06 0.556777 0.3 0 4.84096e-06
1.73877e+06 0.578755 0.45 0.3 4.60096e-06
1.65256e+06 0.556777 0.3 0 4.84096e-06
1.31551e+06 0.443223 0.3 0 6.08128e-06
1.65256e+06 0.556777 0.3 0 4.84096e-06
749030 0.021978 0.55 0 1.06805e-05
847415 0.135531 0.55 0 9.44048e-06
1.59962e+06 0.542125 0.25 0 5.0012e-06
1.65256e+06 0.556777 0.3 0 4.84096e-06
3.31565e+07 0.978022 0.35 0.35 2.4128e-07
1.31551e+06 0.443223 0.3 0 6.08128e-06
847415 0.135531 0.55 0 9.44048e-06
732601 0 1 0 1.092e-05
1.26576e+06 0.421245 0.75 0 6.32032e-06
1.26576e+06 0.421245 0.75 0 6.32032e-06
1.65256e+06 0.556777 0.3 0 4.84096e-06
1.99045e+07 0.96337 0 0 4.0192e-07
847415 0.135531 0.55 0 9.44048e-06
1.73877e+06 0.578755 0.45 0.3 4.60096e-06
869520 0.157509 0.7 0.3 9.20048e-06
1.26576e+06 0.421245 0.75 0 6.32032e-06
1.99045e+07 0.96337 0 0 4.0192e-07
1.65256e+06 0.556777 0.3 0 4.84096e-06
732601 0 1 0 1.092e-05
