331670 0.0607477 0.677419 0.0967742 2.41204e-05
330575 0.0576324 0.709677 0 2.42002e-05
330577 0.0576324 0.870968 0 2.42001e-05
412358 0.244548 0.516129 0.0645161 1.94006e-05
478467 0.34891 0.870968 0 1.67201e-05
311526 0 1 0 2.568e-05
409821 0.239875 0.483871 0.0967742 1.95207e-05
412358 0.244548 0.516129 0.0645161 1.94006e-05
409821 0.239875 0.483871 0.0967742 1.95207e-05
414063 0.247664 0.483871 0.16129 1.93207e-05
408151 0.23676 0.516129 0 1.96006e-05
414063 0.247664 0.483871 0.16129 1.93207e-05
408151 0.23676 0.516129 0 1.96006e-05
384609 0.190031 0.580645 0.0645161 2.08004e-05
412358 0.244548 0.516129 0.0645161 1.94006e-05
314957 0.0109034 0.645161 0 2.54003e-05
524918 0.406542 0.580645 0 1.52405e-05
330575 0.0576324 0.709677 0 2.42002e-05
408151 0.23676 0.516129 0 1.96006e-05
408151 0.23676 0.516129 0 1.96006e-05
380946 0.182243 0.580645 0 2.10004e-05
1.44915e+06 0.785047 0.580645 0.129032 5.52048e-06
1.14284e+06 0.727414 0.870968 0.129032 7.00008e-06
3.33306e+06 0.906542 0.677419 0.129032 2.4002e-06
3.33306e+06 0.906542 0.677419 0.129032 2.4002e-06
412358 0.244548 0.516129 0.0645161 1.94006e-05
412358 0.244548 0.516129 0.0645161 1.94006e-05
581375 0.464174 0.580645 0.0645161 1.37605e-05
409821 0.239875 0.483871 0.0967742 1.95207e-05
511489 0.390966 0.548387 0.225806 1.56406e-05
379504 0.179128 0.806452 0 2.10801e-05
408151 0.23676 0.516129 0 1.96006e-05
416648 0.252336 0.387097 0 1.92008e-05
316955 0.017134 0.741935 0.0645161 2.52402e-05
