1.98008e+06 0.278571 0.737705 0.196721 4.04024e-06
3.77252e+06 0.621429 0.393443 0.131148 2.1206e-06
1.94163e+06 0.264286 0.672131 0 4.12024e-06
2.04057e+06 0.3 0.47541 0 3.92048e-06
1.42857e+06 0 1 0 5.6e-06
4.54483e+06 0.685714 0.852459 0.327869 1.76024e-06
1.98008e+06 0.278571 0.737705 0.196721 4.04024e-06
2.35244e+06 0.392857 0.327869 0 3.40072e-06
2.27242e+06 0.371429 0.590164 0.196721 3.52048e-06
2.08307e+06 0.314286 0.606557 0.196721 3.84048e-06
2.22193e+06 0.357143 0.459016 0 3.60048e-06
2.08307e+06 0.314286 0.606557 0.196721 3.84048e-06
2.22193e+06 0.357143 0.459016 0 3.60048e-06
1.50362e+06 0.05 0.606557 0 5.32048e-06
2.35244e+06 0.392857 0.327869 0 3.40072e-06
1.50362e+06 0.05 0.606557 0 5.32048e-06
1.94163e+06 0.264286 0.606557 0 4.12024e-06
1.24883e+07 0.885714 0.393443 0.196721 6.406e-07
1.94163e+06 0.264286 0.606557 0 4.12024e-06
3.02975e+06 0.528571 0.47541 0 2.64048e-06
1.44921e+06 0.0142857 0.737705 0 5.52024e-06
1.94163e+06 0.264286 0.606557 0 4.12024e-06
1.42857e+06 0 1 0 5.6e-06
1.42857e+06 0 1 0 5.6e-06
1.42857e+06 0 1 0 5.6e-06
2.04057e+06 0.3 0.47541 0 3.92048e-06
3.27772e+06 0.564286 0.344262 0 2.44072e-06
1.94163e+06 0.264286 0.606557 0 4.12024e-06
1.98008e+06 0.278571 0.737705 0.196721 4.04024e-06
1.98008e+06 0.278571 0.737705 0.196721 4.04024e-06
1.42857e+06 0 1 0 5.6e-06
3.02975e+06 0.528571 0.47541 0 2.64048e-06
1.94163e+06 0.264286 0.606557 0 4.12024e-06
1.48146e+06 0.0357143 0.868852 0 5.40008e-06
