1.13631e+06 0.231441 0.6875 0.3125 7.04036e-06
1.04162e+06 0.161572 0.5625 0 7.68036e-06
873362 0 1 0 9.16e-06
2.77708e+06 0.68559 0.375 0.0625 2.88072e-06
873362 0 1 0 9.16e-06
873362 0 1 0 9.16e-06
3.27788e+06 0.733624 0.5625 0.3125 2.4406e-06
2.77708e+06 0.68559 0.375 0.0625 2.88072e-06
2.73916e+06 0.681223 0.5625 0.25 2.9206e-06
2.9404e+06 0.703057 0.5 0.3125 2.72072e-06
3.07593e+06 0.716157 0.3125 0 2.60084e-06
2.9404e+06 0.703057 0.5 0.3125 2.72072e-06
3.07593e+06 0.716157 0.3125 0 2.60084e-06
1.90451e+06 0.541485 0.4375 0.0625 4.20056e-06
2.77708e+06 0.68559 0.375 0.0625 2.88072e-06
909033 0.0393013 0.4375 0 8.80056e-06
1.04162e+06 0.161572 0.5625 0 7.68036e-06
1.04162e+06 0.161572 0.5625 0 7.68036e-06
7.40083e+06 0.882096 0.25 0.0625 1.08096e-06
2.5969e+06 0.663755 0.4375 0 3.0806e-06
1.81798e+06 0.519651 0.5 0 4.40048e-06
1.04162e+06 0.161572 0.5625 0 7.68036e-06
873362 0 1 0 9.16e-06
1.75436e+06 0.502183 0.875 0 4.56008e-06
1.75436e+06 0.502183 0.875 0 4.56008e-06
2.77708e+06 0.68559 0.375 0.0625 2.88072e-06
2.77708e+06 0.68559 0.375 0.0625 2.88072e-06
1.04162e+06 0.161572 0.5625 0 7.68036e-06
3.27788e+06 0.733624 0.5625 0.3125 2.4406e-06
1.09883e+06 0.20524 0.625 0.3125 7.28048e-06
1.96071e+06 0.554585 0.75 0 4.08016e-06
4.997e+06 0.825328 0.25 0 1.60096e-06
4.997e+06 0.825328 0.25 0 1.60096e-06
970846 0.100437 0.625 0.0625 8.24024e-06
