349631 0.0137931 0.304348 0 2.28813e-05
344828 0 1 0 2.32e-05
344828 0 1 0 2.32e-05
1.66656e+06 0.793103 0.652174 0 4.80032e-06
344828 0 1 0 2.32e-05
344828 0 1 0 2.32e-05
1.7852e+06 0.806897 0.304348 0.173913 4.48128e-06
1.66656e+06 0.793103 0.652174 0 4.80032e-06
1.7852e+06 0.806897 0.304348 0.173913 4.48128e-06
1.7852e+06 0.806897 0.304348 0.173913 4.48128e-06
1.66656e+06 0.793103 0.652174 0 4.80032e-06
1.7852e+06 0.806897 0.304348 0.173913 4.48128e-06
1.66656e+06 0.793103 0.652174 0 4.80032e-06
1.7852e+06 0.806897 0.304348 0.173913 4.48128e-06
1.66656e+06 0.793103 0.652174 0 4.80032e-06
349631 0.0137931 0.304348 0 2.28813e-05
344828 0 1 0 2.32e-05
344828 0 1 0 2.32e-05
1.66656e+06 0.793103 0.652174 0 4.80032e-06
1.66656e+06 0.793103 0.652174 0 4.80032e-06
8.69565e+06 1 0.826087 0.782609 9.2e-07
344828 0 1 0 2.32e-05
344828 0 1 0 2.32e-05
1.66656e+06 0.793103 0.652174 0 4.80032e-06
1.66656e+06 0.793103 0.652174 0 4.80032e-06
1.66656e+06 0.793103 0.652174 0 4.80032e-06
1.66656e+06 0.793103 0.652174 0 4.80032e-06
344828 0 1 0 2.32e-05
1.7852e+06 0.806897 0.304348 0.173913 4.48128e-06
349631 0.0137931 0.304348 0 2.28813e-05
1.66656e+06 0.793103 0.652174 0 4.80032e-06
1.66656e+06 0.793103 0.652174 0 4.80032e-06
1.66656e+06 0.793103 0.652174 0 4.80032e-06
344828 0 1 0 2.32e-05
