555528 0.13253 0.555556 0.333333 1.44007e-05
529084 0.0891566 0.5 0 1.51205e-05
481928 0 1 0 1.66e-05
6.0551e+06 0.920482 0.166667 0 1.3212e-06
481928 0 1 0 1.66e-05
481928 0 1 0 1.66e-05
1.15942e+07 0.963855 0.555556 0.5 6.9e-07
6.0551e+06 0.920482 0.166667 0 1.3212e-06
7.40412e+06 0.93494 0.666667 0.5 1.08048e-06
7.40412e+06 0.93494 0.666667 0.5 1.08048e-06
9.50751e+06 0.949398 0.0555556 0 8.4144e-07
7.40412e+06 0.93494 0.666667 0.5 1.08048e-06
9.50751e+06 0.949398 0.0555556 0 8.4144e-07
3.12441e+06 0.845783 0.5 0.166667 2.56048e-06
6.0551e+06 0.920482 0.166667 0 1.3212e-06
488983 0.0144578 0.5 0 1.63605e-05
529084 0.0891566 0.5 0 1.51205e-05
529084 0.0891566 0.5 0 1.51205e-05
6.0551e+06 0.920482 0.166667 0 1.3212e-06
6.0551e+06 0.920482 0.166667 0 1.3212e-06
3.12441e+06 0.845783 0.5 0.166667 2.56048e-06
529084 0.0891566 0.5 0 1.51205e-05
481928 0 1 0 1.66e-05
2.8569e+06 0.831325 0.666667 0 2.80024e-06
2.8569e+06 0.831325 0.666667 0 2.80024e-06
6.0551e+06 0.920482 0.166667 0 1.3212e-06
6.0551e+06 0.920482 0.166667 0 1.3212e-06
550937 0.125301 0.388889 0 1.45207e-05
1.15942e+07 0.963855 0.555556 0.5 6.9e-07
537617 0.103614 0.666667 0.333333 1.48805e-05
4.6503e+06 0.896386 0.555556 0.0555556 1.72032e-06
6.0551e+06 0.920482 0.166667 0 1.3212e-06
6.0551e+06 0.920482 0.166667 0 1.3212e-06
515461 0.0650602 0.888889 0.0555556 1.55201e-05
