1.27384e+06 0.19898 0.6 0.2 6.28024e-06
1.25781e+06 0.188776 0.5 0 6.36024e-06
1.02041e+06 0 1 0 7.84e-06
5.12663e+06 0.80102 0.3 0.1 1.56048e-06
1.02041e+06 0 1 0 7.84e-06
1.25785e+06 0.188776 0.8 0 6.36008e-06
4.76054e+06 0.785714 0.4 0.2 1.68048e-06
5.12663e+06 0.80102 0.3 0.1 1.56048e-06
4.76054e+06 0.785714 0.4 0.2 1.68048e-06
5.40365e+06 0.811224 0.4 0.3 1.48048e-06
4.54422e+06 0.77551 0.3 0 1.76048e-06
5.40365e+06 0.811224 0.4 0.3 1.48048e-06
4.54422e+06 0.77551 0.3 0 1.76048e-06
2.70241e+06 0.622449 0.5 0.1 2.96032e-06
5.12663e+06 0.80102 0.3 0.1 1.56048e-06
1.05816e+06 0.0357143 0.5 0 7.56032e-06
1.25781e+06 0.188776 0.5 0 6.36024e-06
1.63918e+06 0.377551 0.3 0 4.88048e-06
4.54422e+06 0.77551 0.3 0 1.76048e-06
2.84981e+07 0.964286 0.1 0 2.8072e-07
2.53139e+06 0.596939 0.5 0 3.16032e-06
1.25781e+06 0.188776 0.5 0 6.36024e-06
1.02041e+06 0 1 0 7.84e-06
2.46907e+06 0.586735 0.8 0 3.24008e-06
2.46907e+06 0.586735 0.8 0 3.24008e-06
5.12663e+06 0.80102 0.3 0.1 1.56048e-06
3.33333e+07 0.989796 0.3 0.2 2.4e-07
1.25781e+06 0.188776 0.5 0 6.36024e-06
4.76054e+06 0.785714 0.4 0.2 1.68048e-06
1.27384e+06 0.19898 0.6 0.2 6.28024e-06
2.46907e+06 0.586735 0.8 0 3.24008e-06
2.84981e+07 0.964286 0.1 0 2.8072e-07
4.54422e+06 0.77551 0.3 0 1.76048e-06
1.04711e+06 0.0255102 0.8 0 7.64008e-06
