317456 0.058296 0.69697 0.0909091 2.52004e-05
316453 0.0553064 0.727273 0 2.52802e-05
316455 0.0553064 0.878788 0 2.52801e-05
390609 0.234679 0.424242 0 2.04808e-05
449436 0.334828 0.878788 0 1.78001e-05
298954 0 1 0 2.676e-05
388338 0.230194 0.575758 0.0909091 2.06006e-05
390609 0.234679 0.424242 0 2.04808e-05
388338 0.230194 0.575758 0.0909091 2.06006e-05
392138 0.237668 0.393939 0.0909091 2.0401e-05
386838 0.227205 0.606061 0 2.06805e-05
392138 0.237668 0.393939 0.0909091 2.0401e-05
386838 0.227205 0.606061 0 2.06805e-05
365623 0.182362 0.484848 0 2.18805e-05
390609 0.234679 0.424242 0 2.04808e-05
302111 0.0104634 0.606061 0 2.64804e-05
490182 0.390135 0.606061 0 1.63205e-05
316453 0.0553064 0.727273 0 2.52802e-05
416651 0.282511 0.484848 0.0606061 1.92007e-05
386838 0.227205 0.606061 0 2.06805e-05
362314 0.174888 0.666667 0 2.20803e-05
1.21203e+06 0.753363 0.606061 0.121212 6.60048e-06
990089 0.698057 0.878788 0.121212 8.08008e-06
2.2988e+06 0.869955 0.878788 0.181818 3.48008e-06
2.2988e+06 0.869955 0.878788 0.181818 3.48008e-06
390609 0.234679 0.424242 0 2.04808e-05
390609 0.234679 0.424242 0 2.04808e-05
539066 0.445441 0.606061 0.0606061 1.48405e-05
388338 0.230194 0.575758 0.0909091 2.06006e-05
478455 0.375187 0.636364 0.212121 1.67205e-05
361010 0.171898 0.878788 0 2.21601e-05
416651 0.282511 0.484848 0.0606061 1.92007e-05
416651 0.282511 0.484848 0.0606061 1.92007e-05
303950 0.0164425 0.757576 0.0606061 2.63202e-05
