7.69172e+06 0.315789 0.714286 0 1.04008e-06
5.26316e+06 0 1 0 1.52e-06
5.26316e+06 0 1 0 1.52e-06
6.06006e+06 0.131579 0.571429 0 1.32012e-06
5.26316e+06 0 1 0 1.52e-06
5.26316e+06 0 1 0 1.52e-06
7.69172e+06 0.315789 0.714286 0 1.04008e-06
6.06006e+06 0.131579 0.571429 0 1.32012e-06
5.26316e+06 0 1 0 1.52e-06
6.06006e+06 0.131579 0.571429 0 1.32012e-06
7.69172e+06 0.315789 0.714286 0 1.04008e-06
6.06006e+06 0.131579 0.571429 0 1.32012e-06
7.69172e+06 0.315789 0.714286 0 1.04008e-06
6.06006e+06 0.131579 0.571429 0 1.32012e-06
6.06006e+06 0.131579 0.571429 0 1.32012e-06
6.06006e+06 0.131579 0.571429 0 1.32012e-06
5.26316e+06 0 1 0 1.52e-06
5.26316e+06 0 1 0 1.52e-06
5.26316e+06 0 1 0 1.52e-06
5.26316e+06 0 1 0 1.52e-06
5.26316e+06 0 1 0 1.52e-06
5.26316e+06 0 1 0 1.52e-06
5.26316e+06 0 1 0 1.52e-06
5.26316e+06 0 1 0 1.52e-06
5.26316e+06 0 1 0 1.52e-06
6.06006e+06 0.131579 0.571429 0 1.32012e-06
6.06006e+06 0.131579 0.571429 0 1.32012e-06
8.6949e+06 0.394737 0.714286 0 9.2008e-07
7.69172e+06 0.315789 0.714286 0 1.04008e-06
6.24941e+06 0.157895 0.571429 0 1.28012e-06
1.81752e+07 0.710526 0.428571 0 4.4016e-07
5.26316e+06 0 1 0 1.52e-06
5.26316e+06 0 1 0 1.52e-06
1e+08 1 0.714286 0.571429 8e-08
