724606 0.155963 0.4 0.2 1.10405e-05
689641 0.11315 0.5 0 1.16002e-05
689650 0.11315 0.8 0 1.16001e-05
689641 0.11315 0.5 0 1.16002e-05
1.94171e+06 0.685015 0.8 0 4.12008e-06
611621 0 1 0 1.308e-05
724606 0.155963 0.4 0.2 1.10405e-05
689641 0.11315 0.5 0 1.16002e-05
694430 0.119266 0.6 0.2 1.15202e-05
694430 0.119266 0.6 0.2 1.15202e-05
719393 0.149847 0.3 0 1.11205e-05
694430 0.119266 0.6 0.2 1.15202e-05
719393 0.149847 0.3 0 1.11205e-05
615377 0.00611621 0.7 0 1.30002e-05
689641 0.11315 0.5 0 1.16002e-05
615377 0.00611621 0.7 0 1.30002e-05
3.02975e+06 0.798165 0.3 0 2.64048e-06
689641 0.11315 0.5 0 1.16002e-05
689641 0.11315 0.5 0 1.16002e-05
689641 0.11315 0.5 0 1.16002e-05
615377 0.00611621 0.7 0 1.30002e-05
6.8937e+06 0.911315 0.3 0.1 1.16048e-06
3.03021e+06 0.798165 0.8 0.1 2.64008e-06
3.03021e+06 0.798165 0.8 0.1 2.64008e-06
3.03021e+06 0.798165 0.8 0.1 2.64008e-06
689641 0.11315 0.5 0 1.16002e-05
689641 0.11315 0.5 0 1.16002e-05
1.42735e+07 0.957187 0.3 0.2 5.6048e-07
724606 0.155963 0.4 0.2 1.10405e-05
694430 0.119266 0.6 0.2 1.15202e-05
666658 0.0825688 0.6 0 1.20002e-05
689641 0.11315 0.5 0 1.16002e-05
689641 0.11315 0.5 0 1.16002e-05
666658 0.0825688 0.6 0 1.20002e-05
