1.04159e+06 0.182979 0.555556 0.111111 7.6806e-06
1.01007e+06 0.157447 0.722222 0 7.92024e-06
851064 0 1 0 9.4e-06
2.56341e+06 0.668085 0.444444 0 3.12084e-06
851064 0 1 0 9.4e-06
884948 0.0382979 0.888889 0 9.04008e-06
2.46895e+06 0.655319 0.777778 0.166667 3.24024e-06
2.56341e+06 0.668085 0.444444 0 3.12084e-06
2.46895e+06 0.655319 0.777778 0.166667 3.24024e-06
2.63106e+06 0.676596 0.611111 0.166667 3.0406e-06
2.40929e+06 0.646809 0.611111 0 3.32048e-06
2.63106e+06 0.676596 0.611111 0.166667 3.0406e-06
2.40929e+06 0.646809 0.611111 0 3.32048e-06
1.76975e+06 0.519149 0.666667 0.0555556 4.5204e-06
2.56341e+06 0.668085 0.444444 0 3.12084e-06
877155 0.0297872 0.666667 0 9.1204e-06
1.01007e+06 0.157447 0.722222 0 7.92024e-06
1.01007e+06 0.157447 0.722222 0 7.92024e-06
4.34584e+06 0.804255 0.444444 0 1.84084e-06
2.53097e+06 0.66383 0.388889 0 3.16084e-06
1.69486e+06 0.497872 0.833333 0.0555556 4.72016e-06
1.01007e+06 0.157447 0.722222 0 7.92024e-06
851064 0 1 0 9.4e-06
1.66664e+06 0.489362 0.888889 0 4.80008e-06
1.66664e+06 0.489362 0.888889 0 4.80008e-06
2.56341e+06 0.668085 0.444444 0 3.12084e-06
2.56341e+06 0.668085 0.444444 0 3.12084e-06
1.01007e+06 0.157447 0.722222 0 7.92024e-06
2.46895e+06 0.655319 0.777778 0.166667 3.24024e-06
1.05255e+06 0.191489 0.611111 0.111111 7.6006e-06
1.66664e+06 0.489362 0.888889 0 4.80008e-06
4.34584e+06 0.804255 0.444444 0 1.84084e-06
5.55139e+06 0.846809 0.277778 0 1.44108e-06
892833 0.0468085 0.666667 0 8.96024e-06
