778142 0.109185 0.333333 0.222222 2.05618e-05
740724 0.0641248 0.666667 0 2.16005e-05
693241 0 1 0 2.308e-05
2.05109e+06 0.662045 0.592593 0 7.80072e-06
693241 0 1 0 2.308e-05
858358 0.192374 0.777778 0 1.86402e-05
2.25962e+06 0.693241 0.666667 0.259259 7.08084e-06
2.05109e+06 0.662045 0.592593 0 7.80072e-06
2.1162e+06 0.672444 0.703704 0.222222 7.56072e-06
2.1162e+06 0.672444 0.703704 0.222222 7.56072e-06
2.18554e+06 0.682842 0.555556 0.037037 7.32084e-06
2.1162e+06 0.672444 0.703704 0.222222 7.56072e-06
2.18554e+06 0.682842 0.555556 0.037037 7.32084e-06
1.76979e+06 0.608319 0.592593 0 9.04064e-06
2.05109e+06 0.662045 0.592593 0 7.80072e-06
700511 0.0103986 0.666667 0 2.28405e-05
740724 0.0641248 0.666667 0 2.16005e-05
932336 0.256499 0.444444 0 1.71612e-05
2.53126e+06 0.72617 0.518519 0 6.32096e-06
5.26025e+06 0.868284 0.259259 0.111111 3.04168e-06
1.76979e+06 0.608319 0.592593 0 9.04064e-06
740724 0.0641248 0.666667 0 2.16005e-05
693241 0 1 0 2.308e-05
1.72412e+06 0.59792 0.925926 0 9.28008e-06
1.72412e+06 0.59792 0.925926 0 9.28008e-06
2.05109e+06 0.662045 0.592593 0 7.80072e-06
4.75986e+06 0.854419 0.37037 0 3.36144e-06
761879 0.0901213 0.592593 0 2.10007e-05
2.25962e+06 0.693241 0.666667 0.259259 7.08084e-06
757546 0.084922 0.666667 0.222222 2.11208e-05
1.95119e+06 0.644714 0.888889 0.0740741 8.20012e-06
8.50304e+06 0.918544 0.296296 0 1.88168e-06
2.53126e+06 0.72617 0.518519 0 6.32096e-06
735286 0.0571924 0.777778 0.037037 2.17602e-05
