970827 0.0159236 0 0 2.47212e-05
955414 0 1 0 2.512e-05
955414 0 1 0 2.512e-05
955414 0 1 0 2.512e-05
955414 0 1 0 2.512e-05
955414 0 1 0 2.512e-05
964602 0.00955414 0.333333 0 2.48807e-05
955414 0 1 0 2.512e-05
964602 0.00955414 0.333333 0 2.48807e-05
964602 0.00955414 0.333333 0 2.48807e-05
955414 0 1 0 2.512e-05
964602 0.00955414 0.333333 0 2.48807e-05
955414 0 1 0 2.512e-05
964602 0.00955414 0.333333 0 2.48807e-05
955414 0 1 0 2.512e-05
964602 0.00955414 0.333333 0 2.48807e-05
955414 0 1 0 2.512e-05
955414 0 1 0 2.512e-05
955414 0 1 0 2.512e-05
961520 0.00636943 0.666667 0 2.49605e-05
964602 0.00955414 0.333333 0 2.48807e-05
955414 0 1 0 2.512e-05
955414 0 1 0 2.512e-05
955414 0 1 0 2.512e-05
955414 0 1 0 2.512e-05
955414 0 1 0 2.512e-05
955414 0 1 0 2.512e-05
955414 0 1 0 2.512e-05
964602 0.00955414 0.333333 0 2.48807e-05
964602 0.00955414 0.333333 0 2.48807e-05
955414 0 1 0 2.512e-05
955414 0 1 0 2.512e-05
955414 0 1 0 2.512e-05
955414 0 1 0 2.512e-05
