HW: 1
12 17 21 25 26 27 28 28 28 29 29 29 29 29 29 29 29 29 31 31 

HW: 2
26 70 91 108 120 127 137 142 149 152 157 164 171 177 183 186 192 197 201 206 

HW: 3
26 116 143 174 211 237 264 297 326 353 370 400 416 434 453 471 487 504 510 527 

HW: 4
29 138 198 261 329 384 431 478 508 545 601 650 688 716 753 786 820 869 915 967 

HW: 5
30 177 227 290 376 433 516 558 639 704 757 789 827 901 958 994 1061 1126 1178 1222 

HW: 6
30 194 243 345 397 487 565 657 702 808 871 943 997 1077 1126 1193 1275 1331 1411 1476 

HW: 7
30 197 271 374 420 528 593 670 751 826 910 985 1041 1119 1190 1253 1335 1412 1488 1536 

HW: 8
30 222 279 382 484 578 668 745 857 945 1040 1115 1234 1289 1369 1453 1522 1605 1662 1748 

HW: 9
30 298 347 443 544 634 725 787 939 998 1082 1180 1240 1310 1408 1466 1551 1631 1676 1771 

HW: 10
30 281 343 479 544 653 727 828 927 998 1057 1151 1225 1334 1413 1486 1585 1631 1722 1775 

HW: 11
29 277 338 510 588 703 771 878 976 1074 1188 1274 1411 1502 1583 1692 1771 1908 1969 2061 

HW: 12
30 316 376 518 650 747 850 930 1024 1138 1244 1330 1410 1542 1595 1722 1824 1921 2021 2103 

HW: 13
30 297 359 501 638 741 878 983 1090 1186 1299 1395 1454 1567 1662 1731 1811 1907 1989 2105 

HW: 14
30 373 431 604 683 845 926 1054 1154 1243 1329 1468 1552 1682 1721 1856 1956 2075 2136 2258 

HW: 15
30 433 510 696 790 901 987 1068 1241 1317 1451 1562 1657 1760 1846 1961 2042 2141 2243 2351 

HW: 16
30 381 434 615 703 844 922 1064 1140 1238 1376 1450 1555 1706 1806 1874 1988 2112 2222 2303 

HW: 17
29 326 374 597 699 838 961 1088 1175 1275 1355 1449 1580 1664 1762 1860 1961 2030 2135 2239 

HW: 18
30 286 328 516 654 740 824 943 1037 1182 1279 1411 1509 1618 1666 1748 1870 2006 2125 2174 

HW: 19
30 308 375 543 608 745 869 989 1106 1187 1274 1359 1461 1522 1640 1739 1854 1919 2022 2098 

