7.5e+07 0.958333 0.388889 0.388889 3.2e-07
1.24953e+07 0.847619 0.642857 0.571429 6.4024e-07
1.66362e+07 0.924528 0.380952 0 4.8088e-07
4.44247e+07 0.684211 0.636364 0.0909091 7.2032e-07
3.33333e+07 1 0.555556 0.444444 2.4e-07
1.94175e+07 0.993631 0.333333 0.166667 1.236e-06
1.11037e+07 0.898305 0.454545 0.363636 7.2048e-07
1.11086e+07 0.666667 0.333333 0 7.2016e-07
1.37917e+07 0.905537 0.761905 0.285714 2.32024e-06
2.21828e+07 0.908163 0.444444 0.333333 3.6064e-07
3.33333e+07 1 0.5 0.5 2.4e-07
1.15942e+07 1 0.75 0.625 6.9e-07
3.47826e+07 1 0.642857 0.642857 4.6e-07
1.73913e+07 1 0.6 0.5 4.6e-07
1.73913e+07 1 0.714286 0.714286 4.6e-07
3.33333e+07 1 0.555556 0.555556 2.4e-07
6.95652e+07 0.97351 0.777778 0.555556 4.6e-07
6.66333e+07 0.142857 0.555556 0 4.8024e-07
1.15942e+07 0.988764 0.230769 0.0769231 6.9e-07
6.95652e+07 0.972881 0.789474 0.578947 4.6e-07
1.94175e+07 1 0.5 0.5 4.12e-07
8.31878e+06 0.563636 0.259259 0.111111 9.6168e-07
6.25e+07 1 0.5 0.5 5.12e-07
2.21852e+07 0.935714 0.52459 0.459016 3.606e-07
1.53704e+07 0.943231 0.625 0.625 5.2048e-07
2.5e+07 0.985348 0.45 0.45 3.2e-07
8.69565e+06 0.986207 0.391304 0.347826 9.2e-07
5.35714e+07 1 0.612903 0.419355 4.48e-07
1.5625e+07 1 0.68 0.6 5.12e-07
1.78571e+07 0.984424 0.612903 0.548387 4.48e-07
1.78571e+07 1 0.69697 0.636364 4.48e-07
3.33333e+07 1 0.6 0.5 2.4e-07
3.33333e+07 1 0.6 0.5 2.4e-07
1.78571e+07 1 0.6 0.6 4.48e-07
1.15942e+07 1 0.555556 0.555556 6.9e-07
1.94175e+07 1 0.578947 0.473684 4.12e-07
1.5625e+07 1 0.6 0.6 5.12e-07
2.31884e+07 0.986135 0.62963 0.481481 6.9e-07
6.05675e+06 0.859574 0.5 0.277778 1.32084e-06
1e+08 1 0.714286 0.571429 8e-08
