7.5e+07 0.958333 0.388889 0.388889 3.2e-07
3.03003e+06 0.371429 0.714286 0.214286 2.64024e-06
2.35283e+06 0.465409 0.809524 0 3.40016e-06
4.44247e+07 0.684211 0.636364 0.0909091 7.2032e-07
3.33333e+07 1 0.555556 0.444444 2.4e-07
1.94175e+07 0.993631 0.333333 0.166667 1.236e-06
8.69112e+06 0.870056 0.454545 0.272727 9.2048e-07
3.7037e+06 0 1 0 2.16e-06
8.41999e+06 0.845277 0.666667 0.190476 3.80048e-06
3.38937e+06 0.397959 0.722222 0.0555556 2.36032e-06
3.33333e+07 1 0.5 0.5 2.4e-07
1.11056e+07 0.955224 0.5625 0.25 7.2036e-07
3.07479e+07 0.953901 0.5 0.357143 5.2036e-07
1.73913e+07 0.981752 0.6 0.4 4.6e-07
1.53669e+07 0.955782 0.285714 0.285714 5.206e-07
3.33333e+07 0.968553 0.555556 0.444444 2.4e-07
3.8068e+07 0.930464 0.444444 0.222222 8.406e-07
6.66333e+07 0.142857 0.555556 0 4.8024e-07
1.15942e+07 0.974719 0.461538 0.0769231 6.9e-07
3.07586e+07 0.911864 0.631579 0.263158 1.04036e-06
1.94175e+07 1 0.5 0.5 4.12e-07
4.07914e+06 0.109091 0.407407 0 1.9612e-06
7.69112e+06 0.833066 0.357143 0.357143 4.16064e-06
3.12471e+06 0.542857 0.737705 0.262295 2.56024e-06
8.32501e+06 0.895197 0.375 0.3125 9.6096e-07
2.5e+07 0.985348 0.45 0.45 3.2e-07
1.7852e+06 0.806897 0.304348 0.173913 4.48128e-06
5.35714e+07 0.98855 0.548387 0.290323 4.48e-07
1.5625e+07 0.992188 0.6 0.44 5.12e-07
9.51565e+06 0.96729 0.483871 0.290323 8.4072e-07
1.78571e+07 0.983558 0.575758 0.393939 4.48e-07
4.87662e+06 0.789744 0.4 0.2 1.64048e-06
3.33333e+07 0.97449 0.4 0.3 2.4e-07
1.33227e+07 0.954128 0.4 0.4 6.0048e-07
1.15942e+07 0.963855 0.555556 0.5 6.9e-07
1.94175e+07 0.976096 0.473684 0.263158 4.12e-07
1.33316e+07 0.962312 0.6 0.4 6.0008e-07
1.37831e+07 0.94974 0.666667 0.407407 1.16084e-06
4.54391e+06 0.812766 0.611111 0.166667 1.7606e-06
7.69172e+06 0.315789 0.714286 0 1.04008e-06
