3.74579e+07 0.833333 0.388889 0.333333 6.4072e-07
3.03003e+06 0.371429 0.714286 0.214286 2.64024e-06
2.35283e+06 0.465409 0.809524 0 3.40016e-06
4.44247e+07 0.684211 0.636364 0.0909091 7.2032e-07
1.66583e+07 0.764706 0.555556 0.333333 4.8024e-07
1.94175e+07 0.993631 0.333333 0.166667 1.236e-06
8.69112e+06 0.870056 0.454545 0.272727 9.2048e-07
3.7037e+06 0 1 0 2.16e-06
8.41999e+06 0.845277 0.666667 0.190476 3.80048e-06
3.38937e+06 0.397959 0.722222 0.0555556 2.36032e-06
1.66583e+07 0.927711 0.5 0.375 4.8024e-07
1.11056e+07 0.955224 0.5625 0.25 7.2036e-07
3.07479e+07 0.953901 0.5 0.357143 5.2036e-07
1.73913e+07 0.981752 0.6 0.4 4.6e-07
7.99712e+06 0.914966 0.5 0.285714 1.00036e-06
3.33333e+07 0.968553 0.555556 0.444444 2.4e-07
2.42358e+07 0.890728 0.611111 0.222222 1.32036e-06
6.66333e+07 0.142857 0.555556 0 4.8024e-07
1.15942e+07 0.974719 0.461538 0.0769231 6.9e-07
3.07586e+07 0.911864 0.631579 0.263158 1.04036e-06
1.94175e+07 1 0.5 0.5 4.12e-07
4.07914e+06 0.109091 0.407407 0 1.9612e-06
7.69112e+06 0.833066 0.357143 0.357143 4.16064e-06
3.12471e+06 0.542857 0.737705 0.262295 2.56024e-06
2.73916e+06 0.681223 0.5625 0.25 2.9206e-06
2.5e+07 0.985348 0.45 0.45 3.2e-07
1.7852e+06 0.806897 0.304348 0.173913 4.48128e-06
3.33056e+07 0.965649 0.548387 0.225806 7.206e-07
1.5625e+07 0.992188 0.6 0.44 5.12e-07
9.51565e+06 0.96729 0.483871 0.290323 8.4072e-07
4.16589e+06 0.928251 0.69697 0.333333 1.92036e-06
4.87662e+06 0.789744 0.4 0.2 1.64048e-06
3.33333e+07 0.97449 0.4 0.3 2.4e-07
7.40412e+06 0.917431 0.4 0.3 1.08048e-06
7.40412e+06 0.93494 0.666667 0.5 1.08048e-06
1.94175e+07 0.976096 0.473684 0.263158 4.12e-07
7.40631e+06 0.932161 0.2 0 1.08016e-06
5.12702e+06 0.864818 0.703704 0.333333 3.12072e-06
2.46895e+06 0.655319 0.777778 0.166667 3.24024e-06
5.26316e+06 0 1 0 1.52e-06
