2.72504e+07 0.770833 0.222222 0 8.8072e-07
2.94092e+06 0.352381 0.571429 0 2.72024e-06
1.25786e+06 0 1 0 6.36e-06
3.9984e+07 0.649123 0.727273 0 8.0032e-07
1.42796e+07 0.72549 0.333333 0 5.6024e-07
955414 0 1 0 2.512e-05
7.99616e+06 0.858757 0.272727 0 1.00048e-06
3.7037e+06 0 1 0 2.16e-06
1.38647e+06 0.0602606 0.761905 0 2.30802e-05
2.04082e+06 0 1 0 3.92e-06
1.42735e+07 0.915663 0.125 0 5.6048e-07
9.99251e+06 0.950249 0.3125 0 8.006e-07
2.66347e+07 0.946809 0.142857 0 6.0072e-07
1.73913e+07 0.974453 0.2 0 4.6e-07
7.40247e+06 0.908163 0.214286 0 1.08072e-06
2.85225e+07 0.955975 0.111111 0 2.8048e-07
2.28454e+07 0.884106 0.388889 0 1.40072e-06
5.71429e+07 0 1 0 5.6e-07
1.15942e+07 0.969101 0.615385 0 6.9e-07
2.85531e+07 0.905085 0.368421 0 1.12072e-06
961511 0.15102 0.25 0 8.32024e-06
3.63636e+06 0 1 0 2.2e-06
1.36517e+06 0.05939 0.571429 0 2.34402e-05
1.94163e+06 0.264286 0.606557 0 4.12024e-06
2.5969e+06 0.663755 0.4375 0 3.0806e-06
1.65256e+06 0.556777 0.3 0 4.84096e-06
1.66656e+06 0.793103 0.652174 0 4.80032e-06
1.23202e+06 0.0706107 0.709677 0 1.94802e-05
273596 0.0481771 0.64 0 2.92402e-05
408151 0.23676 0.516129 0 1.96006e-05
386838 0.227205 0.606061 0 2.06805e-05
4.64987e+06 0.779487 0.3 0 1.72048e-06
4.54422e+06 0.77551 0.3 0 1.76048e-06
689641 0.11315 0.5 0 1.16002e-05
6.0551e+06 0.920482 0.166667 0 1.3212e-06
934553 0.14741 0.526316 0 8.56024e-06
706709 0.288945 0.6 0 1.13201e-05
2.05109e+06 0.662045 0.592593 0 7.80072e-06
2.40929e+06 0.646809 0.611111 0 3.32048e-06
5.26316e+06 0 1 0 1.52e-06
