6.25e+06 0 1 0 3.84e-06
1.90476e+06 0 1 0 4.2e-06
1.25786e+06 0 1 0 6.36e-06
1.40351e+07 0 1 0 2.28e-06
3.92157e+06 0 1 0 2.04e-06
955414 0 1 0 2.512e-05
3.2257e+06 0.649718 0.818182 0 2.48008e-06
3.7037e+06 0 1 0 2.16e-06
1.30293e+06 0 1 0 2.456e-05
2.04082e+06 0 1 0 3.92e-06
3.92141e+06 0.692771 0.75 0 2.04008e-06
3.5084e+06 0.858209 0.6875 0 2.28024e-06
7.69112e+06 0.815603 0.571429 0 2.08032e-06
4.54525e+06 0.839416 0.8 0 1.76008e-06
3.12461e+06 0.782313 0.571429 0 2.56032e-06
4.54525e+06 0.72327 0.777778 0 1.76008e-06
1.11099e+07 0.761589 0.666667 0 2.88032e-06
5.71429e+07 0 1 0 5.6e-07
1.15942e+07 0.969101 0.615385 0 6.9e-07
1.23062e+07 0.779661 0.684211 0 2.60032e-06
816327 0 1 0 9.8e-06
3.63636e+06 0 1 0 2.2e-06
1.28411e+06 0 1 0 2.492e-05
1.42857e+06 0 1 0 5.6e-06
1.75436e+06 0.502183 0.875 0 4.56008e-06
1.26576e+06 0.421245 0.75 0 6.32032e-06
1.66656e+06 0.793103 0.652174 0 4.80032e-06
1.14504e+06 0 1 0 2.096e-05
260417 0 1 0 3.072e-05
379504 0.179128 0.806452 0 2.10801e-05
361010 0.171898 0.878788 0 2.21601e-05
2.49994e+06 0.589744 0.8 0 3.20008e-06
2.46907e+06 0.586735 0.8 0 3.24008e-06
611621 0 1 0 1.308e-05
2.8569e+06 0.831325 0.666667 0 2.80024e-06
796813 0 1 0 1.004e-05
706709 0.288945 0.6 0 1.13201e-05
1.72412e+06 0.59792 0.925926 0 9.28008e-06
1.66664e+06 0.489362 0.888889 0 4.80008e-06
5.26316e+06 0 1 0 1.52e-06
