1.58809e+07 0.322525 0.665388 0 7.6269e-05
1.46441e+07 0.264999 0.837281 0 8.27103e-05
1.5438e+07 0.302927 0.755298 0 7.84571e-05
2.28962e+07 0.529998 0.837281 0.0562896 5.29005e-05
1.07673e+07 0 1 0 0.00011249
2.70988e+07 0.603327 0.588443 0.0825276 4.46964e-05
2.28962e+07 0.529998 0.837281 0.0562896 5.29005e-05
2.48896e+07 0.567926 0.648868 0.0281448 4.86637e-05
5.91416e+07 0.832925 0.648868 0.0844344 2.048e-05
5.91416e+07 0.832925 0.648868 0.0844344 2.048e-05
1.58809e+07 0.322525 0.665388 0 7.6269e-05
5.91416e+07 0.832925 0.648868 0.0844344 2.048e-05
2.28962e+07 0.529998 0.837281 0.0562896 5.29005e-05
3.18943e+07 0.663002 0.633829 0.205258 3.79761e-05
5.84315e+07 0.868326 0.588443 0.138817 2.07289e-05
1.58809e+07 0.322525 0.665388 0 7.6269e-05
2.28962e+07 0.529998 0.837281 0.0562896 5.29005e-05
5.91416e+07 0.832925 0.648868 0.0844344 2.048e-05
2.48896e+07 0.567926 0.648868 0.0281448 4.86637e-05
5.91416e+07 0.832925 0.648868 0.0844344 2.048e-05
5.91416e+07 0.832925 0.648868 0.0844344 2.048e-05
1.58809e+07 0.322525 0.665388 0 7.6269e-05
2.28962e+07 0.529998 0.837281 0.0562896 5.29005e-05
1.58809e+07 0.322525 0.665388 0 7.6269e-05
2.60706e+07 0.587524 0.665388 0.0562896 4.64592e-05
2.28962e+07 0.529998 0.837281 0.0562896 5.29005e-05
1.58809e+07 0.322525 0.665388 0 7.6269e-05
2.28962e+07 0.529998 0.837281 0.0562896 5.29005e-05
1.58809e+07 0.322525 0.665388 0 7.6269e-05
2.28962e+07 0.529998 0.837281 0.0562896 5.29005e-05
1.09236e+07 0.0144732 0.877028 0 0.000110881
5.91416e+07 0.832925 0.648868 0.0844344 2.048e-05
1.58809e+07 0.322525 0.665388 0 7.6269e-05
1.46441e+07 0.264999 0.837281 0 8.27103e-05
5.91416e+07 0.832925 0.648868 0.0844344 2.048e-05
2.60706e+07 0.587524 0.665388 0.0562896 4.64592e-05
1.15991e+07 0.0719991 0.781505 0.0381854 0.000104423
2.28962e+07 0.529998 0.837281 0.0562896 5.29005e-05
2.48896e+07 0.567926 0.648868 0.0281448 4.86637e-05
2.28962e+07 0.529998 0.837281 0.0562896 5.29005e-05
2.28962e+07 0.529998 0.837281 0.0562896 5.29005e-05
5.91416e+07 0.832925 0.648868 0.0844344 2.048e-05
5.91416e+07 0.832925 0.648868 0.0844344 2.048e-05
2.48896e+07 0.567926 0.648868 0.0281448 4.86637e-05
1.58809e+07 0.322525 0.665388 0 7.6269e-05
1.58809e+07 0.322525 0.665388 0 7.6269e-05
1.58809e+07 0.322525 0.665388 0 7.6269e-05
2.86968e+07 0.625452 0.569292 0.0743029 4.22075e-05
2.48896e+07 0.567926 0.648868 0.0281448 4.86637e-05
1.46441e+07 0.264999 0.837281 0 8.27103e-05
2.28962e+07 0.529998 0.837281 0.0562896 5.29005e-05
2.28962e+07 0.529998 0.837281 0.0562896 5.29005e-05
2.86968e+07 0.625452 0.569292 0.0743029 4.22075e-05
5.91416e+07 0.832925 0.648868 0.0844344 2.048e-05
2.28962e+07 0.529998 0.837281 0.0562896 5.29005e-05
1.46468e+07 0.264999 0.887421 0 8.26954e-05
1.07673e+07 0 1 0 0.00011249
2.48896e+07 0.567926 0.648868 0.0281448 4.86637e-05
1.46441e+07 0.264999 0.837281 0 8.27103e-05
5.91416e+07 0.832925 0.648868 0.0844344 2.048e-05
2.48896e+07 0.567926 0.648868 0.0281448 4.86637e-05
2.28962e+07 0.529998 0.837281 0.0562896 5.29005e-05
1.46468e+07 0.264999 0.887421 0 8.26954e-05
1.07673e+07 0 1 0 0.00011249
1.07673e+07 0 1 0 0.00011249
1.46441e+07 0.264999 0.837281 0 8.27103e-05
1.46441e+07 0.264999 0.837281 0 8.27103e-05
2.28962e+07 0.529998 0.837281 0.0562896 5.29005e-05
2.28962e+07 0.529998 0.837281 0.0562896 5.29005e-05
1.46441e+07 0.264999 0.837281 0 8.27103e-05
1.46468e+07 0.264999 0.887421 0 8.26954e-05
2.48896e+07 0.567926 0.648868 0.0281448 4.86637e-05
1.58809e+07 0.322525 0.665388 0 7.6269e-05
2.48896e+07 0.567926 0.648868 0.0281448 4.86637e-05
1.46441e+07 0.264999 0.837281 0 8.27103e-05
1.46441e+07 0.264999 0.837281 0 8.27103e-05
5.91416e+07 0.832925 0.648868 0.0844344 2.048e-05
2.86968e+07 0.625452 0.569292 0.0743029 4.22075e-05
1.46441e+07 0.264999 0.837281 0 8.27103e-05
1.46441e+07 0.264999 0.837281 0 8.27103e-05
2.28962e+07 0.529998 0.837281 0.0562896 5.29005e-05
2.86968e+07 0.625452 0.569292 0.0743029 4.22075e-05
2.28962e+07 0.529998 0.837281 0.0562896 5.29005e-05
5.91416e+07 0.832925 0.648868 0.0844344 2.048e-05
2.28962e+07 0.529998 0.837281 0.0562896 5.29005e-05
1.46441e+07 0.264999 0.837281 0 8.27103e-05
2.48896e+07 0.567926 0.648868 0.0281448 4.86637e-05
2.48896e+07 0.567926 0.648868 0.0281448 4.86637e-05
1.46441e+07 0.264999 0.837281 0 8.27103e-05
1.07673e+07 0 1 0 0.00011249
2.86968e+07 0.625452 0.569292 0.0743029 4.22075e-05
2.48896e+07 0.567926 0.642718 0 4.86637e-05
2.28962e+07 0.529998 0.837281 0.0562896 5.29005e-05
2.28962e+07 0.529998 0.837281 0.0562896 5.29005e-05
2.70988e+07 0.603327 0.588443 0.0825276 4.46964e-05
2.28962e+07 0.529998 0.837281 0.0562896 5.29005e-05
1.58809e+07 0.322525 0.665388 0 7.6269e-05
