2.69446e+07 0.534564 0.659729 0.0493439 5.42744e-05
2.69446e+07 0.534564 0.659729 0.0493439 5.42744e-05
2.14457e+07 0.414991 0.704676 0.0493439 6.81907e-05
4.9943e+07 0.749093 0.680363 0.0516766 2.92814e-05
1.74647e+07 0.28135 0.809016 0.0493439 8.37344e-05
3.54353e+07 0.646225 0.636223 0.0684535 4.12696e-05
5.90078e+07 0.787779 0.659729 0.101021 2.47832e-05
3.384e+07 0.62952 0.6277 0.0258383 4.32152e-05
3.48548e+07 0.64007 0.798049 0.0775149 4.19569e-05
6.02108e+07 0.882734 0.6277 0.0775149 2.4288e-05
2.69446e+07 0.534564 0.659729 0.0493439 5.42744e-05
6.02108e+07 0.882734 0.6277 0.0775149 2.4288e-05
4.9943e+07 0.749093 0.680363 0.0516766 2.92814e-05
2.1041e+07 0.403561 0.806572 0.0684535 6.95025e-05
3.65497e+07 0.656775 0.806572 0.12013 4.00113e-05
2.48824e+07 0.495879 0.680363 0 5.87726e-05
4.9943e+07 0.749093 0.680363 0.0516766 2.92814e-05
6.02108e+07 0.882734 0.6277 0.0775149 2.4288e-05
3.384e+07 0.62952 0.6277 0.0258383 4.32152e-05
6.02108e+07 0.882734 0.6277 0.0775149 2.4288e-05
6.02108e+07 0.882734 0.6277 0.0775149 2.4288e-05
2.48824e+07 0.495879 0.680363 0 5.87726e-05
4.9943e+07 0.749093 0.680363 0.0516766 2.92814e-05
2.48824e+07 0.495879 0.680363 0 5.87726e-05
2.54267e+07 0.506429 0.850712 0.0516766 5.75143e-05
5.90078e+07 0.787779 0.659729 0.101021 2.47832e-05
2.69446e+07 0.534564 0.659729 0.0493439 5.42744e-05
2.54267e+07 0.506429 0.850712 0.0516766 5.75143e-05
2.69446e+07 0.534564 0.659729 0.0493439 5.42744e-05
2.75764e+07 0.545115 0.731389 0.0516766 5.30308e-05
1.6899e+07 0.257281 0.787709 0.0386901 8.65376e-05
6.02108e+07 0.882734 0.6277 0.0775149 2.4288e-05
2.48824e+07 0.495879 0.680363 0 5.87726e-05
2.48824e+07 0.495879 0.680363 0 5.87726e-05
3.48548e+07 0.64007 0.798049 0.0775149 4.19569e-05
4.9943e+07 0.749093 0.680363 0.0516766 2.92814e-05
1.6899e+07 0.257281 0.787709 0.0386901 8.65376e-05
4.9943e+07 0.749093 0.680363 0.0516766 2.92814e-05
3.384e+07 0.62952 0.6277 0.0258383 4.32152e-05
5.1566e+07 0.757006 0.683593 0.103353 2.83598e-05
4.9943e+07 0.749093 0.680363 0.0516766 2.92814e-05
6.02108e+07 0.882734 0.6277 0.0775149 2.4288e-05
3.48548e+07 0.64007 0.798049 0.0775149 4.19569e-05
3.384e+07 0.62952 0.6277 0.0258383 4.32152e-05
2.69446e+07 0.534564 0.659729 0.0493439 5.42744e-05
2.69446e+07 0.534564 0.659729 0.0493439 5.42744e-05
2.48824e+07 0.495879 0.680363 0 5.87726e-05
2.0468e+07 0.386856 0.798049 0.0258383 7.14481e-05
3.384e+07 0.62952 0.6277 0.0258383 4.32152e-05
2.48824e+07 0.495879 0.680363 0 5.87726e-05
4.9943e+07 0.749093 0.680363 0.0516766 2.92814e-05
4.9943e+07 0.749093 0.680363 0.0516766 2.92814e-05
3.384e+07 0.62952 0.6277 0.0258383 4.32152e-05
6.02108e+07 0.882734 0.6277 0.0775149 2.4288e-05
4.9943e+07 0.749093 0.680363 0.0516766 2.92814e-05
1.6991e+07 0.261128 0.899877 0.0516766 8.60691e-05
1.65743e+07 0.242664 0.829651 0 8.8233e-05
2.0468e+07 0.386856 0.798049 0.0258383 7.14481e-05
2.69446e+07 0.534564 0.659729 0.0493439 5.42744e-05
6.02108e+07 0.882734 0.6277 0.0775149 2.4288e-05
3.384e+07 0.62952 0.6277 0.0258383 4.32152e-05
2.54267e+07 0.506429 0.850712 0.0516766 5.75143e-05
1.6811e+07 0.253215 0.896647 0 8.69907e-05
1.65743e+07 0.242664 0.829651 0 8.8233e-05
1.74647e+07 0.28135 0.809016 0.0493439 8.37344e-05
2.48824e+07 0.495879 0.680363 0 5.87726e-05
2.69446e+07 0.534564 0.659729 0.0493439 5.42744e-05
4.9943e+07 0.749093 0.680363 0.0516766 2.92814e-05
2.75764e+07 0.545115 0.731389 0.0516766 5.30308e-05
2.48824e+07 0.495879 0.680363 0 5.87726e-05
1.79419e+07 0.300473 0.813973 0.100123 8.15077e-05
3.384e+07 0.62952 0.6277 0.0258383 4.32152e-05
2.69446e+07 0.534564 0.659729 0.0493439 5.42744e-05
3.77716e+07 0.668205 0.607065 0.0751822 3.87169e-05
2.48824e+07 0.495879 0.680363 0 5.87726e-05
1.77336e+07 0.29256 0.667915 0 8.2465e-05
6.02108e+07 0.882734 0.6277 0.0775149 2.4288e-05
3.384e+07 0.62952 0.6277 0.0258383 4.32152e-05
2.48824e+07 0.495879 0.680363 0 5.87726e-05
2.69446e+07 0.534564 0.659729 0.0493439 5.42744e-05
4.9943e+07 0.749093 0.680363 0.0516766 2.92814e-05
3.384e+07 0.62952 0.6277 0.0258383 4.32152e-05
5.90078e+07 0.787779 0.659729 0.101021 2.47832e-05
3.48548e+07 0.64007 0.798049 0.0775149 4.19569e-05
4.9943e+07 0.749093 0.680363 0.0516766 2.92814e-05
2.48824e+07 0.495879 0.680363 0 5.87726e-05
3.384e+07 0.62952 0.6277 0.0258383 4.32152e-05
3.384e+07 0.62952 0.6277 0.0258383 4.32152e-05
2.69446e+07 0.534564 0.659729 0.0493439 5.42744e-05
1.74647e+07 0.28135 0.809016 0.0493439 8.37344e-05
3.384e+07 0.62952 0.6277 0.0258383 4.32152e-05
3.77716e+07 0.668205 0.601323 0.0493439 3.87169e-05
5.90078e+07 0.787779 0.659729 0.101021 2.47832e-05
2.54267e+07 0.506429 0.850712 0.0516766 5.75143e-05
2.1041e+07 0.403561 0.806572 0.0684535 6.95025e-05
4.9943e+07 0.749093 0.680363 0.0516766 2.92814e-05
2.69446e+07 0.534564 0.659729 0.0493439 5.42744e-05
