3.75364e+07 0.875943 0.506194 0.211086 3.12944e-05
3.01596e+07 0.835607 0.416845 0.0917131 3.89488e-05
1.63092e+07 0.592426 0.464236 0.0363569 7.20256e-05
2.86586e+07 0.813117 0.387994 0.0328385 4.09888e-05
1.29891e+07 0.487957 0.566504 0.0363569 9.0436e-05
2.61309e+07 0.930644 0.29417 0.0750593 4.49536e-05
3.01596e+07 0.835607 0.416845 0.0917131 3.89488e-05
2.57073e+07 0.917586 0.285726 0.0328385 4.56944e-05
1.21414e+07 0.452118 0.63736 0 9.67501e-05
2.57073e+07 0.917586 0.285726 0.0328385 4.56944e-05
3.75364e+07 0.875943 0.506194 0.211086 3.12944e-05
2.57073e+07 0.917586 0.285726 0.0328385 4.56944e-05
2.86586e+07 0.813117 0.387994 0.0328385 4.09888e-05
1.24376e+07 0.465177 0.645804 0.0422209 9.44461e-05
1.24376e+07 0.465177 0.645804 0.0422209 9.44461e-05
3.52393e+07 0.853453 0.477343 0.152211 3.33344e-05
2.86586e+07 0.813117 0.387994 0.0328385 4.09888e-05
2.57073e+07 0.917586 0.285726 0.0328385 4.56944e-05
2.57073e+07 0.917586 0.285726 0.0328385 4.56944e-05
2.57073e+07 0.917586 0.285726 0.0328385 4.56944e-05
2.57073e+07 0.917586 0.285726 0.0328385 4.56944e-05
3.52393e+07 0.853453 0.477343 0.152211 3.33344e-05
2.86586e+07 0.813117 0.387994 0.0328385 4.09888e-05
3.52393e+07 0.853453 0.477343 0.152211 3.33344e-05
1.08724e+07 0.387986 0.745511 0.0776395 0.000108042
3.01596e+07 0.835607 0.416845 0.0917131 3.89488e-05
3.75364e+07 0.875943 0.506194 0.211086 3.12944e-05
1.02005e+07 0.347649 0.739629 0 0.000115159
3.75364e+07 0.875943 0.506194 0.211086 3.12944e-05
1.05638e+07 0.370139 0.695766 0.0225178 0.000111199
1.24441e+07 0.465467 0.582689 0 9.43968e-05
2.57073e+07 0.917586 0.285726 0.0328385 4.56944e-05
3.52393e+07 0.853453 0.477343 0.152211 3.33344e-05
2.86586e+07 0.813117 0.387994 0.0328385 4.09888e-05
1.21414e+07 0.452118 0.63736 0 9.67501e-05
3.52393e+07 0.853453 0.477343 0.152211 3.33344e-05
1.34555e+07 0.505804 0.516759 0.041733 8.73011e-05
2.86586e+07 0.813117 0.387994 0.0328385 4.09888e-05
2.57073e+07 0.917586 0.285726 0.0328385 4.56944e-05
2.86586e+07 0.813117 0.387994 0.0328385 4.09888e-05
2.86586e+07 0.813117 0.387994 0.0328385 4.09888e-05
2.57073e+07 0.917586 0.285726 0.0328385 4.56944e-05
1.21414e+07 0.452118 0.63736 0 9.67501e-05
2.57073e+07 0.924115 0.29417 0.0750593 4.56944e-05
3.75364e+07 0.875943 0.506194 0.211086 3.12944e-05
3.75364e+07 0.875943 0.506194 0.211086 3.12944e-05
3.52393e+07 0.853453 0.477343 0.152211 3.33344e-05
1.31054e+07 0.492455 0.643243 0.0776395 8.96333e-05
2.57073e+07 0.917586 0.285726 0.0328385 4.56944e-05
2.86586e+07 0.813117 0.387994 0.0328385 4.09888e-05
2.86586e+07 0.813117 0.387994 0.0328385 4.09888e-05
2.86586e+07 0.813117 0.387994 0.0328385 4.09888e-05
2.86787e+07 0.957922 0.375075 0.152211 4.096e-05
2.57073e+07 0.917586 0.285726 0.0328385 4.56944e-05
2.86586e+07 0.813117 0.387994 0.0328385 4.09888e-05
6.65786e+06 0 1 0 0.000176435
1.25978e+07 0.471997 0.591133 0.0422209 9.32448e-05
1.21414e+07 0.452118 0.63736 0 9.67501e-05
3.01596e+07 0.842136 0.42529 0.133934 3.89488e-05
2.57073e+07 0.917586 0.285726 0.0328385 4.56944e-05
2.57073e+07 0.917586 0.285726 0.0328385 4.56944e-05
1.02005e+07 0.347649 0.739629 0 0.000115159
6.65786e+06 0 1 0 0.000176435
1.24441e+07 0.465467 0.582689 0 9.43968e-05
1.29891e+07 0.487957 0.566504 0.0363569 9.0436e-05
2.86586e+07 0.813117 0.387994 0.0328385 4.09888e-05
3.01596e+07 0.835607 0.416845 0.0917131 3.89488e-05
2.86586e+07 0.813117 0.387994 0.0328385 4.09888e-05
1.05638e+07 0.370139 0.695766 0.0225178 0.000111199
2.86586e+07 0.813117 0.387994 0.0328385 4.09888e-05
6.65786e+06 0 1 0 0.000176435
2.57073e+07 0.917586 0.285726 0.0328385 4.56944e-05
3.75364e+07 0.875943 0.506194 0.211086 3.12944e-05
2.61309e+07 0.940075 0.314577 0.0917131 4.49536e-05
2.86586e+07 0.819646 0.396439 0.0750593 4.09888e-05
1.02005e+07 0.347649 0.739629 0 0.000115159
2.57073e+07 0.917586 0.285726 0.0328385 4.56944e-05
2.86787e+07 0.957922 0.375075 0.152211 4.096e-05
2.86586e+07 0.813117 0.387994 0.0328385 4.09888e-05
3.01596e+07 0.835607 0.416845 0.0917131 3.89488e-05
2.86586e+07 0.813117 0.387994 0.0328385 4.09888e-05
2.86787e+07 0.957922 0.375075 0.152211 4.096e-05
3.01596e+07 0.835607 0.416845 0.0917131 3.89488e-05
1.21414e+07 0.452118 0.63736 0 9.67501e-05
2.86586e+07 0.813117 0.387994 0.0328385 4.09888e-05
2.86586e+07 0.813117 0.387994 0.0328385 4.09888e-05
2.57073e+07 0.917586 0.285726 0.0328385 4.56944e-05
2.57073e+07 0.917586 0.285726 0.0328385 4.56944e-05
3.01596e+07 0.835607 0.416845 0.0917131 3.89488e-05
1.29891e+07 0.487957 0.566504 0.0363569 9.0436e-05
2.86787e+07 0.957922 0.375075 0.152211 4.096e-05
1.63092e+07 0.592426 0.464236 0.0363569 7.20256e-05
3.01596e+07 0.835607 0.416845 0.0917131 3.89488e-05
1.03022e+07 0.354179 0.663631 0 0.000114022
1.24376e+07 0.465177 0.645804 0.0422209 9.44461e-05
2.86586e+07 0.813117 0.387994 0.0328385 4.09888e-05
3.75364e+07 0.875943 0.506194 0.211086 3.12944e-05
