1.79138e+07 0.470545 0.795612 0.0659254 7.91335e-05
1.79138e+07 0.470545 0.795612 0.0659254 7.91335e-05
1.52315e+07 0.377293 0.768578 0.0328577 9.3069e-05
2.61842e+07 0.63785 0.809353 0.0674787 5.41388e-05
1.30524e+07 0.273071 0.838057 0.0328577 0.000108606
2.14367e+07 0.557626 0.77996 0.0786503 6.61287e-05
2.85559e+07 0.66802 0.795612 0.100336 4.96423e-05
2.0824e+07 0.544598 0.774284 0.0502732 6.80743e-05
1.89437e+07 0.499172 0.856351 0.0516165 7.48313e-05
3.6741e+07 0.742073 0.774284 0.0846842 3.85831e-05
1.79138e+07 0.470545 0.795612 0.0659254 7.91335e-05
3.6741e+07 0.742073 0.774284 0.0846842 3.85831e-05
2.61842e+07 0.63785 0.809353 0.0674787 5.41388e-05
1.38467e+07 0.314725 0.862027 0.0455826 0.000102377
1.94494e+07 0.5122 0.862027 0.0799936 7.28857e-05
1.69506e+07 0.440376 0.809353 0.0330677 8.363e-05
2.61842e+07 0.63785 0.809353 0.0674787 5.41388e-05
3.6741e+07 0.742073 0.774284 0.0846842 3.85831e-05
2.0824e+07 0.544598 0.774284 0.0502732 6.80743e-05
3.6741e+07 0.742073 0.774284 0.0846842 3.85831e-05
3.6741e+07 0.742073 0.774284 0.0846842 3.85831e-05
1.69506e+07 0.440376 0.809353 0.0330677 8.363e-05
2.61842e+07 0.63785 0.809353 0.0674787 5.41388e-05
1.69506e+07 0.440376 0.809353 0.0330677 8.363e-05
1.56832e+07 0.39495 0.891419 0.034411 9.03887e-05
2.85559e+07 0.66802 0.795612 0.100336 4.96423e-05
1.79138e+07 0.470545 0.795612 0.0659254 7.91335e-05
1.56832e+07 0.39495 0.891419 0.034411 9.03887e-05
1.79138e+07 0.470545 0.795612 0.0659254 7.91335e-05
1.98493e+07 0.522378 0.720434 0.034411 7.1417e-05
1.25335e+07 0.242901 0.851798 0 0.000113103
3.6741e+07 0.742073 0.774284 0.0846842 3.85831e-05
1.69506e+07 0.440376 0.809353 0.0330677 8.363e-05
1.69506e+07 0.440376 0.809353 0.0330677 8.363e-05
2.34932e+07 0.596431 0.764822 0.0516165 6.03401e-05
2.61842e+07 0.63785 0.809353 0.0674787 5.41388e-05
1.25335e+07 0.242901 0.851798 0 0.000113103
2.61842e+07 0.63785 0.809353 0.0674787 5.41388e-05
2.0824e+07 0.544598 0.774284 0.0502732 6.80743e-05
2.66376e+07 0.644021 0.811503 0.10189 5.32172e-05
2.61842e+07 0.63785 0.809353 0.0674787 5.41388e-05
3.6741e+07 0.742073 0.774284 0.0846842 3.85831e-05
2.34932e+07 0.596431 0.764822 0.0516165 6.03401e-05
2.0824e+07 0.544598 0.774284 0.0502732 6.80743e-05
1.79138e+07 0.470545 0.795612 0.0659254 7.91335e-05
1.79138e+07 0.470545 0.795612 0.0659254 7.91335e-05
1.69506e+07 0.440376 0.809353 0.0330677 8.363e-05
1.35884e+07 0.301698 0.856351 0.0172055 0.000104322
2.0824e+07 0.544598 0.774284 0.0502732 6.80743e-05
1.69506e+07 0.440376 0.809353 0.0330677 8.363e-05
2.61842e+07 0.63785 0.809353 0.0674787 5.41388e-05
3.57601e+07 0.735109 0.717824 0.0674787 3.96413e-05
2.0824e+07 0.544598 0.774284 0.0502732 6.80743e-05
3.6741e+07 0.742073 0.774284 0.0846842 3.85831e-05
2.61842e+07 0.63785 0.809353 0.0674787 5.41388e-05
1.19181e+07 0.203646 0.933329 0.034411 0.000118944
1.25335e+07 0.242901 0.851798 0 0.000113103
1.57805e+07 0.398956 0.764822 0.0172055 8.98313e-05
1.79138e+07 0.470545 0.795612 0.0659254 7.91335e-05
3.6741e+07 0.742073 0.774284 0.0846842 3.85831e-05
2.0824e+07 0.544598 0.774284 0.0502732 6.80743e-05
1.86779e+07 0.492208 0.79989 0.034411 7.58961e-05
1.18265e+07 0.197475 0.931178 0 0.000119865
1.27882e+07 0.258179 0.765244 0.0425955 0.000110851
1.30524e+07 0.273071 0.838057 0.0328577 0.000108606
1.69506e+07 0.440376 0.809353 0.0330677 8.363e-05
1.79138e+07 0.470545 0.795612 0.0659254 7.91335e-05
2.61842e+07 0.63785 0.809353 0.0674787 5.41388e-05
1.98493e+07 0.522378 0.720434 0.034411 7.1417e-05
1.69506e+07 0.440376 0.809353 0.0330677 8.363e-05
1.57216e+07 0.396926 0.690476 0.107823 9.01678e-05
2.0824e+07 0.544598 0.774284 0.0502732 6.80743e-05
1.79138e+07 0.470545 0.795612 0.0659254 7.91335e-05
2.22968e+07 0.574768 0.760544 0.0831309 6.35778e-05
1.69506e+07 0.440376 0.809353 0.0330677 8.363e-05
1.55561e+07 0.390755 0.584046 0.0411515 9.11271e-05
3.6741e+07 0.742073 0.774284 0.0846842 3.85831e-05
2.0824e+07 0.544598 0.774284 0.0502732 6.80743e-05
1.69506e+07 0.440376 0.809353 0.0330677 8.363e-05
1.79138e+07 0.470545 0.795612 0.0659254 7.91335e-05
2.61842e+07 0.63785 0.809353 0.0674787 5.41388e-05
2.0824e+07 0.544598 0.774284 0.0502732 6.80743e-05
2.85559e+07 0.66802 0.795612 0.100336 4.96423e-05
2.34932e+07 0.596431 0.764822 0.0516165 6.03401e-05
2.61842e+07 0.63785 0.809353 0.0674787 5.41388e-05
1.69506e+07 0.440376 0.809353 0.0330677 8.363e-05
2.0824e+07 0.544598 0.774284 0.0502732 6.80743e-05
2.0824e+07 0.544598 0.774284 0.0502732 6.80743e-05
1.79138e+07 0.470545 0.795612 0.0659254 7.91335e-05
1.30524e+07 0.273071 0.838057 0.0328577 0.000108606
2.0824e+07 0.544598 0.774284 0.0502732 6.80743e-05
2.22904e+07 0.574768 0.699756 0.0328577 6.35961e-05
2.85559e+07 0.66802 0.795612 0.100336 4.96423e-05
1.56832e+07 0.39495 0.891419 0.034411 9.03887e-05
1.38467e+07 0.314725 0.862027 0.0455826 0.000102377
2.61842e+07 0.63785 0.809353 0.0674787 5.41388e-05
1.79138e+07 0.470545 0.795612 0.0659254 7.91335e-05
