2.43636e+07 0.680962 0.573256 0.0831324 5.64777e-05
4.68206e+07 0.857143 0.584706 0.114939 2.93888e-05
1.57065e+07 0.504781 0.590264 0.0326436 8.76073e-05
3.78521e+07 0.834541 0.558491 0.0619392 3.6352e-05
1.57065e+07 0.504781 0.590264 0.0326436 8.76073e-05
2.27515e+07 0.65836 0.54704 0.0301326 6.04795e-05
2.43636e+07 0.680962 0.573256 0.0831324 5.64777e-05
3.06303e+07 0.74645 0.526684 0.0708451 4.49229e-05
9.45102e+06 0.176181 0.882014 0 0.000145593
2.27515e+07 0.65836 0.54704 0.0301326 6.04795e-05
2.43636e+07 0.680962 0.573256 0.0831324 5.64777e-05
2.27515e+07 0.65836 0.54704 0.0301326 6.04795e-05
3.78521e+07 0.834541 0.558491 0.0619392 3.6352e-05
9.45102e+06 0.176181 0.882014 0 0.000145593
9.45102e+06 0.176181 0.882014 0 0.000145593
3.78521e+07 0.834541 0.558491 0.0619392 3.6352e-05
2.27515e+07 0.65836 0.54704 0.0301326 6.04795e-05
2.27515e+07 0.65836 0.54704 0.0301326 6.04795e-05
2.27515e+07 0.65836 0.54704 0.0301326 6.04795e-05
2.27515e+07 0.65836 0.54704 0.0301326 6.04795e-05
2.27515e+07 0.65836 0.54704 0.0301326 6.04795e-05
2.27515e+07 0.65836 0.54704 0.0301326 6.04795e-05
2.27515e+07 0.65836 0.54704 0.0301326 6.04795e-05
2.27515e+07 0.65836 0.54704 0.0301326 6.04795e-05
9.45102e+06 0.176181 0.882014 0 0.000145593
2.43636e+07 0.680962 0.573256 0.0831324 5.64777e-05
2.43636e+07 0.680962 0.573256 0.0831324 5.64777e-05
9.45102e+06 0.176181 0.882014 0 0.000145593
2.43636e+07 0.680962 0.573256 0.0831324 5.64777e-05
9.71704e+06 0.198783 0.842942 0.0203562 0.000141607
2.4098e+07 0.677485 0.553268 0.0887237 5.71003e-05
2.27515e+07 0.65836 0.54704 0.0301326 6.04795e-05
2.27515e+07 0.65836 0.54704 0.0301326 6.04795e-05
2.27515e+07 0.65836 0.54704 0.0301326 6.04795e-05
9.45102e+06 0.176181 0.882014 0 0.000145593
2.27515e+07 0.65836 0.54704 0.0301326 6.04795e-05
1.55956e+07 0.501304 0.541817 0.0569171 8.82299e-05
3.78521e+07 0.834541 0.558491 0.0619392 3.6352e-05
2.27515e+07 0.65836 0.54704 0.0301326 6.04795e-05
2.31171e+07 0.663866 0.46816 0.0301326 5.95231e-05
2.27515e+07 0.65836 0.54704 0.0301326 6.04795e-05
2.27515e+07 0.65836 0.54704 0.0301326 6.04795e-05
9.45102e+06 0.176181 0.882014 0 0.000145593
2.27515e+07 0.65836 0.54704 0.0301326 6.04795e-05
2.43636e+07 0.680962 0.573256 0.0831324 5.64777e-05
2.43636e+07 0.680962 0.573256 0.0831324 5.64777e-05
3.78521e+07 0.834541 0.558491 0.0619392 3.6352e-05
9.45102e+06 0.176181 0.882014 0 0.000145593
2.27515e+07 0.65836 0.54704 0.0301326 6.04795e-05
2.27515e+07 0.65836 0.54704 0.0301326 6.04795e-05
2.27515e+07 0.65836 0.54704 0.0301326 6.04795e-05
2.27515e+07 0.65836 0.54704 0.0301326 6.04795e-05
2.27515e+07 0.65836 0.54704 0.0301326 6.04795e-05
2.27515e+07 0.65836 0.54704 0.0301326 6.04795e-05
3.78521e+07 0.834541 0.558491 0.0619392 3.6352e-05
7.83002e+06 0.00550565 0.92112 0 0.000175734
1.5023e+07 0.482179 0.604761 0 9.15927e-05
9.45102e+06 0.176181 0.882014 0 0.000145593
2.43636e+07 0.680962 0.573256 0.0831324 5.64777e-05
2.27515e+07 0.65836 0.54704 0.0301326 6.04795e-05
2.27515e+07 0.65836 0.54704 0.0301326 6.04795e-05
9.45102e+06 0.176181 0.882014 0 0.000145593
9.45225e+06 0.176181 0.947837 0 0.000145574
1.5023e+07 0.482179 0.604761 0 9.15927e-05
1.58907e+07 0.510577 0.584907 0.0754989 8.65915e-05
2.27515e+07 0.65836 0.54704 0.0301326 6.04795e-05
2.48098e+07 0.686757 0.567899 0.125988 5.54619e-05
2.27515e+07 0.65836 0.54704 0.0301326 6.04795e-05
9.71704e+06 0.198783 0.842942 0.0203562 0.000141607
3.06303e+07 0.74645 0.526684 0.0708451 4.49229e-05
7.93125e+06 0.0182556 0.888309 0.0381679 0.000173491
3.06303e+07 0.74645 0.526684 0.0708451 4.49229e-05
2.43636e+07 0.680962 0.573256 0.0831324 5.64777e-05
2.43636e+07 0.680962 0.573256 0.0831324 5.64777e-05
2.27515e+07 0.65836 0.54704 0.0301326 6.04795e-05
9.59768e+06 0.188931 0.772867 0 0.000143368
2.27515e+07 0.65836 0.54704 0.0301326 6.04795e-05
2.27515e+07 0.65836 0.54704 0.0301326 6.04795e-05
3.06303e+07 0.74645 0.526684 0.0708451 4.49229e-05
4.68206e+07 0.857143 0.584706 0.114939 2.93888e-05
2.27515e+07 0.65836 0.54704 0.0301326 6.04795e-05
2.27515e+07 0.65836 0.54704 0.0301326 6.04795e-05
2.43636e+07 0.680962 0.573256 0.0831324 5.64777e-05
9.45102e+06 0.176181 0.882014 0 0.000145593
3.78521e+07 0.834541 0.558491 0.0619392 3.6352e-05
3.78521e+07 0.834541 0.558491 0.0619392 3.6352e-05
2.27515e+07 0.65836 0.54704 0.0301326 6.04795e-05
2.27515e+07 0.65836 0.54704 0.0301326 6.04795e-05
2.48098e+07 0.686757 0.567899 0.125988 5.54619e-05
2.43636e+07 0.680962 0.601714 0.0644502 5.64777e-05
2.27515e+07 0.65836 0.54704 0.0301326 6.04795e-05
1.57065e+07 0.504781 0.590264 0.0326436 8.76073e-05
2.43636e+07 0.680962 0.573256 0.0831324 5.64777e-05
9.45102e+06 0.176181 0.882014 0 0.000145593
9.45102e+06 0.176181 0.882014 0 0.000145593
2.27515e+07 0.65836 0.54704 0.0301326 6.04795e-05
2.43636e+07 0.680962 0.573256 0.0831324 5.64777e-05
