1.97783e+07 0.474968 0.494667 0.09738 6.58464e-05
1.97783e+07 0.474968 0.494667 0.09738 6.58464e-05
1.65311e+07 0.371775 0.459789 0.051671 7.87807e-05
2.8654e+07 0.637548 0.686794 0.115664 4.54502e-05
1.38558e+07 0.250192 0.604766 0.051671 9.39918e-05
2.30577e+07 0.549553 0.623596 0.13981 5.64813e-05
3.4557e+07 0.699745 0.494667 0.167335 3.76864e-05
2.23058e+07 0.534355 0.611772 0.0806863 5.83853e-05
2.42234e+07 0.571137 0.723461 0.104932 5.37632e-05
4.30874e+07 0.759132 0.611772 0.150641 3.02253e-05
1.97783e+07 0.474968 0.494667 0.09738 6.58464e-05
4.30874e+07 0.759132 0.611772 0.150641 3.02253e-05
2.8654e+07 0.637548 0.686794 0.115664 4.54502e-05
1.62752e+07 0.361558 0.735285 0.0941009 8.00192e-05
2.51128e+07 0.586335 0.735285 0.164056 5.18592e-05
1.76922e+07 0.412771 0.686794 0.045709 7.36102e-05
5.21259e+07 0.801022 0.61048 0.115664 2.49843e-05
4.30874e+07 0.759132 0.611772 0.150641 3.02253e-05
3.43447e+07 0.697829 0.535458 0.0806863 3.79194e-05
4.30874e+07 0.759132 0.611772 0.150641 3.02253e-05
4.30874e+07 0.759132 0.611772 0.150641 3.02253e-05
2.45055e+07 0.576245 0.61048 0.045709 5.31443e-05
5.21259e+07 0.801022 0.61048 0.115664 2.49843e-05
2.45055e+07 0.576245 0.61048 0.045709 5.31443e-05
1.88776e+07 0.449553 0.798483 0.0699546 6.89882e-05
3.4557e+07 0.699745 0.494667 0.167335 3.76864e-05
1.97783e+07 0.474968 0.494667 0.09738 6.58464e-05
1.88776e+07 0.449553 0.798483 0.0699546 6.89882e-05
1.97783e+07 0.474968 0.494667 0.09738 6.58464e-05
2.12666e+07 0.51175 0.503014 0.0699546 6.12384e-05
1.60225e+07 0.351469 0.720579 0 8.12811e-05
4.30874e+07 0.759132 0.611772 0.150641 3.02253e-05
1.76922e+07 0.412771 0.686794 0.045709 7.36102e-05
2.45055e+07 0.576245 0.61048 0.045709 5.31443e-05
2.42234e+07 0.571137 0.723461 0.104932 5.37632e-05
2.8654e+07 0.637548 0.686794 0.115664 4.54502e-05
1.27993e+07 0.187995 0.796893 0 0.00010175
2.8654e+07 0.637548 0.686794 0.115664 4.54502e-05
3.43447e+07 0.697829 0.535458 0.0806863 3.79194e-05
2.8654e+07 0.637548 0.686794 0.115664 4.54502e-05
2.8654e+07 0.637548 0.686794 0.115664 4.54502e-05
4.30874e+07 0.759132 0.611772 0.150641 3.02253e-05
2.42234e+07 0.571137 0.723461 0.104932 5.37632e-05
2.23058e+07 0.534355 0.611772 0.0806863 5.83853e-05
1.97783e+07 0.474968 0.494667 0.09738 6.58464e-05
1.97783e+07 0.474968 0.494667 0.09738 6.58464e-05
1.76922e+07 0.412771 0.686794 0.045709 7.36102e-05
2.11908e+07 0.509834 0.647146 0.0349773 6.14573e-05
3.43447e+07 0.697829 0.535458 0.0806863 3.79194e-05
1.76922e+07 0.412771 0.686794 0.045709 7.36102e-05
2.8654e+07 0.637548 0.686794 0.115664 4.54502e-05
2.8654e+07 0.637548 0.686794 0.115664 4.54502e-05
2.23058e+07 0.534355 0.611772 0.0806863 5.83853e-05
4.30874e+07 0.759132 0.611772 0.150641 3.02253e-05
2.8654e+07 0.637548 0.686794 0.115664 4.54502e-05
1.34075e+07 0.224777 0.860091 0 9.71341e-05
1.27993e+07 0.187995 0.796893 0 0.00010175
2.11908e+07 0.509834 0.647146 0.0349773 6.14573e-05
1.97783e+07 0.474968 0.494667 0.09738 6.58464e-05
4.30874e+07 0.759132 0.611772 0.150641 3.02253e-05
3.43447e+07 0.697829 0.535458 0.0806863 3.79194e-05
1.88776e+07 0.449553 0.798483 0.0699546 6.89882e-05
1.34075e+07 0.224777 0.860091 0 9.71341e-05
1.27993e+07 0.187995 0.796893 0 0.00010175
1.77159e+07 0.413665 0.579328 0.0771091 7.35118e-05
1.76922e+07 0.412771 0.686794 0.045709 7.36102e-05
1.97783e+07 0.474968 0.494667 0.09738 6.58464e-05
5.21259e+07 0.801022 0.61048 0.115664 2.49843e-05
2.12666e+07 0.51175 0.503014 0.0699546 6.12384e-05
1.76922e+07 0.412771 0.686794 0.045709 7.36102e-05
1.34075e+07 0.224777 0.860091 0 9.71341e-05
2.23058e+07 0.534355 0.611772 0.0806863 5.83853e-05
1.97783e+07 0.474968 0.494667 0.09738 6.58464e-05
2.57268e+07 0.596552 0.419645 0.132357 5.06214e-05
1.76922e+07 0.412771 0.686794 0.045709 7.36102e-05
1.34056e+07 0.224777 0.798483 0 9.71482e-05
4.30874e+07 0.759132 0.611772 0.150641 3.02253e-05
2.23058e+07 0.534355 0.611772 0.0806863 5.83853e-05
2.45055e+07 0.576245 0.61048 0.045709 5.31443e-05
1.97783e+07 0.474968 0.494667 0.09738 6.58464e-05
2.8654e+07 0.637548 0.686794 0.115664 4.54502e-05
2.23058e+07 0.534355 0.611772 0.0806863 5.83853e-05
3.4557e+07 0.699745 0.494667 0.167335 3.76864e-05
2.42234e+07 0.571137 0.723461 0.104932 5.37632e-05
2.8654e+07 0.637548 0.686794 0.115664 4.54502e-05
2.45055e+07 0.576245 0.61048 0.045709 5.31443e-05
2.23058e+07 0.534355 0.611772 0.0806863 5.83853e-05
3.43447e+07 0.697829 0.535458 0.0806863 3.79194e-05
1.97783e+07 0.474968 0.494667 0.09738 6.58464e-05
1.38558e+07 0.250192 0.604766 0.051671 9.39918e-05
2.23058e+07 0.534355 0.611772 0.0806863 5.83853e-05
2.57197e+07 0.596552 0.31988 0.051671 5.06355e-05
3.4557e+07 0.699745 0.494667 0.167335 3.76864e-05
1.88776e+07 0.449553 0.798483 0.0699546 6.89882e-05
1.62752e+07 0.361558 0.735285 0.0941009 8.00192e-05
2.8654e+07 0.637548 0.686794 0.115664 4.54502e-05
1.97783e+07 0.474968 0.494667 0.09738 6.58464e-05
