1.73348e+07 0.630102 0.641065 0.080637 6.60877e-05
1.57932e+07 0.593937 0.641885 0.0209063 7.25389e-05
9.90033e+06 0.351693 0.729385 0 0.000115715
2.66128e+07 0.75926 0.641885 0.0565313 4.30477e-05
8.7278e+06 0.26444 0.801315 0 0.000131261
2.01051e+07 0.681191 0.60558 0.0387188 5.69815e-05
2.66128e+07 0.75926 0.641885 0.0565313 4.30477e-05
2.01051e+07 0.681191 0.60558 0.0387188 5.69815e-05
1.53531e+07 0.582074 0.762452 0.0534376 7.46183e-05
3.54491e+07 0.846514 0.60558 0.0743439 3.23173e-05
1.73348e+07 0.630102 0.641065 0.080637 6.60877e-05
3.54491e+07 0.846514 0.60558 0.0743439 3.23173e-05
2.66128e+07 0.75926 0.641885 0.0565313 4.30477e-05
1.1004e+07 0.416751 0.762452 0.0178125 0.000104109
1.53531e+07 0.582074 0.762452 0.0534376 7.46183e-05
1.73348e+07 0.630102 0.641065 0.080637 6.60877e-05
2.66128e+07 0.75926 0.641885 0.0565313 4.30477e-05
3.54491e+07 0.846514 0.60558 0.0743439 3.23173e-05
2.01051e+07 0.681191 0.60558 0.0387188 5.69815e-05
3.54491e+07 0.846514 0.60558 0.0743439 3.23173e-05
3.54491e+07 0.846514 0.60558 0.0743439 3.23173e-05
1.73348e+07 0.630102 0.641065 0.080637 6.60877e-05
2.66128e+07 0.75926 0.641885 0.0565313 4.30477e-05
1.73348e+07 0.630102 0.641065 0.080637 6.60877e-05
1.36832e+07 0.530985 0.797938 0.0953558 8.37245e-05
2.66128e+07 0.75926 0.641885 0.0565313 4.30477e-05
1.73348e+07 0.630102 0.641065 0.080637 6.60877e-05
1.28407e+07 0.500274 0.772039 0.0712501 8.92176e-05
1.73348e+07 0.630102 0.641065 0.080637 6.60877e-05
1.27043e+07 0.49482 0.798757 0.0356251 9.01757e-05
8.83514e+06 0.273415 0.771177 0.0236122 0.000129666
3.54491e+07 0.846514 0.60558 0.0743439 3.23173e-05
2.11466e+07 0.696881 0.651995 0.134294 5.41752e-05
1.57932e+07 0.593937 0.641885 0.0209063 7.25389e-05
1.53531e+07 0.582074 0.762452 0.0534376 7.46183e-05
3.13041e+07 0.795425 0.641065 0.116262 3.65965e-05
9.29462e+06 0.309579 0.650896 0.0236122 0.000123256
2.66128e+07 0.75926 0.641885 0.0565313 4.30477e-05
2.01051e+07 0.681191 0.60558 0.0387188 5.69815e-05
2.66128e+07 0.75926 0.641885 0.0565313 4.30477e-05
2.66128e+07 0.75926 0.641885 0.0565313 4.30477e-05
3.54491e+07 0.846514 0.60558 0.0743439 3.23173e-05
1.53531e+07 0.582074 0.762452 0.0534376 7.46183e-05
2.01051e+07 0.681191 0.60558 0.0387188 5.69815e-05
1.73348e+07 0.630102 0.641065 0.080637 6.60877e-05
1.73348e+07 0.630102 0.641065 0.080637 6.60877e-05
1.73348e+07 0.630102 0.641065 0.080637 6.60877e-05
1.17327e+07 0.452916 0.820389 0.106922 9.76435e-05
2.01051e+07 0.681191 0.60558 0.0387188 5.69815e-05
1.88918e+07 0.660717 0.59047 0.043391 6.06412e-05
2.66128e+07 0.75926 0.641885 0.0565313 4.30477e-05
2.66128e+07 0.75926 0.641885 0.0565313 4.30477e-05
2.26786e+07 0.717355 0.663517 0.127828 5.05155e-05
3.54491e+07 0.846514 0.60558 0.0743439 3.23173e-05
2.66128e+07 0.75926 0.641885 0.0565313 4.30477e-05
7.69342e+06 0.165323 0.92875 0 0.000148909
8.7278e+06 0.26444 0.801315 0 0.000131261
1.1004e+07 0.416751 0.762452 0.0178125 0.000104109
1.57932e+07 0.593937 0.641885 0.0209063 7.25389e-05
3.54491e+07 0.846514 0.60558 0.0743439 3.23173e-05
2.01051e+07 0.681191 0.60558 0.0387188 5.69815e-05
1.27043e+07 0.49482 0.798757 0.0356251 9.01757e-05
7.74324e+06 0.170776 0.902031 0.0356251 0.000147951
9.5976e+06 0.331219 0.749901 0.0224847 0.000119365
8.77719e+06 0.268613 0.797717 0.0287804 0.000130522
1.57932e+07 0.593937 0.641885 0.0209063 7.25389e-05
1.59553e+07 0.598111 0.638287 0.0496866 7.18018e-05
2.66128e+07 0.75926 0.641885 0.0565313 4.30477e-05
1.27043e+07 0.49482 0.798757 0.0356251 9.01757e-05
1.57932e+07 0.593937 0.641885 0.0209063 7.25389e-05
7.99699e+06 0.197263 0.798885 0 0.000143256
2.01051e+07 0.681191 0.60558 0.0387188 5.69815e-05
1.73348e+07 0.630102 0.641065 0.080637 6.60877e-05
2.01051e+07 0.681191 0.60558 0.0387188 5.69815e-05
1.57932e+07 0.593937 0.641885 0.0209063 7.25389e-05
1.00474e+07 0.361437 0.668893 0 0.000114021
3.54491e+07 0.846514 0.60558 0.0743439 3.23173e-05
2.26786e+07 0.717355 0.663517 0.127828 5.05155e-05
1.57932e+07 0.593937 0.641885 0.0209063 7.25389e-05
1.57932e+07 0.593937 0.641885 0.0209063 7.25389e-05
2.66128e+07 0.75926 0.641885 0.0565313 4.30477e-05
2.26786e+07 0.717355 0.663517 0.127828 5.05155e-05
2.66128e+07 0.75926 0.641885 0.0565313 4.30477e-05
1.53531e+07 0.582074 0.762452 0.0534376 7.46183e-05
2.66128e+07 0.75926 0.641885 0.0565313 4.30477e-05
1.57932e+07 0.593937 0.641885 0.0209063 7.25389e-05
2.01051e+07 0.681191 0.60558 0.0387188 5.69815e-05
2.01051e+07 0.681191 0.60558 0.0387188 5.69815e-05
1.59553e+07 0.598111 0.638287 0.0496866 7.18018e-05
8.7278e+06 0.26444 0.801315 0 0.000131261
2.26786e+07 0.717355 0.663517 0.127828 5.05155e-05
1.32821e+07 0.517016 0.658135 0 8.62531e-05
2.66128e+07 0.75926 0.641885 0.0565313 4.30477e-05
1.28407e+07 0.500274 0.772039 0.0712501 8.92176e-05
1.1004e+07 0.416751 0.762452 0.0178125 0.000104109
2.66128e+07 0.75926 0.641885 0.0565313 4.30477e-05
1.73348e+07 0.630102 0.641065 0.080637 6.60877e-05
