1.7253e+07 0.356755 0.705424 0.0251261 6.74752e-05
1.7253e+07 0.356755 0.705424 0.0251261 6.74752e-05
1.20084e+07 0.0753677 0.796286 0 9.6945e-05
2.53885e+07 0.562775 0.858886 0.0502521 4.58535e-05
1.20084e+07 0.0753677 0.796286 0 9.6945e-05
1.60986e+07 0.31059 0.741544 0 7.23136e-05
3.06485e+07 0.638143 0.705424 0.0753782 3.7984e-05
1.5451e+07 0.281387 0.858886 0 7.53447e-05
2.53885e+07 0.562775 0.858886 0.0502521 4.58535e-05
2.53885e+07 0.562775 0.858886 0.0502521 4.58535e-05
1.7253e+07 0.356755 0.705424 0.0251261 6.74752e-05
2.53885e+07 0.562775 0.858886 0.0502521 4.58535e-05
2.53885e+07 0.562775 0.858886 0.0502521 4.58535e-05
1.75021e+07 0.365847 0.760907 0.0891578 6.65149e-05
2.71856e+07 0.591977 0.741544 0.0502521 4.28224e-05
1.5451e+07 0.281387 0.858886 0 7.53447e-05
2.53885e+07 0.562775 0.858886 0.0502521 4.58535e-05
2.53885e+07 0.562775 0.858886 0.0502521 4.58535e-05
1.5451e+07 0.281387 0.858886 0 7.53447e-05
2.53885e+07 0.562775 0.858886 0.0502521 4.58535e-05
2.53885e+07 0.562775 0.858886 0.0502521 4.58535e-05
1.5451e+07 0.281387 0.858886 0 7.53447e-05
2.53885e+07 0.562775 0.858886 0.0502521 4.58535e-05
1.5451e+07 0.281387 0.858886 0 7.53447e-05
2.53885e+07 0.562775 0.858886 0.0502521 4.58535e-05
3.06485e+07 0.638143 0.705424 0.0753782 3.7984e-05
1.7253e+07 0.356755 0.705424 0.0251261 6.74752e-05
6.03534e+07 0.818271 0.750988 0.127026 1.92889e-05
1.7253e+07 0.356755 0.705424 0.0251261 6.74752e-05
3.06485e+07 0.638143 0.705424 0.0753782 3.7984e-05
1.11076e+07 0 1 0 0.000104806
2.53885e+07 0.562775 0.858886 0.0502521 4.58535e-05
1.5451e+07 0.281387 0.858886 0 7.53447e-05
1.5451e+07 0.281387 0.858886 0 7.53447e-05
2.53885e+07 0.562775 0.858886 0.0502521 4.58535e-05
2.53885e+07 0.562775 0.858886 0.0502521 4.58535e-05
1.4732e+07 0.246214 0.876747 0 7.90221e-05
2.53885e+07 0.562775 0.858886 0.0502521 4.58535e-05
1.5451e+07 0.281387 0.858886 0 7.53447e-05
2.53885e+07 0.562775 0.858886 0.0502521 4.58535e-05
5.79808e+07 0.808989 0.735634 0.0502521 2.00782e-05
2.53885e+07 0.562775 0.858886 0.0502521 4.58535e-05
2.53885e+07 0.562775 0.858886 0.0502521 4.58535e-05
1.5451e+07 0.281387 0.858886 0 7.53447e-05
1.7253e+07 0.356755 0.705424 0.0251261 6.74752e-05
1.7253e+07 0.356755 0.705424 0.0251261 6.74752e-05
1.5451e+07 0.281387 0.858886 0 7.53447e-05
1.5451e+07 0.281387 0.858886 0 7.53447e-05
1.5451e+07 0.281387 0.858886 0 7.53447e-05
1.5451e+07 0.281387 0.858886 0 7.53447e-05
2.53885e+07 0.562775 0.858886 0.0502521 4.58535e-05
2.53885e+07 0.562775 0.858886 0.0502521 4.58535e-05
1.5451e+07 0.281387 0.858886 0 7.53447e-05
2.53885e+07 0.562775 0.858886 0.0502521 4.58535e-05
2.53885e+07 0.562775 0.858886 0.0502521 4.58535e-05
1.5454e+07 0.281387 0.899496 0 7.53299e-05
1.11076e+07 0 1 0 0.000104806
1.5451e+07 0.281387 0.858886 0 7.53447e-05
1.7253e+07 0.356755 0.705424 0.0251261 6.74752e-05
2.53885e+07 0.562775 0.858886 0.0502521 4.58535e-05
1.5451e+07 0.281387 0.858886 0 7.53447e-05
2.53885e+07 0.562775 0.858886 0.0502521 4.58535e-05
1.56531e+07 0.290669 0.861807 0.0502521 7.43719e-05
1.11076e+07 0 1 0 0.000104806
1.21065e+07 0.0830619 0.702848 0 9.6159e-05
1.5451e+07 0.281387 0.858886 0 7.53447e-05
1.74559e+07 0.364449 0.611987 0.0251261 6.66909e-05
2.53885e+07 0.562775 0.858886 0.0502521 4.58535e-05
3.06485e+07 0.638143 0.705424 0.0753782 3.7984e-05
1.5451e+07 0.281387 0.858886 0 7.53447e-05
1.57609e+07 0.295595 0.804553 0 7.3863e-05
1.5451e+07 0.281387 0.858886 0 7.53447e-05
1.7253e+07 0.356755 0.705424 0.0251261 6.74752e-05
1.7253e+07 0.356755 0.705424 0.0251261 6.74752e-05
1.5451e+07 0.281387 0.858886 0 7.53447e-05
1.57578e+07 0.295595 0.763944 0 7.38777e-05
2.53885e+07 0.562775 0.858886 0.0502521 4.58535e-05
1.5451e+07 0.281387 0.858886 0 7.53447e-05
1.5451e+07 0.281387 0.858886 0 7.53447e-05
1.7253e+07 0.356755 0.705424 0.0251261 6.74752e-05
2.53885e+07 0.562775 0.858886 0.0502521 4.58535e-05
1.5451e+07 0.281387 0.858886 0 7.53447e-05
3.06485e+07 0.638143 0.705424 0.0753782 3.7984e-05
2.53885e+07 0.562775 0.858886 0.0502521 4.58535e-05
2.53885e+07 0.562775 0.858886 0.0502521 4.58535e-05
1.5451e+07 0.281387 0.858886 0 7.53447e-05
1.5451e+07 0.281387 0.858886 0 7.53447e-05
1.5451e+07 0.281387 0.858886 0 7.53447e-05
1.74559e+07 0.364449 0.611987 0.0251261 6.66909e-05
1.20084e+07 0.0753677 0.796286 0 9.6945e-05
1.5451e+07 0.281387 0.858886 0 7.53447e-05
1.7253e+07 0.356755 0.695782 0 6.74752e-05
3.06485e+07 0.638143 0.705424 0.0753782 3.7984e-05
2.59303e+07 0.572057 0.821197 0.100504 4.48954e-05
1.60986e+07 0.31059 0.741544 0 7.23136e-05
2.53885e+07 0.562775 0.858886 0.0502521 4.58535e-05
1.7253e+07 0.356755 0.705424 0.0251261 6.74752e-05
