3.15893e+07 0.846051 0.601246 0.241676 3.1616e-05
2.36125e+07 0.770372 0.580359 0.114866 4.22966e-05
9.88313e+06 0.450377 0.664503 0.056854 0.000101054
1.99423e+07 0.728073 0.537053 0.0236033 5.00809e-05
1.12005e+07 0.515045 0.691928 0.108257 8.91684e-05
1.99423e+07 0.728073 0.537053 0.0236033 5.00809e-05
2.36125e+07 0.770372 0.580359 0.114866 4.22966e-05
1.99423e+07 0.728073 0.537053 0.0236033 5.00809e-05
7.99212e+06 0.319995 0.799833 0 0.000124964
1.99423e+07 0.728073 0.537053 0.0236033 5.00809e-05
3.15893e+07 0.846051 0.601246 0.241676 3.1616e-05
1.99423e+07 0.728073 0.537053 0.0236033 5.00809e-05
1.99423e+07 0.728073 0.537053 0.0236033 5.00809e-05
7.99212e+06 0.319995 0.799833 0 0.000124964
7.99212e+06 0.319995 0.799833 0 0.000124964
2.58448e+07 0.803752 0.55794 0.150413 3.86432e-05
1.99423e+07 0.728073 0.537053 0.0236033 5.00809e-05
1.99423e+07 0.728073 0.537053 0.0236033 5.00809e-05
1.99423e+07 0.728073 0.537053 0.0236033 5.00809e-05
1.99423e+07 0.728073 0.537053 0.0236033 5.00809e-05
1.99423e+07 0.728073 0.537053 0.0236033 5.00809e-05
2.58448e+07 0.803752 0.55794 0.150413 3.86432e-05
1.99423e+07 0.728073 0.537053 0.0236033 5.00809e-05
2.58448e+07 0.803752 0.55794 0.150413 3.86432e-05
8.99123e+06 0.395674 0.7555 0.0941998 0.000111078
2.36125e+07 0.770372 0.580359 0.114866 4.22966e-05
3.15893e+07 0.846051 0.601246 0.241676 3.1616e-05
7.99212e+06 0.319995 0.799833 0 0.000124964
3.15893e+07 0.846051 0.601246 0.241676 3.1616e-05
8.5209e+06 0.362294 0.729431 0.0344084 0.000117209
9.45785e+06 0.425638 0.62887 0.0449587 0.000105598
1.99423e+07 0.728073 0.537053 0.0236033 5.00809e-05
2.49682e+07 0.871253 0.525624 0.182903 4e-05
1.99423e+07 0.728073 0.537053 0.0236033 5.00809e-05
7.99212e+06 0.319995 0.799833 0 0.000124964
2.58448e+07 0.803752 0.55794 0.150413 3.86432e-05
1.08874e+07 0.501317 0.51231 0.103045 9.17321e-05
1.99423e+07 0.728073 0.537053 0.0236033 5.00809e-05
1.99423e+07 0.728073 0.537053 0.0236033 5.00809e-05
1.99423e+07 0.728073 0.537053 0.0236033 5.00809e-05
1.99423e+07 0.728073 0.537053 0.0236033 5.00809e-05
1.99423e+07 0.728073 0.537053 0.0236033 5.00809e-05
7.99212e+06 0.319995 0.799833 0 0.000124964
1.99423e+07 0.728073 0.537053 0.0236033 5.00809e-05
3.15893e+07 0.846051 0.601246 0.241676 3.1616e-05
3.15893e+07 0.846051 0.601246 0.241676 3.1616e-05
2.58448e+07 0.803752 0.55794 0.150413 3.86432e-05
8.99123e+06 0.395674 0.7555 0.0941998 0.000111078
1.99423e+07 0.728073 0.537053 0.0236033 5.00809e-05
2.28881e+07 0.795575 0.439756 0.0236033 4.36352e-05
1.99423e+07 0.728073 0.537053 0.0236033 5.00809e-05
1.99423e+07 0.728073 0.537053 0.0236033 5.00809e-05
2.58448e+07 0.803752 0.55794 0.150413 3.86432e-05
1.99423e+07 0.728073 0.537053 0.0236033 5.00809e-05
1.99423e+07 0.728073 0.537053 0.0236033 5.00809e-05
5.43724e+06 0 1 0 0.000183683
9.17868e+06 0.408078 0.690013 0 0.000108809
7.99212e+06 0.319995 0.799833 0 0.000124964
2.36125e+07 0.770372 0.580359 0.114866 4.22966e-05
1.99423e+07 0.728073 0.537053 0.0236033 5.00809e-05
1.99423e+07 0.728073 0.537053 0.0236033 5.00809e-05
7.99212e+06 0.319995 0.799833 0 0.000124964
5.43724e+06 0 1 0 0.000183683
1.03561e+07 0.47558 0.592717 0 9.64383e-05
9.95743e+06 0.454596 0.602807 0.056854 0.0001003
2.6148e+07 0.792741 0.564477 0.0750061 3.81952e-05
2.40403e+07 0.774591 0.518663 0.114866 4.15438e-05
1.99423e+07 0.728073 0.537053 0.0236033 5.00809e-05
8.5209e+06 0.362294 0.729431 0.0344084 0.000117209
1.99423e+07 0.728073 0.537053 0.0236033 5.00809e-05
5.43724e+06 0 1 0 0.000183683
1.99423e+07 0.728073 0.537053 0.0236033 5.00809e-05
3.15893e+07 0.846051 0.601246 0.241676 3.1616e-05
2.36125e+07 0.770372 0.580359 0.114866 4.22966e-05
2.6148e+07 0.792741 0.564477 0.0750061 3.81952e-05
7.99212e+06 0.319995 0.799833 0 0.000124964
1.99423e+07 0.728073 0.537053 0.0236033 5.00809e-05
2.58448e+07 0.803752 0.55794 0.150413 3.86432e-05
1.99423e+07 0.728073 0.537053 0.0236033 5.00809e-05
2.36125e+07 0.770372 0.580359 0.114866 4.22966e-05
1.99423e+07 0.728073 0.537053 0.0236033 5.00809e-05
2.58448e+07 0.803752 0.55794 0.150413 3.86432e-05
2.36125e+07 0.770372 0.580359 0.114866 4.22966e-05
7.99212e+06 0.319995 0.799833 0 0.000124964
1.99423e+07 0.728073 0.537053 0.0236033 5.00809e-05
1.99423e+07 0.728073 0.537053 0.0236033 5.00809e-05
1.99423e+07 0.728073 0.537053 0.0236033 5.00809e-05
1.99423e+07 0.728073 0.537053 0.0236033 5.00809e-05
2.40403e+07 0.774591 0.518663 0.114866 4.15438e-05
9.88313e+06 0.450377 0.664503 0.056854 0.000101054
2.58448e+07 0.803752 0.55794 0.150413 3.86432e-05
9.88313e+06 0.450377 0.664503 0.056854 0.000101054
2.36125e+07 0.770372 0.580359 0.114866 4.22966e-05
7.99212e+06 0.319995 0.799833 0 0.000124964
7.99212e+06 0.319995 0.799833 0 0.000124964
1.99423e+07 0.728073 0.537053 0.0236033 5.00809e-05
3.15893e+07 0.846051 0.601246 0.241676 3.1616e-05
