1.99979e+07 0.494842 0.752569 0.07496 6.10119e-05
1.80243e+07 0.439358 0.805228 0.0397041 6.76926e-05
1.30366e+07 0.224851 0.740535 0 9.3591e-05
1.70782e+07 0.408222 0.844286 0.0220762 7.14426e-05
1.28397e+07 0.212757 0.827189 0 9.50267e-05
1.70782e+07 0.408222 0.844286 0.0220762 7.14426e-05
1.80243e+07 0.439358 0.805228 0.0397041 6.76926e-05
1.70782e+07 0.408222 0.844286 0.0220762 7.14426e-05
1.30713e+07 0.226601 0.898631 0 9.33425e-05
1.70782e+07 0.408222 0.844286 0.0220762 7.14426e-05
1.99979e+07 0.494842 0.752569 0.07496 6.10119e-05
1.70782e+07 0.408222 0.844286 0.0220762 7.14426e-05
1.70782e+07 0.408222 0.844286 0.0220762 7.14426e-05
1.30713e+07 0.226601 0.898631 0 9.33425e-05
1.30713e+07 0.226601 0.898631 0 9.33425e-05
1.88399e+07 0.463705 0.791627 0.0573321 6.47619e-05
5.0392e+07 0.799894 0.752879 0.0220762 2.42124e-05
1.70782e+07 0.408222 0.844286 0.0220762 7.14426e-05
5.0392e+07 0.799894 0.752879 0.0220762 2.42124e-05
1.70782e+07 0.408222 0.844286 0.0220762 7.14426e-05
1.70782e+07 0.408222 0.844286 0.0220762 7.14426e-05
5.95757e+07 0.855377 0.769279 0.0918617 2.048e-05
5.0392e+07 0.799894 0.752879 0.0220762 2.42124e-05
5.95757e+07 0.855377 0.769279 0.0918617 2.048e-05
1.4079e+07 0.282085 0.845972 0.0352559 8.66618e-05
1.80243e+07 0.439358 0.805228 0.0397041 6.76926e-05
1.99979e+07 0.494842 0.752569 0.07496 6.10119e-05
1.30713e+07 0.226601 0.898631 0 9.33425e-05
1.99979e+07 0.494842 0.752569 0.07496 6.10119e-05
1.36184e+07 0.257738 0.859573 0.0176279 8.95926e-05
2.44499e+07 0.587018 0.724679 0 4.99024e-05
1.70782e+07 0.408222 0.844286 0.0220762 7.14426e-05
1.88399e+07 0.463705 0.791627 0.0573321 6.47619e-05
5.0392e+07 0.799894 0.752879 0.0220762 2.42124e-05
1.30713e+07 0.226601 0.898631 0 9.33425e-05
1.88399e+07 0.463705 0.791627 0.0573321 6.47619e-05
1.34888e+07 0.250829 0.746869 0.0269763 9.04535e-05
1.70782e+07 0.408222 0.844286 0.0220762 7.14426e-05
5.0392e+07 0.799894 0.752879 0.0220762 2.42124e-05
1.70782e+07 0.408222 0.844286 0.0220762 7.14426e-05
1.70782e+07 0.408222 0.844286 0.0220762 7.14426e-05
1.70782e+07 0.408222 0.844286 0.0220762 7.14426e-05
1.30713e+07 0.226601 0.898631 0 9.33425e-05
1.72544e+07 0.414269 0.848991 0.0455966 7.0713e-05
1.99979e+07 0.494842 0.752569 0.07496 6.10119e-05
1.99979e+07 0.494842 0.752569 0.07496 6.10119e-05
1.88399e+07 0.463705 0.791627 0.0573321 6.47619e-05
3.09532e+07 0.673757 0.823624 0.0697855 3.94179e-05
5.0392e+07 0.799894 0.752879 0.0220762 2.42124e-05
1.70782e+07 0.408222 0.844286 0.0220762 7.14426e-05
1.70782e+07 0.408222 0.844286 0.0220762 7.14426e-05
1.70782e+07 0.408222 0.844286 0.0220762 7.14426e-05
1.88399e+07 0.463705 0.791627 0.0573321 6.47619e-05
1.70782e+07 0.408222 0.844286 0.0220762 7.14426e-05
1.70782e+07 0.408222 0.844286 0.0220762 7.14426e-05
1.01123e+07 0 1 0 0.000120656
1.26323e+07 0.199761 0.857186 0.0423368 9.65864e-05
2.64595e+07 0.618273 0.807223 0 4.61123e-05
1.82206e+07 0.445405 0.809932 0.0632246 6.6963e-05
1.70782e+07 0.408222 0.844286 0.0220762 7.14426e-05
5.0392e+07 0.799894 0.752879 0.0220762 2.42124e-05
1.31586e+07 0.231906 0.845813 0 9.2723e-05
1.01123e+07 0 1 0 0.000120656
1.23539e+07 0.18162 0.901503 0 9.87629e-05
2.55244e+07 0.604429 0.735781 0 4.78016e-05
1.70782e+07 0.408222 0.844286 0.0220762 7.14426e-05
1.80243e+07 0.439358 0.805228 0.0397041 6.76926e-05
5.0392e+07 0.799894 0.752879 0.0220762 2.42124e-05
1.36184e+07 0.257738 0.859573 0.0176279 8.95926e-05
1.72276e+07 0.413526 0.791469 0.0220762 7.08231e-05
1.09423e+07 0.0763161 0.817954 0 0.000111504
1.70782e+07 0.408222 0.844286 0.0220762 7.14426e-05
1.99979e+07 0.494842 0.752569 0.07496 6.10119e-05
1.80243e+07 0.439358 0.805228 0.0397041 6.76926e-05
1.72544e+07 0.414269 0.848991 0.0455966 7.0713e-05
1.44905e+07 0.302917 0.716585 0 8.42006e-05
1.70782e+07 0.408222 0.844286 0.0220762 7.14426e-05
1.88399e+07 0.463705 0.791627 0.0573321 6.47619e-05
5.0392e+07 0.799894 0.752879 0.0220762 2.42124e-05
1.80243e+07 0.439358 0.805228 0.0397041 6.76926e-05
1.70782e+07 0.408222 0.844286 0.0220762 7.14426e-05
1.88399e+07 0.463705 0.791627 0.0573321 6.47619e-05
1.80243e+07 0.439358 0.805228 0.0397041 6.76926e-05
1.30713e+07 0.226601 0.898631 0 9.33425e-05
1.70782e+07 0.408222 0.844286 0.0220762 7.14426e-05
5.0392e+07 0.799894 0.752879 0.0220762 2.42124e-05
1.70782e+07 0.408222 0.844286 0.0220762 7.14426e-05
5.0392e+07 0.799894 0.752879 0.0220762 2.42124e-05
1.80243e+07 0.439358 0.805228 0.0397041 6.76926e-05
1.28397e+07 0.212757 0.827189 0 9.50267e-05
1.88399e+07 0.463705 0.791627 0.0573321 6.47619e-05
1.28397e+07 0.212757 0.827189 0 9.50267e-05
1.80243e+07 0.439358 0.805228 0.0397041 6.76926e-05
1.31723e+07 0.232648 0.856294 0 9.26266e-05
1.30713e+07 0.226601 0.898631 0 9.33425e-05
1.70782e+07 0.408222 0.844286 0.0220762 7.14426e-05
1.99979e+07 0.494842 0.752569 0.07496 6.10119e-05
