3.26845e+07 0.759794 0.569114 0.125401 3.8062e-05
2.83482e+07 0.722846 0.628165 0.10202 4.38843e-05
1.23164e+07 0.360977 0.752515 0.0585543 0.000101007
4.20284e+07 0.854191 0.619095 0.0614482 2.96e-05
1.23164e+07 0.360977 0.752515 0.0585543 0.000101007
2.43009e+07 0.676579 0.619095 0.0254829 5.11931e-05
4.20284e+07 0.900458 0.628165 0.137985 2.96e-05
2.43009e+07 0.676579 0.619095 0.0254829 5.11931e-05
1.70868e+07 0.539481 0.788718 0.0359653 7.2807e-05
4.20284e+07 0.854191 0.619095 0.0614482 2.96e-05
3.26845e+07 0.759794 0.569114 0.125401 3.8062e-05
4.20284e+07 0.854191 0.619095 0.0614482 2.96e-05
4.20284e+07 0.854191 0.619095 0.0614482 2.96e-05
1.23338e+07 0.361868 0.788718 0 0.000100865
1.70868e+07 0.539481 0.788718 0.0359653 7.2807e-05
2.74194e+07 0.713528 0.560045 0.0488636 4.53708e-05
4.20284e+07 0.854191 0.619095 0.0614482 2.96e-05
4.20284e+07 0.854191 0.619095 0.0614482 2.96e-05
2.43009e+07 0.676579 0.619095 0.0254829 5.11931e-05
4.20284e+07 0.854191 0.619095 0.0614482 2.96e-05
4.20284e+07 0.854191 0.619095 0.0614482 2.96e-05
2.74194e+07 0.713528 0.560045 0.0488636 4.53708e-05
4.20284e+07 0.854191 0.619095 0.0614482 2.96e-05
2.74194e+07 0.713528 0.560045 0.0488636 4.53708e-05
1.8572e+07 0.576429 0.729668 0.059346 6.69848e-05
4.20284e+07 0.900458 0.628165 0.137985 2.96e-05
3.26845e+07 0.759794 0.569114 0.125401 3.8062e-05
1.70868e+07 0.539481 0.788718 0.0359653 7.2807e-05
3.26845e+07 0.759794 0.569114 0.125401 3.8062e-05
1.89851e+07 0.585747 0.680679 0.0539479 6.55273e-05
1.16557e+07 0.324697 0.747129 0.0243036 0.000106732
4.20284e+07 0.854191 0.619095 0.0614482 2.96e-05
2.74194e+07 0.713528 0.560045 0.0488636 4.53708e-05
2.43009e+07 0.676579 0.619095 0.0254829 5.11931e-05
1.70868e+07 0.539481 0.788718 0.0359653 7.2807e-05
3.80655e+07 0.89114 0.560045 0.0848289 3.26816e-05
1.23271e+07 0.361646 0.641317 0.0243036 0.000100919
4.20284e+07 0.854191 0.619095 0.0614482 2.96e-05
2.43009e+07 0.676579 0.619095 0.0254829 5.11931e-05
4.20284e+07 0.859742 0.621343 0.0974135 2.96e-05
4.20284e+07 0.854191 0.619095 0.0614482 2.96e-05
4.20284e+07 0.854191 0.619095 0.0614482 2.96e-05
1.70868e+07 0.539481 0.788718 0.0359653 7.2807e-05
2.43009e+07 0.676579 0.619095 0.0254829 5.11931e-05
3.26845e+07 0.759794 0.569114 0.125401 3.8062e-05
3.26845e+07 0.759794 0.569114 0.125401 3.8062e-05
2.74194e+07 0.713528 0.560045 0.0488636 4.53708e-05
1.30893e+07 0.398817 0.729668 0.0233807 9.50424e-05
2.43009e+07 0.676579 0.619095 0.0254829 5.11931e-05
2.43009e+07 0.676579 0.619095 0.0254829 5.11931e-05
4.20284e+07 0.854191 0.619095 0.0614482 2.96e-05
4.20284e+07 0.854191 0.619095 0.0614482 2.96e-05
2.74194e+07 0.713528 0.560045 0.0488636 4.53708e-05
4.20284e+07 0.854191 0.619095 0.0614482 2.96e-05
4.20284e+07 0.854191 0.619095 0.0614482 2.96e-05
9.63992e+06 0.183163 0.930317 0.0359653 0.000129051
1.14866e+07 0.314711 0.779411 0 0.000108304
1.23338e+07 0.361868 0.788718 0 0.000100865
2.83482e+07 0.722846 0.628165 0.10202 4.38843e-05
4.20284e+07 0.854191 0.619095 0.0614482 2.96e-05
2.43009e+07 0.676579 0.619095 0.0254829 5.11931e-05
1.70868e+07 0.539481 0.788718 0.0359653 7.2807e-05
9.57487e+06 0.177612 0.928069 0 0.000129928
1.14866e+07 0.314711 0.779411 0 0.000108304
1.23164e+07 0.360977 0.752515 0.0585543 0.000101007
2.43009e+07 0.676579 0.619095 0.0254829 5.11931e-05
2.83482e+07 0.722846 0.628165 0.10202 4.38843e-05
4.20284e+07 0.854191 0.619095 0.0614482 2.96e-05
1.89851e+07 0.585747 0.680679 0.0539479 6.55273e-05
2.43009e+07 0.676579 0.619095 0.0254829 5.11931e-05
9.98772e+06 0.211745 0.866184 0.0696827 0.000124557
2.43009e+07 0.676579 0.619095 0.0254829 5.11931e-05
3.26845e+07 0.759794 0.569114 0.125401 3.8062e-05
2.83482e+07 0.722846 0.628165 0.10202 4.38843e-05
2.43009e+07 0.676579 0.619095 0.0254829 5.11931e-05
1.29053e+07 0.390451 0.657151 0 9.63973e-05
4.20284e+07 0.854191 0.619095 0.0614482 2.96e-05
2.74194e+07 0.713528 0.560045 0.0488636 4.53708e-05
2.43009e+07 0.676579 0.619095 0.0254829 5.11931e-05
2.83482e+07 0.722846 0.628165 0.10202 4.38843e-05
4.20284e+07 0.854191 0.619095 0.0614482 2.96e-05
2.74194e+07 0.713528 0.560045 0.0488636 4.53708e-05
4.20284e+07 0.900458 0.628165 0.137985 2.96e-05
1.70868e+07 0.539481 0.788718 0.0359653 7.2807e-05
4.20284e+07 0.854191 0.619095 0.0614482 2.96e-05
2.43009e+07 0.676579 0.619095 0.0254829 5.11931e-05
2.43009e+07 0.676579 0.619095 0.0254829 5.11931e-05
2.43009e+07 0.676579 0.619095 0.0254829 5.11931e-05
2.83482e+07 0.722846 0.628165 0.10202 4.38843e-05
1.26821e+07 0.379451 0.722588 0.073518 9.80944e-05
2.74194e+07 0.713528 0.560045 0.0488636 4.53708e-05
1.70478e+07 0.538589 0.680585 0.0585543 7.29738e-05
4.20284e+07 0.900458 0.628165 0.137985 2.96e-05
1.70868e+07 0.539481 0.788718 0.0359653 7.2807e-05
1.26984e+07 0.380343 0.728864 0 9.7968e-05
4.20284e+07 0.854191 0.619095 0.0614482 2.96e-05
3.26845e+07 0.759794 0.569114 0.125401 3.8062e-05
