1.90549e+07 0.323168 0.747942 0.0326629 7.35429e-05
1.90549e+07 0.323168 0.747942 0.0326629 7.35429e-05
1.33938e+07 0.0367587 0.871923 0 0.000104627
5.39839e+07 0.7614 0.724667 0.0653257 2.59587e-05
1.33938e+07 0.0367587 0.871923 0 0.000104627
1.80756e+07 0.286409 0.810693 0 7.75271e-05
6.37718e+07 0.798158 0.661917 0.0979886 2.19744e-05
1.80756e+07 0.286409 0.810693 0 7.75271e-05
5.39839e+07 0.7614 0.724667 0.0653257 2.59587e-05
5.39839e+07 0.7614 0.724667 0.0653257 2.59587e-05
1.90549e+07 0.323168 0.747942 0.0326629 7.35429e-05
5.39839e+07 0.7614 0.724667 0.0653257 2.59587e-05
5.39839e+07 0.7614 0.724667 0.0653257 2.59587e-05
1.80756e+07 0.286409 0.810693 0 7.75271e-05
5.39839e+07 0.7614 0.724667 0.0653257 2.59587e-05
1.80756e+07 0.286409 0.810693 0 7.75271e-05
5.39839e+07 0.7614 0.724667 0.0653257 2.59587e-05
5.39839e+07 0.7614 0.724667 0.0653257 2.59587e-05
1.80756e+07 0.286409 0.810693 0 7.75271e-05
5.39839e+07 0.7614 0.724667 0.0653257 2.59587e-05
5.39839e+07 0.7614 0.724667 0.0653257 2.59587e-05
1.80756e+07 0.286409 0.810693 0 7.75271e-05
5.39839e+07 0.7614 0.724667 0.0653257 2.59587e-05
1.80756e+07 0.286409 0.810693 0 7.75271e-05
5.39839e+07 0.7614 0.724667 0.0653257 2.59587e-05
6.37718e+07 0.798158 0.661917 0.0979886 2.19744e-05
1.90549e+07 0.323168 0.747942 0.0326629 7.35429e-05
5.39839e+07 0.7614 0.724667 0.0653257 2.59587e-05
1.90549e+07 0.323168 0.747942 0.0326629 7.35429e-05
6.84253e+07 0.933702 0.591601 0.146294 2.048e-05
1.29038e+07 0 1 0 0.0001086
5.39839e+07 0.7614 0.724667 0.0653257 2.59587e-05
1.80756e+07 0.286409 0.810693 0 7.75271e-05
1.80756e+07 0.286409 0.810693 0 7.75271e-05
6.84253e+07 0.896943 0.654352 0.113631 2.048e-05
5.39839e+07 0.7614 0.724667 0.0653257 2.59587e-05
1.29038e+07 0 1 0 0.0001086
5.39839e+07 0.7614 0.724667 0.0653257 2.59587e-05
1.80756e+07 0.286409 0.810693 0 7.75271e-05
5.53485e+07 0.767293 0.727356 0.108339 2.53187e-05
5.39839e+07 0.7614 0.724667 0.0653257 2.59587e-05
5.39839e+07 0.7614 0.724667 0.0653257 2.59587e-05
6.84253e+07 0.896943 0.654352 0.113631 2.048e-05
1.80756e+07 0.286409 0.810693 0 7.75271e-05
1.90549e+07 0.323168 0.747942 0.0326629 7.35429e-05
1.90549e+07 0.323168 0.747942 0.0326629 7.35429e-05
1.80756e+07 0.286409 0.810693 0 7.75271e-05
1.80756e+07 0.286409 0.810693 0 7.75271e-05
1.80756e+07 0.286409 0.810693 0 7.75271e-05
1.80756e+07 0.286409 0.810693 0 7.75271e-05
5.39839e+07 0.7614 0.724667 0.0653257 2.59587e-05
6.84253e+07 0.896943 0.654352 0.113631 2.048e-05
1.80756e+07 0.286409 0.810693 0 7.75271e-05
5.39839e+07 0.7614 0.724667 0.0653257 2.59587e-05
5.39839e+07 0.7614 0.724667 0.0653257 2.59587e-05
2.48435e+07 0.480884 0.786011 0.0430128 5.64071e-05
1.29038e+07 0 1 0 0.0001086
2.2307e+07 0.421952 0.740377 0.0483054 6.2821e-05
1.90549e+07 0.323168 0.747942 0.0326629 7.35429e-05
5.39839e+07 0.7614 0.724667 0.0653257 2.59587e-05
1.80756e+07 0.286409 0.810693 0 7.75271e-05
6.84253e+07 0.896943 0.654352 0.113631 2.048e-05
2.45648e+07 0.474991 0.783323 0 5.70471e-05
1.29038e+07 0 1 0 0.0001086
1.33938e+07 0.0367587 0.871923 0 0.000104627
1.80756e+07 0.286409 0.810693 0 7.75271e-05
1.90549e+07 0.323168 0.747942 0.0326629 7.35429e-05
5.39839e+07 0.7614 0.724667 0.0653257 2.59587e-05
6.84253e+07 0.933702 0.591601 0.146294 2.048e-05
1.80756e+07 0.286409 0.810693 0 7.75271e-05
3.98473e+07 0.676832 0.605979 0.158946 3.5168e-05
1.80756e+07 0.286409 0.810693 0 7.75271e-05
1.90549e+07 0.323168 0.747942 0.0326629 7.35429e-05
1.90549e+07 0.323168 0.747942 0.0326629 7.35429e-05
1.80756e+07 0.286409 0.810693 0 7.75271e-05
2.48961e+07 0.482357 0.646623 0.123914 5.6288e-05
5.39839e+07 0.7614 0.724667 0.0653257 2.59587e-05
1.80756e+07 0.286409 0.810693 0 7.75271e-05
1.80756e+07 0.286409 0.810693 0 7.75271e-05
1.90549e+07 0.323168 0.747942 0.0326629 7.35429e-05
5.39839e+07 0.7614 0.724667 0.0653257 2.59587e-05
1.80756e+07 0.286409 0.810693 0 7.75271e-05
6.37718e+07 0.798158 0.661917 0.0979886 2.19744e-05
6.84253e+07 0.896943 0.654352 0.113631 2.048e-05
5.39839e+07 0.7614 0.724667 0.0653257 2.59587e-05
1.80756e+07 0.286409 0.810693 0 7.75271e-05
1.80756e+07 0.286409 0.810693 0 7.75271e-05
1.80756e+07 0.286409 0.810693 0 7.75271e-05
1.90549e+07 0.323168 0.747942 0.0326629 7.35429e-05
1.33938e+07 0.0367587 0.871923 0 0.000104627
1.80756e+07 0.286409 0.810693 0 7.75271e-05
2.64015e+07 0.51175 0.655246 0 5.30784e-05
6.37718e+07 0.798158 0.661917 0.0979886 2.19744e-05
5.39839e+07 0.7614 0.724667 0.0653257 2.59587e-05
1.80756e+07 0.286409 0.810693 0 7.75271e-05
5.39839e+07 0.7614 0.724667 0.0653257 2.59587e-05
1.90549e+07 0.323168 0.747942 0.0326629 7.35429e-05
