7.94024e+06 0.414283 0.640887 0.0661111 0.000141096
9.88688e+06 0.529618 0.705093 0.0622727 0.000113316
5.7096e+06 0.185047 0.796481 0 0.00019622
2.68929e+07 0.827396 0.61101 0.106701 4.16594e-05
5.25744e+06 0.114857 0.878517 0 0.000213096
8.67589e+06 0.463948 0.661727 0.0834658 0.000129133
1.46497e+07 0.682761 0.598515 0.0719913 7.64754e-05
8.53628e+06 0.455174 0.654989 0.0497773 0.000131245
1.43629e+07 0.67638 0.664013 0.150435 7.80022e-05
1.88012e+07 0.752951 0.560906 0.0942053 5.95886e-05
7.94024e+06 0.414283 0.640887 0.0661111 0.000141096
1.88012e+07 0.752951 0.560906 0.0942053 5.95886e-05
2.68929e+07 0.827396 0.61101 0.106701 4.16594e-05
7.14671e+06 0.349091 0.728083 0.0559025 0.000156763
1.3164e+07 0.646868 0.634 0.100331 8.51062e-05
1.05414e+07 0.558917 0.653382 0.100821 0.00010628
1.46497e+07 0.682761 0.598515 0.0719913 7.64754e-05
1.88012e+07 0.752951 0.560906 0.0942053 5.95886e-05
8.53628e+06 0.455174 0.654989 0.0497773 0.000131245
1.88012e+07 0.752951 0.560906 0.0942053 5.95886e-05
1.88012e+07 0.752951 0.560906 0.0942053 5.95886e-05
7.94024e+06 0.414283 0.640887 0.0661111 0.000141096
1.46497e+07 0.682761 0.598515 0.0719913 7.64754e-05
7.94024e+06 0.414283 0.640887 0.0661111 0.000141096
1.27522e+07 0.635489 0.649911 0.166768 8.78546e-05
1.46497e+07 0.682761 0.598515 0.0719913 7.64754e-05
7.94024e+06 0.414283 0.640887 0.0661111 0.000141096
1.08734e+07 0.572424 0.64135 0.0914694 0.000103035
7.94024e+06 0.414283 0.640887 0.0661111 0.000141096
1.07616e+07 0.567904 0.664871 0.044428 0.000104105
6.28416e+06 0.259492 0.891013 0.0347094 0.00017828
1.88012e+07 0.752951 0.560906 0.0942053 5.95886e-05
7.94024e+06 0.414283 0.640887 0.0661111 0.000141096
7.56313e+06 0.384984 0.692597 0.0275633 0.000148132
1.28453e+07 0.638094 0.627262 0.066642 8.72182e-05
1.61337e+07 0.71206 0.546804 0.110539 6.9441e-05
5.43653e+06 0.144156 0.749711 0 0.000206076
2.68929e+07 0.827396 0.61101 0.106701 4.16594e-05
8.53628e+06 0.455174 0.654989 0.0497773 0.000131245
1.48611e+07 0.687281 0.601291 0.116419 7.53874e-05
1.46497e+07 0.682761 0.598515 0.0719913 7.64754e-05
1.88012e+07 0.752951 0.560906 0.0942053 5.95886e-05
1.28453e+07 0.638094 0.627262 0.066642 8.72182e-05
8.53628e+06 0.455174 0.654989 0.0497773 0.000131245
7.94024e+06 0.414283 0.640887 0.0661111 0.000141096
7.94024e+06 0.414283 0.640887 0.0661111 0.000141096
1.05414e+07 0.558917 0.653382 0.100821 0.00010628
7.37844e+06 0.369616 0.669634 0.0607618 0.00015184
8.53628e+06 0.455174 0.654989 0.0497773 0.000131245
7.56313e+06 0.384984 0.692597 0.0275633 0.000148132
1.46497e+07 0.682761 0.598515 0.0719913 7.64754e-05
1.46497e+07 0.682761 0.598515 0.0719913 7.64754e-05
9.01979e+06 0.484473 0.603278 0.0883251 0.000124209
1.88012e+07 0.752951 0.560906 0.0942053 5.95886e-05
2.68929e+07 0.827396 0.61101 0.106701 4.16594e-05
7.24196e+06 0.357599 0.751726 0.112377 0.000154701
5.25744e+06 0.114857 0.878517 0 0.000213096
7.0517e+06 0.340317 0.721345 0.022214 0.000158875
7.56313e+06 0.384984 0.692597 0.0275633 0.000148132
1.88012e+07 0.752951 0.560906 0.0942053 5.95886e-05
8.53628e+06 0.455174 0.654989 0.0497773 0.000131245
1.07616e+07 0.567904 0.664871 0.044428 0.000104105
8.41171e+06 0.446932 0.781045 0.0692554 0.000133188
5.35996e+06 0.131873 0.805342 0 0.00020902
5.25744e+06 0.114857 0.878517 0 0.000213096
7.56313e+06 0.384984 0.692597 0.0275633 0.000148132
7.56313e+06 0.384984 0.692597 0.0275633 0.000148132
1.46497e+07 0.682761 0.598515 0.0719913 7.64754e-05
1.07616e+07 0.567904 0.664871 0.044428 0.000104105
7.56313e+06 0.384984 0.692597 0.0275633 0.000148132
6.66926e+06 0.302297 0.819838 0.044428 0.000167986
8.53628e+06 0.455174 0.654989 0.0497773 0.000131245
7.94024e+06 0.414283 0.640887 0.0661111 0.000141096
8.53628e+06 0.455174 0.654989 0.0497773 0.000131245
7.56313e+06 0.384984 0.692597 0.0275633 0.000148132
6.52527e+06 0.287142 0.685778 0 0.000171693
1.88012e+07 0.752951 0.560906 0.0942053 5.95886e-05
9.01979e+06 0.484473 0.603278 0.0883251 0.000124209
7.56313e+06 0.384984 0.692597 0.0275633 0.000148132
9.88688e+06 0.529618 0.705093 0.0622727 0.000113316
1.46497e+07 0.682761 0.598515 0.0719913 7.64754e-05
9.01979e+06 0.484473 0.603278 0.0883251 0.000124209
1.46497e+07 0.682761 0.598515 0.0719913 7.64754e-05
1.28453e+07 0.638094 0.627262 0.066642 8.72182e-05
2.68929e+07 0.827396 0.61101 0.106701 4.16594e-05
9.88688e+06 0.529618 0.705093 0.0622727 0.000113316
8.53628e+06 0.455174 0.654989 0.0497773 0.000131245
8.53628e+06 0.455174 0.654989 0.0497773 0.000131245
7.56313e+06 0.384984 0.692597 0.0275633 0.000148132
6.28416e+06 0.259492 0.891013 0.0347094 0.00017828
9.01979e+06 0.484473 0.603278 0.0883251 0.000124209
8.99191e+06 0.482825 0.613542 0 0.000124594
1.46497e+07 0.682761 0.598515 0.0719913 7.64754e-05
1.08734e+07 0.572424 0.64135 0.0914694 0.000103035
7.14671e+06 0.349091 0.728083 0.0559025 0.000156763
1.46497e+07 0.682761 0.598515 0.0719913 7.64754e-05
7.94024e+06 0.414283 0.640887 0.0661111 0.000141096
