1.6836e+07 0.595394 0.558592 0.0716186 6.75557e-05
2.4516e+07 0.722344 0.566994 0.0949594 4.6393e-05
1.20565e+07 0.43466 0.583453 0.0297406 9.43363e-05
3.95103e+07 0.840527 0.62395 0.0841322 2.87867e-05
1.20565e+07 0.43466 0.583453 0.0297406 9.43363e-05
1.5239e+07 0.552843 0.615547 0.0229643 7.46357e-05
2.79034e+07 0.756128 0.558592 0.109446 4.0761e-05
1.5239e+07 0.552843 0.615547 0.0229643 7.46357e-05
1.00528e+07 0.321468 0.891382 0.0378271 0.000113139
2.3774e+07 0.713577 0.615547 0.0607914 4.7841e-05
1.6836e+07 0.595394 0.558592 0.0716186 6.75557e-05
2.3774e+07 0.713577 0.615547 0.0607914 4.7841e-05
3.95103e+07 0.840527 0.62395 0.0841322 2.87867e-05
8.1279e+06 0.160734 0.891382 0 0.000139934
1.00528e+07 0.321468 0.891382 0.0378271 0.000113139
2.127e+07 0.679792 0.62395 0.0463052 5.3473e-05
2.3774e+07 0.713577 0.615547 0.0607914 4.7841e-05
2.3774e+07 0.713577 0.615547 0.0607914 4.7841e-05
1.5239e+07 0.552843 0.615547 0.0229643 7.46357e-05
2.3774e+07 0.713577 0.615547 0.0607914 4.7841e-05
2.3774e+07 0.713577 0.615547 0.0607914 4.7841e-05
1.5239e+07 0.552843 0.615547 0.0229643 7.46357e-05
2.3774e+07 0.713577 0.615547 0.0607914 4.7841e-05
1.5239e+07 0.552843 0.615547 0.0229643 7.46357e-05
1.00528e+07 0.321468 0.891382 0.0378271 0.000113139
2.79034e+07 0.756128 0.558592 0.109446 4.0761e-05
1.6836e+07 0.595394 0.558592 0.0716186 6.75557e-05
1.00528e+07 0.321468 0.891382 0.0378271 0.000113139
1.6836e+07 0.595394 0.558592 0.0716186 6.75557e-05
1.07225e+07 0.364019 0.774946 0.0567407 0.000106073
1.444e+07 0.527876 0.704641 0.0724695 7.87652e-05
2.3774e+07 0.713577 0.615547 0.0607914 4.7841e-05
1.77526e+07 0.616317 0.56239 0.0463052 6.40678e-05
1.5239e+07 0.552843 0.615547 0.0229643 7.46357e-05
1.00528e+07 0.321468 0.891382 0.0378271 0.000113139
2.3774e+07 0.713577 0.615547 0.0607914 4.7841e-05
1.13819e+07 0.400926 0.696238 0.0491286 9.99279e-05
3.95103e+07 0.840527 0.62395 0.0841322 2.87867e-05
1.5239e+07 0.552843 0.615547 0.0229643 7.46357e-05
2.41975e+07 0.7186 0.617911 0.0986185 4.70037e-05
2.3774e+07 0.713577 0.615547 0.0607914 4.7841e-05
2.3774e+07 0.713577 0.615547 0.0607914 4.7841e-05
1.00528e+07 0.321468 0.891382 0.0378271 0.000113139
1.5239e+07 0.552843 0.615547 0.0229643 7.46357e-05
1.6836e+07 0.595394 0.558592 0.0716186 6.75557e-05
1.6836e+07 0.595394 0.558592 0.0716186 6.75557e-05
2.127e+07 0.679792 0.62395 0.0463052 5.3473e-05
8.1279e+06 0.160734 0.891382 0 0.000139934
1.5239e+07 0.552843 0.615547 0.0229643 7.46357e-05
1.77526e+07 0.616317 0.56239 0.0463052 6.40678e-05
2.3774e+07 0.713577 0.615547 0.0607914 4.7841e-05
2.3774e+07 0.713577 0.615547 0.0607914 4.7841e-05
1.5239e+07 0.552843 0.615547 0.0229643 7.46357e-05
2.3774e+07 0.713577 0.615547 0.0607914 4.7841e-05
3.95103e+07 0.840527 0.62395 0.0841322 2.87867e-05
8.17762e+06 0.165757 0.92671 0.0378271 0.000139083
1.12163e+07 0.392109 0.678236 0 0.000101403
8.1279e+06 0.160734 0.891382 0 0.000139934
1.6836e+07 0.595394 0.558592 0.0716186 6.75557e-05
2.3774e+07 0.713577 0.615547 0.0607914 4.7841e-05
1.5239e+07 0.552843 0.615547 0.0229643 7.46357e-05
1.00528e+07 0.321468 0.891382 0.0378271 0.000113139
9.57613e+06 0.287684 0.886067 0 0.000118771
1.25215e+07 0.455583 0.625079 0.0233408 9.08331e-05
1.21394e+07 0.438627 0.519966 0.0297406 9.36924e-05
1.5239e+07 0.552843 0.615547 0.0229643 7.46357e-05
1.69974e+07 0.599361 0.495105 0.0716186 6.69145e-05
2.3774e+07 0.713577 0.615547 0.0607914 4.7841e-05
1.07225e+07 0.364019 0.774946 0.0567407 0.000106073
1.5239e+07 0.552843 0.615547 0.0229643 7.46357e-05
8.37529e+06 0.185529 0.882859 0.0378271 0.000135801
1.5239e+07 0.552843 0.615547 0.0229643 7.46357e-05
1.6836e+07 0.595394 0.558592 0.0716186 6.75557e-05
1.6836e+07 0.595394 0.558592 0.0716186 6.75557e-05
1.5239e+07 0.552843 0.615547 0.0229643 7.46357e-05
8.32315e+06 0.180506 0.847532 0 0.000136651
2.3774e+07 0.713577 0.615547 0.0607914 4.7841e-05
1.5239e+07 0.552843 0.615547 0.0229643 7.46357e-05
1.5239e+07 0.552843 0.615547 0.0229643 7.46357e-05
2.4516e+07 0.722344 0.566994 0.0949594 4.6393e-05
2.3774e+07 0.713577 0.615547 0.0607914 4.7841e-05
1.5239e+07 0.552843 0.615547 0.0229643 7.46357e-05
2.79034e+07 0.756128 0.558592 0.109446 4.0761e-05
1.00528e+07 0.321468 0.891382 0.0378271 0.000113139
3.95103e+07 0.840527 0.62395 0.0841322 2.87867e-05
2.127e+07 0.679792 0.62395 0.0463052 5.3473e-05
1.5239e+07 0.552843 0.615547 0.0229643 7.46357e-05
1.5239e+07 0.552843 0.615547 0.0229643 7.46357e-05
1.69974e+07 0.599361 0.495105 0.0716186 6.69145e-05
1.61278e+07 0.577478 0.591856 0.0829577 7.05225e-05
1.5239e+07 0.552843 0.615547 0.0229643 7.46357e-05
1.68327e+07 0.595394 0.507799 0.0297406 6.75691e-05
2.79034e+07 0.756128 0.558592 0.109446 4.0761e-05
1.00528e+07 0.321468 0.891382 0.0378271 0.000113139
8.2833e+06 0.176603 0.83163 0 0.000137309
2.3774e+07 0.713577 0.615547 0.0607914 4.7841e-05
1.6836e+07 0.595394 0.558592 0.0716186 6.75557e-05
