1.32418e+07 0.249551 0.53396 0 8.16503e-05
1.6508e+07 0.397869 0.798679 0.0509165 6.54957e-05
1.45684e+07 0.317825 0.627836 0 7.42156e-05
1.6508e+07 0.397869 0.798679 0.0509165 6.54957e-05
1.23549e+07 0.195403 0.780349 0 8.75117e-05
1.45684e+07 0.317825 0.627836 0 7.42156e-05
1.23549e+07 0.195403 0.780349 0 8.75117e-05
1.45684e+07 0.317825 0.627836 0 7.42156e-05
1.13283e+07 0.122421 0.847487 0 9.54428e-05
1.45684e+07 0.317825 0.627836 0 7.42156e-05
1.32418e+07 0.249551 0.53396 0 8.16503e-05
1.45684e+07 0.317825 0.627836 0 7.42156e-05
1.6508e+07 0.397869 0.798679 0.0509165 6.54957e-05
1.13283e+07 0.122421 0.847487 0 9.54428e-05
1.13283e+07 0.122421 0.847487 0 9.54428e-05
1.81305e+07 0.452017 0.55229 0.0509165 5.96343e-05
2.48516e+07 0.600335 0.584829 0 4.35063e-05
1.45684e+07 0.317825 0.627836 0 7.42156e-05
3.58011e+07 0.722757 0.492943 0.0303131 3.02002e-05
1.45684e+07 0.317825 0.627836 0 7.42156e-05
1.45684e+07 0.317825 0.627836 0 7.42156e-05
2.87323e+07 0.654483 0.477881 0.0697201 3.76301e-05
2.48516e+07 0.600335 0.584829 0 4.35063e-05
2.87323e+07 0.654483 0.477881 0.0697201 3.76301e-05
1.05099e+07 0.0541479 0.753612 0 0.000102875
1.23549e+07 0.195403 0.780349 0 8.75117e-05
1.32418e+07 0.249551 0.53396 0 8.16503e-05
9.94306e+06 0 1 0 0.000108739
1.32418e+07 0.249551 0.53396 0 8.16503e-05
9.94306e+06 0 1 0 0.000108739
5.422e+07 0.817104 0.528774 0.100057 1.9941e-05
1.45684e+07 0.317825 0.627836 0 7.42156e-05
1.32418e+07 0.249551 0.53396 0 8.16503e-05
2.48516e+07 0.600335 0.584829 0 4.35063e-05
1.13283e+07 0.122421 0.847487 0 9.54428e-05
1.32418e+07 0.249551 0.53396 0 8.16503e-05
1.34999e+07 0.263853 0.568512 0.103609 8.00892e-05
1.6508e+07 0.397869 0.798679 0.0509165 6.54957e-05
3.58011e+07 0.722757 0.492943 0.0303131 3.02002e-05
1.23549e+07 0.195403 0.780349 0 8.75117e-05
1.23549e+07 0.195403 0.780349 0 8.75117e-05
1.45684e+07 0.317825 0.627836 0 7.42156e-05
1.13283e+07 0.122421 0.847487 0 9.54428e-05
1.45684e+07 0.317825 0.627836 0 7.42156e-05
1.32418e+07 0.249551 0.53396 0 8.16503e-05
1.32418e+07 0.249551 0.53396 0 8.16503e-05
1.81305e+07 0.452017 0.55229 0.0509165 5.96343e-05
2.37435e+07 0.581501 0.728793 0.161607 4.55366e-05
3.58011e+07 0.722757 0.492943 0.0303131 3.02002e-05
1.23549e+07 0.195403 0.780349 0 8.75117e-05
1.23549e+07 0.195403 0.780349 0 8.75117e-05
1.23549e+07 0.195403 0.780349 0 8.75117e-05
1.58199e+07 0.371973 0.504594 0.0615734 6.83442e-05
1.45684e+07 0.317825 0.627836 0 7.42156e-05
1.6508e+07 0.397869 0.798679 0.0509165 6.54957e-05
9.94306e+06 0 1 0 0.000108739
1.23549e+07 0.195403 0.780349 0 8.75117e-05
2.10249e+07 0.527354 0.712594 0.0303131 5.14246e-05
1.23549e+07 0.195403 0.780349 0 8.75117e-05
1.45684e+07 0.317825 0.627836 0 7.42156e-05
3.58011e+07 0.722757 0.492943 0.0303131 3.02002e-05
1.00049e+07 0.00632707 0.871927 0 0.000108067
1.2466e+07 0.202466 0.916497 0 8.67318e-05
1.23549e+07 0.195403 0.780349 0 8.75117e-05
2.48516e+07 0.600335 0.584829 0 4.35063e-05
1.23549e+07 0.195403 0.780349 0 8.75117e-05
1.23549e+07 0.195403 0.780349 0 8.75117e-05
2.48516e+07 0.600335 0.584829 0 4.35063e-05
9.94306e+06 0 1 0 0.000108739
1.24506e+07 0.20173 0.652276 0 8.6839e-05
9.94306e+06 0 1 0 0.000108739
1.45684e+07 0.317825 0.627836 0 7.42156e-05
1.32418e+07 0.249551 0.53396 0 8.16503e-05
1.45684e+07 0.317825 0.627836 0 7.42156e-05
1.23549e+07 0.195403 0.780349 0 8.75117e-05
9.94306e+06 0 1 0 0.000108739
1.45684e+07 0.317825 0.627836 0 7.42156e-05
1.58199e+07 0.371973 0.504594 0.0615734 6.83442e-05
2.48516e+07 0.600335 0.584829 0 4.35063e-05
1.6508e+07 0.397869 0.798679 0.0509165 6.54957e-05
1.23549e+07 0.195403 0.780349 0 8.75117e-05
1.58199e+07 0.371973 0.504594 0.0615734 6.83442e-05
1.23549e+07 0.195403 0.780349 0 8.75117e-05
1.13283e+07 0.122421 0.847487 0 9.54428e-05
1.6508e+07 0.397869 0.798679 0.0509165 6.54957e-05
5.03111e+07 0.802802 0.603159 0.0509165 2.14903e-05
1.45684e+07 0.317825 0.627836 0 7.42156e-05
3.58011e+07 0.722757 0.492943 0.0303131 3.02002e-05
1.23549e+07 0.195403 0.780349 0 8.75117e-05
1.6508e+07 0.397869 0.798679 0.0509165 6.54957e-05
1.58199e+07 0.371973 0.504594 0.0615734 6.83442e-05
1.45684e+07 0.317825 0.627836 0 7.42156e-05
1.23549e+07 0.195403 0.780349 0 8.75117e-05
9.94306e+06 0 1 0 0.000108739
1.13283e+07 0.122421 0.847487 0 9.54428e-05
1.23549e+07 0.195403 0.780349 0 8.75117e-05
1.32418e+07 0.249551 0.53396 0 8.16503e-05
