5.10625e+07 1 0.424285 0.193365 2.048e-05
5.40165e+07 0.807196 0.535707 0 1.936e-05
2.56932e+07 0.378569 0.760062 0 4.07017e-05
5.40165e+07 0.807196 0.535707 0 1.936e-05
2.56932e+07 0.378569 0.760062 0 4.07017e-05
5.40165e+07 0.807196 0.535707 0 1.936e-05
5.40165e+07 0.807196 0.535707 0 1.936e-05
5.40165e+07 0.807196 0.535707 0 1.936e-05
2.79393e+07 0.428627 0.775645 0 3.74297e-05
5.40165e+07 0.807196 0.535707 0 1.936e-05
5.10625e+07 1 0.424285 0.193365 2.048e-05
5.40165e+07 0.807196 0.535707 0 1.936e-05
5.40165e+07 0.807196 0.535707 0 1.936e-05
2.79393e+07 0.428627 0.775645 0 3.74297e-05
2.79393e+07 0.428627 0.775645 0 3.74297e-05
5.10625e+07 1 0.424285 0.193365 2.048e-05
5.40165e+07 0.807196 0.535707 0 1.936e-05
5.40165e+07 0.807196 0.535707 0 1.936e-05
5.40165e+07 0.807196 0.535707 0 1.936e-05
5.40165e+07 0.807196 0.535707 0 1.936e-05
5.40165e+07 0.807196 0.535707 0 1.936e-05
5.10625e+07 1 0.424285 0.193365 2.048e-05
5.40165e+07 0.807196 0.535707 0 1.936e-05
5.10625e+07 1 0.424285 0.193365 2.048e-05
4.21051e+07 0.621431 0.534579 0.128543 2.48369e-05
5.40165e+07 0.807196 0.535707 0 1.936e-05
5.10625e+07 1 0.424285 0.193365 2.048e-05
2.79393e+07 0.428627 0.775645 0 3.74297e-05
5.10625e+07 1 0.424285 0.193365 2.048e-05
2.79393e+07 0.428627 0.775645 0 3.74297e-05
2.56932e+07 0.378569 0.760062 0 4.07017e-05
5.40165e+07 0.807196 0.535707 0 1.936e-05
5.10625e+07 1 0.424285 0.193365 2.048e-05
5.40165e+07 0.807196 0.535707 0 1.936e-05
2.79393e+07 0.428627 0.775645 0 3.74297e-05
5.10625e+07 1 0.424285 0.193365 2.048e-05
3.7179e+07 0.571373 0.391554 0.0648222 2.81277e-05
5.40165e+07 0.807196 0.535707 0 1.936e-05
5.40165e+07 0.807196 0.535707 0 1.936e-05
5.40165e+07 0.807196 0.535707 0 1.936e-05
5.40165e+07 0.807196 0.535707 0 1.936e-05
5.40165e+07 0.807196 0.535707 0 1.936e-05
2.79393e+07 0.428627 0.775645 0 3.74297e-05
5.40165e+07 0.807196 0.535707 0 1.936e-05
5.10625e+07 1 0.424285 0.193365 2.048e-05
5.10625e+07 1 0.424285 0.193365 2.048e-05
5.10625e+07 1 0.424285 0.193365 2.048e-05
4.21051e+07 0.621431 0.534579 0.128543 2.48369e-05
5.40165e+07 0.807196 0.535707 0 1.936e-05
5.40165e+07 0.807196 0.535707 0 1.936e-05
5.40165e+07 0.807196 0.535707 0 1.936e-05
5.40165e+07 0.807196 0.535707 0 1.936e-05
5.10625e+07 1 0.424285 0.193365 2.048e-05
5.40165e+07 0.807196 0.535707 0 1.936e-05
5.40165e+07 0.807196 0.535707 0 1.936e-05
1.59758e+07 0 1 0 6.54592e-05
2.56932e+07 0.378569 0.760062 0 4.07017e-05
2.79393e+07 0.428627 0.775645 0 3.74297e-05
5.40165e+07 0.807196 0.535707 0 1.936e-05
5.40165e+07 0.807196 0.535707 0 1.936e-05
5.40165e+07 0.807196 0.535707 0 1.936e-05
2.79393e+07 0.428627 0.775645 0 3.74297e-05
1.59758e+07 0 1 0 6.54592e-05
2.56932e+07 0.378569 0.760062 0 4.07017e-05
2.56932e+07 0.378569 0.760062 0 4.07017e-05
5.40165e+07 0.807196 0.535707 0 1.936e-05
5.40165e+07 0.807196 0.535707 0 1.936e-05
5.40165e+07 0.807196 0.535707 0 1.936e-05
2.79393e+07 0.428627 0.775645 0 3.74297e-05
5.40165e+07 0.807196 0.535707 0 1.936e-05
1.59758e+07 0 1 0 6.54592e-05
5.40165e+07 0.807196 0.535707 0 1.936e-05
5.10625e+07 1 0.424285 0.193365 2.048e-05
5.40165e+07 0.807196 0.535707 0 1.936e-05
5.40165e+07 0.807196 0.535707 0 1.936e-05
2.79393e+07 0.428627 0.775645 0 3.74297e-05
5.40165e+07 0.807196 0.535707 0 1.936e-05
5.10625e+07 1 0.424285 0.193365 2.048e-05
5.40165e+07 0.807196 0.535707 0 1.936e-05
5.40165e+07 0.807196 0.535707 0 1.936e-05
5.40165e+07 0.807196 0.535707 0 1.936e-05
5.10625e+07 1 0.424285 0.193365 2.048e-05
5.40165e+07 0.807196 0.535707 0 1.936e-05
2.79393e+07 0.428627 0.775645 0 3.74297e-05
5.40165e+07 0.807196 0.535707 0 1.936e-05
5.40165e+07 0.807196 0.535707 0 1.936e-05
5.40165e+07 0.807196 0.535707 0 1.936e-05
5.40165e+07 0.807196 0.535707 0 1.936e-05
5.40165e+07 0.807196 0.535707 0 1.936e-05
2.56932e+07 0.378569 0.760062 0 4.07017e-05
5.10625e+07 1 0.424285 0.193365 2.048e-05
2.56932e+07 0.378569 0.760062 0 4.07017e-05
5.40165e+07 0.807196 0.535707 0 1.936e-05
2.79393e+07 0.428627 0.775645 0 3.74297e-05
2.79393e+07 0.428627 0.775645 0 3.74297e-05
5.40165e+07 0.807196 0.535707 0 1.936e-05
5.10625e+07 1 0.424285 0.193365 2.048e-05
