2.86282e+07 0.590087 0.559172 0.0464947 3.60483e-05
2.50745e+07 0.531778 0.63182 0 4.11574e-05
2.50745e+07 0.531778 0.63182 0 4.11574e-05
2.50745e+07 0.531778 0.63182 0 4.11574e-05
2.50745e+07 0.531778 0.63182 0 4.11574e-05
2.50745e+07 0.531778 0.63182 0 4.11574e-05
2.50745e+07 0.531778 0.63182 0 4.11574e-05
3.33616e+07 0.648397 0.515583 0 3.09338e-05
1.17529e+07 0 1 0 8.7808e-05
2.50745e+07 0.531778 0.63182 0 4.11574e-05
2.86282e+07 0.590087 0.559172 0.0464947 3.60483e-05
2.50745e+07 0.531778 0.63182 0 4.11574e-05
2.50745e+07 0.531778 0.63182 0 4.11574e-05
1.17529e+07 0 1 0 8.7808e-05
1.17529e+07 0 1 0 8.7808e-05
2.86282e+07 0.590087 0.559172 0.0464947 3.60483e-05
2.50745e+07 0.531778 0.63182 0 4.11574e-05
2.50745e+07 0.531778 0.63182 0 4.11574e-05
2.50745e+07 0.531778 0.63182 0 4.11574e-05
2.50745e+07 0.531778 0.63182 0 4.11574e-05
2.50745e+07 0.531778 0.63182 0 4.11574e-05
2.86282e+07 0.590087 0.559172 0.0464947 3.60483e-05
2.50745e+07 0.531778 0.63182 0 4.11574e-05
2.86282e+07 0.590087 0.559172 0.0464947 3.60483e-05
1.24776e+07 0.058309 0.834363 0 8.27085e-05
2.50745e+07 0.531778 0.63182 0 4.11574e-05
2.86282e+07 0.590087 0.559172 0.0464947 3.60483e-05
1.53233e+07 0.233236 0.864875 0 6.73485e-05
2.86282e+07 0.590087 0.559172 0.0464947 3.60483e-05
1.17529e+07 0 1 0 8.7808e-05
2.5934e+07 0.547376 0.590265 0.0414094 3.97932e-05
2.50745e+07 0.531778 0.63182 0 4.11574e-05
2.86282e+07 0.590087 0.559172 0.0464947 3.60483e-05
2.50745e+07 0.531778 0.63182 0 4.11574e-05
1.17529e+07 0 1 0 8.7808e-05
2.86282e+07 0.590087 0.559172 0.0464947 3.60483e-05
5.03906e+07 0.838921 0.527788 0.160552 2.048e-05
2.50745e+07 0.531778 0.63182 0 4.11574e-05
2.50745e+07 0.531778 0.63182 0 4.11574e-05
2.50745e+07 0.531778 0.63182 0 4.11574e-05
4.98568e+07 0.765015 0.496695 0 2.06993e-05
2.50745e+07 0.531778 0.63182 0 4.11574e-05
1.17529e+07 0 1 0 8.7808e-05
2.50745e+07 0.531778 0.63182 0 4.11574e-05
2.86282e+07 0.590087 0.559172 0.0464947 3.60483e-05
2.86282e+07 0.590087 0.559172 0.0464947 3.60483e-05
2.86282e+07 0.590087 0.559172 0.0464947 3.60483e-05
1.24776e+07 0.058309 0.834363 0 8.27085e-05
2.50745e+07 0.531778 0.63182 0 4.11574e-05
2.50745e+07 0.531778 0.63182 0 4.11574e-05
2.50745e+07 0.531778 0.63182 0 4.11574e-05
2.50745e+07 0.531778 0.63182 0 4.11574e-05
2.86282e+07 0.590087 0.559172 0.0464947 3.60483e-05
2.50745e+07 0.531778 0.63182 0 4.11574e-05
2.50745e+07 0.531778 0.63182 0 4.11574e-05
1.17529e+07 0 1 0 8.7808e-05
2.50745e+07 0.531778 0.63182 0 4.11574e-05
1.17529e+07 0 1 0 8.7808e-05
2.50745e+07 0.531778 0.63182 0 4.11574e-05
2.50745e+07 0.531778 0.63182 0 4.11574e-05
2.50745e+07 0.531778 0.63182 0 4.11574e-05
1.17529e+07 0 1 0 8.7808e-05
1.17529e+07 0 1 0 8.7808e-05
2.50745e+07 0.531778 0.63182 0 4.11574e-05
2.54671e+07 0.539067 0.626008 0.0464947 4.05228e-05
2.50745e+07 0.531778 0.63182 0 4.11574e-05
2.54671e+07 0.539067 0.626008 0.0464947 4.05228e-05
2.50745e+07 0.531778 0.63182 0 4.11574e-05
1.17529e+07 0 1 0 8.7808e-05
3.33616e+07 0.648397 0.515583 0 3.09338e-05
1.22052e+07 0.037172 0.930258 0 8.45542e-05
3.33616e+07 0.648397 0.515583 0 3.09338e-05
2.86282e+07 0.590087 0.559172 0.0464947 3.60483e-05
2.50745e+07 0.531778 0.63182 0 4.11574e-05
2.50745e+07 0.531778 0.63182 0 4.11574e-05
1.22052e+07 0.037172 0.930258 0 8.45542e-05
2.50745e+07 0.531778 0.63182 0 4.11574e-05
2.86282e+07 0.590087 0.559172 0.0464947 3.60483e-05
3.33616e+07 0.648397 0.515583 0 3.09338e-05
2.50745e+07 0.531778 0.63182 0 4.11574e-05
2.50745e+07 0.531778 0.63182 0 4.11574e-05
2.86282e+07 0.590087 0.559172 0.0464947 3.60483e-05
2.50745e+07 0.531778 0.63182 0 4.11574e-05
1.17529e+07 0 1 0 8.7808e-05
2.50745e+07 0.531778 0.63182 0 4.11574e-05
2.50745e+07 0.531778 0.63182 0 4.11574e-05
2.50745e+07 0.531778 0.63182 0 4.11574e-05
2.50745e+07 0.531778 0.63182 0 4.11574e-05
2.54671e+07 0.539067 0.626008 0.0464947 4.05228e-05
2.50745e+07 0.531778 0.63182 0 4.11574e-05
2.86282e+07 0.590087 0.559172 0.0464947 3.60483e-05
2.50745e+07 0.531778 0.63182 0 4.11574e-05
2.50745e+07 0.531778 0.63182 0 4.11574e-05
1.17529e+07 0 1 0 8.7808e-05
1.17529e+07 0 1 0 8.7808e-05
2.50745e+07 0.531778 0.63182 0 4.11574e-05
2.86282e+07 0.590087 0.559172 0.0464947 3.60483e-05
