1.58384e+07 0.47325 0.656254 0.18998 6.90475e-05
1.44241e+07 0.421459 0.748342 0.126588 7.58175e-05
1.22999e+07 0.321591 0.655304 0.053682 8.89115e-05
1.37342e+07 0.392437 0.709235 0.0412104 7.96261e-05
1.35813e+07 0.385499 0.785098 0.103135 8.05225e-05
1.74143e+07 0.521058 0.590014 0.0940791 6.27991e-05
1.44241e+07 0.421459 0.748342 0.126588 7.58175e-05
1.69102e+07 0.506767 0.57944 0.0412104 6.46711e-05
1.24267e+07 0.328529 0.687636 0 8.80043e-05
1.69102e+07 0.506767 0.57944 0.0412104 6.46711e-05
1.58384e+07 0.47325 0.656254 0.18998 6.90475e-05
1.69102e+07 0.506767 0.57944 0.0412104 6.46711e-05
1.37342e+07 0.392437 0.709235 0.0412104 7.96261e-05
1.26967e+07 0.34282 0.69821 0.0528686 8.61323e-05
1.26967e+07 0.34282 0.69821 0.0528686 8.61323e-05
1.50104e+07 0.444227 0.617148 0.104602 7.28561e-05
2.08288e+07 0.599599 0.617271 0.0412104 5.25041e-05
1.69102e+07 0.506767 0.57944 0.0412104 6.46711e-05
2.91354e+07 0.71393 0.548786 0.0718652 3.75351e-05
1.69102e+07 0.506767 0.57944 0.0412104 6.46711e-05
1.69102e+07 0.506767 0.57944 0.0412104 6.46711e-05
2.39194e+07 0.65139 0.647803 0.165912 4.57201e-05
2.08288e+07 0.599599 0.617271 0.0412104 5.25041e-05
2.39194e+07 0.65139 0.647803 0.165912 4.57201e-05
1.13692e+07 0.265989 0.725343 0.0633918 9.61893e-05
1.44241e+07 0.421459 0.748342 0.126588 7.58175e-05
1.58384e+07 0.47325 0.656254 0.18998 6.90475e-05
1.06217e+07 0.214198 0.817431 0 0.000102959
1.58384e+07 0.47325 0.656254 0.18998 6.90475e-05
1.10281e+07 0.243221 0.749173 0.0316959 9.91647e-05
1.38607e+07 0.398129 0.566748 0 7.88995e-05
1.69102e+07 0.506767 0.57944 0.0412104 6.46711e-05
1.50104e+07 0.444227 0.617148 0.104602 7.28561e-05
3.75074e+07 0.777837 0.617271 0.0906629 2.91569e-05
1.24267e+07 0.328529 0.687636 0 8.80043e-05
1.50104e+07 0.444227 0.617148 0.104602 7.28561e-05
1.10182e+07 0.242757 0.535638 0.0478981 9.92535e-05
1.37342e+07 0.392437 0.709235 0.0412104 7.96261e-05
2.91354e+07 0.71393 0.548786 0.0718652 3.75351e-05
1.37342e+07 0.392437 0.709235 0.0412104 7.96261e-05
1.37342e+07 0.392437 0.709235 0.0412104 7.96261e-05
1.69102e+07 0.506767 0.57944 0.0412104 6.46711e-05
1.24267e+07 0.328529 0.687636 0 8.80043e-05
1.69102e+07 0.506767 0.57944 0.0412104 6.46711e-05
1.58384e+07 0.47325 0.656254 0.18998 6.90475e-05
1.58384e+07 0.47325 0.656254 0.18998 6.90475e-05
1.50104e+07 0.444227 0.617148 0.104602 7.28561e-05
2.02203e+07 0.587482 0.687513 0.155356 5.40843e-05
2.91354e+07 0.71393 0.548786 0.0718652 3.75351e-05
1.37342e+07 0.392437 0.709235 0.0412104 7.96261e-05
1.94318e+07 0.570675 0.709235 0.0906629 5.62789e-05
1.37342e+07 0.392437 0.709235 0.0412104 7.96261e-05
1.88874e+07 0.558558 0.487353 0.104602 5.79012e-05
1.69102e+07 0.506767 0.57944 0.0412104 6.46711e-05
1.37342e+07 0.392437 0.709235 0.0412104 7.96261e-05
8.34881e+06 0 1 0 0.000130989
1.01574e+07 0.178238 0.809384 0 0.000107665
1.79667e+07 0.535692 0.656981 0.0306548 6.08683e-05
1.44241e+07 0.421459 0.748342 0.126588 7.58175e-05
1.69102e+07 0.506767 0.57944 0.0412104 6.46711e-05
2.91354e+07 0.71393 0.548786 0.0718652 3.75351e-05
1.06217e+07 0.214198 0.817431 0 0.000102959
8.34881e+06 0 1 0 0.000130989
1.01574e+07 0.178238 0.809384 0 0.000107665
1.42486e+07 0.414423 0.693134 0.053682 7.67515e-05
1.94318e+07 0.570675 0.709235 0.0906629 5.62789e-05
1.44241e+07 0.421459 0.748342 0.126588 7.58175e-05
2.08288e+07 0.599599 0.617271 0.0412104 5.25041e-05
1.10281e+07 0.243221 0.749173 0.0316959 9.91647e-05
1.37342e+07 0.392437 0.709235 0.0412104 7.96261e-05
8.34881e+06 0 1 0 0.000130989
1.69102e+07 0.506767 0.57944 0.0412104 6.46711e-05
1.58384e+07 0.47325 0.656254 0.18998 6.90475e-05
1.79684e+07 0.535789 0.618547 0.126588 6.08625e-05
1.37342e+07 0.392437 0.709235 0.0412104 7.96261e-05
1.06217e+07 0.214198 0.817431 0 0.000102959
1.69102e+07 0.506767 0.57944 0.0412104 6.46711e-05
1.88874e+07 0.558558 0.487353 0.104602 5.79012e-05
2.08288e+07 0.599599 0.617271 0.0412104 5.25041e-05
1.44241e+07 0.421459 0.748342 0.126588 7.58175e-05
1.94318e+07 0.570675 0.709235 0.0906629 5.62789e-05
1.88874e+07 0.558558 0.487353 0.104602 5.79012e-05
1.44241e+07 0.421459 0.748342 0.126588 7.58175e-05
1.24267e+07 0.328529 0.687636 0 8.80043e-05
1.37342e+07 0.392437 0.709235 0.0412104 7.96261e-05
2.08288e+07 0.599599 0.617271 0.0412104 5.25041e-05
2.64641e+07 0.685005 0.57944 0.0906629 4.13239e-05
2.91354e+07 0.71393 0.548786 0.0718652 3.75351e-05
1.44241e+07 0.421459 0.748342 0.126588 7.58175e-05
1.05286e+07 0.20726 0.785098 0.053682 0.00010387
1.88874e+07 0.558558 0.487353 0.104602 5.79012e-05
1.22999e+07 0.321591 0.655304 0.053682 8.89115e-05
1.44241e+07 0.421459 0.748342 0.126588 7.58175e-05
1.06217e+07 0.214198 0.817431 0 0.000102959
1.26967e+07 0.34282 0.69821 0.0528686 8.61323e-05
1.94318e+07 0.570675 0.709235 0.0906629 5.62789e-05
1.58384e+07 0.47325 0.656254 0.18998 6.90475e-05
