3.46327e+07 0.680441 0.504991 0.0446922 2.61032e-05
2.83162e+07 0.608794 0.617866 0 3.19259e-05
1.50801e+07 0.264383 0.81586 0 5.99479e-05
2.83162e+07 0.608794 0.617866 0 3.19259e-05
1.50801e+07 0.264383 0.81586 0 5.99479e-05
2.83162e+07 0.608794 0.617866 0 3.19259e-05
2.83162e+07 0.608794 0.617866 0 3.19259e-05
4.74138e+07 0.780999 0.583492 0.0687476 1.90667e-05
1.69179e+07 0.344411 0.802006 0 5.3436e-05
2.83162e+07 0.608794 0.617866 0 3.19259e-05
3.46327e+07 0.680441 0.504991 0.0446922 2.61032e-05
2.83162e+07 0.608794 0.617866 0 3.19259e-05
2.83162e+07 0.608794 0.617866 0 3.19259e-05
1.69179e+07 0.344411 0.802006 0 5.3436e-05
1.69179e+07 0.344411 0.802006 0 5.3436e-05
3.46327e+07 0.680441 0.504991 0.0446922 2.61032e-05
2.83162e+07 0.608794 0.617866 0 3.19259e-05
2.83162e+07 0.608794 0.617866 0 3.19259e-05
2.83162e+07 0.608794 0.617866 0 3.19259e-05
2.83162e+07 0.608794 0.617866 0 3.19259e-05
2.83162e+07 0.608794 0.617866 0 3.19259e-05
3.46327e+07 0.680441 0.504991 0.0446922 2.61032e-05
2.83162e+07 0.608794 0.617866 0 3.19259e-05
3.46327e+07 0.680441 0.504991 0.0446922 2.61032e-05
1.89868e+07 0.416058 0.68913 0.0446922 4.76132e-05
2.83162e+07 0.608794 0.617866 0 3.19259e-05
3.46327e+07 0.680441 0.504991 0.0446922 2.61032e-05
1.69179e+07 0.344411 0.802006 0 5.3436e-05
3.46327e+07 0.680441 0.504991 0.0446922 2.61032e-05
1.69179e+07 0.344411 0.802006 0 5.3436e-05
1.50801e+07 0.264383 0.81586 0 5.99479e-05
2.83162e+07 0.608794 0.617866 0 3.19259e-05
4.41417e+07 0.819127 0.520667 0.145153 2.048e-05
2.83162e+07 0.608794 0.617866 0 3.19259e-05
1.69179e+07 0.344411 0.802006 0 5.3436e-05
3.46327e+07 0.680441 0.504991 0.0446922 2.61032e-05
1.66987e+07 0.33603 0.613601 0 5.41373e-05
2.83162e+07 0.608794 0.617866 0 3.19259e-05
2.83162e+07 0.608794 0.617866 0 3.19259e-05
2.83162e+07 0.608794 0.617866 0 3.19259e-05
2.83162e+07 0.608794 0.617866 0 3.19259e-05
2.83162e+07 0.608794 0.617866 0 3.19259e-05
1.69179e+07 0.344411 0.802006 0 5.3436e-05
2.83162e+07 0.608794 0.617866 0 3.19259e-05
3.46327e+07 0.680441 0.504991 0.0446922 2.61032e-05
3.46327e+07 0.680441 0.504991 0.0446922 2.61032e-05
3.46327e+07 0.680441 0.504991 0.0446922 2.61032e-05
1.89868e+07 0.416058 0.68913 0.0446922 4.76132e-05
2.83162e+07 0.608794 0.617866 0 3.19259e-05
4.37956e+07 0.747479 0.51913 0.0432547 2.06419e-05
2.83162e+07 0.608794 0.617866 0 3.19259e-05
2.83162e+07 0.608794 0.617866 0 3.19259e-05
3.46327e+07 0.680441 0.504991 0.0446922 2.61032e-05
2.83162e+07 0.608794 0.617866 0 3.19259e-05
2.83162e+07 0.608794 0.617866 0 3.19259e-05
1.1097e+07 0 1 0 8.14655e-05
1.50801e+07 0.264383 0.81586 0 5.99479e-05
1.69179e+07 0.344411 0.802006 0 5.3436e-05
2.83162e+07 0.608794 0.617866 0 3.19259e-05
2.83162e+07 0.608794 0.617866 0 3.19259e-05
2.83162e+07 0.608794 0.617866 0 3.19259e-05
1.69179e+07 0.344411 0.802006 0 5.3436e-05
1.1097e+07 0 1 0 8.14655e-05
1.85767e+07 0.403069 0.717125 0.0432547 4.86644e-05
1.5255e+07 0.273051 0.698208 0 5.92608e-05
2.83162e+07 0.608794 0.617866 0 3.19259e-05
2.89372e+07 0.617462 0.500213 0 3.12409e-05
2.83162e+07 0.608794 0.617866 0 3.19259e-05
1.69179e+07 0.344411 0.802006 0 5.3436e-05
4.74138e+07 0.780999 0.583492 0.0687476 1.90667e-05
1.1097e+07 0 1 0 8.14655e-05
4.74138e+07 0.780999 0.583492 0.0687476 1.90667e-05
3.46327e+07 0.680441 0.504991 0.0446922 2.61032e-05
2.83162e+07 0.608794 0.617866 0 3.19259e-05
2.83162e+07 0.608794 0.617866 0 3.19259e-05
1.69179e+07 0.344411 0.802006 0 5.3436e-05
2.83162e+07 0.608794 0.617866 0 3.19259e-05
3.46327e+07 0.680441 0.504991 0.0446922 2.61032e-05
4.74138e+07 0.780999 0.583492 0.0687476 1.90667e-05
2.83162e+07 0.608794 0.617866 0 3.19259e-05
2.83162e+07 0.608794 0.617866 0 3.19259e-05
3.46327e+07 0.680441 0.504991 0.0446922 2.61032e-05
2.83162e+07 0.608794 0.617866 0 3.19259e-05
1.69179e+07 0.344411 0.802006 0 5.3436e-05
2.83162e+07 0.608794 0.617866 0 3.19259e-05
2.83162e+07 0.608794 0.617866 0 3.19259e-05
2.83162e+07 0.608794 0.617866 0 3.19259e-05
2.83162e+07 0.608794 0.617866 0 3.19259e-05
2.89372e+07 0.617462 0.500213 0 3.12409e-05
1.50801e+07 0.264383 0.81586 0 5.99479e-05
3.46327e+07 0.680441 0.504991 0.0446922 2.61032e-05
1.50801e+07 0.264383 0.81586 0 5.99479e-05
2.83162e+07 0.608794 0.617866 0 3.19259e-05
1.69179e+07 0.344411 0.802006 0 5.3436e-05
1.69179e+07 0.344411 0.802006 0 5.3436e-05
2.83162e+07 0.608794 0.617866 0 3.19259e-05
3.46327e+07 0.680441 0.504991 0.0446922 2.61032e-05
