2.57162e+07 0.644229 0.492808 0.101371 4.92977e-05
2.57162e+07 0.644229 0.492808 0.101371 4.92977e-05
2.00022e+07 0.542447 0.460733 0.0583398 6.33806e-05
4.92521e+07 0.826278 0.51722 0.104465 2.574e-05
1.60525e+07 0.429563 0.584298 0.0583398 7.89754e-05
3.49805e+07 0.738607 0.465185 0.124227 3.62417e-05
4.92521e+07 0.858894 0.492808 0.162805 2.574e-05
3.31927e+07 0.724497 0.45509 0.0737481 3.81937e-05
2.00071e+07 0.542216 0.760319 0.0921521 6.33651e-05
4.92521e+07 0.939163 0.45509 0.135183 2.574e-05
2.57162e+07 0.644229 0.492808 0.101371 4.92977e-05
4.92521e+07 0.939163 0.45509 0.135183 2.574e-05
4.92521e+07 0.826278 0.51722 0.104465 2.574e-05
1.39146e+07 0.341661 0.770414 0.0811958 9.11091e-05
2.0643e+07 0.556327 0.770414 0.14263 6.14131e-05
2.35631e+07 0.611612 0.51722 0.0430308 5.38022e-05
4.92521e+07 0.826278 0.51722 0.104465 2.574e-05
4.92521e+07 0.939163 0.45509 0.135183 2.574e-05
3.31927e+07 0.724497 0.45509 0.0737481 3.81937e-05
4.92521e+07 0.939163 0.45509 0.135183 2.574e-05
4.92521e+07 0.939163 0.45509 0.135183 2.574e-05
2.35631e+07 0.611612 0.51722 0.0430308 5.38022e-05
4.92521e+07 0.826278 0.51722 0.104465 2.574e-05
2.35631e+07 0.611612 0.51722 0.0430308 5.38022e-05
1.60528e+07 0.429331 0.822448 0.0614347 7.89737e-05
4.92521e+07 0.858894 0.492808 0.162805 2.574e-05
2.57162e+07 0.644229 0.492808 0.101371 4.92977e-05
1.60528e+07 0.429331 0.822448 0.0614347 7.89737e-05
2.57162e+07 0.644229 0.492808 0.101371 4.92977e-05
1.70204e+07 0.461948 0.681357 0.0614347 7.4484e-05
1.51862e+07 0.396947 0.60871 0 8.34804e-05
4.92521e+07 0.939163 0.45509 0.135183 2.574e-05
2.35631e+07 0.611612 0.51722 0.0430308 5.38022e-05
2.35631e+07 0.611612 0.51722 0.0430308 5.38022e-05
2.00071e+07 0.542216 0.760319 0.0921521 6.33651e-05
4.92521e+07 0.826278 0.51722 0.104465 2.574e-05
1.51862e+07 0.396947 0.60871 0 8.34804e-05
4.92521e+07 0.826278 0.51722 0.104465 2.574e-05
3.31927e+07 0.724497 0.45509 0.0737481 3.81937e-05
5.3878e+07 0.832986 0.521059 0.1659 2.353e-05
4.92521e+07 0.826278 0.51722 0.104465 2.574e-05
4.92521e+07 0.939163 0.45509 0.135183 2.574e-05
2.00071e+07 0.542216 0.760319 0.0921521 6.33651e-05
3.41071e+07 0.731899 0.465682 0.126709 3.71697e-05
2.57162e+07 0.644229 0.492808 0.101371 4.92977e-05
2.57162e+07 0.644229 0.492808 0.101371 4.92977e-05
2.35631e+07 0.611612 0.51722 0.0430308 5.38022e-05
1.36228e+07 0.32755 0.760319 0.0307174 9.30611e-05
3.31927e+07 0.724497 0.45509 0.0737481 3.81937e-05
2.35631e+07 0.611612 0.51722 0.0430308 5.38022e-05
4.92521e+07 0.826278 0.51722 0.104465 2.574e-05
4.92521e+07 0.826278 0.51722 0.104465 2.574e-05
3.31927e+07 0.724497 0.45509 0.0737481 3.81937e-05
4.92521e+07 0.939163 0.45509 0.135183 2.574e-05
4.92521e+07 0.826278 0.51722 0.104465 2.574e-05
1.17682e+07 0.221374 0.88097 0.0614347 0.000107727
1.53748e+07 0.404349 0.619302 0.052961 8.24564e-05
1.36228e+07 0.32755 0.760319 0.0307174 9.30611e-05
2.62617e+07 0.651631 0.5034 0.154332 4.82737e-05
4.92521e+07 0.939163 0.45509 0.135183 2.574e-05
3.31927e+07 0.724497 0.45509 0.0737481 3.81937e-05
1.60528e+07 0.429331 0.822448 0.0614347 7.89737e-05
1.16677e+07 0.214666 0.877131 0 0.000108655
1.51862e+07 0.396947 0.60871 0 8.34804e-05
1.60525e+07 0.429563 0.584298 0.0583398 7.89754e-05
2.35631e+07 0.611612 0.51722 0.0430308 5.38022e-05
2.57162e+07 0.644229 0.492808 0.101371 4.92977e-05
4.92521e+07 0.826278 0.51722 0.104465 2.574e-05
1.70204e+07 0.461948 0.681357 0.0614347 7.4484e-05
2.35631e+07 0.611612 0.51722 0.0430308 5.38022e-05
1.17682e+07 0.221374 0.88097 0.0614347 0.000107727
3.31927e+07 0.724497 0.45509 0.0737481 3.81937e-05
2.57162e+07 0.644229 0.492808 0.101371 4.92977e-05
3.76309e+07 0.757113 0.430678 0.132088 3.36891e-05
2.40203e+07 0.619015 0.527812 0.0959917 5.27782e-05
1.16661e+07 0.214666 0.822448 0 0.00010867
4.92521e+07 0.939163 0.45509 0.135183 2.574e-05
3.31927e+07 0.724497 0.45509 0.0737481 3.81937e-05
2.35631e+07 0.611612 0.51722 0.0430308 5.38022e-05
2.57162e+07 0.644229 0.492808 0.101371 4.92977e-05
4.92521e+07 0.826278 0.51722 0.104465 2.574e-05
3.31927e+07 0.724497 0.45509 0.0737481 3.81937e-05
4.92521e+07 0.858894 0.492808 0.162805 2.574e-05
2.00071e+07 0.542216 0.760319 0.0921521 6.33651e-05
4.92521e+07 0.826278 0.51722 0.104465 2.574e-05
2.35631e+07 0.611612 0.51722 0.0430308 5.38022e-05
3.31927e+07 0.724497 0.45509 0.0737481 3.81937e-05
3.31927e+07 0.724497 0.45509 0.0737481 3.81937e-05
2.57162e+07 0.644229 0.492808 0.101371 4.92977e-05
1.60525e+07 0.429563 0.584298 0.0583398 7.89754e-05
3.31927e+07 0.724497 0.45509 0.0737481 3.81937e-05
3.76143e+07 0.757113 0.337864 0.0583398 3.37039e-05
4.92521e+07 0.858894 0.492808 0.162805 2.574e-05
1.62606e+07 0.436734 0.727119 0.0614347 7.79645e-05
1.39146e+07 0.341661 0.770414 0.0811958 9.11091e-05
4.92521e+07 0.826278 0.51722 0.104465 2.574e-05
2.57162e+07 0.644229 0.492808 0.101371 4.92977e-05
