1.36417e+07 0.305423 0.815278 0 6.83393e-05
1.36417e+07 0.305423 0.815278 0 6.83393e-05
1.12778e+07 0.159653 0.872346 0 8.26636e-05
2.43399e+07 0.610846 0.815278 0.0638724 3.8302e-05
9.47941e+06 0 1 0 9.83465e-05
1.77084e+07 0.465076 0.751497 0.0319361 5.26455e-05
2.43399e+07 0.610846 0.815278 0.0638724 3.8302e-05
1.77084e+07 0.465076 0.751497 0.0319361 5.26455e-05
4.12358e+07 0.770499 0.751497 0.0958085 2.26082e-05
4.12358e+07 0.770499 0.751497 0.0958085 2.26082e-05
1.36417e+07 0.305423 0.815278 0 6.83393e-05
4.12358e+07 0.770499 0.751497 0.0958085 2.26082e-05
2.43399e+07 0.610846 0.815278 0.0638724 3.8302e-05
1.77084e+07 0.465076 0.751497 0.0319361 5.26455e-05
4.12358e+07 0.770499 0.751497 0.0958085 2.26082e-05
1.36417e+07 0.305423 0.815278 0 6.83393e-05
2.43399e+07 0.610846 0.815278 0.0638724 3.8302e-05
4.12358e+07 0.770499 0.751497 0.0958085 2.26082e-05
1.77084e+07 0.465076 0.751497 0.0319361 5.26455e-05
4.12358e+07 0.770499 0.751497 0.0958085 2.26082e-05
4.12358e+07 0.770499 0.751497 0.0958085 2.26082e-05
1.36417e+07 0.305423 0.815278 0 6.83393e-05
2.43399e+07 0.610846 0.815278 0.0638724 3.8302e-05
1.36417e+07 0.305423 0.815278 0 6.83393e-05
2.43399e+07 0.610846 0.815278 0.0638724 3.8302e-05
2.43399e+07 0.610846 0.815278 0.0638724 3.8302e-05
1.36417e+07 0.305423 0.815278 0 6.83393e-05
2.49699e+07 0.620824 0.768826 0.127745 3.73357e-05
1.36417e+07 0.305423 0.815278 0 6.83393e-05
3.78069e+07 0.749675 0.749047 0.109236 2.46586e-05
9.47941e+06 0 1 0 9.83465e-05
4.12358e+07 0.770499 0.751497 0.0958085 2.26082e-05
1.36417e+07 0.305423 0.815278 0 6.83393e-05
1.36417e+07 0.305423 0.815278 0 6.83393e-05
4.55208e+07 0.909327 0.685266 0.141172 2.048e-05
2.43399e+07 0.610846 0.815278 0.0638724 3.8302e-05
9.47941e+06 0 1 0 9.83465e-05
2.43399e+07 0.610846 0.815278 0.0638724 3.8302e-05
1.77084e+07 0.465076 0.751497 0.0319361 5.26455e-05
2.43399e+07 0.610846 0.815278 0.0638724 3.8302e-05
2.43399e+07 0.610846 0.815278 0.0638724 3.8302e-05
4.12358e+07 0.770499 0.751497 0.0958085 2.26082e-05
4.55208e+07 0.909327 0.685266 0.141172 2.048e-05
1.77084e+07 0.465076 0.751497 0.0319361 5.26455e-05
1.36417e+07 0.305423 0.815278 0 6.83393e-05
1.36417e+07 0.305423 0.815278 0 6.83393e-05
1.36417e+07 0.305423 0.815278 0 6.83393e-05
1.77084e+07 0.465076 0.751497 0.0319361 5.26455e-05
1.77084e+07 0.465076 0.751497 0.0319361 5.26455e-05
1.36417e+07 0.305423 0.815278 0 6.83393e-05
2.43399e+07 0.610846 0.815278 0.0638724 3.8302e-05
3.78069e+07 0.749675 0.749047 0.109236 2.46586e-05
1.77084e+07 0.465076 0.751497 0.0319361 5.26455e-05
4.12358e+07 0.770499 0.751497 0.0958085 2.26082e-05
2.43399e+07 0.610846 0.815278 0.0638724 3.8302e-05
1.45098e+07 0.347072 0.750317 0 6.42508e-05
9.47941e+06 0 1 0 9.83465e-05
2.39027e+07 0.603904 0.685266 0.0773 3.90026e-05
1.36417e+07 0.305423 0.815278 0 6.83393e-05
4.12358e+07 0.770499 0.751497 0.0958085 2.26082e-05
1.77084e+07 0.465076 0.751497 0.0319361 5.26455e-05
3.78069e+07 0.749675 0.749047 0.109236 2.46586e-05
1.38405e+07 0.315401 0.825803 0.0638724 6.73579e-05
9.88976e+06 0.0416486 0.878062 0 9.42659e-05
9.47941e+06 0 1 0 9.83465e-05
1.36417e+07 0.305423 0.815278 0 6.83393e-05
1.36417e+07 0.305423 0.815278 0 6.83393e-05
2.43399e+07 0.610846 0.815278 0.0638724 3.8302e-05
3.78069e+07 0.749675 0.749047 0.109236 2.46586e-05
1.36417e+07 0.305423 0.815278 0 6.83393e-05
1.83258e+07 0.483297 0.661404 0.0680457 5.08719e-05
1.77084e+07 0.465076 0.751497 0.0319361 5.26455e-05
1.36417e+07 0.305423 0.815278 0 6.83393e-05
1.77084e+07 0.465076 0.751497 0.0319361 5.26455e-05
1.36417e+07 0.305423 0.815278 0 6.83393e-05
1.99271e+07 0.524946 0.642896 0.148249 4.67839e-05
4.12358e+07 0.770499 0.751497 0.0958085 2.26082e-05
1.77084e+07 0.465076 0.751497 0.0319361 5.26455e-05
1.36417e+07 0.305423 0.815278 0 6.83393e-05
1.36417e+07 0.305423 0.815278 0 6.83393e-05
2.43399e+07 0.610846 0.815278 0.0638724 3.8302e-05
1.77084e+07 0.465076 0.751497 0.0319361 5.26455e-05
2.43399e+07 0.610846 0.815278 0.0638724 3.8302e-05
4.55208e+07 0.909327 0.685266 0.141172 2.048e-05
2.43399e+07 0.610846 0.815278 0.0638724 3.8302e-05
1.36417e+07 0.305423 0.815278 0 6.83393e-05
1.77084e+07 0.465076 0.751497 0.0319361 5.26455e-05
1.77084e+07 0.465076 0.751497 0.0319361 5.26455e-05
1.36417e+07 0.305423 0.815278 0 6.83393e-05
9.47941e+06 0 1 0 9.83465e-05
1.77084e+07 0.465076 0.751497 0.0319361 5.26455e-05
1.77084e+07 0.465076 0.744601 0 5.26455e-05
2.43399e+07 0.610846 0.815278 0.0638724 3.8302e-05
2.49699e+07 0.620824 0.768826 0.127745 3.73357e-05
1.77084e+07 0.465076 0.751497 0.0319361 5.26455e-05
2.43399e+07 0.610846 0.815278 0.0638724 3.8302e-05
1.36417e+07 0.305423 0.815278 0 6.83393e-05
