2.25897e+07 0.572925 0.465097 0.10604 4.6778e-05
1.97337e+07 0.510886 0.558451 0.0417769 5.35479e-05
1.59128e+07 0.393363 0.526517 0 6.64057e-05
1.82228e+07 0.470092 0.71275 0.0417769 5.79877e-05
1.29512e+07 0.254302 0.659976 0 8.15912e-05
2.69133e+07 0.641519 0.570005 0.128329 3.92631e-05
1.97337e+07 0.510886 0.558451 0.0417769 5.35479e-05
2.4696e+07 0.609154 0.643555 0.0739086 4.27883e-05
1.59812e+07 0.395646 0.745725 0.0321316 6.61215e-05
2.4696e+07 0.609154 0.643555 0.0739086 4.27883e-05
2.25897e+07 0.572925 0.465097 0.10604 4.6778e-05
2.4696e+07 0.609154 0.643555 0.0739086 4.27883e-05
1.82228e+07 0.470092 0.71275 0.0417769 5.79877e-05
1.68812e+07 0.428011 0.672176 0.0865516 6.25963e-05
1.68812e+07 0.428011 0.672176 0.0865516 6.25963e-05
2.06315e+07 0.532132 0.619397 0.10604 5.12177e-05
3.42354e+07 0.718249 0.619522 0.0417769 3.08657e-05
2.4696e+07 0.609154 0.643555 0.0739086 4.27883e-05
5.15967e+07 0.85731 0.550326 0.0739086 2.048e-05
2.4696e+07 0.609154 0.643555 0.0739086 4.27883e-05
2.4696e+07 0.609154 0.643555 0.0739086 4.27883e-05
4.38798e+07 0.780288 0.650474 0.168193 2.40817e-05
3.42354e+07 0.718249 0.619522 0.0417769 3.08657e-05
4.38798e+07 0.780288 0.650474 0.168193 2.40817e-05
1.41742e+07 0.318623 0.721568 0.0642632 7.45509e-05
1.97337e+07 0.510886 0.558451 0.0417769 5.35479e-05
2.25897e+07 0.572925 0.465097 0.10604 4.6778e-05
1.29942e+07 0.256584 0.814921 0 8.13209e-05
2.25897e+07 0.572925 0.465097 0.10604 4.6778e-05
1.37446e+07 0.297378 0.660621 0 7.68811e-05
1.79382e+07 0.461665 0.721047 0 5.89079e-05
2.4696e+07 0.609154 0.643555 0.0739086 4.27883e-05
2.06315e+07 0.532132 0.619397 0.10604 5.12177e-05
3.42354e+07 0.718249 0.619522 0.0417769 3.08657e-05
1.59812e+07 0.395646 0.745725 0.0321316 6.61215e-05
2.06315e+07 0.532132 0.619397 0.10604 5.12177e-05
1.33295e+07 0.275547 0.592396 0 7.92753e-05
1.82228e+07 0.470092 0.71275 0.0417769 5.79877e-05
5.15967e+07 0.85731 0.550326 0.0739086 2.048e-05
1.82228e+07 0.470092 0.71275 0.0417769 5.79877e-05
1.82228e+07 0.470092 0.71275 0.0417769 5.79877e-05
2.4696e+07 0.609154 0.643555 0.0739086 4.27883e-05
1.59812e+07 0.395646 0.745725 0.0321316 6.61215e-05
2.5178e+07 0.616645 0.652936 0.120816 4.19691e-05
2.25897e+07 0.572925 0.465097 0.10604 4.6778e-05
2.25897e+07 0.572925 0.465097 0.10604 4.6778e-05
2.06315e+07 0.532132 0.619397 0.10604 5.12177e-05
3.2801e+07 0.705841 0.683448 0.158547 3.22155e-05
5.15967e+07 0.85731 0.550326 0.0739086 2.048e-05
1.82228e+07 0.470092 0.71275 0.0417769 5.79877e-05
1.82228e+07 0.470092 0.71275 0.0417769 5.79877e-05
1.82228e+07 0.470092 0.71275 0.0417769 5.79877e-05
2.93378e+07 0.671193 0.550202 0.138172 3.60183e-05
2.4696e+07 0.609154 0.643555 0.0739086 4.27883e-05
1.82228e+07 0.470092 0.71275 0.0417769 5.79877e-05
9.66343e+06 0 1 0 0.00010935
1.24017e+07 0.221 0.823657 0.0469075 8.52059e-05
2.70952e+07 0.643802 0.652496 0.0321316 3.89995e-05
2.00403e+07 0.518378 0.567832 0.0886844 5.27287e-05
2.4696e+07 0.609154 0.643555 0.0739086 4.27883e-05
5.15967e+07 0.85731 0.550326 0.0739086 2.048e-05
1.29942e+07 0.256584 0.814921 0 8.13209e-05
9.66343e+06 0 1 0 0.00010935
1.22836e+07 0.213508 0.814276 0 8.60251e-05
1.94e+07 0.502458 0.566747 0 5.44691e-05
1.82228e+07 0.470092 0.71275 0.0417769 5.79877e-05
1.97337e+07 0.510886 0.558451 0.0417769 5.35479e-05
3.42354e+07 0.718249 0.619522 0.0417769 3.08657e-05
1.37446e+07 0.297378 0.660621 0 7.68811e-05
1.82228e+07 0.470092 0.71275 0.0417769 5.79877e-05
9.66343e+06 0 1 0 0.00010935
2.4696e+07 0.609154 0.643555 0.0739086 4.27883e-05
2.25897e+07 0.572925 0.465097 0.10604 4.6778e-05
2.75552e+07 0.649947 0.489255 0.0739086 3.83485e-05
1.8484e+07 0.477584 0.722132 0.0886844 5.71685e-05
1.29942e+07 0.256584 0.814921 0 8.13209e-05
2.4696e+07 0.609154 0.643555 0.0739086 4.27883e-05
2.93378e+07 0.671193 0.550202 0.138172 3.60183e-05
3.42354e+07 0.718249 0.619522 0.0417769 3.08657e-05
1.97337e+07 0.510886 0.558451 0.0417769 5.35479e-05
1.82228e+07 0.470092 0.71275 0.0417769 5.79877e-05
2.93378e+07 0.671193 0.550202 0.138172 3.60183e-05
1.97337e+07 0.510886 0.558451 0.0417769 5.35479e-05
1.59812e+07 0.395646 0.745725 0.0321316 6.61215e-05
1.82228e+07 0.470092 0.71275 0.0417769 5.79877e-05
3.42354e+07 0.718249 0.619522 0.0417769 3.08657e-05
2.4696e+07 0.609154 0.643555 0.0739086 4.27883e-05
5.15967e+07 0.85731 0.550326 0.0739086 2.048e-05
1.97337e+07 0.510886 0.558451 0.0417769 5.35479e-05
1.29512e+07 0.254302 0.659976 0 8.15912e-05
2.93378e+07 0.671193 0.550202 0.138172 3.60183e-05
1.59128e+07 0.393363 0.526517 0 6.64057e-05
1.97337e+07 0.510886 0.558451 0.0417769 5.35479e-05
1.31242e+07 0.264076 0.730487 0 8.05157e-05
1.68812e+07 0.428011 0.672176 0.0865516 6.25963e-05
1.82228e+07 0.470092 0.71275 0.0417769 5.79877e-05
2.25897e+07 0.572925 0.465097 0.10604 4.6778e-05
