1.62526e+07 0.557186 0.683278 0.116246 6.50104e-05
2.6967e+07 0.733084 0.798751 0.0808451 3.91808e-05
9.58863e+06 0.248851 0.711848 0 0.000110192
2.44554e+07 0.705577 0.832281 0.0629915 4.32048e-05
9.44355e+06 0.237084 0.799687 0 0.000111885
1.25538e+07 0.42614 0.819322 0.0269963 8.41648e-05
1.31842e+07 0.453647 0.785793 0.0448499 8.01408e-05
1.25538e+07 0.42614 0.819322 0.0269963 8.41648e-05
1.00055e+07 0.28008 0.779896 0 0.000105601
1.25538e+07 0.42614 0.819322 0.0269963 8.41648e-05
1.62526e+07 0.557186 0.683278 0.116246 6.50104e-05
1.25538e+07 0.42614 0.819322 0.0269963 8.41648e-05
2.44554e+07 0.705577 0.832281 0.0629915 4.32048e-05
9.19825e+06 0.216563 0.896406 0 0.000114869
9.19825e+06 0.216563 0.896406 0 0.000114869
3.76371e+07 0.809116 0.729766 0.134388 2.80731e-05
1.25538e+07 0.42614 0.819322 0.0269963 8.41648e-05
1.25538e+07 0.42614 0.819322 0.0269963 8.41648e-05
1.25538e+07 0.42614 0.819322 0.0269963 8.41648e-05
1.25538e+07 0.42614 0.819322 0.0269963 8.41648e-05
1.25538e+07 0.42614 0.819322 0.0269963 8.41648e-05
1.53056e+07 0.529679 0.716808 0.0983927 6.90331e-05
1.25538e+07 0.42614 0.819322 0.0269963 8.41648e-05
1.53056e+07 0.529679 0.716808 0.0983927 6.90331e-05
1.168e+07 0.383619 0.689786 0.0775983 9.04613e-05
1.31842e+07 0.453647 0.785793 0.0448499 8.01408e-05
1.62526e+07 0.557186 0.683278 0.116246 6.50104e-05
9.19825e+06 0.216563 0.896406 0 0.000114869
1.62526e+07 0.557186 0.683278 0.116246 6.50104e-05
9.53218e+06 0.24407 0.862877 0.0178536 0.000110844
1.41005e+07 0.489014 0.881882 0.0359951 7.49328e-05
1.25538e+07 0.42614 0.819322 0.0269963 8.41648e-05
1.53056e+07 0.529679 0.716808 0.0983927 6.90331e-05
1.25538e+07 0.42614 0.819322 0.0269963 8.41648e-05
9.19825e+06 0.216563 0.896406 0 0.000114869
1.53056e+07 0.529679 0.716808 0.0983927 6.90331e-05
1.04844e+07 0.313116 0.694995 0.0356892 0.000100777
2.44554e+07 0.705577 0.832281 0.0629915 4.32048e-05
1.25538e+07 0.42614 0.819322 0.0269963 8.41648e-05
1.25538e+07 0.42614 0.819322 0.0269963 8.41648e-05
1.25538e+07 0.42614 0.819322 0.0269963 8.41648e-05
1.25538e+07 0.42614 0.819322 0.0269963 8.41648e-05
9.19825e+06 0.216563 0.896406 0 0.000114869
1.26814e+07 0.432024 0.775669 0.0269963 8.33184e-05
1.62526e+07 0.557186 0.683278 0.116246 6.50104e-05
1.62526e+07 0.557186 0.683278 0.116246 6.50104e-05
3.76371e+07 0.809116 0.729766 0.134388 2.80731e-05
1.05921e+07 0.320102 0.722513 0.0357072 9.97531e-05
1.25538e+07 0.42614 0.819322 0.0269963 8.41648e-05
1.25538e+07 0.42614 0.819322 0.0269963 8.41648e-05
1.25538e+07 0.42614 0.819322 0.0269963 8.41648e-05
1.25538e+07 0.42614 0.819322 0.0269963 8.41648e-05
1.53056e+07 0.529679 0.716808 0.0983927 6.90331e-05
1.25538e+07 0.42614 0.819322 0.0269963 8.41648e-05
2.44554e+07 0.705577 0.832281 0.0629915 4.32048e-05
7.69506e+06 0.0635172 0.88349 0 0.000137308
9.3225e+06 0.227228 0.776234 0.0194014 0.000113338
9.19825e+06 0.216563 0.896406 0 0.000114869
1.33249e+07 0.459531 0.74214 0.0448499 7.92944e-05
1.25538e+07 0.42614 0.819322 0.0269963 8.41648e-05
1.25538e+07 0.42614 0.819322 0.0269963 8.41648e-05
9.19825e+06 0.216563 0.896406 0 0.000114869
1.00021e+07 0.279436 0.940968 0 0.000105637
9.28128e+06 0.223871 0.717824 0 0.000113841
9.44355e+06 0.237084 0.799687 0 0.000111885
1.25538e+07 0.42614 0.819322 0.0269963 8.41648e-05
1.31842e+07 0.453647 0.785793 0.0448499 8.01408e-05
1.25538e+07 0.42614 0.819322 0.0269963 8.41648e-05
9.53218e+06 0.24407 0.862877 0.0178536 0.000110844
1.25538e+07 0.42614 0.819322 0.0269963 8.41648e-05
7.31394e+06 0.0146158 0.911713 0 0.000144463
1.25538e+07 0.42614 0.819322 0.0269963 8.41648e-05
1.62526e+07 0.557186 0.683278 0.116246 6.50104e-05
1.31842e+07 0.453647 0.785793 0.0448499 8.01408e-05
1.26814e+07 0.432024 0.775669 0.0269963 8.33184e-05
9.37103e+06 0.231179 0.808119 0 0.000112751
1.25538e+07 0.42614 0.819322 0.0269963 8.41648e-05
1.53056e+07 0.529679 0.716808 0.0983927 6.90331e-05
1.25538e+07 0.42614 0.819322 0.0269963 8.41648e-05
2.6967e+07 0.733084 0.798751 0.0808451 3.91808e-05
1.25538e+07 0.42614 0.819322 0.0269963 8.41648e-05
1.53056e+07 0.529679 0.716808 0.0983927 6.90331e-05
1.31842e+07 0.453647 0.785793 0.0448499 8.01408e-05
9.19825e+06 0.216563 0.896406 0 0.000114869
2.44554e+07 0.705577 0.832281 0.0629915 4.32048e-05
2.44554e+07 0.705577 0.832281 0.0629915 4.32048e-05
1.25538e+07 0.42614 0.819322 0.0269963 8.41648e-05
1.25538e+07 0.42614 0.819322 0.0269963 8.41648e-05
1.31842e+07 0.453647 0.785793 0.0448499 8.01408e-05
1.67275e+07 0.569821 0.672034 0.0359951 6.3165e-05
1.53056e+07 0.529679 0.716808 0.0983927 6.90331e-05
9.44355e+06 0.237084 0.799687 0 0.000111885
1.31842e+07 0.453647 0.785793 0.0448499 8.01408e-05
9.26654e+06 0.222447 0.852753 0 0.000114022
9.86473e+06 0.269863 0.755795 0 0.000107108
1.25538e+07 0.42614 0.819322 0.0269963 8.41648e-05
1.62526e+07 0.557186 0.683278 0.116246 6.50104e-05
