3.52839e+07 0.621296 0.716543 0.0414458 3.16669e-05
3.52839e+07 0.621296 0.716543 0.0414458 3.16669e-05
2.69497e+07 0.504122 0.659507 0 4.14598e-05
3.52839e+07 0.621296 0.716543 0.0414458 3.16669e-05
1.86646e+07 0.283398 0.815885 0 5.98636e-05
4.94103e+07 0.889706 0.488431 0.106006 2.26133e-05
3.52839e+07 0.621296 0.716543 0.0414458 3.16669e-05
5.45571e+07 0.842019 0.560164 0.0414458 2.048e-05
3.02728e+07 0.558621 0.661388 0 3.69087e-05
5.45571e+07 0.842019 0.560164 0.0414458 2.048e-05
3.52839e+07 0.621296 0.716543 0.0414458 3.16669e-05
5.45571e+07 0.842019 0.560164 0.0414458 2.048e-05
3.52839e+07 0.621296 0.716543 0.0414458 3.16669e-05
4.25889e+07 0.686695 0.549484 0.163233 2.62352e-05
3.39192e+07 0.606308 0.589654 0.0645599 3.29409e-05
3.52839e+07 0.621296 0.716543 0.0414458 3.16669e-05
3.52839e+07 0.621296 0.716543 0.0414458 3.16669e-05
5.45571e+07 0.842019 0.560164 0.0414458 2.048e-05
5.45571e+07 0.842019 0.560164 0.0414458 2.048e-05
5.45571e+07 0.842019 0.560164 0.0414458 2.048e-05
5.45571e+07 0.842019 0.560164 0.0414458 2.048e-05
3.52839e+07 0.621296 0.716543 0.0414458 3.16669e-05
3.52839e+07 0.621296 0.716543 0.0414458 3.16669e-05
3.52839e+07 0.621296 0.716543 0.0414458 3.16669e-05
2.01981e+07 0.337898 0.817766 0 5.53185e-05
3.52839e+07 0.621296 0.716543 0.0414458 3.16669e-05
3.52839e+07 0.621296 0.716543 0.0414458 3.16669e-05
2.01981e+07 0.337898 0.817766 0 5.53185e-05
3.52839e+07 0.621296 0.716543 0.0414458 3.16669e-05
2.01981e+07 0.337898 0.817766 0 5.53185e-05
1.91893e+07 0.303256 0.66719 0 5.82267e-05
5.45571e+07 0.842019 0.560164 0.0414458 2.048e-05
3.52839e+07 0.621296 0.716543 0.0414458 3.16669e-05
3.52839e+07 0.621296 0.716543 0.0414458 3.16669e-05
3.02728e+07 0.558621 0.661388 0 3.69087e-05
3.52839e+07 0.621296 0.716543 0.0414458 3.16669e-05
1.91893e+07 0.303256 0.66719 0 5.82267e-05
3.52839e+07 0.621296 0.716543 0.0414458 3.16669e-05
5.45571e+07 0.842019 0.560164 0.0414458 2.048e-05
3.52839e+07 0.621296 0.716543 0.0414458 3.16669e-05
3.52839e+07 0.621296 0.716543 0.0414458 3.16669e-05
5.45571e+07 0.842019 0.560164 0.0414458 2.048e-05
3.02728e+07 0.558621 0.661388 0 3.69087e-05
5.45571e+07 0.852068 0.569569 0.088471 2.048e-05
3.52839e+07 0.621296 0.716543 0.0414458 3.16669e-05
3.52839e+07 0.621296 0.716543 0.0414458 3.16669e-05
3.52839e+07 0.621296 0.716543 0.0414458 3.16669e-05
3.02728e+07 0.558621 0.661388 0 3.69087e-05
5.45571e+07 0.842019 0.560164 0.0414458 2.048e-05
3.52839e+07 0.621296 0.716543 0.0414458 3.16669e-05
3.52839e+07 0.621296 0.716543 0.0414458 3.16669e-05
3.52839e+07 0.621296 0.716543 0.0414458 3.16669e-05
5.45571e+07 0.842019 0.560164 0.0414458 2.048e-05
5.45571e+07 0.842019 0.560164 0.0414458 2.048e-05
3.52839e+07 0.621296 0.716543 0.0414458 3.16669e-05
1.338e+07 0 1 0 8.35072e-05
1.89299e+07 0.293447 0.82529 0.0470251 5.90245e-05
3.02728e+07 0.558621 0.661388 0 3.69087e-05
3.62443e+07 0.631344 0.725948 0.088471 3.08277e-05
5.45571e+07 0.842019 0.560164 0.0414458 2.048e-05
5.45571e+07 0.842019 0.560164 0.0414458 2.048e-05
2.01981e+07 0.337898 0.817766 0 5.53185e-05
1.338e+07 0 1 0 8.35072e-05
1.86646e+07 0.283398 0.815885 0 5.98636e-05
1.86646e+07 0.283398 0.815885 0 5.98636e-05
3.52839e+07 0.621296 0.716543 0.0414458 3.16669e-05
3.52839e+07 0.621296 0.716543 0.0414458 3.16669e-05
3.52839e+07 0.621296 0.716543 0.0414458 3.16669e-05
2.01981e+07 0.337898 0.817766 0 5.53185e-05
3.52839e+07 0.621296 0.716543 0.0414458 3.16669e-05
1.338e+07 0 1 0 8.35072e-05
5.45571e+07 0.842019 0.560164 0.0414458 2.048e-05
3.52839e+07 0.621296 0.716543 0.0414458 3.16669e-05
5.45571e+07 0.842019 0.560164 0.0414458 2.048e-05
3.62443e+07 0.631344 0.725948 0.088471 3.08277e-05
2.01981e+07 0.337898 0.817766 0 5.53185e-05
5.45571e+07 0.842019 0.560164 0.0414458 2.048e-05
5.45571e+07 0.842019 0.560164 0.0414458 2.048e-05
3.52839e+07 0.621296 0.716543 0.0414458 3.16669e-05
3.52839e+07 0.621296 0.716543 0.0414458 3.16669e-05
3.52839e+07 0.621296 0.716543 0.0414458 3.16669e-05
5.45571e+07 0.842019 0.560164 0.0414458 2.048e-05
3.52839e+07 0.621296 0.716543 0.0414458 3.16669e-05
3.02728e+07 0.558621 0.661388 0 3.69087e-05
3.52839e+07 0.621296 0.716543 0.0414458 3.16669e-05
3.52839e+07 0.621296 0.716543 0.0414458 3.16669e-05
5.45571e+07 0.842019 0.560164 0.0414458 2.048e-05
5.45571e+07 0.842019 0.560164 0.0414458 2.048e-05
3.52839e+07 0.621296 0.716543 0.0414458 3.16669e-05
1.86646e+07 0.283398 0.815885 0 5.98636e-05
5.45571e+07 0.842019 0.560164 0.0414458 2.048e-05
2.69497e+07 0.504122 0.659507 0 4.14598e-05
3.52839e+07 0.621296 0.716543 0.0414458 3.16669e-05
2.05039e+07 0.347946 0.733121 0 5.44935e-05
3.39192e+07 0.606308 0.589654 0.0645599 3.29409e-05
3.52839e+07 0.621296 0.716543 0.0414458 3.16669e-05
3.52839e+07 0.621296 0.716543 0.0414458 3.16669e-05
