1.56111e+07 0.346033 0.600692 0.14539 7.69486e-05
1.43353e+07 0.287794 0.591407 0 8.37966e-05
1.41565e+07 0.278813 0.52196 0 8.48552e-05
1.37232e+07 0.255817 0.754295 0 8.75341e-05
1.05519e+07 0.0319771 0.837112 0 0.000113842
2.05201e+07 0.502653 0.524095 0.0424759 5.85402e-05
1.43353e+07 0.287794 0.591407 0 8.37966e-05
2.05201e+07 0.502653 0.524095 0.0424759 5.85402e-05
2.05201e+07 0.502653 0.524095 0.0424759 5.85402e-05
2.05201e+07 0.502653 0.524095 0.0424759 5.85402e-05
1.56111e+07 0.346033 0.600692 0.14539 7.69486e-05
2.05201e+07 0.502653 0.524095 0.0424759 5.85402e-05
1.37232e+07 0.255817 0.754295 0 8.75341e-05
2.05201e+07 0.502653 0.524095 0.0424759 5.85402e-05
2.05201e+07 0.502653 0.524095 0.0424759 5.85402e-05
1.48879e+07 0.314056 0.763581 0.14539 8.06861e-05
3.02642e+07 0.662947 0.551495 0 3.96922e-05
2.05201e+07 0.502653 0.524095 0.0424759 5.85402e-05
5.01859e+07 0.909784 0.379134 0.0713957 2.3936e-05
2.05201e+07 0.502653 0.524095 0.0424759 5.85402e-05
2.05201e+07 0.502653 0.524095 0.0424759 5.85402e-05
3.6591e+07 0.721187 0.715502 0.22275 3.28291e-05
3.02642e+07 0.662947 0.551495 0 3.96922e-05
3.6591e+07 0.721187 0.715502 0.22275 3.28291e-05
1.48879e+07 0.314056 0.763581 0.14539 8.06861e-05
1.43353e+07 0.287794 0.591407 0 8.37966e-05
1.56111e+07 0.346033 0.600692 0.14539 7.69486e-05
1.37232e+07 0.255817 0.754295 0 8.75341e-05
1.56111e+07 0.346033 0.600692 0.14539 7.69486e-05
1.43353e+07 0.287794 0.591407 0 8.37966e-05
1.72248e+07 0.40713 0.7972 0 6.97394e-05
2.05201e+07 0.502653 0.524095 0.0424759 5.85402e-05
1.48879e+07 0.314056 0.763581 0.14539 8.06861e-05
3.02642e+07 0.662947 0.551495 0 3.96922e-05
2.05201e+07 0.502653 0.524095 0.0424759 5.85402e-05
1.48879e+07 0.314056 0.763581 0.14539 8.06861e-05
1.08449e+07 0.0582392 0.718507 0 0.000110766
1.37232e+07 0.255817 0.754295 0 8.75341e-05
5.01859e+07 0.909784 0.379134 0.0713957 2.3936e-05
1.37232e+07 0.255817 0.754295 0 8.75341e-05
1.37232e+07 0.255817 0.754295 0 8.75341e-05
2.05201e+07 0.502653 0.524095 0.0424759 5.85402e-05
2.05201e+07 0.502653 0.524095 0.0424759 5.85402e-05
2.05201e+07 0.502653 0.524095 0.0424759 5.85402e-05
1.56111e+07 0.346033 0.600692 0.14539 7.69486e-05
1.56111e+07 0.346033 0.600692 0.14539 7.69486e-05
1.48879e+07 0.314056 0.763581 0.14539 8.06861e-05
5.86548e+07 0.968023 0.660628 0.352889 2.048e-05
5.01859e+07 0.909784 0.379134 0.0713957 2.3936e-05
1.37232e+07 0.255817 0.754295 0 8.75341e-05
1.37232e+07 0.255817 0.754295 0 8.75341e-05
1.37232e+07 0.255817 0.754295 0 8.75341e-05
2.32453e+07 0.560893 0.650867 0.246609 5.16771e-05
2.05201e+07 0.502653 0.524095 0.0424759 5.85402e-05
1.37232e+07 0.255817 0.754295 0 8.75341e-05
1.02161e+07 0 1 0 0.000117584
1.02161e+07 0 1 0 0.000117584
5.01859e+07 0.909784 0.379134 0.0713957 2.3936e-05
1.43353e+07 0.287794 0.591407 0 8.37966e-05
2.05201e+07 0.502653 0.524095 0.0424759 5.85402e-05
5.01859e+07 0.909784 0.379134 0.0713957 2.3936e-05
1.37232e+07 0.255817 0.754295 0 8.75341e-05
1.02161e+07 0 1 0 0.000117584
1.02161e+07 0 1 0 0.000117584
1.82046e+07 0.439107 0.711672 0.0386802 6.59862e-05
1.37232e+07 0.255817 0.754295 0 8.75341e-05
1.43353e+07 0.287794 0.591407 0 8.37966e-05
3.02642e+07 0.662947 0.551495 0 3.96922e-05
1.43353e+07 0.287794 0.591407 0 8.37966e-05
1.37232e+07 0.255817 0.754295 0 8.75341e-05
1.02161e+07 0 1 0 0.000117584
2.05201e+07 0.502653 0.524095 0.0424759 5.85402e-05
1.56111e+07 0.346033 0.600692 0.14539 7.69486e-05
2.19195e+07 0.534631 0.361206 0.0424759 5.48027e-05
1.37232e+07 0.255817 0.754295 0 8.75341e-05
1.37232e+07 0.255817 0.754295 0 8.75341e-05
2.05201e+07 0.502653 0.524095 0.0424759 5.85402e-05
2.32453e+07 0.560893 0.650867 0.246609 5.16771e-05
3.02642e+07 0.662947 0.551495 0 3.96922e-05
1.43353e+07 0.287794 0.591407 0 8.37966e-05
1.37232e+07 0.255817 0.754295 0 8.75341e-05
2.32453e+07 0.560893 0.650867 0.246609 5.16771e-05
1.43353e+07 0.287794 0.591407 0 8.37966e-05
2.05201e+07 0.502653 0.524095 0.0424759 5.85402e-05
1.37232e+07 0.255817 0.754295 0 8.75341e-05
3.02642e+07 0.662947 0.551495 0 3.96922e-05
2.05201e+07 0.502653 0.524095 0.0424759 5.85402e-05
5.01859e+07 0.909784 0.379134 0.0713957 2.3936e-05
1.43353e+07 0.287794 0.591407 0 8.37966e-05
1.05519e+07 0.0319771 0.837112 0 0.000113842
2.32453e+07 0.560893 0.650867 0.246609 5.16771e-05
1.41565e+07 0.278813 0.52196 0 8.48552e-05
1.43353e+07 0.287794 0.591407 0 8.37966e-05
1.37232e+07 0.255817 0.754295 0 8.75341e-05
2.05201e+07 0.502653 0.524095 0.0424759 5.85402e-05
1.37232e+07 0.255817 0.754295 0 8.75341e-05
1.56111e+07 0.346033 0.600692 0.14539 7.69486e-05
