9.71157e+06 0.313772 0.726559 0.074911 0.000128375
9.71157e+06 0.313772 0.726559 0.074911 0.000128375
8.10846e+06 0.177968 0.814178 0.0519895 0.000153755
1.57938e+07 0.57826 0.585101 0.0458432 7.89371e-05
1.46031e+07 0.543762 0.683396 0.149036 8.53739e-05
9.37455e+06 0.28913 0.688618 0 0.00013299
1.67746e+07 0.602902 0.623042 0.120754 7.43219e-05
9.37455e+06 0.28913 0.688618 0 0.00013299
1.15888e+07 0.424934 0.76302 0.0458432 0.00010758
1.57938e+07 0.57826 0.585101 0.0458432 7.89371e-05
9.71157e+06 0.313772 0.726559 0.074911 0.000128375
1.57938e+07 0.57826 0.585101 0.0458432 7.89371e-05
1.57938e+07 0.57826 0.585101 0.0458432 7.89371e-05
7.71344e+06 0.135804 0.866537 0 0.00016163
1.15888e+07 0.424934 0.76302 0.0458432 0.00010758
9.37455e+06 0.28913 0.688618 0 0.00013299
1.57938e+07 0.57826 0.585101 0.0458432 7.89371e-05
1.57938e+07 0.57826 0.585101 0.0458432 7.89371e-05
9.37455e+06 0.28913 0.688618 0 0.00013299
1.57938e+07 0.57826 0.585101 0.0458432 7.89371e-05
1.57938e+07 0.57826 0.585101 0.0458432 7.89371e-05
9.37455e+06 0.28913 0.688618 0 0.00013299
1.57938e+07 0.57826 0.585101 0.0458432 7.89371e-05
9.37455e+06 0.28913 0.688618 0 0.00013299
1.15888e+07 0.424934 0.76302 0.0458432 0.00010758
1.67746e+07 0.602902 0.623042 0.120754 7.43219e-05
9.71157e+06 0.313772 0.726559 0.074911 0.000128375
1.15888e+07 0.424934 0.76302 0.0458432 0.00010758
9.71157e+06 0.313772 0.726559 0.074911 0.000128375
1.21065e+07 0.449576 0.696982 0.0687647 0.000102979
7.95872e+06 0.162499 0.779103 0.0404362 0.000156648
1.57938e+07 0.57826 0.585101 0.0458432 7.89371e-05
9.37455e+06 0.28913 0.688618 0 0.00013299
1.62145e+07 0.589212 0.59573 0.0485235 7.68891e-05
1.15888e+07 0.424934 0.76302 0.0458432 0.00010758
1.57938e+07 0.57826 0.585101 0.0458432 7.89371e-05
7.95872e+06 0.162499 0.779103 0.0404362 0.000156648
1.57938e+07 0.57826 0.585101 0.0458432 7.89371e-05
9.37455e+06 0.28913 0.688618 0 0.00013299
1.57938e+07 0.57826 0.585101 0.0458432 7.89371e-05
1.57938e+07 0.57826 0.585101 0.0458432 7.89371e-05
1.57938e+07 0.57826 0.585101 0.0458432 7.89371e-05
1.15888e+07 0.424934 0.76302 0.0458432 0.00010758
9.37455e+06 0.28913 0.688618 0 0.00013299
9.71157e+06 0.313772 0.726559 0.074911 0.000128375
9.71157e+06 0.313772 0.726559 0.074911 0.000128375
9.37455e+06 0.28913 0.688618 0 0.00013299
7.71344e+06 0.135804 0.866537 0 0.00016163
9.37455e+06 0.28913 0.688618 0 0.00013299
9.37455e+06 0.28913 0.688618 0 0.00013299
4.73966e+07 0.878343 0.492213 0.0943667 2.6304e-05
1.57938e+07 0.57826 0.585101 0.0458432 7.89371e-05
9.37455e+06 0.28913 0.688618 0 0.00013299
1.57938e+07 0.57826 0.585101 0.0458432 7.89371e-05
1.57938e+07 0.57826 0.585101 0.0458432 7.89371e-05
9.37659e+06 0.28913 0.804797 0 0.000132961
7.87288e+06 0.153327 0.822081 0 0.000158356
7.71344e+06 0.135804 0.866537 0 0.00016163
9.71157e+06 0.313772 0.726559 0.074911 0.000128375
1.57938e+07 0.57826 0.585101 0.0458432 7.89371e-05
9.37455e+06 0.28913 0.688618 0 0.00013299
1.15888e+07 0.424934 0.76302 0.0458432 0.00010758
9.50365e+06 0.298713 0.765978 0.0517584 0.000131183
7.87288e+06 0.153327 0.822081 0 0.000158356
8.10846e+06 0.177968 0.814178 0.0519895 0.000153755
1.92966e+07 0.654924 0.557835 0.097047 6.46083e-05
9.71157e+06 0.313772 0.726559 0.074911 0.000128375
1.57938e+07 0.57826 0.585101 0.0458432 7.89371e-05
1.21065e+07 0.449576 0.696982 0.0687647 0.000102979
9.37455e+06 0.28913 0.688618 0 0.00013299
9.4877e+06 0.297572 0.699201 0 0.000131404
9.37455e+06 0.28913 0.688618 0 0.00013299
9.71157e+06 0.313772 0.726559 0.074911 0.000128375
9.71157e+06 0.313772 0.726559 0.074911 0.000128375
1.03271e+07 0.354842 0.553676 0 0.000120723
7.78859e+06 0.144246 0.760941 0 0.00016007
1.57938e+07 0.57826 0.585101 0.0458432 7.89371e-05
9.37455e+06 0.28913 0.688618 0 0.00013299
9.37455e+06 0.28913 0.688618 0 0.00013299
9.71157e+06 0.313772 0.726559 0.074911 0.000128375
4.73966e+07 0.878343 0.492213 0.0943667 2.6304e-05
9.37455e+06 0.28913 0.688618 0 0.00013299
1.67746e+07 0.602902 0.623042 0.120754 7.43219e-05
1.15888e+07 0.424934 0.76302 0.0458432 0.00010758
1.57938e+07 0.57826 0.585101 0.0458432 7.89371e-05
9.37455e+06 0.28913 0.688618 0 0.00013299
1.62145e+07 0.589212 0.59573 0.0485235 7.68891e-05
9.37455e+06 0.28913 0.688618 0 0.00013299
9.71157e+06 0.313772 0.726559 0.074911 0.000128375
8.10846e+06 0.177968 0.814178 0.0519895 0.000153755
9.37455e+06 0.28913 0.688618 0 0.00013299
1.25026e+07 0.467099 0.618975 0.0519895 9.97171e-05
1.67746e+07 0.602902 0.623042 0.120754 7.43219e-05
1.15888e+07 0.424934 0.76302 0.0458432 0.00010758
7.71344e+06 0.135804 0.866537 0 0.00016163
4.73966e+07 0.878343 0.492213 0.0943667 2.6304e-05
9.71157e+06 0.313772 0.726559 0.074911 0.000128375
