2.19357e+07 0.646989 0.540511 0.0930212 4.60833e-05
2.19357e+07 0.646989 0.540511 0.0930212 4.60833e-05
1.67603e+07 0.53776 0.509675 0.0515388 6.03134e-05
2.01071e+07 0.61477 0.561378 0.0414824 5.02742e-05
1.33078e+07 0.41753 0.627347 0.0515388 7.59609e-05
3.06408e+07 0.747573 0.430029 0.070847 3.2991e-05
2.19357e+07 0.646989 0.540511 0.0930212 4.60833e-05
2.92037e+07 0.735 0.502435 0.070847 3.46145e-05
1.19235e+07 0.349688 0.771256 0.0293645 8.47797e-05
2.92037e+07 0.735 0.502435 0.070847 3.46145e-05
2.19357e+07 0.646989 0.540511 0.0930212 4.60833e-05
2.92037e+07 0.735 0.502435 0.070847 3.46145e-05
2.01071e+07 0.61477 0.561378 0.0414824 5.02742e-05
1.21563e+07 0.362261 0.69885 0.0293645 8.31563e-05
1.21563e+07 0.362261 0.69885 0.0293645 8.31563e-05
2.01071e+07 0.61477 0.561378 0.0414824 5.02742e-05
2.01071e+07 0.61477 0.561378 0.0414824 5.02742e-05
2.92037e+07 0.735 0.502435 0.070847 3.46145e-05
2.92037e+07 0.735 0.502435 0.070847 3.46145e-05
2.92037e+07 0.735 0.502435 0.070847 3.46145e-05
2.92037e+07 0.735 0.502435 0.070847 3.46145e-05
2.01071e+07 0.61477 0.561378 0.0414824 5.02742e-05
2.01071e+07 0.61477 0.561378 0.0414824 5.02742e-05
2.01071e+07 0.61477 0.561378 0.0414824 5.02742e-05
1.00645e+07 0.229458 0.830199 0 0.000100439
2.19357e+07 0.646989 0.540511 0.0930212 4.60833e-05
2.19357e+07 0.646989 0.540511 0.0930212 4.60833e-05
1.00645e+07 0.229458 0.830199 0 0.000100439
2.19357e+07 0.646989 0.540511 0.0930212 4.60833e-05
1.05011e+07 0.261677 0.706254 0 9.62635e-05
1.26118e+07 0.385312 0.648214 0 8.01527e-05
2.92037e+07 0.735 0.502435 0.070847 3.46145e-05
2.70629e+07 0.714045 0.470364 0.0811842 3.73526e-05
2.01071e+07 0.61477 0.561378 0.0414824 5.02742e-05
1.19235e+07 0.349688 0.771256 0.0293645 8.47797e-05
2.01071e+07 0.61477 0.561378 0.0414824 5.02742e-05
1.26118e+07 0.385312 0.648214 0 8.01527e-05
2.01071e+07 0.61477 0.561378 0.0414824 5.02742e-05
2.92037e+07 0.735 0.502435 0.070847 3.46145e-05
2.01071e+07 0.61477 0.561378 0.0414824 5.02742e-05
2.01071e+07 0.61477 0.561378 0.0414824 5.02742e-05
2.92037e+07 0.735 0.502435 0.070847 3.46145e-05
1.19235e+07 0.349688 0.771256 0.0293645 8.47797e-05
2.92037e+07 0.735 0.502435 0.070847 3.46145e-05
2.19357e+07 0.646989 0.540511 0.0930212 4.60833e-05
2.19357e+07 0.646989 0.540511 0.0930212 4.60833e-05
2.01071e+07 0.61477 0.561378 0.0414824 5.02742e-05
1.19235e+07 0.349688 0.771256 0.0293645 8.47797e-05
2.92037e+07 0.735 0.502435 0.070847 3.46145e-05
4.36162e+07 0.828774 0.587822 0.198642 2.31765e-05
2.01071e+07 0.61477 0.561378 0.0414824 5.02742e-05
2.01071e+07 0.61477 0.561378 0.0414824 5.02742e-05
2.92037e+07 0.735 0.502435 0.070847 3.46145e-05
2.92037e+07 0.735 0.502435 0.070847 3.46145e-05
2.01071e+07 0.61477 0.561378 0.0414824 5.02742e-05
7.7574e+06 0 1 0 0.00013031
1.26118e+07 0.385312 0.648214 0 8.01527e-05
1.19235e+07 0.349688 0.771256 0.0293645 8.47797e-05
2.19357e+07 0.646989 0.540511 0.0930212 4.60833e-05
2.92037e+07 0.735 0.502435 0.070847 3.46145e-05
2.92037e+07 0.735 0.502435 0.070847 3.46145e-05
1.00645e+07 0.229458 0.830199 0 0.000100439
7.7574e+06 0 1 0 0.00013031
1.50341e+07 0.484586 0.5572 0.0397018 6.72385e-05
1.34498e+07 0.423735 0.620995 0.102357 7.51589e-05
2.01071e+07 0.61477 0.561378 0.0414824 5.02742e-05
2.23238e+07 0.653193 0.534158 0.143839 4.52822e-05
2.01071e+07 0.61477 0.561378 0.0414824 5.02742e-05
1.05011e+07 0.261677 0.706254 0 9.62635e-05
2.01071e+07 0.61477 0.561378 0.0414824 5.02742e-05
7.7574e+06 0 1 0 0.00013031
2.92037e+07 0.735 0.502435 0.070847 3.46145e-05
2.19357e+07 0.646989 0.540511 0.0930212 4.60833e-05
3.32266e+07 0.767219 0.481568 0.122386 3.04235e-05
2.01071e+07 0.61477 0.561378 0.0414824 5.02742e-05
1.00645e+07 0.229458 0.830199 0 0.000100439
2.92037e+07 0.735 0.502435 0.070847 3.46145e-05
2.92037e+07 0.735 0.502435 0.070847 3.46145e-05
2.01071e+07 0.61477 0.561378 0.0414824 5.02742e-05
2.19357e+07 0.646989 0.540511 0.0930212 4.60833e-05
2.01071e+07 0.61477 0.561378 0.0414824 5.02742e-05
2.92037e+07 0.735 0.502435 0.070847 3.46145e-05
2.19357e+07 0.646989 0.540511 0.0930212 4.60833e-05
1.19235e+07 0.349688 0.771256 0.0293645 8.47797e-05
2.01071e+07 0.61477 0.561378 0.0414824 5.02742e-05
2.01071e+07 0.61477 0.561378 0.0414824 5.02742e-05
2.92037e+07 0.735 0.502435 0.070847 3.46145e-05
2.92037e+07 0.735 0.502435 0.070847 3.46145e-05
2.23238e+07 0.653193 0.534158 0.143839 4.52822e-05
1.33078e+07 0.41753 0.627347 0.0515388 7.59609e-05
2.92037e+07 0.735 0.502435 0.070847 3.46145e-05
1.67603e+07 0.53776 0.509675 0.0515388 6.03134e-05
2.19357e+07 0.646989 0.540511 0.0930212 4.60833e-05
1.00645e+07 0.229458 0.830199 0 0.000100439
1.21563e+07 0.362261 0.69885 0.0293645 8.31563e-05
2.01071e+07 0.61477 0.561378 0.0414824 5.02742e-05
2.19357e+07 0.646989 0.540511 0.0930212 4.60833e-05
