3.24686e+07 0.835061 0.574004 0.159304 3.483e-05
2.84708e+07 0.748266 0.600841 0.0599045 3.97207e-05
2.15161e+07 0.666817 0.522499 0.0578974 5.25597e-05
2.54993e+07 0.718796 0.615119 0.0261758 4.43495e-05
1.60462e+07 0.552645 0.652237 0.0337287 7.04764e-05
3.14278e+07 0.81977 0.580301 0.0440872 3.59834e-05
2.84708e+07 0.748266 0.600841 0.0599045 3.97207e-05
3.14278e+07 0.81977 0.580301 0.0440872 3.59834e-05
1.02152e+07 0.296594 0.861434 0.0179114 0.000110705
3.14278e+07 0.81977 0.580301 0.0440872 3.59834e-05
3.24686e+07 0.835061 0.574004 0.159304 3.483e-05
3.14278e+07 0.81977 0.580301 0.0440872 3.59834e-05
2.54993e+07 0.718796 0.615119 0.0261758 4.43495e-05
1.08351e+07 0.337092 0.74357 0.0179114 0.000104372
1.02152e+07 0.296594 0.861434 0.0179114 0.000110705
3.24686e+07 0.805591 0.588282 0.125575 3.483e-05
2.54993e+07 0.718796 0.615119 0.0261758 4.43495e-05
3.14278e+07 0.81977 0.580301 0.0440872 3.59834e-05
3.14278e+07 0.81977 0.580301 0.0440872 3.59834e-05
3.14278e+07 0.81977 0.580301 0.0440872 3.59834e-05
3.14278e+07 0.81977 0.580301 0.0440872 3.59834e-05
3.24686e+07 0.805591 0.588282 0.125575 3.483e-05
2.54993e+07 0.718796 0.615119 0.0261758 4.43495e-05
3.24686e+07 0.805591 0.588282 0.125575 3.483e-05
1.00101e+07 0.282416 0.742261 0.0358226 0.000112974
2.84708e+07 0.748266 0.600841 0.0599045 3.97207e-05
3.24686e+07 0.835061 0.574004 0.159304 3.483e-05
8.93386e+06 0.19562 0.896253 0 0.000126584
3.24686e+07 0.835061 0.574004 0.159304 3.483e-05
9.27177e+06 0.22509 0.814517 0 0.00012197
1.53837e+07 0.533445 0.589219 0 7.35117e-05
3.14278e+07 0.81977 0.580301 0.0440872 3.59834e-05
3.24686e+07 0.805591 0.588282 0.125575 3.483e-05
2.54993e+07 0.718796 0.615119 0.0261758 4.43495e-05
1.02152e+07 0.296594 0.861434 0.0179114 0.000110705
3.24686e+07 0.805591 0.588282 0.125575 3.483e-05
1.88863e+07 0.62024 0.542561 0.0894891 5.98783e-05
2.54993e+07 0.718796 0.615119 0.0261758 4.43495e-05
3.14278e+07 0.81977 0.580301 0.0440872 3.59834e-05
2.54993e+07 0.718796 0.615119 0.0261758 4.43495e-05
2.54993e+07 0.718796 0.615119 0.0261758 4.43495e-05
3.14278e+07 0.81977 0.580301 0.0440872 3.59834e-05
1.02152e+07 0.296594 0.861434 0.0179114 0.000110705
3.14278e+07 0.81977 0.580301 0.0440872 3.59834e-05
3.24686e+07 0.835061 0.574004 0.159304 3.483e-05
3.24686e+07 0.835061 0.574004 0.159304 3.483e-05
3.24686e+07 0.805591 0.588282 0.125575 3.483e-05
1.16489e+07 0.383389 0.765227 0.0826258 9.70804e-05
3.14278e+07 0.81977 0.580301 0.0440872 3.59834e-05
2.54993e+07 0.718796 0.615119 0.0261758 4.43495e-05
2.54993e+07 0.718796 0.615119 0.0261758 4.43495e-05
2.54993e+07 0.718796 0.615119 0.0261758 4.43495e-05
3.3338e+07 0.906565 0.611247 0.172379 3.39217e-05
3.14278e+07 0.81977 0.580301 0.0440872 3.59834e-05
2.54993e+07 0.718796 0.615119 0.0261758 4.43495e-05
7.18796e+06 0 1 0 0.00015733
1.54773e+07 0.536374 0.55908 0 7.30668e-05
1.02152e+07 0.296594 0.861434 0.0179114 0.000110705
2.84708e+07 0.748266 0.600841 0.0599045 3.97207e-05
3.14278e+07 0.81977 0.580301 0.0440872 3.59834e-05
3.14278e+07 0.81977 0.580301 0.0440872 3.59834e-05
8.93386e+06 0.19562 0.896253 0 0.000126584
7.18796e+06 0 1 0 0.00015733
1.50572e+07 0.523176 0.666515 0 7.51056e-05
1.60462e+07 0.552645 0.652237 0.0337287 7.04764e-05
2.54993e+07 0.718796 0.615119 0.0261758 4.43495e-05
2.84708e+07 0.748266 0.600841 0.0599045 3.97207e-05
2.54993e+07 0.718796 0.615119 0.0261758 4.43495e-05
9.27177e+06 0.22509 0.814517 0 0.00012197
2.54993e+07 0.718796 0.615119 0.0261758 4.43495e-05
7.18796e+06 0 1 0 0.00015733
3.14278e+07 0.81977 0.580301 0.0440872 3.59834e-05
3.24686e+07 0.835061 0.574004 0.159304 3.483e-05
3.14278e+07 0.84924 0.566023 0.0778159 3.59834e-05
2.54993e+07 0.718796 0.615119 0.0261758 4.43495e-05
8.93386e+06 0.19562 0.896253 0 0.000126584
3.14278e+07 0.81977 0.580301 0.0440872 3.59834e-05
3.3338e+07 0.906565 0.611247 0.172379 3.39217e-05
2.54993e+07 0.718796 0.615119 0.0261758 4.43495e-05
2.84708e+07 0.748266 0.600841 0.0599045 3.97207e-05
2.54993e+07 0.718796 0.615119 0.0261758 4.43495e-05
3.3338e+07 0.906565 0.611247 0.172379 3.39217e-05
2.84708e+07 0.748266 0.600841 0.0599045 3.97207e-05
1.02152e+07 0.296594 0.861434 0.0179114 0.000110705
2.54993e+07 0.718796 0.615119 0.0261758 4.43495e-05
2.54993e+07 0.718796 0.615119 0.0261758 4.43495e-05
3.14278e+07 0.81977 0.580301 0.0440872 3.59834e-05
3.14278e+07 0.81977 0.580301 0.0440872 3.59834e-05
2.84708e+07 0.748266 0.600841 0.0599045 3.97207e-05
1.60462e+07 0.552645 0.652237 0.0337287 7.04764e-05
3.3338e+07 0.906565 0.611247 0.172379 3.39217e-05
2.07076e+07 0.653619 0.581596 0.0337287 5.46119e-05
2.84708e+07 0.748266 0.600841 0.0599045 3.97207e-05
8.93386e+06 0.19562 0.896253 0 0.000126584
1.02152e+07 0.296594 0.861434 0.0179114 0.000110705
2.54993e+07 0.718796 0.615119 0.0261758 4.43495e-05
3.24686e+07 0.835061 0.574004 0.159304 3.483e-05
