3.60195e+07 0.768634 0.504277 0.172714 3.072e-05
3.50241e+07 0.700338 0.573762 0.119013 3.15931e-05
2.4914e+07 0.578598 0.475988 0.052271 4.44136e-05
2.49997e+07 0.579481 0.748879 0.039891 4.42612e-05
1.76134e+07 0.403293 0.595936 0.052271 6.28228e-05
4.69886e+07 0.776699 0.638835 0.0894109 2.35487e-05
3.50241e+07 0.700338 0.573762 0.119013 3.15931e-05
4.2801e+07 0.754786 0.628931 0.039891 2.58527e-05
1.99254e+07 0.47235 0.724394 0 5.55331e-05
4.2801e+07 0.754786 0.628931 0.039891 2.58527e-05
3.60195e+07 0.768634 0.504277 0.172714 3.072e-05
4.2801e+07 0.754786 0.628931 0.039891 2.58527e-05
2.49997e+07 0.579481 0.748879 0.039891 4.42612e-05
2.07879e+07 0.494263 0.734298 0.0495199 5.32291e-05
2.07879e+07 0.494263 0.734298 0.0495199 5.32291e-05
2.98285e+07 0.647777 0.679395 0.0935925 3.70961e-05
2.49997e+07 0.579481 0.748879 0.039891 4.42612e-05
4.2801e+07 0.754786 0.628931 0.039891 2.58527e-05
4.2801e+07 0.754786 0.628931 0.039891 2.58527e-05
4.2801e+07 0.754786 0.628931 0.039891 2.58527e-05
4.2801e+07 0.754786 0.628931 0.039891 2.58527e-05
2.98285e+07 0.647777 0.679395 0.0935925 3.70961e-05
2.49997e+07 0.579481 0.748879 0.039891 4.42612e-05
2.98285e+07 0.647777 0.679395 0.0935925 3.70961e-05
1.65705e+07 0.365341 0.774858 0.0537015 6.67764e-05
3.50241e+07 0.700338 0.573762 0.119013 3.15931e-05
3.60195e+07 0.768634 0.504277 0.172714 3.072e-05
1.49648e+07 0.297045 0.844343 0 7.39416e-05
3.60195e+07 0.768634 0.504277 0.172714 3.072e-05
1.80541e+07 0.417902 0.564683 0.0268508 6.12891e-05
1.46604e+07 0.282436 0.824755 0 7.54768e-05
4.2801e+07 0.754786 0.628931 0.039891 2.58527e-05
2.98285e+07 0.647777 0.679395 0.0935925 3.70961e-05
2.49997e+07 0.579481 0.748879 0.039891 4.42612e-05
1.99254e+07 0.47235 0.724394 0 5.55331e-05
2.98285e+07 0.647777 0.679395 0.0935925 3.70961e-05
1.61942e+07 0.350732 0.647867 0 6.83281e-05
2.49997e+07 0.579481 0.748879 0.039891 4.42612e-05
4.2801e+07 0.754786 0.628931 0.039891 2.58527e-05
2.49997e+07 0.579481 0.748879 0.039891 4.42612e-05
2.49997e+07 0.579481 0.748879 0.039891 4.42612e-05
4.2801e+07 0.754786 0.628931 0.039891 2.58527e-05
1.99254e+07 0.47235 0.724394 0 5.55331e-05
4.2801e+07 0.754786 0.628931 0.039891 2.58527e-05
3.60195e+07 0.768634 0.504277 0.172714 3.072e-05
3.60195e+07 0.768634 0.504277 0.172714 3.072e-05
2.98285e+07 0.647777 0.679395 0.0935925 3.70961e-05
2.28772e+07 0.540646 0.65491 0.0537015 4.83679e-05
4.2801e+07 0.754786 0.628931 0.039891 2.58527e-05
2.49997e+07 0.579481 0.748879 0.039891 4.42612e-05
2.49997e+07 0.579481 0.748879 0.039891 4.42612e-05
2.49997e+07 0.579481 0.748879 0.039891 4.42612e-05
3.91251e+07 0.823082 0.559447 0.0935925 2.82816e-05
4.2801e+07 0.754786 0.628931 0.039891 2.58527e-05
2.49997e+07 0.579481 0.748879 0.039891 4.42612e-05
1.0524e+07 0 1 0 0.000105142
1.46604e+07 0.282436 0.824755 0 7.54768e-05
1.99254e+07 0.47235 0.724394 0 5.55331e-05
3.50241e+07 0.700338 0.573762 0.119013 3.15931e-05
4.2801e+07 0.754786 0.628931 0.039891 2.58527e-05
4.2801e+07 0.754786 0.628931 0.039891 2.58527e-05
1.49648e+07 0.297045 0.844343 0 7.39416e-05
1.0524e+07 0 1 0 0.000105142
1.46604e+07 0.282436 0.824755 0 7.54768e-05
1.76134e+07 0.403293 0.595936 0.052271 6.28228e-05
2.49997e+07 0.579481 0.748879 0.039891 4.42612e-05
3.50241e+07 0.700338 0.573762 0.119013 3.15931e-05
2.49997e+07 0.579481 0.748879 0.039891 4.42612e-05
1.80541e+07 0.417902 0.564683 0.0268508 6.12891e-05
2.49997e+07 0.579481 0.748879 0.039891 4.42612e-05
1.0524e+07 0 1 0 0.000105142
4.2801e+07 0.754786 0.628931 0.039891 2.58527e-05
3.60195e+07 0.768634 0.504277 0.172714 3.072e-05
3.45787e+07 0.875643 0.453814 0.119013 3.2e-05
2.49997e+07 0.579481 0.748879 0.039891 4.42612e-05
1.49648e+07 0.297045 0.844343 0 7.39416e-05
4.2801e+07 0.754786 0.628931 0.039891 2.58527e-05
3.91251e+07 0.823082 0.559447 0.0935925 2.82816e-05
2.49997e+07 0.579481 0.748879 0.039891 4.42612e-05
3.50241e+07 0.700338 0.573762 0.119013 3.15931e-05
2.49997e+07 0.579481 0.748879 0.039891 4.42612e-05
3.91251e+07 0.823082 0.559447 0.0935925 2.82816e-05
3.50241e+07 0.700338 0.573762 0.119013 3.15931e-05
1.99254e+07 0.47235 0.724394 0 5.55331e-05
2.49997e+07 0.579481 0.748879 0.039891 4.42612e-05
2.49997e+07 0.579481 0.748879 0.039891 4.42612e-05
4.2801e+07 0.754786 0.628931 0.039891 2.58527e-05
4.2801e+07 0.754786 0.628931 0.039891 2.58527e-05
3.50241e+07 0.700338 0.573762 0.119013 3.15931e-05
1.86786e+07 0.437441 0.546548 0.0769649 5.924e-05
3.91251e+07 0.823082 0.559447 0.0935925 2.82816e-05
2.4914e+07 0.578598 0.475988 0.052271 4.44136e-05
3.50241e+07 0.700338 0.573762 0.119013 3.15931e-05
1.49648e+07 0.297045 0.844343 0 7.39416e-05
2.2281e+07 0.528411 0.635523 0.0495199 4.96621e-05
2.49997e+07 0.579481 0.748879 0.039891 4.42612e-05
3.60195e+07 0.768634 0.504277 0.172714 3.072e-05
