5.78335e+07 0 1 0 3.268e-05
5.78335e+07 0 1 0 3.268e-05
5.78335e+07 0 1 0 3.268e-05
1.54788e+08 0.626683 0.89133 0 1.22102e-05
5.78335e+07 0 1 0 3.268e-05
5.78335e+07 0 1 0 3.268e-05
1.54788e+08 0.626683 0.89133 0 1.22102e-05
5.78335e+07 0 1 0 3.268e-05
1.54788e+08 0.626683 0.89133 0 1.22102e-05
1.54788e+08 0.626683 0.89133 0 1.22102e-05
5.78335e+07 0 1 0 3.268e-05
1.54788e+08 0.626683 0.89133 0 1.22102e-05
1.54788e+08 0.626683 0.89133 0 1.22102e-05
5.78335e+07 0 1 0 3.268e-05
1.54788e+08 0.626683 0.89133 0 1.22102e-05
5.78335e+07 0 1 0 3.268e-05
1.54788e+08 0.626683 0.89133 0 1.22102e-05
1.54788e+08 0.626683 0.89133 0 1.22102e-05
5.78335e+07 0 1 0 3.268e-05
1.54788e+08 0.626683 0.89133 0 1.22102e-05
1.54788e+08 0.626683 0.89133 0 1.22102e-05
5.78335e+07 0 1 0 3.268e-05
1.54788e+08 0.626683 0.89133 0 1.22102e-05
5.78335e+07 0 1 0 3.268e-05
1.54788e+08 0.626683 0.89133 0 1.22102e-05
1.54788e+08 0.626683 0.89133 0 1.22102e-05
5.78335e+07 0 1 0 3.268e-05
1.54788e+08 0.626683 0.89133 0 1.22102e-05
5.78335e+07 0 1 0 3.268e-05
1.54788e+08 0.626683 0.89133 0 1.22102e-05
5.78335e+07 0 1 0 3.268e-05
1.54788e+08 0.626683 0.89133 0 1.22102e-05
5.78335e+07 0 1 0 3.268e-05
5.78335e+07 0 1 0 3.268e-05
1.54788e+08 0.626683 0.89133 0 1.22102e-05
1.54788e+08 0.626683 0.89133 0 1.22102e-05
5.78335e+07 0 1 0 3.268e-05
1.54788e+08 0.626683 0.89133 0 1.22102e-05
5.78335e+07 0 1 0 3.268e-05
1.6335e+08 0.646267 0.894726 0.0543351 1.15702e-05
1.54788e+08 0.626683 0.89133 0 1.22102e-05
1.54788e+08 0.626683 0.89133 0 1.22102e-05
1.54788e+08 0.626683 0.89133 0 1.22102e-05
5.78335e+07 0 1 0 3.268e-05
5.78335e+07 0 1 0 3.268e-05
5.78335e+07 0 1 0 3.268e-05
5.78335e+07 0 1 0 3.268e-05
5.78335e+07 0 1 0 3.268e-05
5.78335e+07 0 1 0 3.268e-05
5.78335e+07 0 1 0 3.268e-05
1.54788e+08 0.626683 0.89133 0 1.22102e-05
1.54788e+08 0.626683 0.89133 0 1.22102e-05
5.78335e+07 0 1 0 3.268e-05
1.54788e+08 0.626683 0.89133 0 1.22102e-05
1.54788e+08 0.626683 0.89133 0 1.22102e-05
1.6335e+08 0.646267 0.894726 0.0543351 1.15702e-05
5.78335e+07 0 1 0 3.268e-05
5.78335e+07 0 1 0 3.268e-05
5.78335e+07 0 1 0 3.268e-05
1.54788e+08 0.626683 0.89133 0 1.22102e-05
5.78335e+07 0 1 0 3.268e-05
1.54788e+08 0.626683 0.89133 0 1.22102e-05
1.54788e+08 0.626683 0.89133 0 1.22102e-05
5.78335e+07 0 1 0 3.268e-05
5.78335e+07 0 1 0 3.268e-05
5.78335e+07 0 1 0 3.268e-05
5.78335e+07 0 1 0 3.268e-05
1.54788e+08 0.626683 0.89133 0 1.22102e-05
1.54788e+08 0.626683 0.89133 0 1.22102e-05
5.78335e+07 0 1 0 3.268e-05
9.22852e+07 1 0.573703 0.105274 2.048e-05
5.78335e+07 0 1 0 3.268e-05
5.78335e+07 0 1 0 3.268e-05
5.78335e+07 0 1 0 3.268e-05
5.78335e+07 0 1 0 3.268e-05
8.92092e+07 0.353733 0.577099 0 2.11862e-05
1.54788e+08 0.626683 0.89133 0 1.22102e-05
5.78335e+07 0 1 0 3.268e-05
5.78335e+07 0 1 0 3.268e-05
5.78335e+07 0 1 0 3.268e-05
1.54788e+08 0.626683 0.89133 0 1.22102e-05
5.78335e+07 0 1 0 3.268e-05
1.54788e+08 0.626683 0.89133 0 1.22102e-05
1.54788e+08 0.626683 0.89133 0 1.22102e-05
1.54788e+08 0.626683 0.89133 0 1.22102e-05
5.78335e+07 0 1 0 3.268e-05
5.78335e+07 0 1 0 3.268e-05
5.78335e+07 0 1 0 3.268e-05
5.78335e+07 0 1 0 3.268e-05
5.78335e+07 0 1 0 3.268e-05
5.78335e+07 0 1 0 3.268e-05
1.54788e+08 0.626683 0.89133 0 1.22102e-05
1.54788e+08 0.626683 0.89133 0 1.22102e-05
1.54788e+08 0.626683 0.89133 0 1.22102e-05
5.78335e+07 0 1 0 3.268e-05
1.54788e+08 0.626683 0.89133 0 1.22102e-05
5.78335e+07 0 1 0 3.268e-05
