5.98027e+07 0.867076 0.610345 0 2.332e-05
5.98027e+07 0.867076 0.610345 0 2.332e-05
4.89677e+07 0.900539 0.416312 0 2.848e-05
5.98027e+07 0.867076 0.610345 0 2.332e-05
5.98027e+07 0.867076 0.610345 0 2.332e-05
5.98027e+07 0.867076 0.610345 0 2.332e-05
5.98027e+07 0.867076 0.610345 0 2.332e-05
5.98027e+07 0.867076 0.610345 0 2.332e-05
2.02553e+07 0 1 0 6.88512e-05
5.98027e+07 0.867076 0.610345 0 2.332e-05
5.98027e+07 0.867076 0.610345 0 2.332e-05
5.98027e+07 0.867076 0.610345 0 2.332e-05
5.98027e+07 0.867076 0.610345 0 2.332e-05
2.02553e+07 0 1 0 6.88512e-05
2.02553e+07 0 1 0 6.88512e-05
5.98027e+07 0.867076 0.610345 0 2.332e-05
5.98027e+07 0.867076 0.610345 0 2.332e-05
5.98027e+07 0.867076 0.610345 0 2.332e-05
5.98027e+07 0.867076 0.610345 0 2.332e-05
5.98027e+07 0.867076 0.610345 0 2.332e-05
5.98027e+07 0.867076 0.610345 0 2.332e-05
5.98027e+07 0.867076 0.610345 0 2.332e-05
5.98027e+07 0.867076 0.610345 0 2.332e-05
5.98027e+07 0.867076 0.610345 0 2.332e-05
2.02553e+07 0 1 0 6.88512e-05
5.98027e+07 0.867076 0.610345 0 2.332e-05
5.98027e+07 0.867076 0.610345 0 2.332e-05
2.02553e+07 0 1 0 6.88512e-05
5.98027e+07 0.867076 0.610345 0 2.332e-05
2.02553e+07 0 1 0 6.88512e-05
5.98027e+07 0.867076 0.610345 0 2.332e-05
5.98027e+07 0.867076 0.610345 0 2.332e-05
5.98027e+07 0.867076 0.610345 0 2.332e-05
5.98027e+07 0.867076 0.610345 0 2.332e-05
2.02553e+07 0 1 0 6.88512e-05
5.98027e+07 0.867076 0.610345 0 2.332e-05
5.98027e+07 0.867076 0.610345 0 2.332e-05
5.98027e+07 0.867076 0.610345 0 2.332e-05
5.98027e+07 0.867076 0.610345 0 2.332e-05
5.98027e+07 0.867076 0.610345 0 2.332e-05
5.98027e+07 0.867076 0.610345 0 2.332e-05
5.98027e+07 0.867076 0.610345 0 2.332e-05
2.02553e+07 0 1 0 6.88512e-05
5.98027e+07 0.883807 0.621125 0.0538983 2.332e-05
5.98027e+07 0.867076 0.610345 0 2.332e-05
5.98027e+07 0.867076 0.610345 0 2.332e-05
5.98027e+07 0.867076 0.610345 0 2.332e-05
2.02553e+07 0 1 0 6.88512e-05
5.98027e+07 0.867076 0.610345 0 2.332e-05
5.98027e+07 0.867076 0.610345 0 2.332e-05
5.98027e+07 0.867076 0.610345 0 2.332e-05
5.98027e+07 0.867076 0.610345 0 2.332e-05
5.98027e+07 0.867076 0.610345 0 2.332e-05
5.98027e+07 0.867076 0.610345 0 2.332e-05
5.98027e+07 0.867076 0.610345 0 2.332e-05
2.02553e+07 0 1 0 6.88512e-05
5.41718e+07 0.932144 0.522911 0.144926 2.5744e-05
2.02553e+07 0 1 0 6.88512e-05
5.98027e+07 0.883807 0.621125 0.0538983 2.332e-05
5.98027e+07 0.867076 0.610345 0 2.332e-05
5.98027e+07 0.867076 0.610345 0 2.332e-05
2.02553e+07 0 1 0 6.88512e-05
2.02553e+07 0 1 0 6.88512e-05
5.41382e+07 0.89961 0.474402 0.0670734 2.576e-05
5.98027e+07 0.867076 0.610345 0 2.332e-05
5.98027e+07 0.867076 0.610345 0 2.332e-05
5.98027e+07 0.867076 0.610345 0 2.332e-05
5.98027e+07 0.867076 0.610345 0 2.332e-05
2.02553e+07 0 1 0 6.88512e-05
5.98027e+07 0.867076 0.610345 0 2.332e-05
2.09883e+07 0.0353226 0.833514 0 6.64466e-05
5.98027e+07 0.867076 0.610345 0 2.332e-05
5.98027e+07 0.867076 0.610345 0 2.332e-05
5.98027e+07 0.867076 0.610345 0 2.332e-05
5.98027e+07 0.883807 0.621125 0.0538983 2.332e-05
2.09883e+07 0.0353226 0.833514 0 6.64466e-05
5.98027e+07 0.867076 0.610345 0 2.332e-05
5.98027e+07 0.867076 0.610345 0 2.332e-05
5.98027e+07 0.867076 0.610345 0 2.332e-05
5.98027e+07 0.867076 0.610345 0 2.332e-05
5.98027e+07 0.867076 0.610345 0 2.332e-05
5.98027e+07 0.867076 0.610345 0 2.332e-05
5.98027e+07 0.867076 0.610345 0 2.332e-05
2.02553e+07 0 1 0 6.88512e-05
5.98027e+07 0.867076 0.610345 0 2.332e-05
5.98027e+07 0.867076 0.610345 0 2.332e-05
5.98027e+07 0.867076 0.610345 0 2.332e-05
5.98027e+07 0.867076 0.610345 0 2.332e-05
5.98027e+07 0.867076 0.610345 0 2.332e-05
5.98027e+07 0.867076 0.610345 0 2.332e-05
5.98027e+07 0.867076 0.610345 0 2.332e-05
5.98027e+07 0.867076 0.610345 0 2.332e-05
5.98027e+07 0.867076 0.610345 0 2.332e-05
2.05956e+07 0.0167317 0.902983 0 6.77136e-05
2.02553e+07 0 1 0 6.88512e-05
5.98027e+07 0.867076 0.610345 0 2.332e-05
5.98027e+07 0.867076 0.610345 0 2.332e-05
