2.8679e+07 0.552958 0.449542 0.0520813 4.52279e-05
2.8679e+07 0.552958 0.449542 0.0520813 4.52279e-05
2.23306e+07 0.425757 0.409732 0 5.80857e-05
6.00224e+07 0.78652 0.6419 0.132195 2.16101e-05
1.77026e+07 0.275244 0.576109 0 7.32712e-05
3.98277e+07 0.678133 0.569206 0.159981 3.25675e-05
6.33345e+07 0.830673 0.449542 0.132195 2.048e-05
3.76314e+07 0.659318 0.555637 0.0921382 3.44683e-05
4.36086e+07 0.705942 0.683008 0.120171 2.97439e-05
6.33345e+07 0.937033 0.555637 0.172252 2.048e-05
2.8679e+07 0.552958 0.449542 0.0520813 4.52279e-05
6.33345e+07 0.937033 0.555637 0.172252 2.048e-05
6.00224e+07 0.78652 0.6419 0.132195 2.16101e-05
2.32035e+07 0.447042 0.696576 0.1079 5.59007e-05
4.65857e+07 0.724756 0.696576 0.188013 2.78431e-05
2.61154e+07 0.508805 0.6419 0.0520813 4.96677e-05
6.00224e+07 0.78652 0.6419 0.132195 2.16101e-05
6.33345e+07 0.937033 0.555637 0.172252 2.048e-05
3.76314e+07 0.659318 0.555637 0.0921382 3.44683e-05
6.33345e+07 0.937033 0.555637 0.172252 2.048e-05
6.33345e+07 0.937033 0.555637 0.172252 2.048e-05
2.61154e+07 0.508805 0.6419 0.0520813 4.96677e-05
6.00224e+07 0.78652 0.6419 0.132195 2.16101e-05
2.61154e+07 0.508805 0.6419 0.0520813 4.96677e-05
2.88606e+07 0.555429 0.769271 0.0801138 4.49433e-05
6.33345e+07 0.830673 0.449542 0.132195 2.048e-05
2.8679e+07 0.552958 0.449542 0.0520813 4.52279e-05
2.88606e+07 0.555429 0.769271 0.0801138 4.49433e-05
2.8679e+07 0.552958 0.449542 0.0520813 4.52279e-05
3.20241e+07 0.599582 0.576913 0.0801138 4.05035e-05
1.66925e+07 0.231091 0.768467 0 7.77051e-05
6.33345e+07 0.937033 0.555637 0.172252 2.048e-05
2.61154e+07 0.508805 0.6419 0.0520813 4.96677e-05
2.61154e+07 0.508805 0.6419 0.0520813 4.96677e-05
4.36086e+07 0.705942 0.683008 0.120171 2.97439e-05
6.00224e+07 0.78652 0.6419 0.132195 2.16101e-05
1.66925e+07 0.231091 0.768467 0 7.77051e-05
6.00224e+07 0.78652 0.6419 0.132195 2.16101e-05
3.76314e+07 0.659318 0.555637 0.0921382 3.44683e-05
6.00224e+07 0.78652 0.6419 0.132195 2.16101e-05
6.00224e+07 0.78652 0.6419 0.132195 2.16101e-05
6.33345e+07 0.937033 0.555637 0.172252 2.048e-05
4.36086e+07 0.705942 0.683008 0.120171 2.97439e-05
3.76314e+07 0.659318 0.555637 0.0921382 3.44683e-05
2.8679e+07 0.552958 0.449542 0.0520813 4.52279e-05
2.8679e+07 0.552958 0.449542 0.0520813 4.52279e-05
2.61154e+07 0.508805 0.6419 0.0520813 4.96677e-05
2.24404e+07 0.428228 0.683008 0.0400569 5.78015e-05
3.76314e+07 0.659318 0.555637 0.0921382 3.44683e-05
2.61154e+07 0.508805 0.6419 0.0520813 4.96677e-05
6.00224e+07 0.78652 0.6419 0.132195 2.16101e-05
6.00224e+07 0.78652 0.6419 0.132195 2.16101e-05
3.76314e+07 0.659318 0.555637 0.0921382 3.44683e-05
6.33345e+07 0.937033 0.555637 0.172252 2.048e-05
6.00224e+07 0.78652 0.6419 0.132195 2.16101e-05
1.77716e+07 0.277714 0.839772 0 7.29868e-05
1.66925e+07 0.231091 0.768467 0 7.77051e-05
2.24404e+07 0.428228 0.683008 0.0400569 5.78015e-05
2.8679e+07 0.552958 0.449542 0.0520813 4.52279e-05
6.33345e+07 0.937033 0.555637 0.172252 2.048e-05
3.76314e+07 0.659318 0.555637 0.0921382 3.44683e-05
2.88606e+07 0.555429 0.769271 0.0801138 4.49433e-05
1.77716e+07 0.277714 0.839772 0 7.29868e-05
1.66925e+07 0.231091 0.768467 0 7.77051e-05
1.77026e+07 0.275244 0.576109 0 7.32712e-05
2.61154e+07 0.508805 0.6419 0.0520813 4.96677e-05
2.8679e+07 0.552958 0.449542 0.0520813 4.52279e-05
6.00224e+07 0.78652 0.6419 0.132195 2.16101e-05
3.20241e+07 0.599582 0.576913 0.0801138 4.05035e-05
2.61154e+07 0.508805 0.6419 0.0520813 4.96677e-05
1.77716e+07 0.277714 0.839772 0 7.29868e-05
3.76314e+07 0.659318 0.555637 0.0921382 3.44683e-05
2.8679e+07 0.552958 0.449542 0.0520813 4.52279e-05
4.31952e+07 0.703471 0.363279 0.0921382 3.00285e-05
2.61154e+07 0.508805 0.6419 0.0520813 4.96677e-05
1.77681e+07 0.277714 0.769271 0 7.30009e-05
6.33345e+07 0.937033 0.555637 0.172252 2.048e-05
3.76314e+07 0.659318 0.555637 0.0921382 3.44683e-05
2.61154e+07 0.508805 0.6419 0.0520813 4.96677e-05
2.8679e+07 0.552958 0.449542 0.0520813 4.52279e-05
6.00224e+07 0.78652 0.6419 0.132195 2.16101e-05
3.76314e+07 0.659318 0.555637 0.0921382 3.44683e-05
6.33345e+07 0.830673 0.449542 0.132195 2.048e-05
4.36086e+07 0.705942 0.683008 0.120171 2.97439e-05
6.00224e+07 0.78652 0.6419 0.132195 2.16101e-05
2.61154e+07 0.508805 0.6419 0.0520813 4.96677e-05
3.76314e+07 0.659318 0.555637 0.0921382 3.44683e-05
3.76314e+07 0.659318 0.555637 0.0921382 3.44683e-05
2.8679e+07 0.552958 0.449542 0.0520813 4.52279e-05
1.77026e+07 0.275244 0.576109 0 7.32712e-05
3.76314e+07 0.659318 0.555637 0.0921382 3.44683e-05
4.31751e+07 0.703471 0.249504 0 3.00426e-05
6.33345e+07 0.830673 0.449542 0.132195 2.048e-05
2.88606e+07 0.555429 0.769271 0.0801138 4.49433e-05
2.32035e+07 0.447042 0.696576 0.1079 5.59007e-05
6.00224e+07 0.78652 0.6419 0.132195 2.16101e-05
2.8679e+07 0.552958 0.449542 0.0520813 4.52279e-05
