1.49215e+07 0.268026 0.881149 0 8.49756e-05
1.49215e+07 0.268026 0.881149 0 8.49756e-05
1.09261e+07 0 1 0 0.000116049
3.79547e+07 0.71253 0.82714 0.0410131 3.34072e-05
1.09261e+07 0 1 0 0.000116049
1.49215e+07 0.268026 0.881149 0 8.49756e-05
3.79547e+07 0.71253 0.82714 0.0410131 3.34072e-05
1.49215e+07 0.268026 0.881149 0 8.49756e-05
3.79547e+07 0.71253 0.82714 0.0410131 3.34072e-05
3.79547e+07 0.71253 0.82714 0.0410131 3.34072e-05
1.49215e+07 0.268026 0.881149 0 8.49756e-05
3.79547e+07 0.71253 0.82714 0.0410131 3.34072e-05
3.79547e+07 0.71253 0.82714 0.0410131 3.34072e-05
1.49215e+07 0.268026 0.881149 0 8.49756e-05
3.79547e+07 0.71253 0.82714 0.0410131 3.34072e-05
1.49215e+07 0.268026 0.881149 0 8.49756e-05
3.79547e+07 0.71253 0.82714 0.0410131 3.34072e-05
3.79547e+07 0.71253 0.82714 0.0410131 3.34072e-05
1.49215e+07 0.268026 0.881149 0 8.49756e-05
3.79547e+07 0.71253 0.82714 0.0410131 3.34072e-05
3.79547e+07 0.71253 0.82714 0.0410131 3.34072e-05
1.49215e+07 0.268026 0.881149 0 8.49756e-05
3.79547e+07 0.71253 0.82714 0.0410131 3.34072e-05
1.49215e+07 0.268026 0.881149 0 8.49756e-05
3.79547e+07 0.71253 0.82714 0.0410131 3.34072e-05
3.79547e+07 0.71253 0.82714 0.0410131 3.34072e-05
1.49215e+07 0.268026 0.881149 0 8.49756e-05
3.79547e+07 0.71253 0.82714 0.0410131 3.34072e-05
1.49215e+07 0.268026 0.881149 0 8.49756e-05
6.19121e+07 0.839373 0.782994 0.0713404 2.048e-05
1.09261e+07 0 1 0 0.000116049
3.79547e+07 0.71253 0.82714 0.0410131 3.34072e-05
1.49215e+07 0.268026 0.881149 0 8.49756e-05
1.49215e+07 0.268026 0.881149 0 8.49756e-05
6.19121e+07 0.839373 0.782994 0.0713404 2.048e-05
3.79547e+07 0.71253 0.82714 0.0410131 3.34072e-05
1.09261e+07 0 1 0 0.000116049
3.79547e+07 0.71253 0.82714 0.0410131 3.34072e-05
1.49215e+07 0.268026 0.881149 0 8.49756e-05
3.9879e+07 0.72642 0.831391 0.109031 3.17952e-05
3.79547e+07 0.71253 0.82714 0.0410131 3.34072e-05
3.79547e+07 0.71253 0.82714 0.0410131 3.34072e-05
6.19121e+07 0.839373 0.782994 0.0713404 2.048e-05
1.49215e+07 0.268026 0.881149 0 8.49756e-05
1.49215e+07 0.268026 0.881149 0 8.49756e-05
1.49215e+07 0.268026 0.881149 0 8.49756e-05
1.49215e+07 0.268026 0.881149 0 8.49756e-05
1.49215e+07 0.268026 0.881149 0 8.49756e-05
1.49215e+07 0.268026 0.881149 0 8.49756e-05
1.49215e+07 0.268026 0.881149 0 8.49756e-05
3.79547e+07 0.71253 0.82714 0.0410131 3.34072e-05
6.19121e+07 0.839373 0.782994 0.0713404 2.048e-05
1.49215e+07 0.268026 0.881149 0 8.49756e-05
3.79547e+07 0.71253 0.82714 0.0410131 3.34072e-05
3.79547e+07 0.71253 0.82714 0.0410131 3.34072e-05
2.01636e+07 0.458395 0.868216 0.0680175 6.28836e-05
1.09261e+07 0 1 0 0.000116049
1.80442e+07 0.394869 0.837003 0.0303273 7.02695e-05
1.49215e+07 0.268026 0.881149 0 8.49756e-05
3.79547e+07 0.71253 0.82714 0.0410131 3.34072e-05
1.49215e+07 0.268026 0.881149 0 8.49756e-05
6.19121e+07 0.846319 0.759491 0.0918469 2.048e-05
1.96596e+07 0.444504 0.863965 0 6.44956e-05
1.09261e+07 0 1 0 0.000116049
1.09261e+07 0 1 0 0.000116049
1.49215e+07 0.268026 0.881149 0 8.49756e-05
1.49215e+07 0.268026 0.881149 0 8.49756e-05
3.79547e+07 0.71253 0.82714 0.0410131 3.34072e-05
6.19121e+07 0.839373 0.782994 0.0713404 2.048e-05
1.5063e+07 0.274971 0.857646 0.0205065 8.41774e-05
3.09561e+07 0.725029 0.635748 0.179253 4.096e-05
1.49215e+07 0.268026 0.881149 0 8.49756e-05
1.49215e+07 0.268026 0.881149 0 8.49756e-05
1.49215e+07 0.268026 0.881149 0 8.49756e-05
1.49215e+07 0.268026 0.881149 0 8.49756e-05
2.34225e+07 0.53466 0.581802 0.0777961 5.41344e-05
3.79547e+07 0.71253 0.82714 0.0410131 3.34072e-05
1.49215e+07 0.268026 0.881149 0 8.49756e-05
1.49215e+07 0.268026 0.881149 0 8.49756e-05
1.49215e+07 0.268026 0.881149 0 8.49756e-05
3.79547e+07 0.71253 0.82714 0.0410131 3.34072e-05
1.49215e+07 0.268026 0.881149 0 8.49756e-05
3.79547e+07 0.71253 0.82714 0.0410131 3.34072e-05
6.19121e+07 0.839373 0.782994 0.0713404 2.048e-05
3.79547e+07 0.71253 0.82714 0.0410131 3.34072e-05
1.49215e+07 0.268026 0.881149 0 8.49756e-05
1.49215e+07 0.268026 0.881149 0 8.49756e-05
1.49215e+07 0.268026 0.881149 0 8.49756e-05
1.49215e+07 0.268026 0.881149 0 8.49756e-05
1.09261e+07 0 1 0 0.000116049
1.49215e+07 0.268026 0.881149 0 8.49756e-05
1.96596e+07 0.444504 0.863965 0 6.44956e-05
3.79547e+07 0.71253 0.82714 0.0410131 3.34072e-05
3.79547e+07 0.71253 0.82714 0.0410131 3.34072e-05
1.49215e+07 0.268026 0.881149 0 8.49756e-05
3.79547e+07 0.71253 0.82714 0.0410131 3.34072e-05
1.49215e+07 0.268026 0.881149 0 8.49756e-05
