1.94211e+07 0.456208 0.790262 0.029109 5.67976e-05
1.94211e+07 0.456208 0.790262 0.029109 5.67976e-05
1.57343e+07 0.328666 0.776443 0 7.01062e-05
1.94211e+07 0.456208 0.790262 0.029109 5.67976e-05
1.3199e+07 0.199489 0.869725 0 8.35725e-05
2.64845e+07 0.601533 0.70452 0.0668075 4.16496e-05
1.94211e+07 0.456208 0.790262 0.029109 5.67976e-05
2.54545e+07 0.585386 0.69698 0.029109 4.3335e-05
1.71971e+07 0.385897 0.769037 0 6.41429e-05
2.54545e+07 0.585386 0.69698 0.029109 4.3335e-05
1.94211e+07 0.456208 0.790262 0.029109 5.67976e-05
2.54545e+07 0.585386 0.69698 0.029109 4.3335e-05
1.94211e+07 0.456208 0.790262 0.029109 5.67976e-05
1.94924e+07 0.458457 0.667585 0.0678573 5.65896e-05
1.76611e+07 0.402044 0.776576 0.0376985 6.24575e-05
1.94211e+07 0.456208 0.790262 0.029109 5.67976e-05
3.09432e+07 0.658968 0.733457 0.029109 3.56483e-05
2.54545e+07 0.585386 0.69698 0.029109 4.3335e-05
4.975e+07 0.788146 0.678045 0.0480442 2.21723e-05
2.54545e+07 0.585386 0.69698 0.029109 4.3335e-05
2.54545e+07 0.585386 0.69698 0.029109 4.3335e-05
3.09432e+07 0.658968 0.733457 0.029109 3.56483e-05
3.09432e+07 0.658968 0.733457 0.029109 3.56483e-05
3.09432e+07 0.658968 0.733457 0.029109 3.56483e-05
1.42138e+07 0.25672 0.862319 0 7.76055e-05
1.94211e+07 0.456208 0.790262 0.029109 5.67976e-05
1.94211e+07 0.456208 0.790262 0.029109 5.67976e-05
1.42138e+07 0.25672 0.862319 0 7.76055e-05
1.94211e+07 0.456208 0.790262 0.029109 5.67976e-05
1.42138e+07 0.25672 0.862319 0 7.76055e-05
1.76714e+07 0.402248 0.81292 0 6.24211e-05
2.54545e+07 0.585386 0.69698 0.029109 4.3335e-05
2.38607e+07 0.557588 0.722882 0.0586953 4.62297e-05
3.09432e+07 0.658968 0.733457 0.029109 3.56483e-05
1.71971e+07 0.385897 0.769037 0 6.41429e-05
1.94211e+07 0.456208 0.790262 0.029109 5.67976e-05
1.3199e+07 0.199489 0.869725 0 8.35725e-05
1.94211e+07 0.456208 0.790262 0.029109 5.67976e-05
4.975e+07 0.788146 0.678045 0.0480442 2.21723e-05
1.94211e+07 0.456208 0.790262 0.029109 5.67976e-05
1.94211e+07 0.456208 0.790262 0.029109 5.67976e-05
2.54545e+07 0.585386 0.69698 0.029109 4.3335e-05
1.71971e+07 0.385897 0.769037 0 6.41429e-05
2.54545e+07 0.585386 0.69698 0.029109 4.3335e-05
1.94211e+07 0.456208 0.790262 0.029109 5.67976e-05
1.94211e+07 0.456208 0.790262 0.029109 5.67976e-05
1.94211e+07 0.456208 0.790262 0.029109 5.67976e-05
2.56646e+07 0.588657 0.750102 0.0189352 4.29802e-05
4.975e+07 0.788146 0.678045 0.0480442 2.21723e-05
2.38607e+07 0.557588 0.722882 0.0586953 4.62297e-05
1.94211e+07 0.456208 0.790262 0.029109 5.67976e-05
1.94211e+07 0.456208 0.790262 0.029109 5.67976e-05
2.54545e+07 0.585386 0.69698 0.029109 4.3335e-05
2.54545e+07 0.585386 0.69698 0.029109 4.3335e-05
1.94211e+07 0.456208 0.790262 0.029109 5.67976e-05
1.05685e+07 0 1 0 0.000104373
1.3199e+07 0.199489 0.869725 0 8.35725e-05
2.56646e+07 0.588657 0.750102 0.0189352 4.29802e-05
1.94211e+07 0.456208 0.790262 0.029109 5.67976e-05
2.54545e+07 0.585386 0.69698 0.029109 4.3335e-05
4.975e+07 0.788146 0.678045 0.0480442 2.21723e-05
1.42138e+07 0.25672 0.862319 0 7.76055e-05
1.05685e+07 0 1 0 0.000104373
1.51102e+07 0.300868 0.802345 0.0295862 7.30015e-05
1.78591e+07 0.408584 0.808186 0.0378703 6.17651e-05
1.94211e+07 0.456208 0.790262 0.029109 5.67976e-05
1.96428e+07 0.462545 0.709788 0.029109 5.61563e-05
3.09432e+07 0.658968 0.733457 0.029109 3.56483e-05
1.42138e+07 0.25672 0.862319 0 7.76055e-05
1.94211e+07 0.456208 0.790262 0.029109 5.67976e-05
1.091e+07 0.0315789 0.855371 0 0.000101107
2.54545e+07 0.585386 0.69698 0.029109 4.3335e-05
1.94211e+07 0.456208 0.790262 0.029109 5.67976e-05
2.54545e+07 0.585386 0.69698 0.029109 4.3335e-05
1.94211e+07 0.456208 0.790262 0.029109 5.67976e-05
1.48379e+07 0.288299 0.71769 0 7.43412e-05
2.54545e+07 0.585386 0.69698 0.029109 4.3335e-05
2.54545e+07 0.585386 0.69698 0.029109 4.3335e-05
3.09432e+07 0.658968 0.733457 0.029109 3.56483e-05
1.94211e+07 0.456208 0.790262 0.029109 5.67976e-05
1.94211e+07 0.456208 0.790262 0.029109 5.67976e-05
2.54545e+07 0.585386 0.69698 0.029109 4.3335e-05
1.94211e+07 0.456208 0.790262 0.029109 5.67976e-05
1.71971e+07 0.385897 0.769037 0 6.41429e-05
1.94211e+07 0.456208 0.790262 0.029109 5.67976e-05
3.09432e+07 0.658968 0.733457 0.029109 3.56483e-05
2.54545e+07 0.585386 0.69698 0.029109 4.3335e-05
4.975e+07 0.788146 0.678045 0.0480442 2.21723e-05
1.96428e+07 0.462545 0.709788 0.029109 5.61563e-05
1.3199e+07 0.199489 0.869725 0 8.35725e-05
2.54545e+07 0.585386 0.69698 0.029109 4.3335e-05
1.57343e+07 0.328666 0.776443 0 7.01062e-05
1.94211e+07 0.456208 0.790262 0.029109 5.67976e-05
1.42138e+07 0.25672 0.862319 0 7.76055e-05
1.76611e+07 0.402044 0.776576 0.0376985 6.24575e-05
1.94211e+07 0.456208 0.790262 0.029109 5.67976e-05
1.94211e+07 0.456208 0.790262 0.029109 5.67976e-05
