2.42177e+07 0.546603 0.609665 0.0449552 4.90551e-05
2.42177e+07 0.546603 0.609665 0.0449552 4.90551e-05
2.42177e+07 0.546603 0.609665 0.0449552 4.90551e-05
2.24993e+07 0.511848 0.6301 0 5.28015e-05
2.42177e+07 0.546603 0.609665 0.0449552 4.90551e-05
2.24993e+07 0.511848 0.6301 0 5.28015e-05
2.42177e+07 0.546603 0.609665 0.0449552 4.90551e-05
2.24993e+07 0.511848 0.6301 0 5.28015e-05
1.09967e+07 0 1 0 0.000108032
2.24993e+07 0.511848 0.6301 0 5.28015e-05
2.42177e+07 0.546603 0.609665 0.0449552 4.90551e-05
2.24993e+07 0.511848 0.6301 0 5.28015e-05
2.24993e+07 0.511848 0.6301 0 5.28015e-05
1.09967e+07 0 1 0 0.000108032
1.09967e+07 0 1 0 0.000108032
2.24993e+07 0.511848 0.6301 0 5.28015e-05
4.65677e+07 0.764613 0.551632 0 2.55112e-05
2.24993e+07 0.511848 0.6301 0 5.28015e-05
4.65677e+07 0.764613 0.551632 0 2.55112e-05
2.24993e+07 0.511848 0.6301 0 5.28015e-05
2.24993e+07 0.511848 0.6301 0 5.28015e-05
4.65677e+07 0.764613 0.551632 0 2.55112e-05
4.65677e+07 0.764613 0.551632 0 2.55112e-05
4.65677e+07 0.764613 0.551632 0 2.55112e-05
1.09967e+07 0 1 0 0.000108032
2.42177e+07 0.546603 0.609665 0.0449552 4.90551e-05
2.42177e+07 0.546603 0.609665 0.0449552 4.90551e-05
1.09967e+07 0 1 0 0.000108032
2.42177e+07 0.546603 0.609665 0.0449552 4.90551e-05
1.13908e+07 0.0347552 0.889655 0 0.000104295
4.65677e+07 0.764613 0.551632 0 2.55112e-05
2.24993e+07 0.511848 0.6301 0 5.28015e-05
3.03335e+07 0.63823 0.536266 0.0408686 3.91646e-05
4.65677e+07 0.764613 0.551632 0 2.55112e-05
1.09967e+07 0 1 0 0.000108032
2.24993e+07 0.511848 0.6301 0 5.28015e-05
2.24993e+07 0.511848 0.6301 0 5.28015e-05
2.24993e+07 0.511848 0.6301 0 5.28015e-05
4.65677e+07 0.764613 0.551632 0 2.55112e-05
2.24993e+07 0.511848 0.6301 0 5.28015e-05
2.24993e+07 0.511848 0.6301 0 5.28015e-05
2.24993e+07 0.511848 0.6301 0 5.28015e-05
1.09967e+07 0 1 0 0.000108032
2.24993e+07 0.511848 0.6301 0 5.28015e-05
2.42177e+07 0.546603 0.609665 0.0449552 4.90551e-05
2.42177e+07 0.546603 0.609665 0.0449552 4.90551e-05
2.24993e+07 0.511848 0.6301 0 5.28015e-05
1.47141e+07 0.252765 0.921533 0 8.0739e-05
4.65677e+07 0.764613 0.551632 0 2.55112e-05
3.03335e+07 0.63823 0.536266 0.0408686 3.91646e-05
2.24993e+07 0.511848 0.6301 0 5.28015e-05
2.24993e+07 0.511848 0.6301 0 5.28015e-05
2.24993e+07 0.511848 0.6301 0 5.28015e-05
2.24993e+07 0.511848 0.6301 0 5.28015e-05
2.24993e+07 0.511848 0.6301 0 5.28015e-05
1.09967e+07 0 1 0 0.000108032
2.24993e+07 0.511848 0.6301 0 5.28015e-05
1.47141e+07 0.252765 0.921533 0 8.0739e-05
2.42177e+07 0.546603 0.609665 0.0449552 4.90551e-05
2.24993e+07 0.511848 0.6301 0 5.28015e-05
4.65677e+07 0.764613 0.551632 0 2.55112e-05
1.09967e+07 0 1 0 0.000108032
1.09967e+07 0 1 0 0.000108032
3.03335e+07 0.63823 0.536266 0.0408686 3.91646e-05
5.0396e+07 0.816746 0.569124 0.186196 2.35733e-05
2.24993e+07 0.511848 0.6301 0 5.28015e-05
2.51639e+07 0.563981 0.490656 0.107729 4.72105e-05
4.65677e+07 0.764613 0.551632 0 2.55112e-05
1.13908e+07 0.0347552 0.889655 0 0.000104295
2.24993e+07 0.511848 0.6301 0 5.28015e-05
1.1429e+07 0.0379147 0.93461 0 0.000103946
2.24993e+07 0.511848 0.6301 0 5.28015e-05
2.42177e+07 0.546603 0.609665 0.0449552 4.90551e-05
2.42177e+07 0.546603 0.609665 0.0449552 4.90551e-05
2.24993e+07 0.511848 0.6301 0 5.28015e-05
1.1429e+07 0.0379147 0.93461 0 0.000103946
2.24993e+07 0.511848 0.6301 0 5.28015e-05
2.24993e+07 0.511848 0.6301 0 5.28015e-05
4.65677e+07 0.764613 0.551632 0 2.55112e-05
2.42177e+07 0.546603 0.609665 0.0449552 4.90551e-05
2.24993e+07 0.511848 0.6301 0 5.28015e-05
2.24993e+07 0.511848 0.6301 0 5.28015e-05
2.42177e+07 0.546603 0.609665 0.0449552 4.90551e-05
1.09967e+07 0 1 0 0.000108032
2.24993e+07 0.511848 0.6301 0 5.28015e-05
4.65677e+07 0.764613 0.551632 0 2.55112e-05
2.24993e+07 0.511848 0.6301 0 5.28015e-05
4.65677e+07 0.764613 0.551632 0 2.55112e-05
2.51639e+07 0.563981 0.490656 0.107729 4.72105e-05
2.42177e+07 0.546603 0.609665 0.0449552 4.90551e-05
2.24993e+07 0.511848 0.6301 0 5.28015e-05
2.42177e+07 0.546603 0.609665 0.0449552 4.90551e-05
2.42177e+07 0.546603 0.609665 0.0449552 4.90551e-05
1.09967e+07 0 1 0 0.000108032
1.09967e+07 0 1 0 0.000108032
2.24993e+07 0.511848 0.6301 0 5.28015e-05
2.42177e+07 0.546603 0.609665 0.0449552 4.90551e-05
