1.7416e+07 0.570035 0.491442 0.145334 6.89345e-05
1.58746e+07 0.528142 0.561506 0.0982363 7.56279e-05
1.16483e+07 0.356732 0.590547 0.0450323 0.000103068
1.43649e+07 0.478414 0.631702 0.0296554 8.35758e-05
3.19825e+07 0.76607 0.545075 0.163874 3.75381e-05
1.46497e+07 0.488647 0.568437 0.0296554 8.19511e-05
1.58746e+07 0.528142 0.561506 0.0982363 7.56279e-05
1.43649e+07 0.478414 0.631702 0.0296554 8.35758e-05
9.04808e+06 0.17141 0.864552 0 0.000132687
1.43649e+07 0.478414 0.631702 0.0296554 8.35758e-05
1.7416e+07 0.570035 0.491442 0.145334 6.89345e-05
1.43649e+07 0.478414 0.631702 0.0296554 8.35758e-05
1.43649e+07 0.478414 0.631702 0.0296554 8.35758e-05
9.16025e+06 0.181644 0.801287 0 0.000131062
9.16025e+06 0.181644 0.801287 0 0.000131062
1.56156e+07 0.520307 0.561638 0.0767526 7.68823e-05
1.43649e+07 0.478414 0.631702 0.0296554 8.35758e-05
1.43649e+07 0.478414 0.631702 0.0296554 8.35758e-05
1.43649e+07 0.478414 0.631702 0.0296554 8.35758e-05
1.43649e+07 0.478414 0.631702 0.0296554 8.35758e-05
1.43649e+07 0.478414 0.631702 0.0296554 8.35758e-05
1.56156e+07 0.520307 0.561638 0.0767526 7.68823e-05
1.43649e+07 0.478414 0.631702 0.0296554 8.35758e-05
1.56156e+07 0.520307 0.561638 0.0767526 7.68823e-05
9.52877e+06 0.213303 0.794488 0.0470972 0.000125993
1.58746e+07 0.528142 0.561506 0.0982363 7.56279e-05
1.7416e+07 0.570035 0.491442 0.145334 6.89345e-05
9.04808e+06 0.17141 0.864552 0 0.000132687
1.7416e+07 0.570035 0.491442 0.145334 6.89345e-05
9.62354e+06 0.221138 0.704292 0.0235486 0.000124752
1.09795e+07 0.317397 0.665278 0.0362455 0.000109345
1.43649e+07 0.478414 0.631702 0.0296554 8.35758e-05
1.56156e+07 0.520307 0.561638 0.0767526 7.68823e-05
4.01097e+07 0.813559 0.54603 0.07315 2.99319e-05
9.04808e+06 0.17141 0.864552 0 0.000132687
1.56156e+07 0.520307 0.561638 0.0767526 7.68823e-05
1.16951e+07 0.35929 0.572962 0.0722164 0.000102655
1.43649e+07 0.478414 0.631702 0.0296554 8.35758e-05
1.43649e+07 0.478414 0.631702 0.0296554 8.35758e-05
1.43649e+07 0.478414 0.631702 0.0296554 8.35758e-05
1.43649e+07 0.478414 0.631702 0.0296554 8.35758e-05
1.43649e+07 0.478414 0.631702 0.0296554 8.35758e-05
9.04808e+06 0.17141 0.864552 0 0.000132687
1.43649e+07 0.478414 0.631702 0.0296554 8.35758e-05
1.7416e+07 0.570035 0.491442 0.145334 6.89345e-05
1.7416e+07 0.570035 0.491442 0.145334 6.89345e-05
1.56156e+07 0.520307 0.561638 0.0767526 7.68823e-05
9.52877e+06 0.213303 0.794488 0.0470972 0.000125993
1.43649e+07 0.478414 0.631702 0.0296554 8.35758e-05
1.43649e+07 0.478414 0.631702 0.0296554 8.35758e-05
4.01097e+07 0.813559 0.54603 0.07315 2.99319e-05
1.43649e+07 0.478414 0.631702 0.0296554 8.35758e-05
1.56156e+07 0.520307 0.561638 0.0767526 7.68823e-05
1.43649e+07 0.478414 0.631702 0.0296554 8.35758e-05
1.43649e+07 0.478414 0.631702 0.0296554 8.35758e-05
7.4987e+06 0 1 0 0.000160102
1.08156e+07 0.307004 0.707839 0 0.000111003
9.04808e+06 0.17141 0.864552 0 0.000132687
1.58746e+07 0.528142 0.561506 0.0982363 7.56279e-05
1.43649e+07 0.478414 0.631702 0.0296554 8.35758e-05
1.43649e+07 0.478414 0.631702 0.0296554 8.35758e-05
9.04808e+06 0.17141 0.864552 0 0.000132687
7.4987e+06 0 1 0 0.000160102
1.08156e+07 0.307004 0.707839 0 0.000111003
1.16483e+07 0.356732 0.590547 0.0450323 0.000103068
5.13938e+07 0.887752 0.58623 0.148497 2.336e-05
1.58746e+07 0.528142 0.561506 0.0982363 7.56279e-05
1.43649e+07 0.478414 0.631702 0.0296554 8.35758e-05
9.62354e+06 0.221138 0.704292 0.0235486 0.000124752
1.43649e+07 0.478414 0.631702 0.0296554 8.35758e-05
7.4987e+06 0 1 0 0.000160102
1.43649e+07 0.478414 0.631702 0.0296554 8.35758e-05
1.7416e+07 0.570035 0.491442 0.145334 6.89345e-05
1.58746e+07 0.528142 0.561506 0.0982363 7.56279e-05
1.67432e+07 0.552606 0.584912 0.0615075 7.17043e-05
9.04808e+06 0.17141 0.864552 0 0.000132687
1.43649e+07 0.478414 0.631702 0.0296554 8.35758e-05
1.56156e+07 0.520307 0.561638 0.0767526 7.68823e-05
1.43649e+07 0.478414 0.631702 0.0296554 8.35758e-05
1.58746e+07 0.528142 0.561506 0.0982363 7.56279e-05
4.01097e+07 0.813559 0.54603 0.07315 2.99319e-05
1.56156e+07 0.520307 0.561638 0.0767526 7.68823e-05
1.58746e+07 0.528142 0.561506 0.0982363 7.56279e-05
9.04808e+06 0.17141 0.864552 0 0.000132687
1.43649e+07 0.478414 0.631702 0.0296554 8.35758e-05
1.43649e+07 0.478414 0.631702 0.0296554 8.35758e-05
4.01097e+07 0.813559 0.54603 0.07315 2.99319e-05
1.43649e+07 0.478414 0.631702 0.0296554 8.35758e-05
1.58746e+07 0.528142 0.561506 0.0982363 7.56279e-05
1.16483e+07 0.356732 0.590547 0.0450323 0.000103068
1.56156e+07 0.520307 0.561638 0.0767526 7.68823e-05
1.16483e+07 0.356732 0.590547 0.0450323 0.000103068
1.58746e+07 0.528142 0.561506 0.0982363 7.56279e-05
9.04808e+06 0.17141 0.864552 0 0.000132687
9.16025e+06 0.181644 0.801287 0 0.000131062
4.01097e+07 0.813559 0.54603 0.07315 2.99319e-05
1.7416e+07 0.570035 0.491442 0.145334 6.89345e-05
