3.22978e+07 0.442219 0.854901 0 3.09137e-05
3.22978e+07 0.442219 0.854901 0 3.09137e-05
3.22978e+07 0.442219 0.854901 0 3.09137e-05
3.22978e+07 0.442219 0.854901 0 3.09137e-05
3.22978e+07 0.442219 0.854901 0 3.09137e-05
3.22978e+07 0.442219 0.854901 0 3.09137e-05
3.22978e+07 0.442219 0.854901 0 3.09137e-05
3.22978e+07 0.442219 0.854901 0 3.09137e-05
1.80285e+07 0 1 0 5.53814e-05
3.22978e+07 0.442219 0.854901 0 3.09137e-05
3.22978e+07 0.442219 0.854901 0 3.09137e-05
3.22978e+07 0.442219 0.854901 0 3.09137e-05
3.22978e+07 0.442219 0.854901 0 3.09137e-05
1.80285e+07 0 1 0 5.53814e-05
1.80285e+07 0 1 0 5.53814e-05
3.22978e+07 0.442219 0.854901 0 3.09137e-05
3.22978e+07 0.442219 0.854901 0 3.09137e-05
3.22978e+07 0.442219 0.854901 0 3.09137e-05
3.22978e+07 0.442219 0.854901 0 3.09137e-05
3.22978e+07 0.442219 0.854901 0 3.09137e-05
3.22978e+07 0.442219 0.854901 0 3.09137e-05
3.22978e+07 0.442219 0.854901 0 3.09137e-05
3.22978e+07 0.442219 0.854901 0 3.09137e-05
3.22978e+07 0.442219 0.854901 0 3.09137e-05
1.80285e+07 0 1 0 5.53814e-05
3.22978e+07 0.442219 0.854901 0 3.09137e-05
3.22978e+07 0.442219 0.854901 0 3.09137e-05
1.80285e+07 0 1 0 5.53814e-05
3.22978e+07 0.442219 0.854901 0 3.09137e-05
1.80285e+07 0 1 0 5.53814e-05
3.22978e+07 0.442219 0.854901 0 3.09137e-05
3.22978e+07 0.442219 0.854901 0 3.09137e-05
5.67985e+07 0.699538 0.767362 0.0380819 1.75787e-05
3.22978e+07 0.442219 0.854901 0 3.09137e-05
1.80285e+07 0 1 0 5.53814e-05
3.22978e+07 0.442219 0.854901 0 3.09137e-05
3.22978e+07 0.442219 0.854901 0 3.09137e-05
3.22978e+07 0.442219 0.854901 0 3.09137e-05
3.22978e+07 0.442219 0.854901 0 3.09137e-05
3.22978e+07 0.442219 0.854901 0 3.09137e-05
3.22978e+07 0.442219 0.854901 0 3.09137e-05
3.22978e+07 0.442219 0.854901 0 3.09137e-05
1.80285e+07 0 1 0 5.53814e-05
3.22978e+07 0.442219 0.854901 0 3.09137e-05
3.22978e+07 0.442219 0.854901 0 3.09137e-05
3.22978e+07 0.442219 0.854901 0 3.09137e-05
3.22978e+07 0.442219 0.854901 0 3.09137e-05
1.80285e+07 0 1 0 5.53814e-05
3.22978e+07 0.442219 0.854901 0 3.09137e-05
5.67985e+07 0.699538 0.767362 0.0380819 1.75787e-05
3.22978e+07 0.442219 0.854901 0 3.09137e-05
3.22978e+07 0.442219 0.854901 0 3.09137e-05
3.22978e+07 0.442219 0.854901 0 3.09137e-05
3.22978e+07 0.442219 0.854901 0 3.09137e-05
3.22978e+07 0.442219 0.854901 0 3.09137e-05
1.94626e+07 0.0739598 0.901926 0 5.13008e-05
3.22978e+07 0.442219 0.854901 0 3.09137e-05
1.80285e+07 0 1 0 5.53814e-05
3.22978e+07 0.442219 0.854901 0 3.09137e-05
3.22978e+07 0.442219 0.854901 0 3.09137e-05
3.22978e+07 0.442219 0.854901 0 3.09137e-05
1.80285e+07 0 1 0 5.53814e-05
1.80285e+07 0 1 0 5.53814e-05
3.58636e+07 0.813174 0.547754 0.0982107 2.784e-05
3.22978e+07 0.442219 0.854901 0 3.09137e-05
3.22978e+07 0.442219 0.854901 0 3.09137e-05
3.22978e+07 0.442219 0.854901 0 3.09137e-05
3.22978e+07 0.442219 0.854901 0 3.09137e-05
1.80285e+07 0 1 0 5.53814e-05
3.22978e+07 0.442219 0.854901 0 3.09137e-05
2.21402e+07 0.186826 0.720263 0 4.50963e-05
3.22978e+07 0.442219 0.854901 0 3.09137e-05
3.22978e+07 0.442219 0.854901 0 3.09137e-05
3.22978e+07 0.442219 0.854901 0 3.09137e-05
3.22978e+07 0.442219 0.854901 0 3.09137e-05
2.43469e+07 0.260786 0.678232 0.0280211 4.10091e-05
3.22978e+07 0.442219 0.854901 0 3.09137e-05
3.22978e+07 0.442219 0.854901 0 3.09137e-05
3.22978e+07 0.442219 0.854901 0 3.09137e-05
3.22978e+07 0.442219 0.854901 0 3.09137e-05
3.22978e+07 0.442219 0.854901 0 3.09137e-05
3.22978e+07 0.442219 0.854901 0 3.09137e-05
3.22978e+07 0.442219 0.854901 0 3.09137e-05
1.80285e+07 0 1 0 5.53814e-05
3.22978e+07 0.442219 0.854901 0 3.09137e-05
3.22978e+07 0.442219 0.854901 0 3.09137e-05
3.22978e+07 0.442219 0.854901 0 3.09137e-05
3.22978e+07 0.442219 0.854901 0 3.09137e-05
3.22978e+07 0.442219 0.854901 0 3.09137e-05
3.22978e+07 0.442219 0.854901 0 3.09137e-05
3.22978e+07 0.442219 0.854901 0 3.09137e-05
3.22978e+07 0.442219 0.854901 0 3.09137e-05
3.22978e+07 0.442219 0.854901 0 3.09137e-05
1.80285e+07 0 1 0 5.53814e-05
1.80285e+07 0 1 0 5.53814e-05
3.22978e+07 0.442219 0.854901 0 3.09137e-05
3.22978e+07 0.442219 0.854901 0 3.09137e-05
