1.6214e+07 0.367661 0.784251 0.0632469 7.38941e-05
1.47709e+07 0.305698 0.837991 0.0210823 8.11138e-05
1.23069e+07 0.166607 0.839511 0 9.73537e-05
1.40735e+07 0.271209 0.877688 0 8.51332e-05
1.06252e+07 0.0344892 0.918138 0 0.000112762
1.71824e+07 0.403327 0.79906 0 6.97294e-05
1.47709e+07 0.305698 0.837991 0.0210823 8.11138e-05
1.71824e+07 0.403327 0.79906 0 6.97294e-05
1.71824e+07 0.403327 0.79906 0 6.97294e-05
1.71824e+07 0.403327 0.79906 0 6.97294e-05
1.6214e+07 0.367661 0.784251 0.0632469 7.38941e-05
1.71824e+07 0.403327 0.79906 0 6.97294e-05
1.40735e+07 0.271209 0.877688 0 8.51332e-05
1.71824e+07 0.403327 0.79906 0 6.97294e-05
1.71824e+07 0.403327 0.79906 0 6.97294e-05
1.53776e+07 0.333172 0.823948 0.0421646 7.79135e-05
2.13162e+07 0.519061 0.819888 0 5.62071e-05
1.71824e+07 0.403327 0.79906 0 6.97294e-05
2.93747e+07 0.651179 0.779794 0.0192666 4.07875e-05
1.71824e+07 0.403327 0.79906 0 6.97294e-05
1.71824e+07 0.403327 0.79906 0 6.97294e-05
2.44656e+07 0.581024 0.843215 0.0806977 4.89716e-05
2.13162e+07 0.519061 0.819888 0 5.62071e-05
2.44656e+07 0.581024 0.843215 0.0806977 4.89716e-05
1.53776e+07 0.333172 0.823948 0.0421646 7.79135e-05
1.47709e+07 0.305698 0.837991 0.0210823 8.11138e-05
1.6214e+07 0.367661 0.784251 0.0632469 7.38941e-05
1.40735e+07 0.271209 0.877688 0 8.51332e-05
1.6214e+07 0.367661 0.784251 0.0632469 7.38941e-05
1.81958e+07 0.436598 0.791769 0.0528806 6.5846e-05
1.36393e+07 0.247852 0.9422 0 8.78434e-05
1.71824e+07 0.403327 0.79906 0 6.97294e-05
1.53776e+07 0.333172 0.823948 0.0421646 7.79135e-05
2.13162e+07 0.519061 0.819888 0 5.62071e-05
2.1998e+07 0.534227 0.752839 0.0317983 5.44649e-05
1.53776e+07 0.333172 0.823948 0.0421646 7.79135e-05
1.0935e+07 0.061963 0.861931 0 0.000109567
1.40735e+07 0.271209 0.877688 0 8.51332e-05
2.93747e+07 0.651179 0.779794 0.0192666 4.07875e-05
1.40735e+07 0.271209 0.877688 0 8.51332e-05
1.40735e+07 0.271209 0.877688 0 8.51332e-05
1.71824e+07 0.403327 0.79906 0 6.97294e-05
2.1998e+07 0.534227 0.752839 0.0317983 5.44649e-05
1.71824e+07 0.403327 0.79906 0 6.97294e-05
1.6214e+07 0.367661 0.784251 0.0632469 7.38941e-05
1.6214e+07 0.367661 0.784251 0.0632469 7.38941e-05
1.53776e+07 0.333172 0.823948 0.0421646 7.79135e-05
3.57093e+07 0.713142 0.80312 0.0999643 3.35521e-05
2.93747e+07 0.651179 0.779794 0.0192666 4.07875e-05
1.40735e+07 0.271209 0.877688 0 8.51332e-05
1.40735e+07 0.271209 0.877688 0 8.51332e-05
1.71494e+07 0.402109 0.831466 0.0317983 6.98639e-05
1.91669e+07 0.46529 0.745321 0.0421646 6.25098e-05
1.71824e+07 0.403327 0.79906 0 6.97294e-05
1.40735e+07 0.271209 0.877688 0 8.51332e-05
1.02604e+07 0 1 0 0.000116771
1.02604e+07 0 1 0 0.000116771
4.69427e+07 0.782079 0.733572 0.0510649 2.5523e-05
1.47709e+07 0.305698 0.837991 0.0210823 8.11138e-05
1.71824e+07 0.403327 0.79906 0 6.97294e-05
2.93747e+07 0.651179 0.779794 0.0192666 4.07875e-05
1.71494e+07 0.402109 0.831466 0.0317983 6.98639e-05
1.02604e+07 0 1 0 0.000116771
1.02604e+07 0 1 0 0.000116771
1.42909e+07 0.282341 0.860339 0 8.38377e-05
1.40735e+07 0.271209 0.877688 0 8.51332e-05
1.47709e+07 0.305698 0.837991 0.0210823 8.11138e-05
2.13162e+07 0.519061 0.819888 0 5.62071e-05
1.81958e+07 0.436598 0.791769 0.0528806 6.5846e-05
1.40735e+07 0.271209 0.877688 0 8.51332e-05
1.37105e+07 0.252369 0.750065 0.0507529 8.73873e-05
1.71824e+07 0.403327 0.79906 0 6.97294e-05
1.6214e+07 0.367661 0.784251 0.0632469 7.38941e-05
1.82334e+07 0.437816 0.759363 0.0210823 6.571e-05
1.40735e+07 0.271209 0.877688 0 8.51332e-05
2.14959e+07 0.523578 0.69135 0.0825513 5.5737e-05
1.71824e+07 0.403327 0.79906 0 6.97294e-05
1.91669e+07 0.46529 0.745321 0.0421646 6.25098e-05
2.13162e+07 0.519061 0.819888 0 5.62071e-05
1.47709e+07 0.305698 0.837991 0.0210823 8.11138e-05
1.40735e+07 0.271209 0.877688 0 8.51332e-05
1.91669e+07 0.46529 0.745321 0.0421646 6.25098e-05
1.47709e+07 0.305698 0.837991 0.0210823 8.11138e-05
2.1998e+07 0.534227 0.752839 0.0317983 5.44649e-05
1.40735e+07 0.271209 0.877688 0 8.51332e-05
2.13162e+07 0.519061 0.819888 0 5.62071e-05
1.71824e+07 0.403327 0.79906 0 6.97294e-05
2.93747e+07 0.651179 0.779794 0.0192666 4.07875e-05
1.47709e+07 0.305698 0.837991 0.0210823 8.11138e-05
1.06252e+07 0.0344892 0.918138 0 0.000112762
1.91669e+07 0.46529 0.745321 0.0421646 6.25098e-05
1.23069e+07 0.166607 0.839511 0 9.73537e-05
1.47709e+07 0.305698 0.837991 0.0210823 8.11138e-05
1.40735e+07 0.271209 0.877688 0 8.51332e-05
1.71824e+07 0.403327 0.79906 0 6.97294e-05
1.40735e+07 0.271209 0.877688 0 8.51332e-05
1.6214e+07 0.367661 0.784251 0.0632469 7.38941e-05
