3.58852e+07 0.489237 0.842548 0 3.30609e-05
3.58852e+07 0.489237 0.842548 0 3.30609e-05
1.83464e+07 0 1 0 6.46666e-05
3.58852e+07 0.489237 0.842548 0 3.30609e-05
1.83464e+07 0 1 0 6.46666e-05
3.58852e+07 0.489237 0.842548 0 3.30609e-05
3.58852e+07 0.489237 0.842548 0 3.30609e-05
3.58852e+07 0.489237 0.842548 0 3.30609e-05
3.58852e+07 0.489237 0.842548 0 3.30609e-05
3.58852e+07 0.489237 0.842548 0 3.30609e-05
3.58852e+07 0.489237 0.842548 0 3.30609e-05
3.58852e+07 0.489237 0.842548 0 3.30609e-05
3.58852e+07 0.489237 0.842548 0 3.30609e-05
3.58852e+07 0.489237 0.842548 0 3.30609e-05
3.58852e+07 0.489237 0.842548 0 3.30609e-05
3.58852e+07 0.489237 0.842548 0 3.30609e-05
3.58852e+07 0.489237 0.842548 0 3.30609e-05
3.58852e+07 0.489237 0.842548 0 3.30609e-05
3.58852e+07 0.489237 0.842548 0 3.30609e-05
3.58852e+07 0.489237 0.842548 0 3.30609e-05
3.58852e+07 0.489237 0.842548 0 3.30609e-05
3.58852e+07 0.489237 0.842548 0 3.30609e-05
3.58852e+07 0.489237 0.842548 0 3.30609e-05
3.58852e+07 0.489237 0.842548 0 3.30609e-05
3.58852e+07 0.489237 0.842548 0 3.30609e-05
3.58852e+07 0.489237 0.842548 0 3.30609e-05
3.58852e+07 0.489237 0.842548 0 3.30609e-05
3.58852e+07 0.489237 0.842548 0 3.30609e-05
3.58852e+07 0.489237 0.842548 0 3.30609e-05
6.24421e+07 0.725113 0.783104 0.0408917 1.9e-05
1.83464e+07 0 1 0 6.46666e-05
3.58852e+07 0.489237 0.842548 0 3.30609e-05
3.58852e+07 0.489237 0.842548 0 3.30609e-05
3.58852e+07 0.489237 0.842548 0 3.30609e-05
6.24421e+07 0.725113 0.783104 0.0408917 1.9e-05
3.58852e+07 0.489237 0.842548 0 3.30609e-05
1.83464e+07 0 1 0 6.46666e-05
3.58852e+07 0.489237 0.842548 0 3.30609e-05
3.58852e+07 0.489237 0.842548 0 3.30609e-05
3.58852e+07 0.489237 0.842548 0 3.30609e-05
3.58852e+07 0.489237 0.842548 0 3.30609e-05
3.58852e+07 0.489237 0.842548 0 3.30609e-05
6.24421e+07 0.725113 0.783104 0.0408917 1.9e-05
3.58852e+07 0.489237 0.842548 0 3.30609e-05
3.58852e+07 0.489237 0.842548 0 3.30609e-05
3.58852e+07 0.489237 0.842548 0 3.30609e-05
3.58852e+07 0.489237 0.842548 0 3.30609e-05
3.58852e+07 0.489237 0.842548 0 3.30609e-05
3.58852e+07 0.489237 0.842548 0 3.30609e-05
3.58852e+07 0.489237 0.842548 0 3.30609e-05
3.58852e+07 0.489237 0.842548 0 3.30609e-05
6.24421e+07 0.725113 0.783104 0.0408917 1.9e-05
3.58852e+07 0.489237 0.842548 0 3.30609e-05
3.58852e+07 0.489237 0.842548 0 3.30609e-05
3.58852e+07 0.489237 0.842548 0 3.30609e-05
1.95821e+07 0.0633403 0.901613 0 6.0586e-05
1.83464e+07 0 1 0 6.46666e-05
6.24421e+07 0.725113 0.783104 0.0408917 1.9e-05
3.58852e+07 0.489237 0.842548 0 3.30609e-05
3.58852e+07 0.489237 0.842548 0 3.30609e-05
3.58852e+07 0.489237 0.842548 0 3.30609e-05
6.24421e+07 0.725113 0.783104 0.0408917 1.9e-05
1.83464e+07 0 1 0 6.46666e-05
1.95821e+07 0.0633403 0.901613 0 6.0586e-05
1.83464e+07 0 1 0 6.46666e-05
3.58852e+07 0.489237 0.842548 0 3.30609e-05
3.58852e+07 0.489237 0.842548 0 3.30609e-05
3.58852e+07 0.489237 0.842548 0 3.30609e-05
6.24421e+07 0.725113 0.783104 0.0408917 1.9e-05
3.58852e+07 0.489237 0.842548 0 3.30609e-05
3.31223e+07 0.447423 0.68503 0.0651978 3.58188e-05
3.58852e+07 0.489237 0.842548 0 3.30609e-05
3.58852e+07 0.489237 0.842548 0 3.30609e-05
3.58852e+07 0.489237 0.842548 0 3.30609e-05
3.58852e+07 0.489237 0.842548 0 3.30609e-05
2.89648e+07 1 0.567196 0.1342 4.096e-05
3.58852e+07 0.489237 0.842548 0 3.30609e-05
3.58852e+07 0.489237 0.842548 0 3.30609e-05
3.58852e+07 0.489237 0.842548 0 3.30609e-05
3.58852e+07 0.489237 0.842548 0 3.30609e-05
3.58852e+07 0.489237 0.842548 0 3.30609e-05
3.58852e+07 0.489237 0.842548 0 3.30609e-05
3.58852e+07 0.489237 0.842548 0 3.30609e-05
6.24421e+07 0.725113 0.783104 0.0408917 1.9e-05
3.58852e+07 0.489237 0.842548 0 3.30609e-05
3.58852e+07 0.489237 0.842548 0 3.30609e-05
3.58852e+07 0.489237 0.842548 0 3.30609e-05
3.58852e+07 0.489237 0.842548 0 3.30609e-05
3.58852e+07 0.489237 0.842548 0 3.30609e-05
1.83464e+07 0 1 0 6.46666e-05
3.58852e+07 0.489237 0.842548 0 3.30609e-05
1.83464e+07 0 1 0 6.46666e-05
3.58852e+07 0.489237 0.842548 0 3.30609e-05
3.58852e+07 0.489237 0.842548 0 3.30609e-05
3.58852e+07 0.489237 0.842548 0 3.30609e-05
3.58852e+07 0.489237 0.842548 0 3.30609e-05
3.58852e+07 0.489237 0.842548 0 3.30609e-05
