2.24005e+07 0.579737 0.666453 0.0727617 6.88984e-05
2.24005e+07 0.579737 0.666453 0.0727617 6.88984e-05
1.61212e+07 0.415885 0.668312 0.105373 9.57345e-05
3.4908e+07 0.730457 0.684162 0.0719552 4.42122e-05
1.19205e+07 0.209506 0.843606 0.0412024 0.000129471
3.659e+07 0.742964 0.602072 0.0730773 4.21798e-05
3.91644e+07 0.75985 0.666453 0.113158 3.94072e-05
3.659e+07 0.742964 0.602072 0.0730773 4.21798e-05
3.66035e+07 0.742964 0.677639 0.0819139 4.21642e-05
5.02396e+07 0.923077 0.602072 0.113473 3.072e-05
2.24005e+07 0.579737 0.666453 0.0727617 6.88984e-05
5.02396e+07 0.923077 0.602072 0.113473 3.072e-05
3.4908e+07 0.730457 0.684162 0.0719552 4.42122e-05
2.15386e+07 0.562852 0.677639 0.041518 7.16554e-05
3.66035e+07 0.742964 0.677639 0.0819139 4.21642e-05
2.09401e+07 0.550344 0.684162 0.0315593 7.37034e-05
3.4908e+07 0.730457 0.684162 0.0719552 4.42122e-05
5.02396e+07 0.923077 0.602072 0.113473 3.072e-05
3.659e+07 0.742964 0.602072 0.0730773 4.21798e-05
5.02396e+07 0.923077 0.602072 0.113473 3.072e-05
5.02396e+07 0.923077 0.602072 0.113473 3.072e-05
2.09401e+07 0.550344 0.684162 0.0315593 7.37034e-05
3.4908e+07 0.730457 0.684162 0.0719552 4.42122e-05
2.09401e+07 0.550344 0.684162 0.0315593 7.37034e-05
2.09446e+07 0.550344 0.759729 0.0403959 7.36879e-05
3.91644e+07 0.75985 0.666453 0.113158 3.94072e-05
2.24005e+07 0.579737 0.666453 0.0727617 6.88984e-05
2.09446e+07 0.550344 0.759729 0.0403959 7.36879e-05
2.24005e+07 0.579737 0.666453 0.0727617 6.88984e-05
2.24005e+07 0.579737 0.659616 0.0403959 6.88984e-05
1.14939e+07 0.180113 0.861314 0 0.000134276
5.02396e+07 0.923077 0.602072 0.113473 3.072e-05
2.09401e+07 0.550344 0.684162 0.0315593 7.37034e-05
2.09401e+07 0.550344 0.684162 0.0315593 7.37034e-05
3.66035e+07 0.742964 0.677639 0.0819139 4.21642e-05
3.4908e+07 0.730457 0.684162 0.0719552 4.42122e-05
1.14939e+07 0.180113 0.861314 0 0.000134276
3.4908e+07 0.730457 0.684162 0.0719552 4.42122e-05
3.659e+07 0.742964 0.602072 0.0730773 4.21798e-05
3.56511e+07 0.736085 0.686686 0.112351 4.32906e-05
3.4908e+07 0.730457 0.684162 0.0719552 4.42122e-05
5.02396e+07 0.923077 0.602072 0.113473 3.072e-05
3.66035e+07 0.742964 0.677639 0.0819139 4.21642e-05
3.659e+07 0.742964 0.602072 0.0730773 4.21798e-05
2.24005e+07 0.579737 0.666453 0.0727617 6.88984e-05
2.24005e+07 0.579737 0.666453 0.0727617 6.88984e-05
2.09401e+07 0.550344 0.684162 0.0315593 7.37034e-05
2.15386e+07 0.562852 0.677639 0.041518 7.16554e-05
3.659e+07 0.742964 0.602072 0.0730773 4.21798e-05
2.09401e+07 0.550344 0.684162 0.0315593 7.37034e-05
3.4908e+07 0.730457 0.684162 0.0719552 4.42122e-05
3.4908e+07 0.730457 0.684162 0.0719552 4.42122e-05
3.659e+07 0.742964 0.602072 0.0730773 4.21798e-05
5.02396e+07 0.923077 0.602072 0.113473 3.072e-05
3.4908e+07 0.730457 0.684162 0.0719552 4.42122e-05
1.15747e+07 0.185741 0.921733 0.0403959 0.00013334
1.16867e+07 0.193871 0.722804 0 0.000132061
2.15386e+07 0.562852 0.677639 0.041518 7.16554e-05
2.24005e+07 0.579737 0.666453 0.0727617 6.88984e-05
5.02396e+07 0.923077 0.602072 0.113473 3.072e-05
3.659e+07 0.742964 0.602072 0.0730773 4.21798e-05
2.09446e+07 0.550344 0.759729 0.0403959 7.36879e-05
1.14952e+07 0.180113 0.919208 0 0.000134261
1.14939e+07 0.180113 0.861314 0 0.000134276
1.19205e+07 0.209506 0.843606 0.0412024 0.000129471
2.09401e+07 0.550344 0.684162 0.0315593 7.37034e-05
2.24005e+07 0.579737 0.666453 0.0727617 6.88984e-05
3.4908e+07 0.730457 0.684162 0.0719552 4.42122e-05
2.24005e+07 0.579737 0.659616 0.0403959 6.88984e-05
2.09401e+07 0.550344 0.684162 0.0315593 7.37034e-05
1.19853e+07 0.213884 0.762534 0.078267 0.000128771
3.659e+07 0.742964 0.602072 0.0730773 4.21798e-05
2.24005e+07 0.579737 0.666453 0.0727617 6.88984e-05
4.12942e+07 0.772358 0.584364 0.11428 3.73748e-05
2.09401e+07 0.550344 0.684162 0.0315593 7.37034e-05
1.56472e+07 0.398374 0.524787 0 9.86351e-05
5.02396e+07 0.923077 0.602072 0.113473 3.072e-05
3.659e+07 0.742964 0.602072 0.0730773 4.21798e-05
2.09401e+07 0.550344 0.684162 0.0315593 7.37034e-05
2.24005e+07 0.579737 0.666453 0.0727617 6.88984e-05
3.4908e+07 0.730457 0.684162 0.0719552 4.42122e-05
3.659e+07 0.742964 0.602072 0.0730773 4.21798e-05
3.91644e+07 0.75985 0.666453 0.113158 3.94072e-05
3.66035e+07 0.742964 0.677639 0.0819139 4.21642e-05
3.4908e+07 0.730457 0.684162 0.0719552 4.42122e-05
2.09401e+07 0.550344 0.684162 0.0315593 7.37034e-05
3.659e+07 0.742964 0.602072 0.0730773 4.21798e-05
3.659e+07 0.742964 0.602072 0.0730773 4.21798e-05
2.24005e+07 0.579737 0.666453 0.0727617 6.88984e-05
1.19205e+07 0.209506 0.843606 0.0412024 0.000129471
3.659e+07 0.742964 0.602072 0.0730773 4.21798e-05
2.25305e+07 0.582239 0.597689 0.0412024 6.8501e-05
3.91644e+07 0.75985 0.666453 0.113158 3.94072e-05
2.09446e+07 0.550344 0.759729 0.0403959 7.36879e-05
2.15386e+07 0.562852 0.677639 0.041518 7.16554e-05
3.4908e+07 0.730457 0.684162 0.0719552 4.42122e-05
2.24005e+07 0.579737 0.666453 0.0727617 6.88984e-05
