1.66439e+07 0.553105 0.578614 0.105117 7.09679e-05
1.66439e+07 0.553105 0.578614 0.105117 7.09679e-05
1.37737e+07 0.459852 0.580821 0.0816661 8.57564e-05
2.33002e+07 0.680924 0.566303 0.0469021 5.06941e-05
1.19251e+07 0.375925 0.666804 0.0816661 9.90495e-05
1.89318e+07 0.607398 0.432255 0.0347136 6.23914e-05
2.7556e+07 0.730285 0.578614 0.152019 4.28648e-05
1.80316e+07 0.587671 0.48032 0 6.55063e-05
1.32502e+07 0.438287 0.778924 0.0469021 8.91444e-05
3.15797e+07 0.764851 0.48032 0.0469021 3.74032e-05
1.66439e+07 0.553105 0.578614 0.105117 7.09679e-05
3.15797e+07 0.764851 0.48032 0.0469021 3.74032e-05
2.33002e+07 0.680924 0.566303 0.0469021 5.06941e-05
1.091e+07 0.317776 0.751391 0.123604 0.000108266
1.37299e+07 0.458014 0.730859 0.0816157 8.60295e-05
1.49901e+07 0.503744 0.566303 0 7.87972e-05
3.90755e+07 0.810043 0.515034 0.0469021 3.02281e-05
3.15797e+07 0.764851 0.48032 0.0469021 3.74032e-05
2.62331e+07 0.71679 0.463231 0.0170898 4.50263e-05
3.15797e+07 0.764851 0.48032 0.0469021 3.74032e-05
3.15797e+07 0.764851 0.48032 0.0469021 3.74032e-05
2.02495e+07 0.632863 0.515034 0 5.83312e-05
3.90755e+07 0.810043 0.515034 0.0469021 3.02281e-05
2.02495e+07 0.632863 0.515034 0 5.83312e-05
1.1531e+07 0.35436 0.864907 0.0469021 0.000102435
2.7556e+07 0.730285 0.578614 0.152019 4.28648e-05
1.66439e+07 0.553105 0.578614 0.105117 7.09679e-05
1.1531e+07 0.35436 0.864907 0.0469021 0.000102435
1.66439e+07 0.553105 0.578614 0.105117 7.09679e-05
1.24816e+07 0.403721 0.713885 0.0703531 9.46341e-05
1.36712e+07 0.455683 0.650127 0 8.63989e-05
3.15797e+07 0.764851 0.48032 0.0469021 3.74032e-05
1.49901e+07 0.503744 0.566303 0 7.87972e-05
2.02495e+07 0.632863 0.515034 0 5.83312e-05
1.32502e+07 0.438287 0.778924 0.0469021 8.91444e-05
2.33002e+07 0.680924 0.566303 0.0469021 5.06941e-05
1.10529e+07 0.326564 0.701396 0 0.000106866
2.33002e+07 0.680924 0.566303 0.0469021 5.06941e-05
2.62331e+07 0.71679 0.463231 0.0170898 4.50263e-05
2.33002e+07 0.680924 0.566303 0.0469021 5.06941e-05
2.33002e+07 0.680924 0.566303 0.0469021 5.06941e-05
3.15797e+07 0.764851 0.48032 0.0469021 3.74032e-05
1.32502e+07 0.438287 0.778924 0.0469021 8.91444e-05
1.80316e+07 0.587671 0.48032 0 6.55063e-05
1.66439e+07 0.553105 0.578614 0.105117 7.09679e-05
1.66439e+07 0.553105 0.578614 0.105117 7.09679e-05
1.49901e+07 0.503744 0.566303 0 7.87972e-05
1.22064e+07 0.390226 0.761835 0.0170898 9.67675e-05
2.62331e+07 0.71679 0.463231 0.0170898 4.50263e-05
1.49901e+07 0.503744 0.566303 0 7.87972e-05
2.33002e+07 0.680924 0.566303 0.0469021 5.06941e-05
2.33002e+07 0.680924 0.566303 0.0469021 5.06941e-05
1.80316e+07 0.587671 0.48032 0 6.55063e-05
3.15797e+07 0.764851 0.48032 0.0469021 3.74032e-05
2.33002e+07 0.680924 0.566303 0.0469021 5.06941e-05
9.0495e+06 0.17718 0.906196 0 0.000130524
1.10529e+07 0.326564 0.701396 0 0.000106866
1.22064e+07 0.390226 0.761835 0.0170898 9.67675e-05
1.66439e+07 0.553105 0.578614 0.105117 7.09679e-05
3.15797e+07 0.764851 0.48032 0.0469021 3.74032e-05
2.62331e+07 0.71679 0.463231 0.0170898 4.50263e-05
1.1531e+07 0.35436 0.864907 0.0469021 0.000102435
9.0495e+06 0.17718 0.906196 0 0.000130524
1.10529e+07 0.326564 0.701396 0 0.000106866
1.50312e+07 0.505044 0.615535 0.0816661 7.85821e-05
1.49901e+07 0.503744 0.566303 0 7.87972e-05
1.66439e+07 0.553105 0.578614 0.105117 7.09679e-05
3.90755e+07 0.810043 0.515034 0.0469021 3.02281e-05
1.24816e+07 0.403721 0.713885 0.0703531 9.46341e-05
1.49901e+07 0.503744 0.566303 0 7.87972e-05
9.0495e+06 0.17718 0.906196 0 0.000130524
1.80316e+07 0.587671 0.48032 0 6.55063e-05
1.66439e+07 0.553105 0.578614 0.105117 7.09679e-05
2.04792e+07 0.637032 0.492631 0.105117 5.76769e-05
1.49901e+07 0.503744 0.566303 0 7.87972e-05
9.04853e+06 0.17718 0.864907 0 0.000130538
3.15797e+07 0.764851 0.48032 0.0469021 3.74032e-05
1.80316e+07 0.587671 0.48032 0 6.55063e-05
2.02495e+07 0.632863 0.515034 0 5.83312e-05
1.66439e+07 0.553105 0.578614 0.105117 7.09679e-05
2.33002e+07 0.680924 0.566303 0.0469021 5.06941e-05
1.80316e+07 0.587671 0.48032 0 6.55063e-05
2.7556e+07 0.730285 0.578614 0.152019 4.28648e-05
1.32502e+07 0.438287 0.778924 0.0469021 8.91444e-05
2.33002e+07 0.680924 0.566303 0.0469021 5.06941e-05
2.02495e+07 0.632863 0.515034 0 5.83312e-05
1.80316e+07 0.587671 0.48032 0 6.55063e-05
2.62331e+07 0.71679 0.463231 0.0170898 4.50263e-05
1.66439e+07 0.553105 0.578614 0.105117 7.09679e-05
1.19251e+07 0.375925 0.666804 0.0816661 9.90495e-05
1.80316e+07 0.587671 0.48032 0 6.55063e-05
2.04792e+07 0.637032 0.487017 0.0816661 5.76769e-05
2.7556e+07 0.730285 0.578614 0.152019 4.28648e-05
1.1531e+07 0.35436 0.864907 0.0469021 0.000102435
1.03492e+07 0.280834 0.730859 0.0347136 0.000114133
2.33002e+07 0.680924 0.566303 0.0469021 5.06941e-05
1.66439e+07 0.553105 0.578614 0.105117 7.09679e-05
