1.28317e+07 0.612674 0.545171 0.141956 9.43949e-05
1.90224e+07 0.73889 0.556145 0.172441 6.36749e-05
8.71388e+06 0.429398 0.542859 0.0680821 0.000139002
2.8293e+07 0.824612 0.546594 0.122243 4.28109e-05
7.83814e+06 0.365501 0.618436 0.0680821 0.000154533
1.38545e+07 0.641336 0.497437 0.0730612 8.74266e-05
1.86476e+07 0.733631 0.545171 0.179351 6.49549e-05
1.68056e+07 0.704444 0.477927 0.112081 7.20742e-05
8.75756e+06 0.432027 0.740805 0.0560915 0.000138309
2.08885e+07 0.762293 0.497437 0.110456 5.79866e-05
1.28317e+07 0.612674 0.545171 0.141956 9.43949e-05
2.08885e+07 0.762293 0.497437 0.110456 5.79866e-05
2.8293e+07 0.824612 0.546594 0.122243 4.28109e-05
7.2206e+06 0.31107 0.740805 0.0186972 0.000167749
8.75756e+06 0.432027 0.740805 0.0560915 0.000138309
1.67645e+07 0.703655 0.546594 0.0848486 7.22509e-05
1.64727e+07 0.698396 0.535619 0.0917584 7.35309e-05
2.08885e+07 0.762293 0.497437 0.110456 5.79866e-05
1.38545e+07 0.641336 0.497437 0.0730612 8.74266e-05
2.08885e+07 0.762293 0.497437 0.110456 5.79866e-05
2.08885e+07 0.762293 0.497437 0.110456 5.79866e-05
1.1763e+07 0.577439 0.535619 0.054364 0.000102971
1.64727e+07 0.698396 0.535619 0.0917584 7.35309e-05
1.1763e+07 0.577439 0.535619 0.054364 0.000102971
7.87275e+06 0.36813 0.778987 0.0373943 0.000153853
1.86476e+07 0.733631 0.545171 0.179351 6.49549e-05
1.28317e+07 0.612674 0.545171 0.141956 9.43949e-05
7.87275e+06 0.36813 0.778987 0.0373943 0.000153853
1.28317e+07 0.612674 0.545171 0.141956 9.43949e-05
8.33573e+06 0.403366 0.652375 0.0569044 0.000145308
9.15018e+06 0.456482 0.658878 0.0304845 0.000132374
2.08885e+07 0.762293 0.497437 0.110456 5.79866e-05
1.1763e+07 0.577439 0.535619 0.054364 0.000102971
1.1763e+07 0.577439 0.535619 0.054364 0.000102971
8.75756e+06 0.432027 0.740805 0.0560915 0.000138309
1.64727e+07 0.698396 0.535619 0.0917584 7.35309e-05
7.42668e+06 0.330266 0.647904 0 0.000163094
2.8293e+07 0.824612 0.546594 0.122243 4.28109e-05
1.38545e+07 0.641336 0.497437 0.0730612 8.74266e-05
1.6687e+07 0.70234 0.460018 0.0917584 7.25862e-05
1.64727e+07 0.698396 0.535619 0.0917584 7.35309e-05
2.08885e+07 0.762293 0.497437 0.110456 5.79866e-05
8.75756e+06 0.432027 0.740805 0.0560915 0.000138309
1.38545e+07 0.641336 0.497437 0.0730612 8.74266e-05
1.28317e+07 0.612674 0.545171 0.141956 9.43949e-05
1.28317e+07 0.612674 0.545171 0.141956 9.43949e-05
1.67645e+07 0.703655 0.546594 0.0848486 7.22509e-05
7.2206e+06 0.31107 0.740805 0.0186972 0.000167749
1.38545e+07 0.641336 0.497437 0.0730612 8.74266e-05
1.1763e+07 0.577439 0.535619 0.054364 0.000102971
1.64727e+07 0.698396 0.535619 0.0917584 7.35309e-05
1.64727e+07 0.698396 0.535619 0.0917584 7.35309e-05
1.38545e+07 0.641336 0.497437 0.0730612 8.74266e-05
2.08885e+07 0.762293 0.497437 0.110456 5.79866e-05
2.8293e+07 0.824612 0.546594 0.122243 4.28109e-05
5.68601e+06 0.124901 0.84961 0 0.000213023
7.42668e+06 0.330266 0.647904 0 0.000163094
7.2206e+06 0.31107 0.740805 0.0186972 0.000167749
1.28317e+07 0.612674 0.545171 0.141956 9.43949e-05
2.08885e+07 0.762293 0.497437 0.110456 5.79866e-05
1.38545e+07 0.641336 0.497437 0.0730612 8.74266e-05
7.87275e+06 0.36813 0.778987 0.0373943 0.000153853
6.60941e+06 0.247173 0.875217 0 0.000183261
7.42668e+06 0.330266 0.647904 0 0.000163094
7.83814e+06 0.365501 0.618436 0.0680821 0.000154533
1.1763e+07 0.577439 0.535619 0.054364 0.000102971
1.28317e+07 0.612674 0.545171 0.141956 9.43949e-05
1.64727e+07 0.698396 0.535619 0.0917584 7.35309e-05
8.33573e+06 0.403366 0.652375 0.0569044 0.000145308
1.38241e+07 0.640547 0.516109 0.0933842 8.76186e-05
5.74613e+06 0.134105 0.817499 0.0365814 0.000210794
1.68056e+07 0.704444 0.477927 0.112081 7.20742e-05
1.28317e+07 0.612674 0.545171 0.141956 9.43949e-05
1.53613e+07 0.676571 0.506989 0.160653 7.88506e-05
1.1763e+07 0.577439 0.535619 0.054364 0.000102971
6.68887e+06 0.256377 0.673714 0 0.000181084
2.08885e+07 0.762293 0.497437 0.110456 5.79866e-05
1.38545e+07 0.641336 0.497437 0.0730612 8.74266e-05
1.38241e+07 0.640547 0.516109 0.0933842 8.76186e-05
1.90224e+07 0.73889 0.556145 0.172441 6.36749e-05
1.64727e+07 0.698396 0.535619 0.0917584 7.35309e-05
1.38545e+07 0.641336 0.497437 0.0730612 8.74266e-05
1.86476e+07 0.733631 0.545171 0.179351 6.49549e-05
8.75756e+06 0.432027 0.740805 0.0560915 0.000138309
2.8293e+07 0.824612 0.546594 0.122243 4.28109e-05
1.67645e+07 0.703655 0.546594 0.0848486 7.22509e-05
1.38545e+07 0.641336 0.497437 0.0730612 8.74266e-05
1.38545e+07 0.641336 0.497437 0.0730612 8.74266e-05
1.28317e+07 0.612674 0.545171 0.141956 9.43949e-05
9.78291e+06 0.491717 0.62941 0.0985666 0.000123813
1.38545e+07 0.641336 0.497437 0.0730612 8.74266e-05
1.10536e+07 0.550355 0.468071 0.0680821 0.00010958
1.86476e+07 0.733631 0.545171 0.179351 6.49549e-05
7.87275e+06 0.36813 0.778987 0.0373943 0.000153853
7.2206e+06 0.31107 0.740805 0.0186972 0.000167749
1.64727e+07 0.698396 0.535619 0.0917584 7.35309e-05
1.28317e+07 0.612674 0.545171 0.141956 9.43949e-05
