3.12806e+07 0.714588 0.66899 0.123059 3.66793e-05
2.63774e+07 0.661427 0.646764 0.0336109 4.34974e-05
1.32976e+07 0.32762 0.75511 0 8.62824e-05
2.63774e+07 0.661427 0.646764 0.0336109 4.34974e-05
1.12999e+07 0.208522 0.849237 0 0.000101537
4.3591e+07 0.795412 0.605891 0.0947922 2.63208e-05
2.63774e+07 0.661427 0.646764 0.0336109 4.34974e-05
4.06427e+07 0.780525 0.598212 0.0563984 2.82301e-05
2.08766e+07 0.572003 0.681753 0.0227875 5.49588e-05
4.06427e+07 0.780525 0.598212 0.0563984 2.82301e-05
3.12806e+07 0.714588 0.66899 0.123059 3.66793e-05
4.06427e+07 0.780525 0.598212 0.0563984 2.82301e-05
2.63774e+07 0.661427 0.646764 0.0336109 4.34974e-05
2.16279e+07 0.586891 0.689431 0.0611813 5.30494e-05
2.16279e+07 0.586891 0.689431 0.0611813 5.30494e-05
3.12806e+07 0.714588 0.66899 0.123059 3.66793e-05
2.63774e+07 0.661427 0.646764 0.0336109 4.34974e-05
4.06427e+07 0.780525 0.598212 0.0563984 2.82301e-05
4.06427e+07 0.780525 0.598212 0.0563984 2.82301e-05
4.06427e+07 0.780525 0.598212 0.0563984 2.82301e-05
4.06427e+07 0.780525 0.598212 0.0563984 2.82301e-05
3.12806e+07 0.714588 0.66899 0.123059 3.66793e-05
2.63774e+07 0.661427 0.646764 0.0336109 4.34974e-05
3.12806e+07 0.714588 0.66899 0.123059 3.66793e-05
1.80905e+07 0.506067 0.664785 0.045575 6.34228e-05
2.63774e+07 0.661427 0.646764 0.0336109 4.34974e-05
3.12806e+07 0.714588 0.66899 0.123059 3.66793e-05
1.6338e+07 0.452905 0.730305 0 7.0226e-05
3.12806e+07 0.714588 0.66899 0.123059 3.66793e-05
1.96846e+07 0.546055 0.686205 0.0300287 5.82868e-05
1.14866e+07 0.221554 0.741683 0 9.98857e-05
4.06427e+07 0.780525 0.598212 0.0563984 2.82301e-05
3.12806e+07 0.714588 0.66899 0.123059 3.66793e-05
2.63774e+07 0.661427 0.646764 0.0336109 4.34974e-05
2.66705e+07 0.665153 0.637653 0.0528163 4.30195e-05
3.12806e+07 0.714588 0.66899 0.123059 3.66793e-05
1.23279e+07 0.274716 0.741311 0.0781485 9.30694e-05
2.63774e+07 0.661427 0.646764 0.0336109 4.34974e-05
4.06427e+07 0.780525 0.598212 0.0563984 2.82301e-05
2.63774e+07 0.661427 0.646764 0.0336109 4.34974e-05
2.63774e+07 0.661427 0.646764 0.0336109 4.34974e-05
4.06427e+07 0.780525 0.598212 0.0563984 2.82301e-05
2.66705e+07 0.665153 0.637653 0.0528163 4.30195e-05
4.06427e+07 0.780525 0.598212 0.0563984 2.82301e-05
3.12806e+07 0.714588 0.66899 0.123059 3.66793e-05
3.12806e+07 0.714588 0.66899 0.123059 3.66793e-05
3.12806e+07 0.714588 0.66899 0.123059 3.66793e-05
2.38259e+07 0.625165 0.616233 0.0683625 4.81555e-05
4.06427e+07 0.780525 0.598212 0.0563984 2.82301e-05
2.63774e+07 0.661427 0.646764 0.0336109 4.34974e-05
2.63774e+07 0.661427 0.646764 0.0336109 4.34974e-05
3.63567e+07 0.754576 0.602665 0.0636396 3.15581e-05
4.68894e+07 0.833687 0.620438 0.145846 2.44693e-05
4.06427e+07 0.780525 0.598212 0.0563984 2.82301e-05
2.63774e+07 0.661427 0.646764 0.0336109 4.34974e-05
9.23999e+06 0.0319369 0.907752 0 0.000124172
1.12999e+07 0.208522 0.849237 0 0.000101537
2.66705e+07 0.665153 0.637653 0.0528163 4.30195e-05
2.63774e+07 0.661427 0.646764 0.0336109 4.34974e-05
4.06427e+07 0.780525 0.598212 0.0563984 2.82301e-05
4.06427e+07 0.780525 0.598212 0.0563984 2.82301e-05
1.96846e+07 0.546055 0.686205 0.0300287 5.82868e-05
8.946e+06 0 1 0 0.000128253
1.17724e+07 0.240459 0.756989 0 9.74611e-05
1.12999e+07 0.208522 0.849237 0 0.000101537
2.63774e+07 0.661427 0.646764 0.0336109 4.34974e-05
2.63774e+07 0.661427 0.646764 0.0336109 4.34974e-05
2.63774e+07 0.661427 0.646764 0.0336109 4.34974e-05
1.96846e+07 0.546055 0.686205 0.0300287 5.82868e-05
2.63774e+07 0.661427 0.646764 0.0336109 4.34974e-05
1.00096e+07 0.106457 0.877723 0.0411823 0.000114625
4.06427e+07 0.780525 0.598212 0.0563984 2.82301e-05
3.12806e+07 0.714588 0.66899 0.123059 3.66793e-05
4.06427e+07 0.780525 0.598212 0.0563984 2.82301e-05
2.63774e+07 0.661427 0.646764 0.0336109 4.34974e-05
2.18547e+07 0.591299 0.62855 0.0975677 5.2499e-05
4.06427e+07 0.780525 0.598212 0.0563984 2.82301e-05
4.68894e+07 0.833687 0.620438 0.145846 2.44693e-05
2.63774e+07 0.661427 0.646764 0.0336109 4.34974e-05
2.63774e+07 0.661427 0.646764 0.0336109 4.34974e-05
2.63774e+07 0.661427 0.646764 0.0336109 4.34974e-05
4.68894e+07 0.833687 0.620438 0.145846 2.44693e-05
2.63774e+07 0.661427 0.646764 0.0336109 4.34974e-05
2.66705e+07 0.665153 0.637653 0.0528163 4.30195e-05
2.63774e+07 0.661427 0.646764 0.0336109 4.34974e-05
2.63774e+07 0.661427 0.646764 0.0336109 4.34974e-05
4.06427e+07 0.780525 0.598212 0.0563984 2.82301e-05
4.06427e+07 0.780525 0.598212 0.0563984 2.82301e-05
2.63774e+07 0.661427 0.646764 0.0336109 4.34974e-05
1.12999e+07 0.208522 0.849237 0 0.000101537
4.68894e+07 0.833687 0.620438 0.145846 2.44693e-05
1.32976e+07 0.32762 0.75511 0 8.62824e-05
2.63774e+07 0.661427 0.646764 0.0336109 4.34974e-05
1.6338e+07 0.452905 0.730305 0 7.0226e-05
2.16279e+07 0.586891 0.689431 0.0611813 5.30494e-05
2.63774e+07 0.661427 0.646764 0.0336109 4.34974e-05
3.12806e+07 0.714588 0.66899 0.123059 3.66793e-05
