1.51694e+07 0.569753 0.613622 0.133484 8.47107e-05
1.51694e+07 0.569753 0.613622 0.133484 8.47107e-05
1.0086e+07 0.352693 0.614504 0.0452005 0.000127405
2.07877e+07 0.686189 0.574277 0.108082 6.18159e-05
1.22932e+07 0.468918 0.664714 0.114966 0.00010453
1.77835e+07 0.633136 0.532574 0.124066 7.22587e-05
2.23987e+07 0.708754 0.613622 0.178034 5.73699e-05
1.73329e+07 0.623587 0.524922 0.0858067 7.41371e-05
1.32923e+07 0.508858 0.679291 0.0668251 9.66732e-05
2.74596e+07 0.762588 0.524922 0.130357 4.67963e-05
1.51694e+07 0.569753 0.613622 0.133484 8.47107e-05
2.74596e+07 0.762588 0.524922 0.130357 4.67963e-05
2.07877e+07 0.686189 0.574277 0.108082 6.18159e-05
1.05212e+07 0.379407 0.686943 0.0605342 0.000122136
1.35557e+07 0.518408 0.686943 0.105084 9.47948e-05
1.44129e+07 0.547188 0.574277 0.0635317 8.91567e-05
2.07877e+07 0.686189 0.574277 0.108082 6.18159e-05
2.74596e+07 0.762588 0.524922 0.130357 4.67963e-05
1.73329e+07 0.623587 0.524922 0.0858067 7.41371e-05
2.74596e+07 0.762588 0.524922 0.130357 4.67963e-05
2.74596e+07 0.762588 0.524922 0.130357 4.67963e-05
1.44129e+07 0.547188 0.574277 0.0635317 8.91567e-05
2.07877e+07 0.686189 0.574277 0.108082 6.18159e-05
1.44129e+07 0.547188 0.574277 0.0635317 8.91567e-05
1.15049e+07 0.43246 0.728646 0.0445501 0.000111693
2.23987e+07 0.708754 0.613622 0.178034 5.73699e-05
1.51694e+07 0.569753 0.613622 0.133484 8.47107e-05
1.15049e+07 0.43246 0.728646 0.0445501 0.000111693
1.51694e+07 0.569753 0.613622 0.133484 8.47107e-05
1.19801e+07 0.455025 0.67759 0.0693019 0.000107262
8.8484e+06 0.262059 0.61178 0 0.000145225
2.74596e+07 0.762588 0.524922 0.130357 4.67963e-05
1.44129e+07 0.547188 0.574277 0.0635317 8.91567e-05
2.04107e+07 0.680463 0.494187 0.0635317 6.29575e-05
1.32923e+07 0.508858 0.679291 0.0668251 9.66732e-05
2.07877e+07 0.686189 0.574277 0.108082 6.18159e-05
8.8484e+06 0.262059 0.61178 0 0.000145225
2.07877e+07 0.686189 0.574277 0.108082 6.18159e-05
1.73329e+07 0.623587 0.524922 0.0858067 7.41371e-05
2.1079e+07 0.690533 0.577061 0.152632 6.09615e-05
2.07877e+07 0.686189 0.574277 0.108082 6.18159e-05
2.74596e+07 0.762588 0.524922 0.130357 4.67963e-05
1.32923e+07 0.508858 0.679291 0.0668251 9.66732e-05
1.73329e+07 0.623587 0.524922 0.0858067 7.41371e-05
1.51694e+07 0.569753 0.613622 0.133484 8.47107e-05
1.51694e+07 0.569753 0.613622 0.133484 8.47107e-05
1.44129e+07 0.547188 0.574277 0.0635317 8.91567e-05
1.03618e+07 0.369857 0.679291 0.022275 0.000124014
1.73329e+07 0.623587 0.524922 0.0858067 7.41371e-05
1.44129e+07 0.547188 0.574277 0.0635317 8.91567e-05
3.60788e+07 0.819464 0.494187 0.108082 3.56167e-05
2.07877e+07 0.686189 0.574277 0.108082 6.18159e-05
1.73329e+07 0.623587 0.524922 0.0858067 7.41371e-05
2.74596e+07 0.762588 0.524922 0.130357 4.67963e-05
2.07877e+07 0.686189 0.574277 0.108082 6.18159e-05
7.62559e+06 0.143345 0.913684 0.0445501 0.000168513
8.75093e+06 0.25373 0.718567 0 0.000146843
1.03618e+07 0.369857 0.679291 0.022275 0.000124014
1.51694e+07 0.569753 0.613622 0.133484 8.47107e-05
2.74596e+07 0.762588 0.524922 0.130357 4.67963e-05
1.73329e+07 0.623587 0.524922 0.0858067 7.41371e-05
1.15049e+07 0.43246 0.728646 0.0445501 0.000111693
7.58712e+06 0.139001 0.9109 0 0.000169367
8.75093e+06 0.25373 0.718567 0 0.000146843
9.02324e+06 0.276295 0.708409 0.0452005 0.000142411
2.50605e+07 0.739812 0.530582 0.133298 5.12763e-05
1.51694e+07 0.569753 0.613622 0.133484 8.47107e-05
2.07877e+07 0.686189 0.574277 0.108082 6.18159e-05
1.19801e+07 0.455025 0.67759 0.0693019 0.000107262
1.44129e+07 0.547188 0.574277 0.0635317 8.91567e-05
7.62559e+06 0.143345 0.913684 0.0445501 0.000168513
1.73329e+07 0.623587 0.524922 0.0858067 7.41371e-05
1.51694e+07 0.569753 0.613622 0.133484 8.47107e-05
1.84386e+07 0.646152 0.564267 0.155759 6.96911e-05
1.65828e+07 0.606537 0.530582 0.0932526 7.74907e-05
9.24244e+06 0.293458 0.728646 0 0.000139034
2.74596e+07 0.762588 0.524922 0.130357 4.67963e-05
1.73329e+07 0.623587 0.524922 0.0858067 7.41371e-05
1.44129e+07 0.547188 0.574277 0.0635317 8.91567e-05
1.51694e+07 0.569753 0.613622 0.133484 8.47107e-05
3.60788e+07 0.819464 0.494187 0.108082 3.56167e-05
1.73329e+07 0.623587 0.524922 0.0858067 7.41371e-05
2.23987e+07 0.708754 0.613622 0.178034 5.73699e-05
1.32923e+07 0.508858 0.679291 0.0668251 9.66732e-05
2.07877e+07 0.686189 0.574277 0.108082 6.18159e-05
1.44129e+07 0.547188 0.574277 0.0635317 8.91567e-05
2.68057e+07 0.756861 0.444832 0.0858067 4.79379e-05
1.73329e+07 0.623587 0.524922 0.0858067 7.41371e-05
1.51694e+07 0.569753 0.613622 0.133484 8.47107e-05
9.02324e+06 0.276295 0.708409 0.0452005 0.000142411
1.73329e+07 0.623587 0.524922 0.0858067 7.41371e-05
1.28401e+07 0.491695 0.525403 0.0452005 0.000100078
2.23987e+07 0.708754 0.613622 0.178034 5.73699e-05
1.15049e+07 0.43246 0.728646 0.0445501 0.000111693
1.05212e+07 0.379407 0.686943 0.0605342 0.000122136
3.60788e+07 0.819464 0.494187 0.108082 3.56167e-05
1.51694e+07 0.569753 0.613622 0.133484 8.47107e-05
