1.17761e+07 0.273654 0.864797 0 8.38917e-05
1.17761e+07 0.273654 0.864797 0 8.38917e-05
9.94051e+06 0.139368 0.909383 0 9.9383e-05
1.88905e+07 0.547309 0.864797 0.0466146 5.2297e-05
8.55674e+06 0 1 0 0.000115455
1.50145e+07 0.430443 0.828213 0.0604012 6.57976e-05
1.88905e+07 0.547309 0.864797 0.0466146 5.2297e-05
1.45691e+07 0.413022 0.820794 0.0233074 6.78089e-05
2.72798e+07 0.686676 0.820794 0.069922 3.62142e-05
2.72798e+07 0.686676 0.820794 0.069922 3.62142e-05
1.17761e+07 0.273654 0.864797 0 8.38917e-05
2.72798e+07 0.686676 0.820794 0.069922 3.62142e-05
1.88905e+07 0.547309 0.864797 0.0466146 5.2297e-05
1.6604e+07 0.485206 0.739153 0.0900765 5.94986e-05
2.8884e+07 0.704097 0.828213 0.107016 3.42029e-05
1.17761e+07 0.273654 0.864797 0 8.38917e-05
1.88905e+07 0.547309 0.864797 0.0466146 5.2297e-05
2.72798e+07 0.686676 0.820794 0.069922 3.62142e-05
1.45691e+07 0.413022 0.820794 0.0233074 6.78089e-05
2.72798e+07 0.686676 0.820794 0.069922 3.62142e-05
2.72798e+07 0.686676 0.820794 0.069922 3.62142e-05
1.17761e+07 0.273654 0.864797 0 8.38917e-05
1.88905e+07 0.547309 0.864797 0.0466146 5.2297e-05
1.17761e+07 0.273654 0.864797 0 8.38917e-05
1.88905e+07 0.547309 0.864797 0.0466146 5.2297e-05
1.88905e+07 0.547309 0.864797 0.0466146 5.2297e-05
1.17761e+07 0.273654 0.864797 0 8.38917e-05
1.88905e+07 0.547309 0.864797 0.0466146 5.2297e-05
1.17761e+07 0.273654 0.864797 0 8.38917e-05
2.66271e+07 0.679054 0.813817 0.0816798 3.7102e-05
8.55674e+06 0 1 0 0.000115455
2.72798e+07 0.686676 0.820794 0.069922 3.62142e-05
1.17761e+07 0.273654 0.864797 0 8.38917e-05
1.17761e+07 0.273654 0.864797 0 8.38917e-05
4.69972e+07 0.818422 0.769814 0.104987 2.10208e-05
1.88905e+07 0.547309 0.864797 0.0466146 5.2297e-05
8.55674e+06 0 1 0 0.000115455
1.88905e+07 0.547309 0.864797 0.0466146 5.2297e-05
1.45691e+07 0.413022 0.820794 0.0233074 6.78089e-05
1.9254e+07 0.55586 0.86771 0.0932292 5.13097e-05
1.88905e+07 0.547309 0.864797 0.0466146 5.2297e-05
2.72798e+07 0.686676 0.820794 0.069922 3.62142e-05
4.69972e+07 0.818422 0.769814 0.104987 2.10208e-05
1.45691e+07 0.413022 0.820794 0.0233074 6.78089e-05
1.17761e+07 0.273654 0.864797 0 8.38917e-05
1.17761e+07 0.273654 0.864797 0 8.38917e-05
1.17761e+07 0.273654 0.864797 0 8.38917e-05
1.45691e+07 0.413022 0.820794 0.0233074 6.78089e-05
1.45691e+07 0.413022 0.820794 0.0233074 6.78089e-05
1.17761e+07 0.273654 0.864797 0 8.38917e-05
1.88905e+07 0.547309 0.864797 0.0466146 5.2297e-05
2.66271e+07 0.679054 0.813817 0.0816798 3.7102e-05
1.45691e+07 0.413022 0.820794 0.0233074 6.78089e-05
2.72798e+07 0.686676 0.820794 0.069922 3.62142e-05
1.88905e+07 0.547309 0.864797 0.0466146 5.2297e-05
1.19186e+07 0.282206 0.909684 0.0466146 8.28886e-05
8.55674e+06 0 1 0 0.000115455
1.87762e+07 0.544768 0.769814 0.0583726 5.26155e-05
1.17761e+07 0.273654 0.864797 0 8.38917e-05
2.72798e+07 0.686676 0.820794 0.069922 3.62142e-05
1.45691e+07 0.413022 0.820794 0.0233074 6.78089e-05
2.66271e+07 0.679054 0.813817 0.0816798 3.7102e-05
1.17783e+07 0.273654 0.906771 0 8.38759e-05
8.55674e+06 0 1 0 0.000115455
8.55674e+06 0 1 0 0.000115455
1.17761e+07 0.273654 0.864797 0 8.38917e-05
1.17761e+07 0.273654 0.864797 0 8.38917e-05
1.88905e+07 0.547309 0.864797 0.0466146 5.2297e-05
2.66271e+07 0.679054 0.813817 0.0816798 3.7102e-05
1.17761e+07 0.273654 0.864797 0 8.38917e-05
1.76115e+07 0.514794 0.737023 0.146145 5.60951e-05
1.45691e+07 0.413022 0.820794 0.0233074 6.78089e-05
1.17761e+07 0.273654 0.864797 0 8.38917e-05
1.45691e+07 0.413022 0.820794 0.0233074 6.78089e-05
1.17761e+07 0.273654 0.864797 0 8.38917e-05
1.73011e+07 0.506242 0.674864 0.0908943 5.71013e-05
2.72798e+07 0.686676 0.820794 0.069922 3.62142e-05
1.45691e+07 0.413022 0.820794 0.0233074 6.78089e-05
1.17761e+07 0.273654 0.864797 0 8.38917e-05
1.17761e+07 0.273654 0.864797 0 8.38917e-05
1.88905e+07 0.547309 0.864797 0.0466146 5.2297e-05
1.45691e+07 0.413022 0.820794 0.0233074 6.78089e-05
1.88905e+07 0.547309 0.864797 0.0466146 5.2297e-05
4.69972e+07 0.818422 0.769814 0.104987 2.10208e-05
1.88905e+07 0.547309 0.864797 0.0466146 5.2297e-05
1.17761e+07 0.273654 0.864797 0 8.38917e-05
1.45691e+07 0.413022 0.820794 0.0233074 6.78089e-05
1.45691e+07 0.413022 0.820794 0.0233074 6.78089e-05
1.17761e+07 0.273654 0.864797 0 8.38917e-05
8.55674e+06 0 1 0 0.000115455
1.45691e+07 0.413022 0.820794 0.0233074 6.78089e-05
1.45691e+07 0.413022 0.816153 0 6.78089e-05
1.88905e+07 0.547309 0.864797 0.0466146 5.2297e-05
1.88905e+07 0.547309 0.864797 0.0466146 5.2297e-05
1.50145e+07 0.430443 0.828213 0.0604012 6.57976e-05
1.88905e+07 0.547309 0.864797 0.0466146 5.2297e-05
1.17761e+07 0.273654 0.864797 0 8.38917e-05
