1.3428e+07 0.479471 0.686777 0.0560896 9.10368e-05
1.94374e+07 0.640623 0.635151 0.0560896 6.28912e-05
9.21369e+06 0.240997 0.785314 0.0297618 0.000132676
1.84625e+07 0.621578 0.649346 0.0263278 6.6212e-05
8.26596e+06 0.153828 0.868819 0.0297618 0.000147888
1.61488e+07 0.567331 0.614833 0.0805287 7.56983e-05
1.3428e+07 0.479471 0.686777 0.0560896 9.10368e-05
1.87894e+07 0.628171 0.637613 0.0867672 6.506e-05
1.19064e+07 0.412812 0.72209 0.0201465 0.00010267
1.5448e+07 0.547594 0.657759 0.0464743 7.91328e-05
1.3428e+07 0.479471 0.686777 0.0560896 9.10368e-05
1.5448e+07 0.547594 0.657759 0.0464743 7.91328e-05
1.84625e+07 0.621578 0.649346 0.0263278 6.6212e-05
1.31376e+07 0.467913 0.703063 0.136707 9.30492e-05
1.23185e+07 0.432549 0.679165 0.0542009 9.92359e-05
1.84625e+07 0.621578 0.649346 0.0263278 6.6212e-05
1.65436e+07 0.577627 0.657015 0.0263278 7.3892e-05
1.5448e+07 0.547594 0.657759 0.0464743 7.91328e-05
2.08369e+07 0.664796 0.613803 0.0464743 5.86672e-05
1.5448e+07 0.547594 0.657759 0.0464743 7.91328e-05
1.5448e+07 0.547594 0.657759 0.0464743 7.91328e-05
1.65436e+07 0.577627 0.657015 0.0263278 7.3892e-05
1.65436e+07 0.577627 0.657015 0.0263278 7.3892e-05
1.65436e+07 0.577627 0.657015 0.0263278 7.3892e-05
1.03689e+07 0.325643 0.765302 0 0.000117895
1.3428e+07 0.479471 0.686777 0.0560896 9.10368e-05
1.3428e+07 0.479471 0.686777 0.0560896 9.10368e-05
1.03689e+07 0.325643 0.765302 0 0.000117895
1.3428e+07 0.479471 0.686777 0.0560896 9.10368e-05
1.06681e+07 0.344688 0.691584 0 0.000114589
1.19154e+07 0.413137 0.787432 0 0.000102593
1.5448e+07 0.547594 0.657759 0.0464743 7.91328e-05
1.29554e+07 0.460425 0.700971 0.0263278 9.43576e-05
1.65436e+07 0.577627 0.657015 0.0263278 7.3892e-05
1.19064e+07 0.412812 0.72209 0.0201465 0.00010267
1.29554e+07 0.460425 0.700971 0.0263278 9.43576e-05
8.08433e+06 0.134782 0.883013 0 0.000151211
1.84625e+07 0.621578 0.649346 0.0263278 6.6212e-05
2.08369e+07 0.664796 0.613803 0.0464743 5.86672e-05
1.29554e+07 0.460425 0.700971 0.0263278 9.43576e-05
1.29554e+07 0.460425 0.700971 0.0263278 9.43576e-05
1.5448e+07 0.547594 0.657759 0.0464743 7.91328e-05
1.19064e+07 0.412812 0.72209 0.0201465 0.00010267
1.5448e+07 0.547594 0.657759 0.0464743 7.91328e-05
1.3428e+07 0.479471 0.686777 0.0560896 9.10368e-05
1.3428e+07 0.479471 0.686777 0.0560896 9.10368e-05
1.84625e+07 0.621578 0.649346 0.0263278 6.6212e-05
1.48707e+07 0.530014 0.678134 0.0201465 8.22048e-05
2.08369e+07 0.664796 0.613803 0.0464743 5.86672e-05
1.29554e+07 0.460425 0.700971 0.0263278 9.43576e-05
1.29554e+07 0.460425 0.700971 0.0263278 9.43576e-05
1.29554e+07 0.460425 0.700971 0.0263278 9.43576e-05
1.5448e+07 0.547594 0.657759 0.0464743 7.91328e-05
1.5448e+07 0.547594 0.657759 0.0464743 7.91328e-05
1.84625e+07 0.621578 0.649346 0.0263278 6.6212e-05
6.99573e+06 0 1 0 0.000174741
8.08433e+06 0.134782 0.883013 0 0.000151211
1.48707e+07 0.530014 0.678134 0.0201465 8.22048e-05
1.3428e+07 0.479471 0.686777 0.0560896 9.10368e-05
1.5448e+07 0.547594 0.657759 0.0464743 7.91328e-05
2.08369e+07 0.664796 0.613803 0.0464743 5.86672e-05
1.03689e+07 0.325643 0.765302 0 0.000117895
8.44066e+06 0.171433 0.835274 0 0.000144828
8.08433e+06 0.134782 0.883013 0 0.000151211
9.59465e+06 0.27103 0.854167 0.0444138 0.000127408
1.29554e+07 0.460425 0.700971 0.0263278 9.43576e-05
1.3428e+07 0.479471 0.686777 0.0560896 9.10368e-05
1.65436e+07 0.577627 0.657015 0.0263278 7.3892e-05
1.06681e+07 0.344688 0.691584 0 0.000114589
1.52263e+07 0.541002 0.680824 0.0666207 8.02848e-05
7.05887e+06 0.00904705 0.916202 0 0.000173178
1.87894e+07 0.628171 0.637613 0.0867672 6.506e-05
1.3428e+07 0.479471 0.686777 0.0560896 9.10368e-05
1.61246e+07 0.56664 0.643565 0.0762361 7.5812e-05
1.29554e+07 0.460425 0.700971 0.0263278 9.43576e-05
1.05078e+07 0.33469 0.681504 0 0.000116336
1.5448e+07 0.547594 0.657759 0.0464743 7.91328e-05
1.5448e+07 0.547594 0.657759 0.0464743 7.91328e-05
2.04356e+07 0.658204 0.636868 0.0666207 5.98192e-05
1.94374e+07 0.640623 0.635151 0.0560896 6.28912e-05
1.29554e+07 0.460425 0.700971 0.0263278 9.43576e-05
1.5448e+07 0.547594 0.657759 0.0464743 7.91328e-05
1.3428e+07 0.479471 0.686777 0.0560896 9.10368e-05
1.19064e+07 0.412812 0.72209 0.0201465 0.00010267
1.84625e+07 0.621578 0.649346 0.0263278 6.6212e-05
2.67221e+07 0.73878 0.60539 0.0263278 4.57464e-05
1.5448e+07 0.547594 0.657759 0.0464743 7.91328e-05
2.08369e+07 0.664796 0.613803 0.0464743 5.86672e-05
1.3428e+07 0.479471 0.686777 0.0560896 9.10368e-05
1.02092e+07 0.314981 0.817194 0.0297618 0.00011974
1.5448e+07 0.547594 0.657759 0.0464743 7.91328e-05
9.21369e+06 0.240997 0.785314 0.0297618 0.000132676
1.3428e+07 0.479471 0.686777 0.0560896 9.10368e-05
1.03689e+07 0.325643 0.765302 0 0.000117895
1.23185e+07 0.432549 0.679165 0.0542009 9.92359e-05
1.29554e+07 0.460425 0.700971 0.0263278 9.43576e-05
1.3428e+07 0.479471 0.686777 0.0560896 9.10368e-05
