2.78441e+07 0.644327 0.73084 0.100391 4.66156e-05
2.78441e+07 0.644327 0.73084 0.100391 4.66156e-05
1.73607e+07 0.429144 0.751888 0.0580882 7.47649e-05
2.41476e+07 0.589798 0.721098 0.0239647 5.37516e-05
1.73607e+07 0.429144 0.751888 0.0580882 7.47649e-05
2.41476e+07 0.589798 0.721098 0.0239647 5.37516e-05
2.78441e+07 0.644327 0.73084 0.100391 4.66156e-05
3.27121e+07 0.697389 0.70276 0.060641 3.96786e-05
1.26344e+07 0.215183 0.894347 0 0.000102733
2.41476e+07 0.589798 0.721098 0.0239647 5.37516e-05
2.78441e+07 0.644327 0.73084 0.100391 4.66156e-05
2.41476e+07 0.589798 0.721098 0.0239647 5.37516e-05
2.41476e+07 0.589798 0.721098 0.0239647 5.37516e-05
1.26344e+07 0.215183 0.894347 0 0.000102733
1.26344e+07 0.215183 0.894347 0 0.000102733
2.41476e+07 0.589798 0.721098 0.0239647 5.37516e-05
3.89948e+07 0.746295 0.681088 0.0239647 3.32857e-05
2.41476e+07 0.589798 0.721098 0.0239647 5.37516e-05
3.89948e+07 0.746295 0.681088 0.0239647 3.32857e-05
2.41476e+07 0.589798 0.721098 0.0239647 5.37516e-05
2.41476e+07 0.589798 0.721098 0.0239647 5.37516e-05
3.89948e+07 0.746295 0.681088 0.0239647 3.32857e-05
3.89948e+07 0.746295 0.681088 0.0239647 3.32857e-05
3.89948e+07 0.746295 0.681088 0.0239647 3.32857e-05
1.26344e+07 0.215183 0.894347 0 0.000102733
2.78441e+07 0.644327 0.73084 0.100391 4.66156e-05
2.78441e+07 0.644327 0.73084 0.100391 4.66156e-05
1.26344e+07 0.215183 0.894347 0 0.000102733
2.78441e+07 0.644327 0.73084 0.100391 4.66156e-05
1.35735e+07 0.269713 0.787913 0.0183382 9.56255e-05
2.17006e+07 0.543454 0.706501 0.0259183 5.98126e-05
2.41476e+07 0.589798 0.721098 0.0239647 5.37516e-05
2.41476e+07 0.589798 0.721098 0.0239647 5.37516e-05
3.89948e+07 0.746295 0.681088 0.0239647 3.32857e-05
1.26344e+07 0.215183 0.894347 0 0.000102733
2.41476e+07 0.589798 0.721098 0.0239647 5.37516e-05
1.61679e+07 0.386957 0.746511 0.0259183 8.02805e-05
2.41476e+07 0.589798 0.721098 0.0239647 5.37516e-05
3.89948e+07 0.746295 0.681088 0.0239647 3.32857e-05
2.45429e+07 0.596522 0.650038 0.0239647 5.28857e-05
2.41476e+07 0.589798 0.721098 0.0239647 5.37516e-05
2.41476e+07 0.589798 0.721098 0.0239647 5.37516e-05
1.26344e+07 0.215183 0.894347 0 0.000102733
2.41476e+07 0.589798 0.721098 0.0239647 5.37516e-05
2.78441e+07 0.644327 0.73084 0.100391 4.66156e-05
2.78441e+07 0.644327 0.73084 0.100391 4.66156e-05
2.41476e+07 0.589798 0.721098 0.0239647 5.37516e-05
1.57774e+07 0.37168 0.854337 0 8.22674e-05
3.89948e+07 0.746295 0.681088 0.0239647 3.32857e-05
2.41476e+07 0.589798 0.721098 0.0239647 5.37516e-05
2.41476e+07 0.589798 0.721098 0.0239647 5.37516e-05
2.41476e+07 0.589798 0.721098 0.0239647 5.37516e-05
2.41476e+07 0.589798 0.721098 0.0239647 5.37516e-05
2.41476e+07 0.589798 0.721098 0.0239647 5.37516e-05
2.41476e+07 0.589798 0.721098 0.0239647 5.37516e-05
9.98444e+06 0.00672448 0.92894 0 0.000129999
1.58504e+07 0.374614 0.778822 0 8.1889e-05
1.57774e+07 0.37168 0.854337 0 8.22674e-05
2.78441e+07 0.644327 0.73084 0.100391 4.66156e-05
2.41476e+07 0.589798 0.721098 0.0239647 5.37516e-05
3.89948e+07 0.746295 0.681088 0.0239647 3.32857e-05
1.26344e+07 0.215183 0.894347 0 0.000102733
9.91837e+06 0 1 0 0.000130865
1.58504e+07 0.374614 0.778822 0 8.1889e-05
2.39103e+07 0.585641 0.738551 0.0714251 5.42849e-05
2.41476e+07 0.589798 0.721098 0.0239647 5.37516e-05
2.78441e+07 0.644327 0.73084 0.100391 4.66156e-05
3.89948e+07 0.746295 0.681088 0.0239647 3.32857e-05
1.35735e+07 0.269713 0.787913 0.0183382 9.56255e-05
3.27121e+07 0.697389 0.70276 0.060641 3.96786e-05
1.07669e+07 0.0792418 0.807592 0.0343841 0.000120552
3.27121e+07 0.697389 0.70276 0.060641 3.96786e-05
2.78441e+07 0.644327 0.73084 0.100391 4.66156e-05
2.78441e+07 0.644327 0.73084 0.100391 4.66156e-05
2.41476e+07 0.589798 0.721098 0.0239647 5.37516e-05
1.39104e+07 0.287701 0.704232 0 9.33093e-05
2.41476e+07 0.589798 0.721098 0.0239647 5.37516e-05
2.41476e+07 0.589798 0.721098 0.0239647 5.37516e-05
4.97116e+07 0.853886 0.66275 0.060641 2.611e-05
2.78441e+07 0.644327 0.73084 0.100391 4.66156e-05
2.41476e+07 0.589798 0.721098 0.0239647 5.37516e-05
2.41476e+07 0.589798 0.721098 0.0239647 5.37516e-05
2.78441e+07 0.644327 0.73084 0.100391 4.66156e-05
1.26344e+07 0.215183 0.894347 0 0.000102733
2.41476e+07 0.589798 0.721098 0.0239647 5.37516e-05
3.89948e+07 0.746295 0.681088 0.0239647 3.32857e-05
2.41476e+07 0.589798 0.721098 0.0239647 5.37516e-05
3.89948e+07 0.746295 0.681088 0.0239647 3.32857e-05
2.78441e+07 0.644327 0.73084 0.100391 4.66156e-05
1.73607e+07 0.429144 0.751888 0.0580882 7.47649e-05
2.41476e+07 0.589798 0.721098 0.0239647 5.37516e-05
1.73607e+07 0.429144 0.751888 0.0580882 7.47649e-05
2.78441e+07 0.644327 0.73084 0.100391 4.66156e-05
1.26344e+07 0.215183 0.894347 0 0.000102733
1.26344e+07 0.215183 0.894347 0 0.000102733
2.41476e+07 0.589798 0.721098 0.0239647 5.37516e-05
2.78441e+07 0.644327 0.73084 0.100391 4.66156e-05
