1.84751e+07 0.464479 0.73057 0.0488391 7.34425e-05
1.84751e+07 0.464479 0.73057 0.0488391 7.34425e-05
1.5996e+07 0.381431 0.713941 0.0303396 8.4825e-05
2.63169e+07 0.624104 0.782068 0.036999 5.15585e-05
1.31443e+07 0.246894 0.800525 0.0303396 0.000103228
2.35825e+07 0.580849 0.614726 0.0357457 5.75366e-05
3.10973e+07 0.682064 0.73057 0.0858381 4.36327e-05
2.15516e+07 0.541056 0.695484 0 6.29587e-05
2.29963e+07 0.569708 0.806461 0.036999 5.90035e-05
4.09323e+07 0.758641 0.695484 0.036999 3.31489e-05
1.84751e+07 0.464479 0.73057 0.0488391 7.34425e-05
4.09323e+07 0.758641 0.695484 0.036999 3.31489e-05
2.63169e+07 0.624104 0.782068 0.036999 5.15585e-05
1.91647e+07 0.483822 0.725526 0.160047 7.07998e-05
2.53233e+07 0.609501 0.725703 0.0727447 5.35814e-05
1.66755e+07 0.406518 0.782068 0 8.13683e-05
2.63169e+07 0.624104 0.782068 0.036999 5.15585e-05
4.09323e+07 0.758641 0.695484 0.036999 3.31489e-05
2.15516e+07 0.541056 0.695484 0 6.29587e-05
4.09323e+07 0.758641 0.695484 0.036999 3.31489e-05
4.09323e+07 0.758641 0.695484 0.036999 3.31489e-05
1.66755e+07 0.406518 0.782068 0 8.13683e-05
2.63169e+07 0.624104 0.782068 0.036999 5.15585e-05
1.66755e+07 0.406518 0.782068 0 8.13683e-05
1.75275e+07 0.43517 0.893045 0.036999 7.74131e-05
3.10973e+07 0.682064 0.73057 0.0858381 4.36327e-05
1.84751e+07 0.464479 0.73057 0.0488391 7.34425e-05
1.75275e+07 0.43517 0.893045 0.036999 7.74131e-05
1.84751e+07 0.464479 0.73057 0.0488391 7.34425e-05
1.95226e+07 0.493131 0.780867 0.0554985 6.95022e-05
1.23807e+07 0.200276 0.86239 0.0250992 0.000109595
4.09323e+07 0.758641 0.695484 0.036999 3.31489e-05
1.66755e+07 0.406518 0.782068 0 8.13683e-05
1.66755e+07 0.406518 0.782068 0 8.13683e-05
2.29963e+07 0.569708 0.806461 0.036999 5.90035e-05
2.63169e+07 0.624104 0.782068 0.036999 5.15585e-05
1.23807e+07 0.200276 0.86239 0.0250992 0.000109595
2.63169e+07 0.624104 0.782068 0.036999 5.15585e-05
2.15516e+07 0.541056 0.695484 0 6.29587e-05
2.68011e+07 0.630903 0.784381 0.073998 5.0627e-05
2.63169e+07 0.624104 0.782068 0.036999 5.15585e-05
4.09323e+07 0.758641 0.695484 0.036999 3.31489e-05
2.29963e+07 0.569708 0.806461 0.036999 5.90035e-05
2.15516e+07 0.541056 0.695484 0 6.29587e-05
1.84751e+07 0.464479 0.73057 0.0488391 7.34425e-05
1.84751e+07 0.464479 0.73057 0.0488391 7.34425e-05
1.66755e+07 0.406518 0.782068 0 8.13683e-05
1.52777e+07 0.352122 0.806461 0 8.88133e-05
2.15516e+07 0.541056 0.695484 0 6.29587e-05
1.66755e+07 0.406518 0.782068 0 8.13683e-05
2.63169e+07 0.624104 0.782068 0.036999 5.15585e-05
2.63169e+07 0.624104 0.782068 0.036999 5.15585e-05
2.15516e+07 0.541056 0.695484 0 6.29587e-05
4.09323e+07 0.758641 0.695484 0.036999 3.31489e-05
2.63169e+07 0.624104 0.782068 0.036999 5.15585e-05
1.27673e+07 0.224385 0.928315 0.036999 0.000106276
1.22082e+07 0.188933 0.889023 0 0.000111143
1.52777e+07 0.352122 0.806461 0 8.88133e-05
1.84751e+07 0.464479 0.73057 0.0488391 7.34425e-05
4.09323e+07 0.758641 0.695484 0.036999 3.31489e-05
2.15516e+07 0.541056 0.695484 0 6.29587e-05
1.75275e+07 0.43517 0.893045 0.036999 7.74131e-05
1.26563e+07 0.217585 0.926002 0 0.000107208
1.22082e+07 0.188933 0.889023 0 0.000111143
1.31443e+07 0.246894 0.800525 0.0303396 0.000103228
1.66755e+07 0.406518 0.782068 0 8.13683e-05
1.84751e+07 0.464479 0.73057 0.0488391 7.34425e-05
2.63169e+07 0.624104 0.782068 0.036999 5.15585e-05
1.95226e+07 0.493131 0.780867 0.0554985 6.95022e-05
1.66755e+07 0.406518 0.782068 0 8.13683e-05
1.33418e+07 0.257941 0.867745 0.0716855 0.0001017
2.15516e+07 0.541056 0.695484 0 6.29587e-05
1.84751e+07 0.464479 0.73057 0.0488391 7.34425e-05
2.46555e+07 0.599016 0.643986 0.0488391 5.50328e-05
1.66755e+07 0.406518 0.782068 0 8.13683e-05
1.32161e+07 0.251142 0.763103 0 0.000102667
4.09323e+07 0.758641 0.695484 0.036999 3.31489e-05
2.15516e+07 0.541056 0.695484 0 6.29587e-05
1.66755e+07 0.406518 0.782068 0 8.13683e-05
1.84751e+07 0.464479 0.73057 0.0488391 7.34425e-05
2.63169e+07 0.624104 0.782068 0.036999 5.15585e-05
2.15516e+07 0.541056 0.695484 0 6.29587e-05
3.10973e+07 0.682064 0.73057 0.0858381 4.36327e-05
2.29963e+07 0.569708 0.806461 0.036999 5.90035e-05
2.63169e+07 0.624104 0.782068 0.036999 5.15585e-05
1.66755e+07 0.406518 0.782068 0 8.13683e-05
2.15516e+07 0.541056 0.695484 0 6.29587e-05
2.15516e+07 0.541056 0.695484 0 6.29587e-05
1.84751e+07 0.464479 0.73057 0.0488391 7.34425e-05
1.31443e+07 0.246894 0.800525 0.0303396 0.000103228
2.15516e+07 0.541056 0.695484 0 6.29587e-05
2.46555e+07 0.599016 0.639943 0.0303396 5.50328e-05
3.10973e+07 0.682064 0.73057 0.0858381 4.36327e-05
1.75275e+07 0.43517 0.893045 0.036999 7.74131e-05
1.6271e+07 0.391916 0.725703 0.0357457 8.33912e-05
2.63169e+07 0.624104 0.782068 0.036999 5.15585e-05
1.84751e+07 0.464479 0.73057 0.0488391 7.34425e-05
