2.41164e+07 0.657995 0.631535 0.160976 5.22823e-05
2.12667e+07 0.61199 0.687314 0.119776 5.92881e-05
1.66036e+07 0.502952 0.636057 0.0700146 7.5939e-05
1.86982e+07 0.558624 0.675931 0.0291613 6.74321e-05
1.41303e+07 0.415721 0.706924 0.0700146 8.92312e-05
2.40262e+07 0.656758 0.610785 0.0577723 5.24786e-05
2.12667e+07 0.61199 0.687314 0.119776 5.92881e-05
2.32878e+07 0.645854 0.605063 0.0291613 5.41426e-05
1.15257e+07 0.283499 0.810001 0 0.000109396
2.32878e+07 0.645854 0.605063 0.0291613 5.41426e-05
2.41164e+07 0.657995 0.631535 0.160976 5.22823e-05
2.32878e+07 0.645854 0.605063 0.0291613 5.41426e-05
1.86982e+07 0.558624 0.675931 0.0291613 6.74321e-05
1.17037e+07 0.294403 0.815723 0.0286111 0.000107732
1.17037e+07 0.294403 0.815723 0.0286111 0.000107732
2.08661e+07 0.60463 0.620151 0.0703612 6.04263e-05
2.68456e+07 0.692825 0.633674 0.0291613 4.69671e-05
2.32878e+07 0.645854 0.605063 0.0291613 5.41426e-05
3.74558e+07 0.780055 0.590978 0.0432467 3.36626e-05
2.32878e+07 0.645854 0.605063 0.0291613 5.41426e-05
2.32878e+07 0.645854 0.605063 0.0291613 5.41426e-05
3.15521e+07 0.73883 0.577895 0.0703612 3.99613e-05
2.68456e+07 0.692825 0.633674 0.0291613 4.69671e-05
3.15521e+07 0.73883 0.577895 0.0703612 3.99613e-05
1.08996e+07 0.242274 0.825089 0.0411999 0.000115679
2.12667e+07 0.61199 0.687314 0.119776 5.92881e-05
2.41164e+07 0.657995 0.631535 0.160976 5.22823e-05
1.02772e+07 0.196268 0.880868 0 0.000122685
2.41164e+07 0.657995 0.631535 0.160976 5.22823e-05
1.1005e+07 0.249634 0.752223 0.0206 0.000114571
1.63971e+07 0.496556 0.694484 0 7.68952e-05
2.32878e+07 0.645854 0.605063 0.0291613 5.41426e-05
2.62903e+07 0.686422 0.58232 0.108991 4.79592e-05
2.68456e+07 0.692825 0.633674 0.0291613 4.69671e-05
1.15257e+07 0.283499 0.810001 0 0.000109396
2.08661e+07 0.60463 0.620151 0.0703612 6.04263e-05
1.39509e+07 0.408361 0.598561 0 9.03783e-05
1.86982e+07 0.558624 0.675931 0.0291613 6.74321e-05
3.74558e+07 0.780055 0.590978 0.0432467 3.36626e-05
1.86982e+07 0.558624 0.675931 0.0291613 6.74321e-05
1.86982e+07 0.558624 0.675931 0.0291613 6.74321e-05
2.32878e+07 0.645854 0.605063 0.0291613 5.41426e-05
1.15257e+07 0.283499 0.810001 0 0.000109396
2.32878e+07 0.645854 0.605063 0.0291613 5.41426e-05
2.41164e+07 0.657995 0.631535 0.160976 5.22823e-05
2.41164e+07 0.657995 0.631535 0.160976 5.22823e-05
2.08661e+07 0.60463 0.620151 0.0703612 6.04263e-05
1.53933e+07 0.463705 0.740136 0.0552854 8.19099e-05
3.74558e+07 0.780055 0.590978 0.0432467 3.36626e-05
2.29331e+07 0.640416 0.560841 0.0291613 5.498e-05
1.86982e+07 0.558624 0.675931 0.0291613 6.74321e-05
1.86982e+07 0.558624 0.675931 0.0291613 6.74321e-05
2.6749e+07 0.69186 0.549284 0.0703612 4.71368e-05
2.32878e+07 0.645854 0.605063 0.0291613 5.41426e-05
1.86982e+07 0.558624 0.675931 0.0291613 6.74321e-05
8.26212e+06 0 1 0 0.000152607
1.29502e+07 0.362355 0.73674 0 9.7362e-05
1.41804e+07 0.417699 0.795915 0.0140854 8.89157e-05
2.12667e+07 0.61199 0.687314 0.119776 5.92881e-05
2.32878e+07 0.645854 0.605063 0.0291613 5.41426e-05
3.74558e+07 0.780055 0.590978 0.0432467 3.36626e-05
1.02772e+07 0.196268 0.880868 0 0.000122685
8.26212e+06 0 1 0 0.000152607
1.48491e+07 0.444148 0.62165 0 8.49114e-05
1.85445e+07 0.555034 0.660375 0.104354 6.79909e-05
1.86982e+07 0.558624 0.675931 0.0291613 6.74321e-05
2.15475e+07 0.617102 0.683022 0.154115 5.85155e-05
2.68456e+07 0.692825 0.633674 0.0291613 4.69671e-05
1.1005e+07 0.249634 0.752223 0.0206 0.000114571
1.86982e+07 0.558624 0.675931 0.0291613 6.74321e-05
8.45288e+06 0.0227656 0.884987 0 0.000149163
2.32878e+07 0.645854 0.605063 0.0291613 5.41426e-05
2.41164e+07 0.657995 0.631535 0.160976 5.22823e-05
2.74108e+07 0.69922 0.616447 0.119776 4.59986e-05
1.86982e+07 0.558624 0.675931 0.0291613 6.74321e-05
1.0574e+07 0.219034 0.765855 0 0.000119241
2.32878e+07 0.645854 0.605063 0.0291613 5.41426e-05
2.6749e+07 0.69186 0.549284 0.0703612 4.71368e-05
2.68456e+07 0.692825 0.633674 0.0291613 4.69671e-05
2.12667e+07 0.61199 0.687314 0.119776 5.92881e-05
1.86982e+07 0.558624 0.675931 0.0291613 6.74321e-05
2.6749e+07 0.69186 0.549284 0.0703612 4.71368e-05
2.12667e+07 0.61199 0.687314 0.119776 5.92881e-05
1.15257e+07 0.283499 0.810001 0 0.000109396
1.86982e+07 0.558624 0.675931 0.0291613 6.74321e-05
2.68456e+07 0.692825 0.633674 0.0291613 4.69671e-05
2.32878e+07 0.645854 0.605063 0.0291613 5.41426e-05
3.74558e+07 0.780055 0.590978 0.0432467 3.36626e-05
2.15475e+07 0.617102 0.683022 0.154115 5.85155e-05
1.41303e+07 0.415721 0.706924 0.0700146 8.92312e-05
2.6749e+07 0.69186 0.549284 0.0703612 4.71368e-05
1.66036e+07 0.502952 0.636057 0.0700146 7.5939e-05
2.12667e+07 0.61199 0.687314 0.119776 5.92881e-05
1.02772e+07 0.196268 0.880868 0 0.000122685
1.17037e+07 0.294403 0.815723 0.0286111 0.000107732
1.86982e+07 0.558624 0.675931 0.0291613 6.74321e-05
2.41164e+07 0.657995 0.631535 0.160976 5.22823e-05
