3.09292e+07 0.424028 0.619641 0 4.17728e-05
7.00955e+07 0.876325 0.642359 0.0631039 1.8432e-05
3.09292e+07 0.424028 0.619641 0 4.17728e-05
9.87647e+07 0.819788 0.796332 0.0631039 1.30816e-05
3.09292e+07 0.424028 0.619641 0 4.17728e-05
2.81791e+07 0.367491 0.773615 0 4.58496e-05
3.09292e+07 0.424028 0.619641 0 4.17728e-05
2.81791e+07 0.367491 0.773615 0 4.58496e-05
1.78335e+07 0 1 0 7.2448e-05
2.81791e+07 0.367491 0.773615 0 4.58496e-05
3.09292e+07 0.424028 0.619641 0 4.17728e-05
2.81791e+07 0.367491 0.773615 0 4.58496e-05
9.87647e+07 0.819788 0.796332 0.0631039 1.30816e-05
1.78335e+07 0 1 0 7.2448e-05
1.78335e+07 0 1 0 7.2448e-05
9.87647e+07 0.819788 0.796332 0.0631039 1.30816e-05
2.81791e+07 0.367491 0.773615 0 4.58496e-05
2.81791e+07 0.367491 0.773615 0 4.58496e-05
2.81791e+07 0.367491 0.773615 0 4.58496e-05
2.81791e+07 0.367491 0.773615 0 4.58496e-05
2.81791e+07 0.367491 0.773615 0 4.58496e-05
2.81791e+07 0.367491 0.773615 0 4.58496e-05
2.81791e+07 0.367491 0.773615 0 4.58496e-05
2.81791e+07 0.367491 0.773615 0 4.58496e-05
1.78335e+07 0 1 0 7.2448e-05
3.09292e+07 0.424028 0.619641 0 4.17728e-05
3.09292e+07 0.424028 0.619641 0 4.17728e-05
1.78335e+07 0 1 0 7.2448e-05
3.09292e+07 0.424028 0.619641 0 4.17728e-05
1.88968e+07 0.0565371 0.846026 0 6.83712e-05
9.87647e+07 0.819788 0.796332 0.0631039 1.30816e-05
2.81791e+07 0.367491 0.773615 0 4.58496e-05
2.81791e+07 0.367491 0.773615 0 4.58496e-05
2.81791e+07 0.367491 0.773615 0 4.58496e-05
1.78335e+07 0 1 0 7.2448e-05
2.81791e+07 0.367491 0.773615 0 4.58496e-05
2.81791e+07 0.367491 0.773615 0 4.58496e-05
9.87647e+07 0.819788 0.796332 0.0631039 1.30816e-05
2.81791e+07 0.367491 0.773615 0 4.58496e-05
2.81791e+07 0.367491 0.773615 0 4.58496e-05
2.81791e+07 0.367491 0.773615 0 4.58496e-05
2.81791e+07 0.367491 0.773615 0 4.58496e-05
1.78335e+07 0 1 0 7.2448e-05
2.81791e+07 0.367491 0.773615 0 4.58496e-05
3.09292e+07 0.424028 0.619641 0 4.17728e-05
3.09292e+07 0.424028 0.619641 0 4.17728e-05
9.87647e+07 0.819788 0.796332 0.0631039 1.30816e-05
1.78335e+07 0 1 0 7.2448e-05
2.81791e+07 0.367491 0.773615 0 4.58496e-05
2.81791e+07 0.367491 0.773615 0 4.58496e-05
2.81791e+07 0.367491 0.773615 0 4.58496e-05
2.81791e+07 0.367491 0.773615 0 4.58496e-05
2.81791e+07 0.367491 0.773615 0 4.58496e-05
2.81791e+07 0.367491 0.773615 0 4.58496e-05
9.87647e+07 0.819788 0.796332 0.0631039 1.30816e-05
1.78335e+07 0 1 0 7.2448e-05
2.81791e+07 0.367491 0.773615 0 4.58496e-05
1.78335e+07 0 1 0 7.2448e-05
3.09292e+07 0.424028 0.619641 0 4.17728e-05
2.81791e+07 0.367491 0.773615 0 4.58496e-05
2.81791e+07 0.367491 0.773615 0 4.58496e-05
1.78335e+07 0 1 0 7.2448e-05
3.255e+07 0.452297 0.89651 0 3.96928e-05
2.81791e+07 0.367491 0.773615 0 4.58496e-05
3.16776e+07 0.438163 0.447998 0 4.07859e-05
2.81791e+07 0.367491 0.773615 0 4.58496e-05
3.16776e+07 0.438163 0.447998 0 4.07859e-05
2.81791e+07 0.367491 0.773615 0 4.58496e-05
1.88968e+07 0.0565371 0.846026 0 6.83712e-05
2.81791e+07 0.367491 0.773615 0 4.58496e-05
1.88228e+07 0.0530035 0.779767 0 6.864e-05
2.81791e+07 0.367491 0.773615 0 4.58496e-05
3.09292e+07 0.424028 0.619641 0 4.17728e-05
3.09292e+07 0.424028 0.619641 0 4.17728e-05
2.81791e+07 0.367491 0.773615 0 4.58496e-05
1.88228e+07 0.0530035 0.779767 0 6.864e-05
2.81791e+07 0.367491 0.773615 0 4.58496e-05
2.81791e+07 0.367491 0.773615 0 4.58496e-05
2.81791e+07 0.367491 0.773615 0 4.58496e-05
7.00955e+07 0.876325 0.642359 0.0631039 1.8432e-05
2.81791e+07 0.367491 0.773615 0 4.58496e-05
2.81791e+07 0.367491 0.773615 0 4.58496e-05
3.09292e+07 0.424028 0.619641 0 4.17728e-05
1.78335e+07 0 1 0 7.2448e-05
9.87647e+07 0.819788 0.796332 0.0631039 1.30816e-05
9.87647e+07 0.819788 0.796332 0.0631039 1.30816e-05
2.81791e+07 0.367491 0.773615 0 4.58496e-05
2.81791e+07 0.367491 0.773615 0 4.58496e-05
3.16776e+07 0.438163 0.447998 0 4.07859e-05
7.88574e+07 0.932862 0.642359 0.143877 1.6384e-05
2.81791e+07 0.367491 0.773615 0 4.58496e-05
3.09292e+07 0.424028 0.619641 0 4.17728e-05
3.09292e+07 0.424028 0.619641 0 4.17728e-05
1.78335e+07 0 1 0 7.2448e-05
1.88954e+07 0.0565371 0.838454 0 6.83766e-05
2.81791e+07 0.367491 0.773615 0 4.58496e-05
3.09292e+07 0.424028 0.619641 0 4.17728e-05
