3.24451e+07 0.451698 0.834641 0 3.53856e-05
3.24451e+07 0.451698 0.834641 0 3.53856e-05
2.38595e+07 0.25408 0.877155 0 4.81188e-05
3.24451e+07 0.451698 0.834641 0 3.53856e-05
1.78044e+07 0 1 0 6.44836e-05
5.68486e+07 0.762241 0.651381 0.0503461 2.01956e-05
3.24451e+07 0.451698 0.834641 0 3.53856e-05
6.03514e+07 0.705778 0.711796 0 1.90234e-05
6.03514e+07 0.705778 0.711796 0 1.90234e-05
6.03514e+07 0.705778 0.711796 0 1.90234e-05
3.24451e+07 0.451698 0.834641 0 3.53856e-05
6.03514e+07 0.705778 0.711796 0 1.90234e-05
3.24451e+07 0.451698 0.834641 0 3.53856e-05
5.60591e+07 0.86105 0.68942 0.168939 2.048e-05
5.68486e+07 0.762241 0.651381 0.0503461 2.01956e-05
3.24451e+07 0.451698 0.834641 0 3.53856e-05
3.24451e+07 0.451698 0.834641 0 3.53856e-05
6.03514e+07 0.705778 0.711796 0 1.90234e-05
6.03514e+07 0.705778 0.711796 0 1.90234e-05
6.03514e+07 0.705778 0.711796 0 1.90234e-05
6.03514e+07 0.705778 0.711796 0 1.90234e-05
3.24451e+07 0.451698 0.834641 0 3.53856e-05
3.24451e+07 0.451698 0.834641 0 3.53856e-05
3.24451e+07 0.451698 0.834641 0 3.53856e-05
3.24451e+07 0.451698 0.834641 0 3.53856e-05
3.24451e+07 0.451698 0.834641 0 3.53856e-05
3.24451e+07 0.451698 0.834641 0 3.53856e-05
3.24451e+07 0.451698 0.834641 0 3.53856e-05
3.24451e+07 0.451698 0.834641 0 3.53856e-05
3.24451e+07 0.451698 0.834641 0 3.53856e-05
1.78044e+07 0 1 0 6.44836e-05
6.03514e+07 0.705778 0.711796 0 1.90234e-05
3.24451e+07 0.451698 0.834641 0 3.53856e-05
3.24451e+07 0.451698 0.834641 0 3.53856e-05
6.03514e+07 0.705778 0.711796 0 1.90234e-05
3.24451e+07 0.451698 0.834641 0 3.53856e-05
1.78044e+07 0 1 0 6.44836e-05
3.24451e+07 0.451698 0.834641 0 3.53856e-05
6.03514e+07 0.705778 0.711796 0 1.90234e-05
3.24451e+07 0.451698 0.834641 0 3.53856e-05
3.24451e+07 0.451698 0.834641 0 3.53856e-05
6.03514e+07 0.705778 0.711796 0 1.90234e-05
6.03514e+07 0.705778 0.711796 0 1.90234e-05
6.03514e+07 0.705778 0.711796 0 1.90234e-05
3.24451e+07 0.451698 0.834641 0 3.53856e-05
3.24451e+07 0.451698 0.834641 0 3.53856e-05
3.24451e+07 0.451698 0.834641 0 3.53856e-05
6.03514e+07 0.705778 0.711796 0 1.90234e-05
6.03514e+07 0.705778 0.711796 0 1.90234e-05
3.24451e+07 0.451698 0.834641 0 3.53856e-05
3.24451e+07 0.451698 0.834641 0 3.53856e-05
3.24451e+07 0.451698 0.834641 0 3.53856e-05
6.03514e+07 0.705778 0.711796 0 1.90234e-05
6.03514e+07 0.705778 0.711796 0 1.90234e-05
3.24451e+07 0.451698 0.834641 0 3.53856e-05
1.78044e+07 0 1 0 6.44836e-05
1.78044e+07 0 1 0 6.44836e-05
6.03514e+07 0.705778 0.711796 0 1.90234e-05
3.24451e+07 0.451698 0.834641 0 3.53856e-05
6.03514e+07 0.705778 0.711796 0 1.90234e-05
6.03514e+07 0.705778 0.711796 0 1.90234e-05
3.24451e+07 0.451698 0.834641 0 3.53856e-05
1.78044e+07 0 1 0 6.44836e-05
1.78044e+07 0 1 0 6.44836e-05
1.80847e+07 0.01588 0.863059 0 6.34841e-05
3.24451e+07 0.451698 0.834641 0 3.53856e-05
3.33846e+07 0.467578 0.697699 0 3.43898e-05
3.24451e+07 0.451698 0.834641 0 3.53856e-05
3.24451e+07 0.451698 0.834641 0 3.53856e-05
3.24451e+07 0.451698 0.834641 0 3.53856e-05
1.89218e+07 0.0595501 0.824292 0 6.06756e-05
6.03514e+07 0.705778 0.711796 0 1.90234e-05
3.24451e+07 0.451698 0.834641 0 3.53856e-05
6.03514e+07 0.705778 0.711796 0 1.90234e-05
3.24451e+07 0.451698 0.834641 0 3.53856e-05
3.63545e+07 0.511248 0.658933 0 3.15805e-05
6.03514e+07 0.705778 0.711796 0 1.90234e-05
6.03514e+07 0.705778 0.711796 0 1.90234e-05
3.24451e+07 0.451698 0.834641 0 3.53856e-05
3.24451e+07 0.451698 0.834641 0 3.53856e-05
3.24451e+07 0.451698 0.834641 0 3.53856e-05
6.03514e+07 0.705778 0.711796 0 1.90234e-05
3.24451e+07 0.451698 0.834641 0 3.53856e-05
6.03514e+07 0.705778 0.711796 0 1.90234e-05
3.24451e+07 0.451698 0.834641 0 3.53856e-05
3.24451e+07 0.451698 0.834641 0 3.53856e-05
6.03514e+07 0.705778 0.711796 0 1.90234e-05
6.03514e+07 0.705778 0.711796 0 1.90234e-05
3.33846e+07 0.467578 0.697699 0 3.43898e-05
1.90043e+07 0.0635201 0.871114 0 6.04121e-05
6.03514e+07 0.705778 0.711796 0 1.90234e-05
2.38595e+07 0.25408 0.877155 0 4.81188e-05
3.24451e+07 0.451698 0.834641 0 3.53856e-05
3.24451e+07 0.451698 0.834641 0 3.53856e-05
5.68486e+07 0.825761 0.586938 0.0825676 2.01956e-05
3.24451e+07 0.451698 0.834641 0 3.53856e-05
3.24451e+07 0.451698 0.834641 0 3.53856e-05
