3.69777e+07 0.781918 0.605775 0.203067 3.77201e-05
3.12047e+07 0.741538 0.53499 0.107553 4.46984e-05
1.60015e+07 0.495249 0.531342 0.0850812 8.71667e-05
2.42785e+07 0.667458 0.604593 0.0255012 5.74501e-05
1.33521e+07 0.394745 0.656932 0.063753 0.000104463
3.4916e+07 0.769002 0.574177 0.0726707 3.99473e-05
3.12047e+07 0.741538 0.53499 0.107553 4.46984e-05
3.93958e+07 0.845606 0.550005 0.0799037 3.54048e-05
1.43582e+07 0.437055 0.754169 0.0178045 9.71434e-05
3.32945e+07 0.75772 0.568304 0.0433056 4.18929e-05
3.69777e+07 0.781918 0.605775 0.203067 3.77201e-05
3.32945e+07 0.75772 0.568304 0.0433056 4.18929e-05
2.42785e+07 0.667458 0.604593 0.0255012 5.74501e-05
1.46516e+07 0.448337 0.760042 0.0471695 9.51978e-05
1.46516e+07 0.448337 0.760042 0.0471695 9.51978e-05
2.76353e+07 0.707838 0.675378 0.121015 5.04717e-05
2.42785e+07 0.667458 0.604593 0.0255012 5.74501e-05
3.32945e+07 0.75772 0.568304 0.0433056 4.18929e-05
3.32945e+07 0.75772 0.568304 0.0433056 4.18929e-05
3.32945e+07 0.75772 0.568304 0.0433056 4.18929e-05
3.32945e+07 0.75772 0.568304 0.0433056 4.18929e-05
2.76353e+07 0.707838 0.675378 0.121015 5.04717e-05
2.42785e+07 0.667458 0.604593 0.0255012 5.74501e-05
2.76353e+07 0.707838 0.675378 0.121015 5.04717e-05
1.31912e+07 0.387173 0.793981 0.0618829 0.000105737
3.12047e+07 0.741538 0.53499 0.107553 4.46984e-05
3.69777e+07 0.781918 0.605775 0.203067 3.77201e-05
1.23762e+07 0.346793 0.790458 0 0.000112701
3.69777e+07 0.781918 0.605775 0.203067 3.77201e-05
1.39509e+07 0.420873 0.593349 0.018299 9.99793e-05
1.19008e+07 0.320665 0.763133 0 0.000117202
3.32945e+07 0.75772 0.568304 0.0433056 4.18929e-05
2.76353e+07 0.707838 0.675378 0.121015 5.04717e-05
2.42785e+07 0.667458 0.604593 0.0255012 5.74501e-05
1.43582e+07 0.437055 0.754169 0.0178045 9.71434e-05
2.76353e+07 0.707838 0.675378 0.121015 5.04717e-05
1.26505e+07 0.361045 0.710152 0.0336307 0.000110256
2.42785e+07 0.667458 0.604593 0.0255012 5.74501e-05
3.32945e+07 0.75772 0.568304 0.0433056 4.18929e-05
2.46788e+07 0.672951 0.533684 0.0255012 5.6518e-05
2.42785e+07 0.667458 0.604593 0.0255012 5.74501e-05
3.32945e+07 0.75772 0.568304 0.0433056 4.18929e-05
1.43582e+07 0.437055 0.754169 0.0178045 9.71434e-05
3.32945e+07 0.75772 0.568304 0.0433056 4.18929e-05
3.69777e+07 0.781918 0.605775 0.203067 3.77201e-05
3.69777e+07 0.781918 0.605775 0.203067 3.77201e-05
2.76353e+07 0.707838 0.675378 0.121015 5.04717e-05
1.54668e+07 0.477435 0.757692 0.0796873 9.01802e-05
3.32945e+07 0.75772 0.568304 0.0433056 4.18929e-05
2.42785e+07 0.667458 0.604593 0.0255012 5.74501e-05
2.42785e+07 0.667458 0.604593 0.0255012 5.74501e-05
2.42785e+07 0.667458 0.604593 0.0255012 5.74501e-05
3.9949e+07 0.7981 0.639089 0.138819 3.49145e-05
3.32945e+07 0.75772 0.568304 0.0433056 4.18929e-05
2.42785e+07 0.667458 0.604593 0.0255012 5.74501e-05
8.13249e+06 0.00549287 0.929091 0 0.00017151
1.208e+07 0.330909 0.666785 0 0.000115464
1.43582e+07 0.437055 0.754169 0.0178045 9.71434e-05
3.12047e+07 0.741538 0.53499 0.107553 4.46984e-05
3.32945e+07 0.75772 0.568304 0.0433056 4.18929e-05
3.32945e+07 0.75772 0.568304 0.0433056 4.18929e-05
1.23762e+07 0.346793 0.790458 0 0.000112701
8.08854e+06 0 1 0 0.000172442
1.19008e+07 0.320665 0.763133 0 0.000117202
1.33521e+07 0.394745 0.656932 0.063753 0.000104463
2.42785e+07 0.667458 0.604593 0.0255012 5.74501e-05
3.12047e+07 0.741538 0.53499 0.107553 4.46984e-05
2.42785e+07 0.667458 0.604593 0.0255012 5.74501e-05
1.39509e+07 0.420873 0.593349 0.018299 9.99793e-05
3.29721e+07 0.755344 0.586293 0.0620992 4.23025e-05
8.23901e+06 0.0184086 0.898335 0.0343107 0.000169292
3.93958e+07 0.845606 0.550005 0.0799037 3.54048e-05
3.69777e+07 0.781918 0.605775 0.203067 3.77201e-05
3.35288e+07 0.831799 0.498701 0.125358 4.16e-05
2.42785e+07 0.667458 0.604593 0.0255012 5.74501e-05
1.26221e+07 0.359709 0.69108 0 0.000110505
3.32945e+07 0.75772 0.568304 0.0433056 4.18929e-05
3.9949e+07 0.7981 0.639089 0.138819 3.49145e-05
3.29721e+07 0.755344 0.586293 0.0620992 4.23025e-05
3.12047e+07 0.741538 0.53499 0.107553 4.46984e-05
2.42785e+07 0.667458 0.604593 0.0255012 5.74501e-05
3.9949e+07 0.7981 0.639089 0.138819 3.49145e-05
3.12047e+07 0.741538 0.53499 0.107553 4.46984e-05
1.43582e+07 0.437055 0.754169 0.0178045 9.71434e-05
2.42785e+07 0.667458 0.604593 0.0255012 5.74501e-05
2.42785e+07 0.667458 0.604593 0.0255012 5.74501e-05
3.32945e+07 0.75772 0.568304 0.0433056 4.18929e-05
3.32945e+07 0.75772 0.568304 0.0433056 4.18929e-05
3.12047e+07 0.741538 0.53499 0.107553 4.46984e-05
1.33521e+07 0.394745 0.656932 0.063753 0.000104463
3.9949e+07 0.7981 0.639089 0.138819 3.49145e-05
1.56862e+07 0.485006 0.585034 0.063753 8.8919e-05
3.12047e+07 0.741538 0.53499 0.107553 4.46984e-05
1.23762e+07 0.346793 0.790458 0 0.000112701
1.46516e+07 0.448337 0.760042 0.0471695 9.51978e-05
2.42785e+07 0.667458 0.604593 0.0255012 5.74501e-05
3.69777e+07 0.781918 0.605775 0.203067 3.77201e-05
