2.21837e+07 0.354631 0.868655 0.0343993 6.15836e-05
2.21837e+07 0.354631 0.868655 0.0343993 6.15836e-05
3.21932e+07 0.55595 0.690195 0.0343993 4.2436e-05
2.9811e+07 0.519929 0.835516 0 4.5827e-05
2.21837e+07 0.354631 0.868655 0.0343993 6.15836e-05
2.91226e+07 0.508647 0.813118 0.0314524 4.69104e-05
3.32248e+07 0.569381 0.820852 0.0343993 4.11184e-05
2.78429e+07 0.486039 0.806828 0 4.90664e-05
2.36881e+07 0.395609 0.875705 0 5.76725e-05
4.77656e+07 0.700789 0.759025 0 2.86011e-05
2.21837e+07 0.354631 0.868655 0.0343993 6.15836e-05
4.77656e+07 0.700789 0.759025 0 2.86011e-05
2.9811e+07 0.519929 0.835516 0 4.5827e-05
1.79797e+07 0.203467 0.929799 0.0314524 7.5983e-05
2.4608e+07 0.418217 0.881996 0.0314524 5.55165e-05
2.0608e+07 0.30518 0.88332 0 6.62923e-05
2.9811e+07 0.519929 0.835516 0 4.5827e-05
4.77656e+07 0.700789 0.759025 0 2.86011e-05
2.78429e+07 0.486039 0.806828 0 4.90664e-05
4.77656e+07 0.700789 0.759025 0 2.86011e-05
4.77656e+07 0.700789 0.759025 0 2.86011e-05
2.0608e+07 0.30518 0.88332 0 6.62923e-05
2.9811e+07 0.519929 0.835516 0 4.5827e-05
2.0608e+07 0.30518 0.88332 0 6.62923e-05
1.82404e+07 0.21475 0.952197 0 7.4897e-05
3.32248e+07 0.569381 0.820852 0.0343993 4.11184e-05
2.21837e+07 0.354631 0.868655 0.0343993 6.15836e-05
1.82404e+07 0.21475 0.952197 0 7.4897e-05
2.21837e+07 0.354631 0.868655 0.0343993 6.15836e-05
1.94587e+07 0.264201 0.868734 0 7.02076e-05
2.0608e+07 0.30518 0.88332 0 6.62923e-05
4.77656e+07 0.700789 0.759025 0 2.86011e-05
2.0608e+07 0.30518 0.88332 0 6.62923e-05
2.0608e+07 0.30518 0.88332 0 6.62923e-05
2.36881e+07 0.395609 0.875705 0 5.76725e-05
2.9811e+07 0.519929 0.835516 0 4.5827e-05
2.0608e+07 0.30518 0.88332 0 6.62923e-05
2.9811e+07 0.519929 0.835516 0 4.5827e-05
2.78429e+07 0.486039 0.806828 0 4.90664e-05
3.02332e+07 0.52664 0.83701 0.0239015 4.5187e-05
2.9811e+07 0.519929 0.835516 0 4.5827e-05
4.77656e+07 0.700789 0.759025 0 2.86011e-05
2.36881e+07 0.395609 0.875705 0 5.76725e-05
2.8399e+07 0.496269 0.755591 0 4.81055e-05
2.21837e+07 0.354631 0.868655 0.0343993 6.15836e-05
2.21837e+07 0.354631 0.868655 0.0343993 6.15836e-05
2.0608e+07 0.30518 0.88332 0 6.62923e-05
1.74836e+07 0.18086 0.923508 0 7.8139e-05
2.78429e+07 0.486039 0.806828 0 4.90664e-05
2.0608e+07 0.30518 0.88332 0 6.62923e-05
2.9811e+07 0.519929 0.835516 0 4.5827e-05
2.9811e+07 0.519929 0.835516 0 4.5827e-05
2.78429e+07 0.486039 0.806828 0 4.90664e-05
4.77656e+07 0.700789 0.759025 0 2.86011e-05
2.9811e+07 0.519929 0.835516 0 4.5827e-05
1.83976e+07 0.221461 0.953691 0.0239015 7.4257e-05
2.15498e+07 0.33587 0.775658 0.0227718 6.33949e-05
1.74836e+07 0.18086 0.923508 0 7.8139e-05
2.25353e+07 0.364861 0.817419 0.0343993 6.06228e-05
4.77656e+07 0.700789 0.759025 0 2.86011e-05
2.78429e+07 0.486039 0.806828 0 4.90664e-05
1.82404e+07 0.21475 0.952197 0 7.4897e-05
1.82404e+07 0.21475 0.952197 0 7.4897e-05
2.13186e+07 0.328919 0.712956 0 6.40825e-05
2.21837e+07 0.354631 0.868655 0.0343993 6.15836e-05
2.0608e+07 0.30518 0.88332 0 6.62923e-05
2.21837e+07 0.354631 0.868655 0.0343993 6.15836e-05
2.9811e+07 0.519929 0.835516 0 4.5827e-05
1.94587e+07 0.264201 0.868734 0 7.02076e-05
2.0608e+07 0.30518 0.88332 0 6.62923e-05
2.16758e+07 0.339993 0.736673 0.0463092 6.30265e-05
2.78429e+07 0.486039 0.806828 0 4.90664e-05
2.21837e+07 0.354631 0.868655 0.0343993 6.15836e-05
3.07985e+07 0.53549 0.792163 0.0343993 4.43577e-05
2.09111e+07 0.31541 0.832083 0 6.53314e-05
1.62354e+07 0.118532 0.738166 0 8.41465e-05
4.77656e+07 0.700789 0.759025 0 2.86011e-05
2.78429e+07 0.486039 0.806828 0 4.90664e-05
2.0608e+07 0.30518 0.88332 0 6.62923e-05
2.21837e+07 0.354631 0.868655 0.0343993 6.15836e-05
2.9811e+07 0.519929 0.835516 0 4.5827e-05
2.78429e+07 0.486039 0.806828 0 4.90664e-05
3.32248e+07 0.569381 0.820852 0.0343993 4.11184e-05
2.36881e+07 0.395609 0.875705 0 5.76725e-05
2.9811e+07 0.519929 0.835516 0 4.5827e-05
2.0608e+07 0.30518 0.88332 0 6.62923e-05
2.78429e+07 0.486039 0.806828 0 4.90664e-05
2.78429e+07 0.486039 0.806828 0 4.90664e-05
2.21837e+07 0.354631 0.868655 0.0343993 6.15836e-05
2.39292e+07 0.402111 0.784104 0.0343993 5.70912e-05
2.78429e+07 0.486039 0.806828 0 4.90664e-05
5.71791e+07 0.75024 0.74436 0.0343993 2.38925e-05
3.32248e+07 0.569381 0.820852 0.0343993 4.11184e-05
1.84776e+07 0.22498 0.90096 0 7.39356e-05
1.91147e+07 0.250947 0.887523 0.0525903 7.1471e-05
2.9811e+07 0.519929 0.835516 0 4.5827e-05
2.21837e+07 0.354631 0.868655 0.0343993 6.15836e-05
