2.15017e+07 0.59914 0.575194 0.148736 6.19905e-05
1.94169e+07 0.556042 0.572887 0.0673529 6.86465e-05
1.35567e+07 0.363761 0.669208 0.0418725 9.83207e-05
3.10976e+07 0.723046 0.54068 0.0509608 4.28619e-05
1.85379e+07 0.534825 0.669208 0.0843764 7.19015e-05
1.83702e+07 0.530764 0.54068 0 7.25579e-05
3.42204e+07 0.748324 0.572887 0.118314 3.89505e-05
1.83702e+07 0.530764 0.54068 0 7.25579e-05
1.40191e+07 0.384564 0.852719 0.0509608 9.50777e-05
3.10976e+07 0.723046 0.54068 0.0509608 4.28619e-05
2.15017e+07 0.59914 0.575194 0.148736 6.19905e-05
3.10976e+07 0.723046 0.54068 0.0509608 4.28619e-05
3.10976e+07 0.723046 0.54068 0.0509608 4.28619e-05
1.06825e+07 0.192282 0.852719 0 0.000124774
1.40191e+07 0.384564 0.852719 0.0509608 9.50777e-05
2.02255e+07 0.573862 0.542986 0.0813836 6.59019e-05
3.10976e+07 0.723046 0.54068 0.0509608 4.28619e-05
3.10976e+07 0.723046 0.54068 0.0509608 4.28619e-05
1.83702e+07 0.530764 0.54068 0 7.25579e-05
3.10976e+07 0.723046 0.54068 0.0509608 4.28619e-05
3.10976e+07 0.723046 0.54068 0.0509608 4.28619e-05
2.02255e+07 0.573862 0.542986 0.0813836 6.59019e-05
3.10976e+07 0.723046 0.54068 0.0509608 4.28619e-05
2.02255e+07 0.573862 0.542986 0.0813836 6.59019e-05
1.50718e+07 0.427661 0.763647 0.0866554 8.84365e-05
3.42204e+07 0.748324 0.572887 0.118314 3.89505e-05
2.15017e+07 0.59914 0.575194 0.148736 6.19905e-05
1.40191e+07 0.384564 0.852719 0.0509608 9.50777e-05
2.15017e+07 0.59914 0.575194 0.148736 6.19905e-05
1.46182e+07 0.409842 0.801181 0.0764413 9.11811e-05
1.32524e+07 0.34906 0.715995 0.0700849 0.000100578
3.10976e+07 0.723046 0.54068 0.0509608 4.28619e-05
2.02255e+07 0.573862 0.542986 0.0813836 6.59019e-05
2.8889e+07 0.701829 0.54068 0.042504 4.61387e-05
1.40191e+07 0.384564 0.852719 0.0509608 9.50777e-05
3.68145e+07 0.766143 0.542986 0.132344 3.62059e-05
1.41896e+07 0.392157 0.646912 0.115774 9.39351e-05
3.10976e+07 0.723046 0.54068 0.0509608 4.28619e-05
1.83702e+07 0.530764 0.54068 0 7.25579e-05
3.17857e+07 0.729055 0.543865 0.101922 4.19339e-05
3.10976e+07 0.723046 0.54068 0.0509608 4.28619e-05
3.10976e+07 0.723046 0.54068 0.0509608 4.28619e-05
1.40191e+07 0.384564 0.852719 0.0509608 9.50777e-05
1.83702e+07 0.530764 0.54068 0 7.25579e-05
2.15017e+07 0.59914 0.575194 0.148736 6.19905e-05
2.15017e+07 0.59914 0.575194 0.148736 6.19905e-05
2.02255e+07 0.573862 0.542986 0.0813836 6.59019e-05
1.12831e+07 0.235379 0.763647 0.0356946 0.000118133
1.83702e+07 0.530764 0.54068 0 7.25579e-05
1.83702e+07 0.530764 0.54068 0 7.25579e-05
4.89461e+07 0.89411 0.54068 0.0934648 2.7232e-05
3.10976e+07 0.723046 0.54068 0.0509608 4.28619e-05
2.02255e+07 0.573862 0.542986 0.0813836 6.59019e-05
3.10976e+07 0.723046 0.54068 0.0509608 4.28619e-05
3.10976e+07 0.723046 0.54068 0.0509608 4.28619e-05
1.07639e+07 0.198291 0.901263 0.0509608 0.000123831
1.317e+07 0.345113 0.608884 0 0.000101207
1.06825e+07 0.192282 0.852719 0 0.000124774
1.94169e+07 0.556042 0.572887 0.0673529 6.86465e-05
3.10976e+07 0.723046 0.54068 0.0509608 4.28619e-05
1.83702e+07 0.530764 0.54068 0 7.25579e-05
1.40191e+07 0.384564 0.852719 0.0509608 9.50777e-05
1.06838e+07 0.192282 0.898078 0 0.000124759
1.30398e+07 0.338482 0.687961 0 0.000102218
1.35567e+07 0.363761 0.669208 0.0418725 9.83207e-05
2.8889e+07 0.701829 0.54068 0.042504 4.61387e-05
1.94169e+07 0.556042 0.572887 0.0673529 6.86465e-05
3.10976e+07 0.723046 0.54068 0.0509608 4.28619e-05
1.46182e+07 0.409842 0.801181 0.0764413 9.11811e-05
1.83702e+07 0.530764 0.54068 0 7.25579e-05
1.09584e+07 0.212587 0.857057 0.0987366 0.000121633
1.83702e+07 0.530764 0.54068 0 7.25579e-05
2.15017e+07 0.59914 0.575194 0.148736 6.19905e-05
1.94169e+07 0.556042 0.572887 0.0673529 6.86465e-05
1.83702e+07 0.530764 0.54068 0 7.25579e-05
1.08725e+07 0.206579 0.712961 0 0.000122594
3.10976e+07 0.723046 0.54068 0.0509608 4.28619e-05
2.02255e+07 0.573862 0.542986 0.0813836 6.59019e-05
1.83702e+07 0.530764 0.54068 0 7.25579e-05
1.94169e+07 0.556042 0.572887 0.0673529 6.86465e-05
4.89461e+07 0.89411 0.54068 0.0934648 2.7232e-05
2.02255e+07 0.573862 0.542986 0.0813836 6.59019e-05
3.42204e+07 0.748324 0.572887 0.118314 3.89505e-05
1.40191e+07 0.384564 0.852719 0.0509608 9.50777e-05
3.10976e+07 0.723046 0.54068 0.0509608 4.28619e-05
1.83702e+07 0.530764 0.54068 0 7.25579e-05
2.8889e+07 0.701829 0.54068 0.042504 4.61387e-05
1.83702e+07 0.530764 0.54068 0 7.25579e-05
1.94169e+07 0.556042 0.572887 0.0673529 6.86465e-05
1.35567e+07 0.363761 0.669208 0.0418725 9.83207e-05
2.02255e+07 0.573862 0.542986 0.0813836 6.59019e-05
1.94169e+07 0.556042 0.567286 0.0418725 6.86465e-05
3.42204e+07 0.748324 0.572887 0.118314 3.89505e-05
1.40191e+07 0.384564 0.852719 0.0509608 9.50777e-05
1.06825e+07 0.192282 0.852719 0 0.000124774
4.89461e+07 0.89411 0.54068 0.0934648 2.7232e-05
2.15017e+07 0.59914 0.575194 0.148736 6.19905e-05
