4.15029e+07 0.825402 0.535593 0.176919 3.108e-05
3.27284e+07 0.778065 0.473271 0.0570007 3.94126e-05
1.08658e+07 0.329875 0.704033 0.0763995 0.000118713
1.44277e+07 0.495527 0.630521 0 8.94051e-05
1.01504e+07 0.282538 0.728748 0 0.00012708
3.74756e+07 0.863954 0.429206 0.0774625 3.442e-05
3.27284e+07 0.778065 0.473271 0.0570007 3.94126e-05
3.74756e+07 0.863954 0.429206 0.0774625 3.442e-05
1.73828e+07 0.581416 0.586456 0.0204619 7.42061e-05
3.27284e+07 0.778065 0.473271 0.0570007 3.94126e-05
3.94106e+07 0.856038 0.495678 0.212112 3.273e-05
3.27284e+07 0.778065 0.473271 0.0570007 3.94126e-05
3.27284e+07 0.778065 0.473271 0.0570007 3.94126e-05
1.73828e+07 0.581416 0.586456 0.0204619 7.42061e-05
1.73828e+07 0.581416 0.586456 0.0204619 7.42061e-05
3.27284e+07 0.778065 0.473271 0.0570007 3.94126e-05
1.44277e+07 0.495527 0.630521 0 8.94051e-05
3.27284e+07 0.778065 0.473271 0.0570007 3.94126e-05
3.27284e+07 0.778065 0.473271 0.0570007 3.94126e-05
3.27284e+07 0.778065 0.473271 0.0570007 3.94126e-05
3.27284e+07 0.778065 0.473271 0.0570007 3.94126e-05
3.27284e+07 0.778065 0.473271 0.0570007 3.94126e-05
3.27284e+07 0.778065 0.473271 0.0570007 3.94126e-05
3.27284e+07 0.778065 0.473271 0.0570007 3.94126e-05
1.70589e+07 0.573499 0.573769 0.115532 7.56152e-05
3.27284e+07 0.778065 0.473271 0.0570007 3.94126e-05
3.94106e+07 0.856038 0.495678 0.212112 3.273e-05
1.44277e+07 0.495527 0.630521 0 8.94051e-05
3.27284e+07 0.778065 0.473271 0.0570007 3.94126e-05
1.44277e+07 0.495527 0.630521 0 8.94051e-05
1.01504e+07 0.282538 0.728748 0 0.00012708
7.28572e+06 0 1 0 0.000177046
3.74756e+07 0.863954 0.429206 0.0774625 3.442e-05
3.27284e+07 0.778065 0.473271 0.0570007 3.94126e-05
3.94106e+07 0.856038 0.495678 0.212112 3.273e-05
3.27284e+07 0.778065 0.473271 0.0570007 3.94126e-05
1.73828e+07 0.581416 0.586456 0.0204619 7.42061e-05
3.27284e+07 0.778065 0.473271 0.0570007 3.94126e-05
1.13825e+07 0.360511 0.520091 0.0395796 0.000113324
3.27284e+07 0.778065 0.473271 0.0570007 3.94126e-05
3.27284e+07 0.778065 0.473271 0.0570007 3.94126e-05
3.27284e+07 0.778065 0.473271 0.0570007 3.94126e-05
1.01504e+07 0.282538 0.728748 0 0.00012708
3.27284e+07 0.778065 0.473271 0.0570007 3.94126e-05
1.73828e+07 0.581416 0.586456 0.0204619 7.42061e-05
3.74756e+07 0.863954 0.429206 0.0774625 3.442e-05
3.94106e+07 0.856038 0.495678 0.212112 3.273e-05
3.94106e+07 0.856038 0.495678 0.212112 3.273e-05
3.27284e+07 0.778065 0.473271 0.0570007 3.94126e-05
1.73828e+07 0.581416 0.586456 0.0204619 7.42061e-05
1.73828e+07 0.581416 0.586456 0.0204619 7.42061e-05
3.74756e+07 0.863954 0.429206 0.0774625 3.442e-05
1.01504e+07 0.282538 0.728748 0 0.00012708
3.27284e+07 0.778065 0.473271 0.0570007 3.94126e-05
3.94106e+07 0.856038 0.495678 0.212112 3.273e-05
7.28572e+06 0 1 0 0.000177046
3.27284e+07 0.778065 0.473271 0.0570007 3.94126e-05
3.27284e+07 0.778065 0.473271 0.0570007 3.94126e-05
7.28572e+06 0 1 0 0.000177046
1.01504e+07 0.282538 0.728748 0 0.00012708
1.73828e+07 0.581416 0.586456 0.0204619 7.42061e-05
4.15029e+07 0.825402 0.535593 0.176919 3.108e-05
3.27284e+07 0.778065 0.473271 0.0570007 3.94126e-05
3.27284e+07 0.778065 0.473271 0.0570007 3.94126e-05
1.44277e+07 0.495527 0.630521 0 8.94051e-05
7.28572e+06 0 1 0 0.000177046
1.01504e+07 0.282538 0.728748 0 0.00012708
1.08658e+07 0.329875 0.704033 0.0763995 0.000118713
3.27284e+07 0.778065 0.473271 0.0570007 3.94126e-05
4.15029e+07 0.825402 0.535593 0.176919 3.108e-05
3.27284e+07 0.778065 0.473271 0.0570007 3.94126e-05
1.44277e+07 0.495527 0.630521 0 8.94051e-05
4.15029e+07 0.825402 0.535593 0.176919 3.108e-05
7.28572e+06 0 1 0 0.000177046
3.74756e+07 0.863954 0.429206 0.0774625 3.442e-05
3.94106e+07 0.856038 0.495678 0.212112 3.273e-05
3.74756e+07 0.863954 0.429206 0.0774625 3.442e-05
3.27284e+07 0.778065 0.473271 0.0570007 3.94126e-05
1.44277e+07 0.495527 0.630521 0 8.94051e-05
1.73828e+07 0.581416 0.586456 0.0204619 7.42061e-05
3.94106e+07 0.856038 0.495678 0.212112 3.273e-05
3.27284e+07 0.778065 0.473271 0.0570007 3.94126e-05
3.27284e+07 0.778065 0.473271 0.0570007 3.94126e-05
3.27284e+07 0.778065 0.473271 0.0570007 3.94126e-05
3.74756e+07 0.863954 0.429206 0.0774625 3.442e-05
3.27284e+07 0.778065 0.473271 0.0570007 3.94126e-05
1.73828e+07 0.581416 0.586456 0.0204619 7.42061e-05
3.27284e+07 0.778065 0.473271 0.0570007 3.94126e-05
3.27284e+07 0.778065 0.473271 0.0570007 3.94126e-05
1.73828e+07 0.581416 0.586456 0.0204619 7.42061e-05
3.27284e+07 0.778065 0.473271 0.0570007 3.94126e-05
4.15029e+07 0.825402 0.535593 0.176919 3.108e-05
1.01504e+07 0.282538 0.728748 0 0.00012708
3.74756e+07 0.863954 0.429206 0.0774625 3.442e-05
1.15279e+07 0.368428 0.643759 0 0.000111894
3.27284e+07 0.778065 0.473271 0.0570007 3.94126e-05
1.44277e+07 0.495527 0.630521 0 8.94051e-05
1.73828e+07 0.581416 0.586456 0.0204619 7.42061e-05
3.27284e+07 0.778065 0.473271 0.0570007 3.94126e-05
3.94106e+07 0.856038 0.495678 0.212112 3.273e-05
