2.17773e+07 0.635932 0.595534 0.0735426 6.15807e-05
2.04945e+07 0.613067 0.638636 0.0527709 6.54351e-05
1.15318e+07 0.311929 0.587064 0 0.000116292
1.57316e+07 0.495592 0.767559 0.0391427 8.5246e-05
1.21817e+07 0.348483 0.727143 0.0261135 0.000110088
2.66004e+07 0.702045 0.595271 0.0723423 5.04151e-05
3.52037e+07 0.774955 0.638636 0.0919136 3.80943e-05
2.66004e+07 0.702045 0.595271 0.0723423 5.04151e-05
1.90963e+07 0.58457 0.724195 0.058714 7.02261e-05
3.52037e+07 0.774955 0.638636 0.0919136 3.80943e-05
2.04945e+07 0.613067 0.638636 0.0527709 6.54351e-05
3.52037e+07 0.774955 0.638636 0.0919136 3.80943e-05
3.52037e+07 0.774955 0.638636 0.0919136 3.80943e-05
1.3745e+07 0.422682 0.724195 0.0195713 9.75669e-05
1.90963e+07 0.58457 0.724195 0.058714 7.02261e-05
2.04945e+07 0.613067 0.638636 0.0527709 6.54351e-05
1.57316e+07 0.495592 0.767559 0.0391427 8.5246e-05
3.52037e+07 0.774955 0.638636 0.0919136 3.80943e-05
2.04945e+07 0.613067 0.638636 0.0527709 6.54351e-05
3.52037e+07 0.774955 0.638636 0.0919136 3.80943e-05
3.52037e+07 0.774955 0.638636 0.0919136 3.80943e-05
2.04945e+07 0.613067 0.638636 0.0527709 6.54351e-05
3.52037e+07 0.774955 0.638636 0.0919136 3.80943e-05
2.04945e+07 0.613067 0.638636 0.0527709 6.54351e-05
1.57316e+07 0.495592 0.767559 0.0391427 8.5246e-05
3.52037e+07 0.774955 0.638636 0.0919136 3.80943e-05
2.04945e+07 0.613067 0.638636 0.0527709 6.54351e-05
1.57316e+07 0.495592 0.767559 0.0391427 8.5246e-05
2.49413e+07 0.682188 0.600244 0.0788844 5.37687e-05
1.57316e+07 0.495592 0.767559 0.0391427 8.5246e-05
1.10145e+07 0.279363 0.765534 0 0.000121754
9.67704e+06 0.179585 0.885701 0.075839 0.000138582
2.66004e+07 0.702045 0.595271 0.0723423 5.04151e-05
2.04945e+07 0.613067 0.638636 0.0527709 6.54351e-05
2.04945e+07 0.613067 0.638636 0.0527709 6.54351e-05
2.04945e+07 0.613067 0.638636 0.0527709 6.54351e-05
1.90963e+07 0.58457 0.724195 0.058714 7.02261e-05
3.52037e+07 0.774955 0.638636 0.0919136 3.80943e-05
1.10145e+07 0.279363 0.765534 0 0.000121754
3.52037e+07 0.774955 0.638636 0.0919136 3.80943e-05
2.04945e+07 0.613067 0.638636 0.0527709 6.54351e-05
3.52037e+07 0.774955 0.638636 0.0919136 3.80943e-05
1.4201e+07 0.441251 0.687249 0 9.4434e-05
3.52037e+07 0.774955 0.638636 0.0919136 3.80943e-05
1.90963e+07 0.58457 0.724195 0.058714 7.02261e-05
2.66004e+07 0.702045 0.595271 0.0723423 5.04151e-05
2.04945e+07 0.613067 0.638636 0.0527709 6.54351e-05
2.04945e+07 0.613067 0.638636 0.0527709 6.54351e-05
2.04945e+07 0.613067 0.638636 0.0527709 6.54351e-05
1.3745e+07 0.422682 0.724195 0.0195713 9.75669e-05
1.3745e+07 0.422682 0.724195 0.0195713 9.75669e-05
2.66004e+07 0.702045 0.595271 0.0723423 5.04151e-05
1.4201e+07 0.441251 0.687249 0 9.4434e-05
3.52037e+07 0.774955 0.638636 0.0919136 3.80943e-05
2.04945e+07 0.613067 0.638636 0.0527709 6.54351e-05
9.67704e+06 0.179585 0.885701 0.075839 0.000138582
3.52037e+07 0.774955 0.638636 0.0919136 3.80943e-05
2.04945e+07 0.613067 0.638636 0.0527709 6.54351e-05
9.47343e+06 0.161888 0.921715 0 0.00014156
1.11002e+07 0.284924 0.772257 0.0336153 0.000120815
1.3745e+07 0.422682 0.724195 0.0195713 9.75669e-05
2.17773e+07 0.635932 0.595534 0.0735426 6.15807e-05
3.52037e+07 0.774955 0.638636 0.0919136 3.80943e-05
2.04945e+07 0.613067 0.638636 0.0527709 6.54351e-05
1.57316e+07 0.495592 0.767559 0.0391427 8.5246e-05
9.47343e+06 0.161888 0.921715 0 0.00014156
1.10145e+07 0.279363 0.765534 0 0.000121754
1.13735e+07 0.302228 0.680889 0 0.000117911
2.04945e+07 0.613067 0.638636 0.0527709 6.54351e-05
2.17773e+07 0.635932 0.595534 0.0735426 6.15807e-05
3.52037e+07 0.774955 0.638636 0.0919136 3.80943e-05
1.57316e+07 0.495592 0.767559 0.0391427 8.5246e-05
2.17773e+07 0.635932 0.595534 0.0735426 6.15807e-05
9.53096e+06 0.166947 0.924161 0.0391427 0.000140706
2.66004e+07 0.702045 0.595271 0.0723423 5.04151e-05
2.04945e+07 0.613067 0.638636 0.0527709 6.54351e-05
2.66004e+07 0.702045 0.595271 0.0723423 5.04151e-05
2.49413e+07 0.682188 0.600244 0.0788844 5.37687e-05
1.19113e+07 0.333704 0.767559 0 0.000112587
1.90963e+07 0.58457 0.724195 0.058714 7.02261e-05
2.04945e+07 0.613067 0.638636 0.0527709 6.54351e-05
2.04945e+07 0.613067 0.638636 0.0527709 6.54351e-05
2.04945e+07 0.613067 0.638636 0.0527709 6.54351e-05
3.52037e+07 0.774955 0.638636 0.0919136 3.80943e-05
2.66004e+07 0.702045 0.595271 0.0723423 5.04151e-05
3.52037e+07 0.774955 0.638636 0.0919136 3.80943e-05
1.90963e+07 0.58457 0.724195 0.058714 7.02261e-05
2.04945e+07 0.613067 0.638636 0.0527709 6.54351e-05
2.04945e+07 0.613067 0.638636 0.0527709 6.54351e-05
1.3745e+07 0.422682 0.724195 0.0195713 9.75669e-05
2.04945e+07 0.613067 0.638636 0.0527709 6.54351e-05
2.17773e+07 0.635932 0.595534 0.0735426 6.15807e-05
1.10145e+07 0.279363 0.765534 0 0.000121754
2.66004e+07 0.702045 0.595271 0.0723423 5.04151e-05
1.68841e+07 0.530228 0.604742 0 7.94273e-05
3.52037e+07 0.774955 0.638636 0.0919136 3.80943e-05
1.59042e+07 0.501153 0.707052 0.0391427 8.43213e-05
1.3745e+07 0.422682 0.724195 0.0195713 9.75669e-05
3.52037e+07 0.774955 0.638636 0.0919136 3.80943e-05
2.04945e+07 0.613067 0.638636 0.0527709 6.54351e-05
