1.58876e+07 0.537615 0.724531 0.0527542 7.74151e-05
1.50631e+07 0.512231 0.737251 0.0234707 8.16527e-05
1.14526e+07 0.358268 0.773318 0.0292834 0.000107394
8.95945e+06 0.179348 0.904272 0 0.000137278
1.10178e+07 0.332883 0.786038 0 0.000111632
1.8644e+07 0.606051 0.704143 0.0400225 6.59697e-05
1.50631e+07 0.512231 0.737251 0.0234707 8.16527e-05
1.8644e+07 0.606051 0.704143 0.0400225 6.59697e-05
1.0115e+07 0.273167 0.871163 0.0165517 0.000121595
1.50631e+07 0.512231 0.737251 0.0234707 8.16527e-05
1.66251e+07 0.558105 0.750706 0.0904427 7.39807e-05
1.50631e+07 0.512231 0.737251 0.0234707 8.16527e-05
1.50631e+07 0.512231 0.737251 0.0234707 8.16527e-05
1.0115e+07 0.273167 0.871163 0.0165517 0.000121595
1.0115e+07 0.273167 0.871163 0.0165517 0.000121595
1.50631e+07 0.512231 0.737251 0.0234707 8.16527e-05
1.20412e+07 0.389564 0.84607 0 0.000102144
1.50631e+07 0.512231 0.737251 0.0234707 8.16527e-05
2.64366e+07 0.722448 0.679049 0.0234707 4.65242e-05
1.50631e+07 0.512231 0.737251 0.0234707 8.16527e-05
1.50631e+07 0.512231 0.737251 0.0234707 8.16527e-05
2.64366e+07 0.722448 0.679049 0.0234707 4.65242e-05
1.50631e+07 0.512231 0.737251 0.0234707 8.16527e-05
2.64366e+07 0.722448 0.679049 0.0234707 4.65242e-05
9.48863e+06 0.225221 0.849989 0.0331033 0.000129623
1.50631e+07 0.512231 0.737251 0.0234707 8.16527e-05
1.66251e+07 0.558105 0.750706 0.0904427 7.39807e-05
8.95945e+06 0.179348 0.904272 0 0.000137278
1.50631e+07 0.512231 0.737251 0.0234707 8.16527e-05
8.95945e+06 0.179348 0.904272 0 0.000137278
1.60774e+07 0.5431 0.727836 0 7.65013e-05
7.94554e+06 0.0748451 0.796883 0 0.000154796
1.8644e+07 0.606051 0.704143 0.0400225 6.59697e-05
1.50631e+07 0.512231 0.737251 0.0234707 8.16527e-05
1.66251e+07 0.558105 0.750706 0.0904427 7.39807e-05
2.64366e+07 0.722448 0.679049 0.0234707 4.65242e-05
1.0115e+07 0.273167 0.871163 0.0165517 0.000121595
1.50631e+07 0.512231 0.737251 0.0234707 8.16527e-05
1.18291e+07 0.378757 0.733286 0.0338686 0.000103975
1.50631e+07 0.512231 0.737251 0.0234707 8.16527e-05
2.64366e+07 0.722448 0.679049 0.0234707 4.65242e-05
1.50631e+07 0.512231 0.737251 0.0234707 8.16527e-05
1.10178e+07 0.332883 0.786038 0 0.000111632
1.50631e+07 0.512231 0.737251 0.0234707 8.16527e-05
1.0115e+07 0.273167 0.871163 0.0165517 0.000121595
1.8644e+07 0.606051 0.704143 0.0400225 6.59697e-05
1.66251e+07 0.558105 0.750706 0.0904427 7.39807e-05
1.66251e+07 0.558105 0.750706 0.0904427 7.39807e-05
1.50631e+07 0.512231 0.737251 0.0234707 8.16527e-05
1.42252e+07 0.483384 0.812961 0.0165517 8.6462e-05
1.42252e+07 0.483384 0.812961 0.0165517 8.6462e-05
1.8644e+07 0.606051 0.704143 0.0400225 6.59697e-05
1.10178e+07 0.332883 0.786038 0 0.000111632
1.50631e+07 0.512231 0.737251 0.0234707 8.16527e-05
1.66251e+07 0.558105 0.750706 0.0904427 7.39807e-05
7.94554e+06 0.0748451 0.796883 0 0.000154796
1.50631e+07 0.512231 0.737251 0.0234707 8.16527e-05
1.50631e+07 0.512231 0.737251 0.0234707 8.16527e-05
7.53813e+06 0.0244913 0.936713 0 0.000163163
1.10178e+07 0.332883 0.786038 0 0.000111632
1.42252e+07 0.483384 0.812961 0.0165517 8.6462e-05
1.58876e+07 0.537615 0.724531 0.0527542 7.74151e-05
1.50631e+07 0.512231 0.737251 0.0234707 8.16527e-05
2.64366e+07 0.722448 0.679049 0.0234707 4.65242e-05
8.95945e+06 0.179348 0.904272 0 0.000137278
7.3542e+06 0 1 0 0.000167243
1.1435e+07 0.357375 0.722751 0 0.000107559
1.70241e+07 0.568484 0.753918 0.048684 7.22472e-05
1.50631e+07 0.512231 0.737251 0.0234707 8.16527e-05
1.58876e+07 0.537615 0.724531 0.0527542 7.74151e-05
1.50631e+07 0.512231 0.737251 0.0234707 8.16527e-05
8.95945e+06 0.179348 0.904272 0 0.000137278
1.58876e+07 0.537615 0.724531 0.0527542 7.74151e-05
7.3542e+06 0 1 0 0.000167243
1.8644e+07 0.606051 0.704143 0.0400225 6.59697e-05
1.66251e+07 0.558105 0.750706 0.0904427 7.39807e-05
1.8644e+07 0.606051 0.704143 0.0400225 6.59697e-05
1.50631e+07 0.512231 0.737251 0.0234707 8.16527e-05
9.23344e+06 0.203839 0.840984 0 0.000133205
1.0115e+07 0.273167 0.871163 0.0165517 0.000121595
1.66251e+07 0.558105 0.750706 0.0904427 7.39807e-05
2.64366e+07 0.722448 0.679049 0.0234707 4.65242e-05
1.50631e+07 0.512231 0.737251 0.0234707 8.16527e-05
1.50631e+07 0.512231 0.737251 0.0234707 8.16527e-05
1.8644e+07 0.606051 0.704143 0.0400225 6.59697e-05
1.50631e+07 0.512231 0.737251 0.0234707 8.16527e-05
1.0115e+07 0.273167 0.871163 0.0165517 0.000121595
1.50631e+07 0.512231 0.737251 0.0234707 8.16527e-05
1.50631e+07 0.512231 0.737251 0.0234707 8.16527e-05
1.0115e+07 0.273167 0.871163 0.0165517 0.000121595
2.64366e+07 0.722448 0.679049 0.0234707 4.65242e-05
1.58876e+07 0.537615 0.724531 0.0527542 7.74151e-05
1.10178e+07 0.332883 0.786038 0 0.000111632
1.8644e+07 0.606051 0.704143 0.0400225 6.59697e-05
1.28166e+07 0.426703 0.719826 0 9.59644e-05
1.50631e+07 0.512231 0.737251 0.0234707 8.16527e-05
8.95945e+06 0.179348 0.904272 0 0.000137278
1.0115e+07 0.273167 0.871163 0.0165517 0.000121595
1.50631e+07 0.512231 0.737251 0.0234707 8.16527e-05
1.66251e+07 0.558105 0.750706 0.0904427 7.39807e-05
