1.66616e+07 0.462411 0.645913 0.0711849 5.97322e-05
2.33402e+07 0.616419 0.654724 0.0390352 4.26403e-05
1.15028e+07 0.221069 0.688173 0 8.65207e-05
2.71525e+07 0.670222 0.751352 0.0642992 3.66535e-05
1.10308e+07 0.187539 0.825301 0 9.02232e-05
1.56858e+07 0.42888 0.718742 0.0390352 6.34482e-05
2.71525e+07 0.670222 0.718742 0.103334 3.66535e-05
1.56858e+07 0.42888 0.718742 0.0390352 6.34482e-05
1.732e+07 0.482683 0.81537 0.0642992 5.74614e-05
2.71525e+07 0.670222 0.718742 0.103334 3.66535e-05
1.56858e+07 0.42888 0.718742 0.0390352 6.34482e-05
2.71525e+07 0.670222 0.718742 0.103334 3.66535e-05
2.71525e+07 0.670222 0.718742 0.103334 3.66535e-05
1.1812e+07 0.241342 0.81537 0 8.42561e-05
1.732e+07 0.482683 0.81537 0.0642992 5.74614e-05
2.33402e+07 0.616419 0.654724 0.0390352 4.26403e-05
1.732e+07 0.482683 0.81537 0.0642992 5.74614e-05
2.71525e+07 0.670222 0.718742 0.103334 3.66535e-05
1.56858e+07 0.42888 0.718742 0.0390352 6.34482e-05
2.71525e+07 0.670222 0.718742 0.103334 3.66535e-05
2.71525e+07 0.670222 0.718742 0.103334 3.66535e-05
1.56858e+07 0.42888 0.718742 0.0390352 6.34482e-05
2.71525e+07 0.670222 0.718742 0.103334 3.66535e-05
1.56858e+07 0.42888 0.718742 0.0390352 6.34482e-05
1.732e+07 0.482683 0.81537 0.0642992 5.74614e-05
2.71525e+07 0.670222 0.718742 0.103334 3.66535e-05
1.56858e+07 0.42888 0.718742 0.0390352 6.34482e-05
1.732e+07 0.482683 0.81537 0.0642992 5.74614e-05
1.56858e+07 0.42888 0.718742 0.0390352 6.34482e-05
1.732e+07 0.482683 0.81537 0.0642992 5.74614e-05
1.4338e+07 0.375078 0.761284 0 6.94121e-05
1.19325e+07 0.248883 0.87542 0.0642992 8.34053e-05
1.56858e+07 0.42888 0.718742 0.0390352 6.34482e-05
1.56858e+07 0.42888 0.718742 0.0390352 6.34482e-05
1.56858e+07 0.42888 0.718742 0.0390352 6.34482e-05
1.56858e+07 0.42888 0.718742 0.0390352 6.34482e-05
1.732e+07 0.482683 0.81537 0.0642992 5.74614e-05
2.71525e+07 0.670222 0.718742 0.103334 3.66535e-05
1.10308e+07 0.187539 0.825301 0 9.02232e-05
2.71525e+07 0.670222 0.718742 0.103334 3.66535e-05
1.56858e+07 0.42888 0.718742 0.0390352 6.34482e-05
2.71525e+07 0.670222 0.718742 0.103334 3.66535e-05
1.56858e+07 0.42888 0.696703 0 6.34482e-05
2.71525e+07 0.670222 0.718742 0.103334 3.66535e-05
1.732e+07 0.482683 0.81537 0.0642992 5.74614e-05
1.56858e+07 0.42888 0.718742 0.0390352 6.34482e-05
1.56858e+07 0.42888 0.718742 0.0390352 6.34482e-05
1.56858e+07 0.42888 0.718742 0.0390352 6.34482e-05
2.33402e+07 0.616419 0.654724 0.0390352 4.26403e-05
1.1812e+07 0.241342 0.81537 0 8.42561e-05
1.1812e+07 0.241342 0.81537 0 8.42561e-05
1.56858e+07 0.42888 0.718742 0.0390352 6.34482e-05
1.56858e+07 0.42888 0.696703 0 6.34482e-05
2.71525e+07 0.670222 0.718742 0.103334 3.66535e-05
1.56858e+07 0.42888 0.718742 0.0390352 6.34482e-05
1.19325e+07 0.248883 0.87542 0.0642992 8.34053e-05
2.71525e+07 0.670222 0.718742 0.103334 3.66535e-05
2.33402e+07 0.616419 0.654724 0.0390352 4.26403e-05
1.18139e+07 0.241342 0.871402 0 8.42427e-05
1.10308e+07 0.187539 0.825301 0 9.02232e-05
1.1812e+07 0.241342 0.81537 0 8.42561e-05
1.66616e+07 0.462411 0.645913 0.0711849 5.97322e-05
2.71525e+07 0.670222 0.718742 0.103334 3.66535e-05
1.56858e+07 0.42888 0.718742 0.0390352 6.34482e-05
1.732e+07 0.482683 0.81537 0.0642992 5.74614e-05
1.58483e+07 0.434741 0.726498 0.0249825 6.27975e-05
1.24948e+07 0.282845 0.734945 0.0396751 7.96521e-05
1.15028e+07 0.221069 0.688173 0 8.65207e-05
1.56858e+07 0.42888 0.718742 0.0390352 6.34482e-05
1.66616e+07 0.462411 0.645913 0.0711849 5.97322e-05
2.71525e+07 0.670222 0.718742 0.103334 3.66535e-05
1.732e+07 0.482683 0.81537 0.0642992 5.74614e-05
1.66616e+07 0.462411 0.645913 0.0711849 5.97322e-05
1.19325e+07 0.248883 0.87542 0.0642992 8.34053e-05
1.56858e+07 0.42888 0.718742 0.0390352 6.34482e-05
1.56858e+07 0.42888 0.718742 0.0390352 6.34482e-05
1.56858e+07 0.42888 0.718742 0.0390352 6.34482e-05
1.56858e+07 0.42888 0.718742 0.0390352 6.34482e-05
1.1812e+07 0.241342 0.81537 0 8.42561e-05
1.732e+07 0.482683 0.81537 0.0642992 5.74614e-05
1.56858e+07 0.42888 0.718742 0.0390352 6.34482e-05
1.56858e+07 0.42888 0.718742 0.0390352 6.34482e-05
2.33402e+07 0.616419 0.654724 0.0390352 4.26403e-05
2.71525e+07 0.670222 0.718742 0.103334 3.66535e-05
1.56858e+07 0.42888 0.718742 0.0390352 6.34482e-05
2.71525e+07 0.670222 0.718742 0.103334 3.66535e-05
1.732e+07 0.482683 0.81537 0.0642992 5.74614e-05
2.33402e+07 0.616419 0.654724 0.0390352 4.26403e-05
2.33402e+07 0.616419 0.654724 0.0390352 4.26403e-05
1.1812e+07 0.241342 0.81537 0 8.42561e-05
1.56858e+07 0.42888 0.718742 0.0390352 6.34482e-05
1.66616e+07 0.462411 0.645913 0.0711849 5.97322e-05
1.4338e+07 0.375078 0.761284 0 6.94121e-05
1.56858e+07 0.42888 0.718742 0.0390352 6.34482e-05
1.56858e+07 0.42888 0.696703 0 6.34482e-05
2.71525e+07 0.670222 0.718742 0.103334 3.66535e-05
1.732e+07 0.482683 0.81537 0.0642992 5.74614e-05
1.1812e+07 0.241342 0.81537 0 8.42561e-05
2.71525e+07 0.670222 0.718742 0.103334 3.66535e-05
1.56858e+07 0.42888 0.718742 0.0390352 6.34482e-05
