2.69446e+07 0.534564 0.659729 0.0493439 5.42744e-05
2.48824e+07 0.495879 0.680363 0 5.87726e-05
1.78257e+07 0.295967 0.767074 0.0880341 8.2039e-05
2.54267e+07 0.506429 0.850712 0.0516766 5.75143e-05
1.65743e+07 0.242664 0.829651 0 8.8233e-05
3.384e+07 0.62952 0.6277 0.0258383 4.32152e-05
4.9943e+07 0.749093 0.680363 0.0516766 2.92814e-05
3.384e+07 0.62952 0.6277 0.0258383 4.32152e-05
3.48548e+07 0.64007 0.798049 0.0775149 4.19569e-05
4.9943e+07 0.749093 0.680363 0.0516766 2.92814e-05
2.48824e+07 0.495879 0.680363 0 5.87726e-05
4.9943e+07 0.749093 0.680363 0.0516766 2.92814e-05
4.9943e+07 0.749093 0.680363 0.0516766 2.92814e-05
2.0468e+07 0.386856 0.798049 0.0258383 7.14481e-05
3.48548e+07 0.64007 0.798049 0.0775149 4.19569e-05
2.48824e+07 0.495879 0.680363 0 5.87726e-05
2.54267e+07 0.506429 0.850712 0.0516766 5.75143e-05
4.9943e+07 0.749093 0.680363 0.0516766 2.92814e-05
2.48824e+07 0.495879 0.680363 0 5.87726e-05
4.9943e+07 0.749093 0.680363 0.0516766 2.92814e-05
4.9943e+07 0.749093 0.680363 0.0516766 2.92814e-05
2.48824e+07 0.495879 0.680363 0 5.87726e-05
4.9943e+07 0.749093 0.680363 0.0516766 2.92814e-05
2.48824e+07 0.495879 0.680363 0 5.87726e-05
2.54267e+07 0.506429 0.850712 0.0516766 5.75143e-05
4.9943e+07 0.749093 0.680363 0.0516766 2.92814e-05
2.48824e+07 0.495879 0.680363 0 5.87726e-05
2.54267e+07 0.506429 0.850712 0.0516766 5.75143e-05
2.48824e+07 0.495879 0.680363 0 5.87726e-05
2.54267e+07 0.506429 0.850712 0.0516766 5.75143e-05
1.65743e+07 0.242664 0.829651 0 8.8233e-05
1.79419e+07 0.300473 0.813973 0.100123 8.15077e-05
3.384e+07 0.62952 0.6277 0.0258383 4.32152e-05
2.48824e+07 0.495879 0.680363 0 5.87726e-05
2.48824e+07 0.495879 0.680363 0 5.87726e-05
2.48824e+07 0.495879 0.680363 0 5.87726e-05
3.48548e+07 0.64007 0.798049 0.0775149 4.19569e-05
4.9943e+07 0.749093 0.680363 0.0516766 2.92814e-05
1.65743e+07 0.242664 0.829651 0 8.8233e-05
4.9943e+07 0.749093 0.680363 0.0516766 2.92814e-05
2.48824e+07 0.495879 0.680363 0 5.87726e-05
4.9943e+07 0.749093 0.680363 0.0516766 2.92814e-05
2.48886e+07 0.495879 0.726298 0 5.87578e-05
4.9943e+07 0.749093 0.680363 0.0516766 2.92814e-05
3.48548e+07 0.64007 0.798049 0.0775149 4.19569e-05
3.384e+07 0.62952 0.6277 0.0258383 4.32152e-05
2.48824e+07 0.495879 0.680363 0 5.87726e-05
2.48824e+07 0.495879 0.680363 0 5.87726e-05
2.48824e+07 0.495879 0.680363 0 5.87726e-05
2.0468e+07 0.386856 0.798049 0.0258383 7.14481e-05
2.0468e+07 0.386856 0.798049 0.0258383 7.14481e-05
3.384e+07 0.62952 0.6277 0.0258383 4.32152e-05
2.48886e+07 0.495879 0.726298 0 5.87578e-05
4.9943e+07 0.749093 0.680363 0.0516766 2.92814e-05
2.48824e+07 0.495879 0.680363 0 5.87726e-05
1.79419e+07 0.300473 0.813973 0.100123 8.15077e-05
4.9943e+07 0.749093 0.680363 0.0516766 2.92814e-05
2.48824e+07 0.495879 0.680363 0 5.87726e-05
1.6811e+07 0.253215 0.896647 0 8.69907e-05
1.65743e+07 0.242664 0.829651 0 8.8233e-05
2.0468e+07 0.386856 0.798049 0.0258383 7.14481e-05
2.69446e+07 0.534564 0.659729 0.0493439 5.42744e-05
4.9943e+07 0.749093 0.680363 0.0516766 2.92814e-05
2.48824e+07 0.495879 0.680363 0 5.87726e-05
2.54267e+07 0.506429 0.850712 0.0516766 5.75143e-05
1.6811e+07 0.253215 0.896647 0 8.69907e-05
1.65743e+07 0.242664 0.829651 0 8.8233e-05
1.74647e+07 0.28135 0.809016 0.0493439 8.37344e-05
2.48824e+07 0.495879 0.680363 0 5.87726e-05
2.69446e+07 0.534564 0.659729 0.0493439 5.42744e-05
4.9943e+07 0.749093 0.680363 0.0516766 2.92814e-05
2.54267e+07 0.506429 0.850712 0.0516766 5.75143e-05
2.69446e+07 0.534564 0.659729 0.0493439 5.42744e-05
1.6991e+07 0.261128 0.899877 0.0516766 8.60691e-05
3.384e+07 0.62952 0.6277 0.0258383 4.32152e-05
2.48824e+07 0.495879 0.680363 0 5.87726e-05
3.384e+07 0.62952 0.6277 0.0258383 4.32152e-05
2.48824e+07 0.495879 0.680363 0 5.87726e-05
1.68081e+07 0.253215 0.850712 0 8.70055e-05
3.48548e+07 0.64007 0.798049 0.0775149 4.19569e-05
2.48824e+07 0.495879 0.680363 0 5.87726e-05
2.48824e+07 0.495879 0.680363 0 5.87726e-05
2.48824e+07 0.495879 0.680363 0 5.87726e-05
4.9943e+07 0.749093 0.680363 0.0516766 2.92814e-05
3.384e+07 0.62952 0.6277 0.0258383 4.32152e-05
4.9943e+07 0.749093 0.680363 0.0516766 2.92814e-05
3.48548e+07 0.64007 0.798049 0.0775149 4.19569e-05
2.48824e+07 0.495879 0.680363 0 5.87726e-05
2.48824e+07 0.495879 0.680363 0 5.87726e-05
2.0468e+07 0.386856 0.798049 0.0258383 7.14481e-05
2.48824e+07 0.495879 0.680363 0 5.87726e-05
2.69446e+07 0.534564 0.659729 0.0493439 5.42744e-05
1.65743e+07 0.242664 0.829651 0 8.8233e-05
3.384e+07 0.62952 0.6277 0.0258383 4.32152e-05
3.384e+07 0.62952 0.621958 0 4.32152e-05
4.9943e+07 0.749093 0.680363 0.0516766 2.92814e-05
2.54267e+07 0.506429 0.850712 0.0516766 5.75143e-05
2.0468e+07 0.386856 0.798049 0.0258383 7.14481e-05
4.9943e+07 0.749093 0.680363 0.0516766 2.92814e-05
2.48824e+07 0.495879 0.680363 0 5.87726e-05
