1.08305e+07 0.50195 0.624631 0.10799 9.15891e-05
1.038e+07 0.480357 0.590131 0.0375862 9.55648e-05
6.50972e+06 0.170939 0.804215 0.0434766 0.000152381
1.07503e+07 0.498189 0.691389 0.0538549 9.22726e-05
6.3448e+06 0.149345 0.823569 0 0.000156342
1.28566e+07 0.580663 0.467835 0.0375862 7.71558e-05
1.52974e+07 0.647534 0.590131 0.0914411 6.48448e-05
1.28566e+07 0.580663 0.467835 0.0375862 7.71558e-05
1.34296e+07 0.598495 0.569093 0.0538549 7.38637e-05
1.52974e+07 0.647534 0.590131 0.0914411 6.48448e-05
1.21904e+07 0.557676 0.522212 0.179898 8.13722e-05
1.52974e+07 0.647534 0.590131 0.0914411 6.48448e-05
1.52974e+07 0.647534 0.590131 0.0914411 6.48448e-05
9.48485e+06 0.431318 0.569093 0 0.000104584
1.34296e+07 0.598495 0.569093 0.0538549 7.38637e-05
1.038e+07 0.480357 0.590131 0.0375862 9.55648e-05
1.54684e+07 0.651435 0.617338 0.0538549 6.4128e-05
1.52974e+07 0.647534 0.590131 0.0914411 6.48448e-05
1.47131e+07 0.633603 0.51608 0.0375862 6.74202e-05
1.52974e+07 0.647534 0.590131 0.0914411 6.48448e-05
1.52974e+07 0.647534 0.590131 0.0914411 6.48448e-05
1.47131e+07 0.633603 0.51608 0.0375862 6.74202e-05
1.52974e+07 0.647534 0.590131 0.0914411 6.48448e-05
1.47131e+07 0.633603 0.51608 0.0375862 6.74202e-05
1.27019e+07 0.575508 0.522941 0.145902 7.80954e-05
1.52974e+07 0.647534 0.590131 0.0914411 6.48448e-05
1.21904e+07 0.557676 0.522212 0.179898 8.13722e-05
1.07503e+07 0.498189 0.691389 0.0538549 9.22726e-05
1.038e+07 0.480357 0.590131 0.0375862 9.55648e-05
1.07503e+07 0.498189 0.691389 0.0538549 9.22726e-05
7.7378e+06 0.302591 0.749519 0 0.000128197
6.48119e+06 0.167177 0.89229 0 0.000153052
1.28566e+07 0.580663 0.467835 0.0375862 7.71558e-05
1.038e+07 0.480357 0.590131 0.0375862 9.55648e-05
1.21904e+07 0.557676 0.522212 0.179898 8.13722e-05
1.47131e+07 0.633603 0.51608 0.0375862 6.74202e-05
1.34296e+07 0.598495 0.569093 0.0538549 7.38637e-05
1.52974e+07 0.647534 0.590131 0.0914411 6.48448e-05
6.97675e+06 0.226665 0.571556 0.0502646 0.000142181
1.52974e+07 0.647534 0.590131 0.0914411 6.48448e-05
1.47131e+07 0.633603 0.51608 0.0375862 6.74202e-05
1.52974e+07 0.647534 0.590131 0.0914411 6.48448e-05
7.89528e+06 0.316523 0.715859 0 0.00012564
1.52974e+07 0.647534 0.590131 0.0914411 6.48448e-05
1.34296e+07 0.598495 0.569093 0.0538549 7.38637e-05
1.28566e+07 0.580663 0.467835 0.0375862 7.71558e-05
1.21904e+07 0.557676 0.522212 0.179898 8.13722e-05
1.21904e+07 0.557676 0.522212 0.179898 8.13722e-05
1.038e+07 0.480357 0.590131 0.0375862 9.55648e-05
1.29771e+07 0.584564 0.495043 0 7.6439e-05
1.29771e+07 0.584564 0.495043 0 7.6439e-05
1.28566e+07 0.580663 0.467835 0.0375862 7.71558e-05
7.89528e+06 0.316523 0.715859 0 0.00012564
1.52974e+07 0.647534 0.590131 0.0914411 6.48448e-05
1.21904e+07 0.557676 0.522212 0.179898 8.13722e-05
6.48119e+06 0.167177 0.89229 0 0.000153052
1.52974e+07 0.647534 0.590131 0.0914411 6.48448e-05
1.038e+07 0.480357 0.590131 0.0375862 9.55648e-05
6.48119e+06 0.167177 0.89229 0 0.000153052
6.3448e+06 0.149345 0.823569 0 0.000156342
1.29771e+07 0.584564 0.495043 0 7.6439e-05
1.08305e+07 0.50195 0.624631 0.10799 9.15891e-05
1.52974e+07 0.647534 0.590131 0.0914411 6.48448e-05
1.47131e+07 0.633603 0.51608 0.0375862 6.74202e-05
1.07503e+07 0.498189 0.691389 0.0538549 9.22726e-05
6.48119e+06 0.167177 0.89229 0 0.000153052
6.3448e+06 0.149345 0.823569 0 0.000156342
7.9845e+06 0.324185 0.730164 0.0434766 0.000124236
1.038e+07 0.480357 0.590131 0.0375862 9.55648e-05
1.08305e+07 0.50195 0.624631 0.10799 9.15891e-05
1.52974e+07 0.647534 0.590131 0.0914411 6.48448e-05
1.07503e+07 0.498189 0.691389 0.0538549 9.22726e-05
1.08305e+07 0.50195 0.624631 0.10799 9.15891e-05
6.48119e+06 0.167177 0.89229 0 0.000153052
1.28566e+07 0.580663 0.467835 0.0375862 7.71558e-05
1.21904e+07 0.557676 0.522212 0.179898 8.13722e-05
1.28566e+07 0.580663 0.467835 0.0375862 7.71558e-05
1.038e+07 0.480357 0.590131 0.0375862 9.55648e-05
8.0652e+06 0.331011 0.691389 0 0.000122993
1.34296e+07 0.598495 0.569093 0.0538549 7.38637e-05
1.21904e+07 0.557676 0.522212 0.179898 8.13722e-05
1.47131e+07 0.633603 0.51608 0.0375862 6.74202e-05
1.038e+07 0.480357 0.590131 0.0375862 9.55648e-05
1.52974e+07 0.647534 0.590131 0.0914411 6.48448e-05
1.28566e+07 0.580663 0.467835 0.0375862 7.71558e-05
1.52974e+07 0.647534 0.590131 0.0914411 6.48448e-05
1.34296e+07 0.598495 0.569093 0.0538549 7.38637e-05
1.038e+07 0.480357 0.590131 0.0375862 9.55648e-05
1.038e+07 0.480357 0.590131 0.0375862 9.55648e-05
9.48485e+06 0.431318 0.569093 0 0.000104584
1.47131e+07 0.633603 0.51608 0.0375862 6.74202e-05
1.08305e+07 0.50195 0.624631 0.10799 9.15891e-05
6.3448e+06 0.149345 0.823569 0 0.000156342
1.28566e+07 0.580663 0.467835 0.0375862 7.71558e-05
9.25071e+06 0.416829 0.593564 0 0.000107231
1.52974e+07 0.647534 0.590131 0.0914411 6.48448e-05
1.07503e+07 0.498189 0.691389 0.0538549 9.22726e-05
9.48485e+06 0.431318 0.569093 0 0.000104584
1.52974e+07 0.647534 0.590131 0.0914411 6.48448e-05
1.21904e+07 0.557676 0.522212 0.179898 8.13722e-05
