1.52333e+07 0.50333 0.542932 0.0376137 7.84969e-05
4.73319e+07 0.840559 0.488507 0.0801335 2.52635e-05
1.14028e+07 0.336284 0.576367 0.0443392 0.000104866
1.56214e+07 0.515571 0.694708 0 7.65471e-05
1.12129e+07 0.324988 0.633532 0 0.000106642
1.88988e+07 0.599797 0.481197 0.0663964 6.32722e-05
1.52333e+07 0.50333 0.542932 0.0376137 7.84969e-05
1.88988e+07 0.599797 0.481197 0.0663964 6.32722e-05
1.04396e+07 0.274809 0.772437 0.0287827 0.000114542
1.52333e+07 0.50333 0.542932 0.0376137 7.84969e-05
1.68019e+07 0.549739 0.564953 0.155099 7.11689e-05
1.52333e+07 0.50333 0.542932 0.0376137 7.84969e-05
1.52333e+07 0.50333 0.542932 0.0376137 7.84969e-05
1.04396e+07 0.274809 0.772437 0.0287827 0.000114542
1.04396e+07 0.274809 0.772437 0.0287827 0.000114542
4.73319e+07 0.840559 0.488507 0.0801335 2.52635e-05
9.21475e+06 0.178342 0.834173 0 0.000129767
1.52333e+07 0.50333 0.542932 0.0376137 7.84969e-05
1.52333e+07 0.50333 0.542932 0.0376137 7.84969e-05
1.52333e+07 0.50333 0.542932 0.0376137 7.84969e-05
1.52333e+07 0.50333 0.542932 0.0376137 7.84969e-05
1.52333e+07 0.50333 0.542932 0.0376137 7.84969e-05
1.52333e+07 0.50333 0.542932 0.0376137 7.84969e-05
1.52333e+07 0.50333 0.542932 0.0376137 7.84969e-05
9.76499e+06 0.224752 0.736352 0.0575653 0.000122455
1.52333e+07 0.50333 0.542932 0.0376137 7.84969e-05
1.68019e+07 0.549739 0.564953 0.155099 7.11689e-05
9.21475e+06 0.178342 0.834173 0 0.000129767
1.52333e+07 0.50333 0.542932 0.0376137 7.84969e-05
9.21475e+06 0.178342 0.834173 0 0.000129767
2.2389e+07 0.662217 0.579107 0.0425198 5.34089e-05
7.57302e+06 0 1 0 0.000157899
1.88988e+07 0.599797 0.481197 0.0663964 6.32722e-05
1.52333e+07 0.50333 0.542932 0.0376137 7.84969e-05
1.68019e+07 0.549739 0.564953 0.155099 7.11689e-05
1.52333e+07 0.50333 0.542932 0.0376137 7.84969e-05
1.04396e+07 0.274809 0.772437 0.0287827 0.000114542
1.52333e+07 0.50333 0.542932 0.0376137 7.84969e-05
1.20385e+07 0.371397 0.540422 0.0599203 9.93289e-05
1.52333e+07 0.50333 0.542932 0.0376137 7.84969e-05
1.52333e+07 0.50333 0.542932 0.0376137 7.84969e-05
1.52333e+07 0.50333 0.542932 0.0376137 7.84969e-05
1.12129e+07 0.324988 0.633532 0 0.000106642
1.52333e+07 0.50333 0.542932 0.0376137 7.84969e-05
1.04396e+07 0.274809 0.772437 0.0287827 0.000114542
1.88988e+07 0.599797 0.481197 0.0663964 6.32722e-05
1.68019e+07 0.549739 0.564953 0.155099 7.11689e-05
1.68019e+07 0.549739 0.564953 0.155099 7.11689e-05
4.73319e+07 0.840559 0.488507 0.0801335 2.52635e-05
1.04396e+07 0.274809 0.772437 0.0287827 0.000114542
1.04396e+07 0.274809 0.772437 0.0287827 0.000114542
1.88988e+07 0.599797 0.481197 0.0663964 6.32722e-05
1.12129e+07 0.324988 0.633532 0 0.000106642
1.52333e+07 0.50333 0.542932 0.0376137 7.84969e-05
1.68019e+07 0.549739 0.564953 0.155099 7.11689e-05
7.57302e+06 0 1 0 0.000157899
1.52333e+07 0.50333 0.542932 0.0376137 7.84969e-05
4.73319e+07 0.840559 0.488507 0.0801335 2.52635e-05
7.57302e+06 0 1 0 0.000157899
1.12129e+07 0.324988 0.633532 0 0.000106642
1.04396e+07 0.274809 0.772437 0.0287827 0.000114542
1.52333e+07 0.50333 0.542932 0.0376137 7.84969e-05
1.52333e+07 0.50333 0.542932 0.0376137 7.84969e-05
1.52333e+07 0.50333 0.542932 0.0376137 7.84969e-05
9.21475e+06 0.178342 0.834173 0 0.000129767
1.15155e+07 0.342498 0.831229 0.0544254 0.00010384
1.12129e+07 0.324988 0.633532 0 0.000106642
1.12129e+07 0.324988 0.633532 0 0.000106642
1.52333e+07 0.50333 0.542932 0.0376137 7.84969e-05
1.52333e+07 0.50333 0.542932 0.0376137 7.84969e-05
1.52333e+07 0.50333 0.542932 0.0376137 7.84969e-05
9.21475e+06 0.178342 0.834173 0 0.000129767
1.52333e+07 0.50333 0.542932 0.0376137 7.84969e-05
7.57302e+06 0 1 0 0.000157899
1.88988e+07 0.599797 0.481197 0.0663964 6.32722e-05
1.68019e+07 0.549739 0.564953 0.155099 7.11689e-05
1.88988e+07 0.599797 0.481197 0.0663964 6.32722e-05
1.52333e+07 0.50333 0.542932 0.0376137 7.84969e-05
9.21475e+06 0.178342 0.834173 0 0.000129767
1.04396e+07 0.274809 0.772437 0.0287827 0.000114542
1.68019e+07 0.549739 0.564953 0.155099 7.11689e-05
1.52333e+07 0.50333 0.542932 0.0376137 7.84969e-05
4.73319e+07 0.840559 0.488507 0.0801335 2.52635e-05
1.52333e+07 0.50333 0.542932 0.0376137 7.84969e-05
1.88988e+07 0.599797 0.481197 0.0663964 6.32722e-05
1.52333e+07 0.50333 0.542932 0.0376137 7.84969e-05
1.04396e+07 0.274809 0.772437 0.0287827 0.000114542
4.73319e+07 0.840559 0.488507 0.0801335 2.52635e-05
4.73319e+07 0.840559 0.488507 0.0801335 2.52635e-05
1.04396e+07 0.274809 0.772437 0.0287827 0.000114542
1.52333e+07 0.50333 0.542932 0.0376137 7.84969e-05
1.52333e+07 0.50333 0.542932 0.0376137 7.84969e-05
2.2389e+07 0.662217 0.579107 0.0425198 5.34089e-05
1.88988e+07 0.599797 0.481197 0.0663964 6.32722e-05
1.30782e+07 0.421455 0.514231 0 9.14322e-05
1.52333e+07 0.50333 0.542932 0.0376137 7.84969e-05
9.21475e+06 0.178342 0.834173 0 0.000129767
1.04396e+07 0.274809 0.772437 0.0287827 0.000114542
1.52333e+07 0.50333 0.542932 0.0376137 7.84969e-05
1.68019e+07 0.549739 0.564953 0.155099 7.11689e-05
