1.79138e+07 0.470545 0.795612 0.0659254 7.91335e-05
1.69506e+07 0.440376 0.809353 0.0330677 8.363e-05
1.30524e+07 0.273071 0.838057 0.0328577 0.000108606
1.56832e+07 0.39495 0.891419 0.034411 9.03887e-05
1.25335e+07 0.242901 0.851798 0 0.000113103
2.0824e+07 0.544598 0.774284 0.0502732 6.80743e-05
2.61842e+07 0.63785 0.809353 0.0674787 5.41388e-05
2.0824e+07 0.544598 0.774284 0.0502732 6.80743e-05
1.89437e+07 0.499172 0.856351 0.0516165 7.48313e-05
2.61842e+07 0.63785 0.809353 0.0674787 5.41388e-05
1.69506e+07 0.440376 0.809353 0.0330677 8.363e-05
2.61842e+07 0.63785 0.809353 0.0674787 5.41388e-05
2.61842e+07 0.63785 0.809353 0.0674787 5.41388e-05
1.35884e+07 0.301698 0.856351 0.0172055 0.000104322
1.89437e+07 0.499172 0.856351 0.0516165 7.48313e-05
1.69506e+07 0.440376 0.809353 0.0330677 8.363e-05
1.56832e+07 0.39495 0.891419 0.034411 9.03887e-05
2.61842e+07 0.63785 0.809353 0.0674787 5.41388e-05
1.69506e+07 0.440376 0.809353 0.0330677 8.363e-05
2.61842e+07 0.63785 0.809353 0.0674787 5.41388e-05
2.61842e+07 0.63785 0.809353 0.0674787 5.41388e-05
1.69506e+07 0.440376 0.809353 0.0330677 8.363e-05
2.61842e+07 0.63785 0.809353 0.0674787 5.41388e-05
1.69506e+07 0.440376 0.809353 0.0330677 8.363e-05
1.56832e+07 0.39495 0.891419 0.034411 9.03887e-05
2.61842e+07 0.63785 0.809353 0.0674787 5.41388e-05
1.69506e+07 0.440376 0.809353 0.0330677 8.363e-05
1.56832e+07 0.39495 0.891419 0.034411 9.03887e-05
1.69506e+07 0.440376 0.809353 0.0330677 8.363e-05
1.86779e+07 0.492208 0.79989 0.034411 7.58961e-05
1.25335e+07 0.242901 0.851798 0 0.000113103
1.35416e+07 0.299667 0.699702 0.0666713 0.000104683
2.0824e+07 0.544598 0.774284 0.0502732 6.80743e-05
1.69506e+07 0.440376 0.809353 0.0330677 8.363e-05
1.69506e+07 0.440376 0.809353 0.0330677 8.363e-05
1.69506e+07 0.440376 0.809353 0.0330677 8.363e-05
1.89437e+07 0.499172 0.856351 0.0516165 7.48313e-05
2.61842e+07 0.63785 0.809353 0.0674787 5.41388e-05
1.25335e+07 0.242901 0.851798 0 0.000113103
2.61842e+07 0.63785 0.809353 0.0674787 5.41388e-05
1.69506e+07 0.440376 0.809353 0.0330677 8.363e-05
2.61842e+07 0.63785 0.809353 0.0674787 5.41388e-05
1.69506e+07 0.440376 0.782976 0 8.363e-05
2.61842e+07 0.63785 0.809353 0.0674787 5.41388e-05
1.89437e+07 0.499172 0.856351 0.0516165 7.48313e-05
2.0824e+07 0.544598 0.774284 0.0502732 6.80743e-05
1.69506e+07 0.440376 0.809353 0.0330677 8.363e-05
1.69506e+07 0.440376 0.809353 0.0330677 8.363e-05
1.69506e+07 0.440376 0.809353 0.0330677 8.363e-05
1.35884e+07 0.301698 0.856351 0.0172055 0.000104322
1.35884e+07 0.301698 0.856351 0.0172055 0.000104322
2.0824e+07 0.544598 0.774284 0.0502732 6.80743e-05
1.69506e+07 0.440376 0.782976 0 8.363e-05
2.61842e+07 0.63785 0.809353 0.0674787 5.41388e-05
1.69506e+07 0.440376 0.809353 0.0330677 8.363e-05
1.35416e+07 0.299667 0.699702 0.0666713 0.000104683
2.61842e+07 0.63785 0.809353 0.0674787 5.41388e-05
1.69506e+07 0.440376 0.809353 0.0330677 8.363e-05
1.18265e+07 0.197475 0.931178 0 0.000119865
1.25335e+07 0.242901 0.851798 0 0.000113103
1.35884e+07 0.301698 0.856351 0.0172055 0.000104322
1.79138e+07 0.470545 0.795612 0.0659254 7.91335e-05
2.61842e+07 0.63785 0.809353 0.0674787 5.41388e-05
1.69506e+07 0.440376 0.809353 0.0330677 8.363e-05
1.86779e+07 0.492208 0.79989 0.034411 7.58961e-05
1.18265e+07 0.197475 0.931178 0 0.000119865
1.25335e+07 0.242901 0.851798 0 0.000113103
1.30524e+07 0.273071 0.838057 0.0328577 0.000108606
1.69506e+07 0.440376 0.809353 0.0330677 8.363e-05
1.79138e+07 0.470545 0.795612 0.0659254 7.91335e-05
2.61842e+07 0.63785 0.809353 0.0674787 5.41388e-05
1.86779e+07 0.492208 0.79989 0.034411 7.58961e-05
1.79138e+07 0.470545 0.795612 0.0659254 7.91335e-05
1.35721e+07 0.300905 0.8418 0.034411 0.000104448
2.0824e+07 0.544598 0.774284 0.0502732 6.80743e-05
1.69506e+07 0.440376 0.809353 0.0330677 8.363e-05
2.0824e+07 0.544598 0.774284 0.0502732 6.80743e-05
1.69506e+07 0.440376 0.809353 0.0330677 8.363e-05
1.34511e+07 0.294734 0.79989 0 0.000105387
1.89437e+07 0.499172 0.856351 0.0516165 7.48313e-05
1.69506e+07 0.440376 0.809353 0.0330677 8.363e-05
1.69506e+07 0.440376 0.809353 0.0330677 8.363e-05
1.69506e+07 0.440376 0.809353 0.0330677 8.363e-05
2.61842e+07 0.63785 0.809353 0.0674787 5.41388e-05
2.0824e+07 0.544598 0.774284 0.0502732 6.80743e-05
2.61842e+07 0.63785 0.809353 0.0674787 5.41388e-05
1.89437e+07 0.499172 0.856351 0.0516165 7.48313e-05
1.69506e+07 0.440376 0.809353 0.0330677 8.363e-05
1.69506e+07 0.440376 0.809353 0.0330677 8.363e-05
1.35884e+07 0.301698 0.856351 0.0172055 0.000104322
1.69506e+07 0.440376 0.809353 0.0330677 8.363e-05
1.79138e+07 0.470545 0.795612 0.0659254 7.91335e-05
1.25335e+07 0.242901 0.851798 0 0.000113103
2.0824e+07 0.544598 0.774284 0.0502732 6.80743e-05
2.08184e+07 0.544598 0.713497 0 6.80925e-05
2.61842e+07 0.63785 0.809353 0.0674787 5.41388e-05
1.56832e+07 0.39495 0.891419 0.034411 9.03887e-05
1.35884e+07 0.301698 0.856351 0.0172055 0.000104322
2.61842e+07 0.63785 0.809353 0.0674787 5.41388e-05
1.69506e+07 0.440376 0.809353 0.0330677 8.363e-05
