2.43636e+07 0.680962 0.573256 0.0831324 5.64777e-05
3.78521e+07 0.834541 0.558491 0.0619392 3.6352e-05
1.63334e+07 0.523906 0.52732 0.0895607 8.42445e-05
1.20197e+07 0.352362 0.829851 0 0.000114479
1.5023e+07 0.482179 0.604761 0 9.15927e-05
2.27515e+07 0.65836 0.54704 0.0301326 6.04795e-05
2.27515e+07 0.65836 0.54704 0.0301326 6.04795e-05
2.27515e+07 0.65836 0.54704 0.0301326 6.04795e-05
9.45102e+06 0.176181 0.882014 0 0.000145593
2.27515e+07 0.65836 0.54704 0.0301326 6.04795e-05
2.27515e+07 0.65836 0.54704 0.0301326 6.04795e-05
2.27515e+07 0.65836 0.54704 0.0301326 6.04795e-05
2.27515e+07 0.65836 0.54704 0.0301326 6.04795e-05
9.45102e+06 0.176181 0.882014 0 0.000145593
9.45102e+06 0.176181 0.882014 0 0.000145593
3.78521e+07 0.834541 0.558491 0.0619392 3.6352e-05
9.45102e+06 0.176181 0.882014 0 0.000145593
2.27515e+07 0.65836 0.54704 0.0301326 6.04795e-05
2.27515e+07 0.65836 0.54704 0.0301326 6.04795e-05
2.27515e+07 0.65836 0.54704 0.0301326 6.04795e-05
2.27515e+07 0.65836 0.54704 0.0301326 6.04795e-05
2.27515e+07 0.65836 0.54704 0.0301326 6.04795e-05
2.27515e+07 0.65836 0.54704 0.0301326 6.04795e-05
2.27515e+07 0.65836 0.54704 0.0301326 6.04795e-05
9.45102e+06 0.176181 0.882014 0 0.000145593
2.27515e+07 0.65836 0.54704 0.0301326 6.04795e-05
2.27515e+07 0.65836 0.54704 0.0301326 6.04795e-05
9.45102e+06 0.176181 0.882014 0 0.000145593
2.27515e+07 0.65836 0.54704 0.0301326 6.04795e-05
9.45102e+06 0.176181 0.882014 0 0.000145593
2.27577e+07 0.65836 0.616211 0.0318066 6.04631e-05
7.93125e+06 0.0182556 0.888309 0.0381679 0.000173491
2.27515e+07 0.65836 0.54704 0.0301326 6.04795e-05
3.06303e+07 0.74645 0.526684 0.0708451 4.49229e-05
2.27515e+07 0.65836 0.54704 0.0301326 6.04795e-05
2.27515e+07 0.65836 0.54704 0.0301326 6.04795e-05
9.45102e+06 0.176181 0.882014 0 0.000145593
2.27515e+07 0.65836 0.54704 0.0301326 6.04795e-05
1.5023e+07 0.482179 0.604761 0 9.15927e-05
2.27515e+07 0.65836 0.54704 0.0301326 6.04795e-05
2.27515e+07 0.65836 0.54704 0.0301326 6.04795e-05
2.27515e+07 0.65836 0.54704 0.0301326 6.04795e-05
1.5023e+07 0.482179 0.604761 0 9.15927e-05
2.27515e+07 0.65836 0.54704 0.0301326 6.04795e-05
9.45102e+06 0.176181 0.882014 0 0.000145593
2.27515e+07 0.65836 0.54704 0.0301326 6.04795e-05
2.27515e+07 0.65836 0.54704 0.0301326 6.04795e-05
2.27515e+07 0.65836 0.54704 0.0301326 6.04795e-05
3.78521e+07 0.834541 0.558491 0.0619392 3.6352e-05
9.45102e+06 0.176181 0.882014 0 0.000145593
9.45102e+06 0.176181 0.882014 0 0.000145593
2.27515e+07 0.65836 0.54704 0.0301326 6.04795e-05
1.5023e+07 0.482179 0.604761 0 9.15927e-05
2.27515e+07 0.65836 0.54704 0.0301326 6.04795e-05
2.27515e+07 0.65836 0.54704 0.0301326 6.04795e-05
7.93125e+06 0.0182556 0.888309 0.0381679 0.000173491
2.27515e+07 0.65836 0.54704 0.0301326 6.04795e-05
3.78521e+07 0.834541 0.558491 0.0619392 3.6352e-05
7.7876e+06 0 1 0 0.000176691
1.5023e+07 0.482179 0.604761 0 9.15927e-05
9.45102e+06 0.176181 0.882014 0 0.000145593
2.43636e+07 0.680962 0.573256 0.0831324 5.64777e-05
2.27515e+07 0.65836 0.54704 0.0301326 6.04795e-05
2.27515e+07 0.65836 0.54704 0.0301326 6.04795e-05
9.45102e+06 0.176181 0.882014 0 0.000145593
9.45225e+06 0.176181 0.947837 0 0.000145574
1.5023e+07 0.482179 0.604761 0 9.15927e-05
1.57065e+07 0.504781 0.590264 0.0326436 8.76073e-05
2.27515e+07 0.65836 0.54704 0.0301326 6.04795e-05
2.43636e+07 0.680962 0.573256 0.0831324 5.64777e-05
2.27515e+07 0.65836 0.54704 0.0301326 6.04795e-05
9.45102e+06 0.176181 0.882014 0 0.000145593
2.43636e+07 0.680962 0.573256 0.0831324 5.64777e-05
7.83002e+06 0.00550565 0.92112 0 0.000175734
2.27515e+07 0.65836 0.54704 0.0301326 6.04795e-05
2.27515e+07 0.65836 0.54704 0.0301326 6.04795e-05
2.27515e+07 0.65836 0.54704 0.0301326 6.04795e-05
2.27515e+07 0.65836 0.54704 0.0301326 6.04795e-05
9.45102e+06 0.176181 0.882014 0 0.000145593
9.45102e+06 0.176181 0.882014 0 0.000145593
2.27515e+07 0.65836 0.54704 0.0301326 6.04795e-05
2.27515e+07 0.65836 0.54704 0.0301326 6.04795e-05
3.78521e+07 0.834541 0.558491 0.0619392 3.6352e-05
2.27515e+07 0.65836 0.54704 0.0301326 6.04795e-05
2.27515e+07 0.65836 0.54704 0.0301326 6.04795e-05
2.27515e+07 0.65836 0.54704 0.0301326 6.04795e-05
9.45102e+06 0.176181 0.882014 0 0.000145593
3.78521e+07 0.834541 0.558491 0.0619392 3.6352e-05
3.78521e+07 0.834541 0.558491 0.0619392 3.6352e-05
9.45102e+06 0.176181 0.882014 0 0.000145593
2.27515e+07 0.65836 0.54704 0.0301326 6.04795e-05
2.43636e+07 0.680962 0.573256 0.0831324 5.64777e-05
2.27577e+07 0.65836 0.616211 0.0318066 6.04631e-05
2.27515e+07 0.65836 0.54704 0.0301326 6.04795e-05
1.5023e+07 0.482179 0.604761 0 9.15927e-05
2.27515e+07 0.65836 0.54704 0.0301326 6.04795e-05
9.45102e+06 0.176181 0.882014 0 0.000145593
9.45102e+06 0.176181 0.882014 0 0.000145593
2.27515e+07 0.65836 0.54704 0.0301326 6.04795e-05
2.27515e+07 0.65836 0.54704 0.0301326 6.04795e-05
