4.42067e+07 0.665432 0.733503 0.0365 3.35085e-05
3.84839e+07 0.615467 0.749413 0 3.84914e-05
4.82194e+07 0.701064 0.679315 0.0927007 3.072e-05
1.48264e+07 0 1 0 9.99099e-05
3.84839e+07 0.615467 0.749413 0 3.84914e-05
5.21291e+07 0.799953 0.667803 0 2.8416e-05
3.84839e+07 0.615467 0.749413 0 3.84914e-05
5.21291e+07 0.799953 0.667803 0 2.8416e-05
1.81756e+07 0.184486 0.91839 0 8.14995e-05
3.84839e+07 0.615467 0.749413 0 3.84914e-05
3.84839e+07 0.615467 0.749413 0 3.84914e-05
3.84839e+07 0.615467 0.749413 0 3.84914e-05
3.84839e+07 0.615467 0.749413 0 3.84914e-05
1.81756e+07 0.184486 0.91839 0 8.14995e-05
1.81756e+07 0.184486 0.91839 0 8.14995e-05
3.84839e+07 0.615467 0.749413 0 3.84914e-05
1.48264e+07 0 1 0 9.99099e-05
3.84839e+07 0.615467 0.749413 0 3.84914e-05
3.84839e+07 0.615467 0.749413 0 3.84914e-05
3.84839e+07 0.615467 0.749413 0 3.84914e-05
3.84839e+07 0.615467 0.749413 0 3.84914e-05
3.84839e+07 0.615467 0.749413 0 3.84914e-05
3.84839e+07 0.615467 0.749413 0 3.84914e-05
3.84839e+07 0.615467 0.749413 0 3.84914e-05
1.48264e+07 0 1 0 9.99099e-05
3.84839e+07 0.615467 0.749413 0 3.84914e-05
3.84839e+07 0.615467 0.749413 0 3.84914e-05
1.48264e+07 0 1 0 9.99099e-05
3.84839e+07 0.615467 0.749413 0 3.84914e-05
1.48264e+07 0 1 0 9.99099e-05
3.84839e+07 0.615467 0.749413 0 3.84914e-05
1.5883e+07 0.0673674 0.706203 0 9.32634e-05
5.21291e+07 0.799953 0.667803 0 2.8416e-05
3.84839e+07 0.615467 0.749413 0 3.84914e-05
3.84839e+07 0.615467 0.749413 0 3.84914e-05
3.84839e+07 0.615467 0.749413 0 3.84914e-05
1.81756e+07 0.184486 0.91839 0 8.14995e-05
3.84839e+07 0.615467 0.749413 0 3.84914e-05
3.84839e+07 0.615467 0.749413 0 3.84914e-05
3.84839e+07 0.615467 0.749413 0 3.84914e-05
3.84839e+07 0.615467 0.749413 0 3.84914e-05
3.84839e+07 0.615467 0.749413 0 3.84914e-05
3.84839e+07 0.615467 0.749413 0 3.84914e-05
3.84839e+07 0.615467 0.749413 0 3.84914e-05
1.81756e+07 0.184486 0.91839 0 8.14995e-05
5.21291e+07 0.799953 0.667803 0 2.8416e-05
3.84839e+07 0.615467 0.749413 0 3.84914e-05
3.84839e+07 0.615467 0.749413 0 3.84914e-05
3.84839e+07 0.615467 0.749413 0 3.84914e-05
1.81756e+07 0.184486 0.91839 0 8.14995e-05
1.81756e+07 0.184486 0.91839 0 8.14995e-05
5.21291e+07 0.799953 0.667803 0 2.8416e-05
3.84839e+07 0.615467 0.749413 0 3.84914e-05
3.84839e+07 0.615467 0.749413 0 3.84914e-05
3.84839e+07 0.615467 0.749413 0 3.84914e-05
1.5883e+07 0.0673674 0.706203 0 9.32634e-05
3.84839e+07 0.615467 0.749413 0 3.84914e-05
3.84839e+07 0.615467 0.749413 0 3.84914e-05
1.48264e+07 0 1 0 9.99099e-05
3.84839e+07 0.615467 0.749413 0 3.84914e-05
1.81756e+07 0.184486 0.91839 0 8.14995e-05
4.42067e+07 0.665432 0.733503 0.0365 3.35085e-05
3.84839e+07 0.615467 0.749413 0 3.84914e-05
3.84839e+07 0.615467 0.749413 0 3.84914e-05
1.48264e+07 0 1 0 9.99099e-05
1.48264e+07 0 1 0 9.99099e-05
3.84839e+07 0.615467 0.749413 0 3.84914e-05
4.42067e+07 0.665432 0.733503 0.0365 3.35085e-05
3.84839e+07 0.615467 0.749413 0 3.84914e-05
4.42067e+07 0.665432 0.733503 0.0365 3.35085e-05
3.84839e+07 0.615467 0.749413 0 3.84914e-05
1.48264e+07 0 1 0 9.99099e-05
4.42067e+07 0.665432 0.733503 0.0365 3.35085e-05
1.48264e+07 0 1 0 9.99099e-05
5.21291e+07 0.799953 0.667803 0 2.8416e-05
3.84839e+07 0.615467 0.749413 0 3.84914e-05
5.21291e+07 0.799953 0.667803 0 2.8416e-05
3.84839e+07 0.615467 0.749413 0 3.84914e-05
1.48264e+07 0 1 0 9.99099e-05
1.81756e+07 0.184486 0.91839 0 8.14995e-05
3.84839e+07 0.615467 0.749413 0 3.84914e-05
3.84839e+07 0.615467 0.749413 0 3.84914e-05
3.84839e+07 0.615467 0.749413 0 3.84914e-05
3.84839e+07 0.615467 0.749413 0 3.84914e-05
5.21291e+07 0.799953 0.667803 0 2.8416e-05
3.84839e+07 0.615467 0.749413 0 3.84914e-05
1.81756e+07 0.184486 0.91839 0 8.14995e-05
3.84839e+07 0.615467 0.749413 0 3.84914e-05
3.84839e+07 0.615467 0.749413 0 3.84914e-05
1.81756e+07 0.184486 0.91839 0 8.14995e-05
3.84839e+07 0.615467 0.749413 0 3.84914e-05
4.42067e+07 0.665432 0.733503 0.0365 3.35085e-05
3.84839e+07 0.615467 0.749413 0 3.84914e-05
5.21291e+07 0.799953 0.667803 0 2.8416e-05
5.21291e+07 0.799953 0.667803 0 2.8416e-05
3.84839e+07 0.615467 0.749413 0 3.84914e-05
1.48264e+07 0 1 0 9.99099e-05
1.81756e+07 0.184486 0.91839 0 8.14995e-05
3.84839e+07 0.615467 0.749413 0 3.84914e-05
3.84839e+07 0.615467 0.749413 0 3.84914e-05
