2.02277e+07 0.522569 0.600285 0.0939636 5.63716e-05
1.89193e+07 0.489583 0.555582 0 6.02702e-05
1.3283e+07 0.272569 0.737351 0.0584963 8.58443e-05
1.2884e+07 0.25 0.791999 0 8.85031e-05
1.27079e+07 0.239583 0.763582 0 8.97289e-05
2.52624e+07 0.618056 0.415868 0 4.51371e-05
1.89193e+07 0.489583 0.555582 0 6.02702e-05
2.52624e+07 0.618056 0.415868 0 4.51371e-05
1.55414e+07 0.378472 0.652286 0 7.337e-05
1.89193e+07 0.489583 0.555582 0 6.02702e-05
2.4275e+07 0.602431 0.469746 0.184356 4.69729e-05
1.89193e+07 0.489583 0.555582 0 6.02702e-05
1.89193e+07 0.489583 0.555582 0 6.02702e-05
1.55414e+07 0.378472 0.652286 0 7.337e-05
1.55414e+07 0.378472 0.652286 0 7.337e-05
1.89193e+07 0.489583 0.555582 0 6.02702e-05
1.87962e+07 0.486111 0.691509 0 6.0665e-05
1.89193e+07 0.489583 0.555582 0 6.02702e-05
3.51587e+07 0.725694 0.455091 0 3.24321e-05
1.89193e+07 0.489583 0.555582 0 6.02702e-05
1.89193e+07 0.489583 0.555582 0 6.02702e-05
3.51587e+07 0.725694 0.455091 0 3.24321e-05
1.89193e+07 0.489583 0.555582 0 6.02702e-05
3.51587e+07 0.725694 0.455091 0 3.24321e-05
1.5159e+07 0.362847 0.583999 0.123273 7.52206e-05
1.89193e+07 0.489583 0.555582 0 6.02702e-05
2.4275e+07 0.602431 0.469746 0.184356 4.69729e-05
1.2884e+07 0.25 0.791999 0 8.85031e-05
1.89193e+07 0.489583 0.555582 0 6.02702e-05
1.2884e+07 0.25 0.791999 0 8.85031e-05
1.84237e+07 0.475694 0.663092 0 6.18914e-05
9.66619e+06 0 1 0 0.000117965
2.52624e+07 0.618056 0.415868 0 4.51371e-05
1.89193e+07 0.489583 0.555582 0 6.02702e-05
2.4275e+07 0.602431 0.469746 0.184356 4.69729e-05
3.51587e+07 0.725694 0.455091 0 3.24321e-05
1.55414e+07 0.378472 0.652286 0 7.337e-05
1.89193e+07 0.489583 0.555582 0 6.02702e-05
1.49125e+07 0.352431 0.4312 0.0610825 7.64641e-05
1.89193e+07 0.489583 0.555582 0 6.02702e-05
3.51587e+07 0.725694 0.455091 0 3.24321e-05
1.89193e+07 0.489583 0.555582 0 6.02702e-05
1.27079e+07 0.239583 0.763582 0 8.97289e-05
1.89193e+07 0.489583 0.555582 0 6.02702e-05
1.55414e+07 0.378472 0.652286 0 7.337e-05
2.52624e+07 0.618056 0.415868 0 4.51371e-05
2.4275e+07 0.602431 0.469746 0.184356 4.69729e-05
2.4275e+07 0.602431 0.469746 0.184356 4.69729e-05
1.89193e+07 0.489583 0.555582 0 6.02702e-05
2.50514e+07 0.614583 0.618789 0.0334968 4.55172e-05
2.50514e+07 0.614583 0.618789 0.0334968 4.55172e-05
2.52624e+07 0.618056 0.415868 0 4.51371e-05
1.27079e+07 0.239583 0.763582 0 8.97289e-05
1.89193e+07 0.489583 0.555582 0 6.02702e-05
2.4275e+07 0.602431 0.469746 0.184356 4.69729e-05
9.66619e+06 0 1 0 0.000117965
1.89193e+07 0.489583 0.555582 0 6.02702e-05
1.89193e+07 0.489583 0.555582 0 6.02702e-05
9.66619e+06 0 1 0 0.000117965
1.27079e+07 0.239583 0.763582 0 8.97289e-05
2.50514e+07 0.614583 0.618789 0.0334968 4.55172e-05
2.02277e+07 0.522569 0.600285 0.0939636 5.63716e-05
1.89193e+07 0.489583 0.555582 0 6.02702e-05
3.51587e+07 0.725694 0.455091 0 3.24321e-05
1.2884e+07 0.25 0.791999 0 8.85031e-05
9.66619e+06 0 1 0 0.000117965
1.27079e+07 0.239583 0.763582 0 8.97289e-05
1.96574e+07 0.508681 0.636861 0.0584963 5.80071e-05
1.89193e+07 0.489583 0.555582 0 6.02702e-05
2.02277e+07 0.522569 0.600285 0.0939636 5.63716e-05
1.89193e+07 0.489583 0.555582 0 6.02702e-05
1.2884e+07 0.25 0.791999 0 8.85031e-05
2.02277e+07 0.522569 0.600285 0.0939636 5.63716e-05
9.66619e+06 0 1 0 0.000117965
2.52624e+07 0.618056 0.415868 0 4.51371e-05
2.4275e+07 0.602431 0.469746 0.184356 4.69729e-05
2.52624e+07 0.618056 0.415868 0 4.51371e-05
1.89193e+07 0.489583 0.555582 0 6.02702e-05
1.2884e+07 0.25 0.791999 0 8.85031e-05
1.55414e+07 0.378472 0.652286 0 7.337e-05
2.4275e+07 0.602431 0.469746 0.184356 4.69729e-05
3.51587e+07 0.725694 0.455091 0 3.24321e-05
1.89193e+07 0.489583 0.555582 0 6.02702e-05
1.89193e+07 0.489583 0.555582 0 6.02702e-05
2.52624e+07 0.618056 0.415868 0 4.51371e-05
1.89193e+07 0.489583 0.555582 0 6.02702e-05
1.55414e+07 0.378472 0.652286 0 7.337e-05
1.89193e+07 0.489583 0.555582 0 6.02702e-05
1.89193e+07 0.489583 0.555582 0 6.02702e-05
1.55414e+07 0.378472 0.652286 0 7.337e-05
3.51587e+07 0.725694 0.455091 0 3.24321e-05
2.02277e+07 0.522569 0.600285 0.0939636 5.63716e-05
1.27079e+07 0.239583 0.763582 0 8.97289e-05
2.52624e+07 0.618056 0.415868 0 4.51371e-05
1.52864e+07 0.368056 0.623869 0 7.45936e-05
1.89193e+07 0.489583 0.555582 0 6.02702e-05
1.2884e+07 0.25 0.791999 0 8.85031e-05
1.55414e+07 0.378472 0.652286 0 7.337e-05
1.89193e+07 0.489583 0.555582 0 6.02702e-05
2.4275e+07 0.602431 0.469746 0.184356 4.69729e-05
