1.97783e+07 0.474968 0.494667 0.09738 6.58464e-05
1.76922e+07 0.412771 0.686794 0.045709 7.36102e-05
1.38558e+07 0.250192 0.604766 0.051671 9.39918e-05
1.88776e+07 0.449553 0.798483 0.0699546 6.89882e-05
1.27993e+07 0.187995 0.796893 0 0.00010175
2.23058e+07 0.534355 0.611772 0.0806863 5.83853e-05
2.8654e+07 0.637548 0.686794 0.115664 4.54502e-05
2.23058e+07 0.534355 0.611772 0.0806863 5.83853e-05
2.42234e+07 0.571137 0.723461 0.104932 5.37632e-05
2.8654e+07 0.637548 0.686794 0.115664 4.54502e-05
1.76922e+07 0.412771 0.686794 0.045709 7.36102e-05
2.8654e+07 0.637548 0.686794 0.115664 4.54502e-05
2.8654e+07 0.637548 0.686794 0.115664 4.54502e-05
1.5897e+07 0.34636 0.723461 0.0349773 8.19232e-05
2.42234e+07 0.571137 0.723461 0.104932 5.37632e-05
1.76922e+07 0.412771 0.686794 0.045709 7.36102e-05
2.68399e+07 0.613027 0.722169 0.0699546 4.85222e-05
2.8654e+07 0.637548 0.686794 0.115664 4.54502e-05
2.45055e+07 0.576245 0.61048 0.045709 5.31443e-05
2.8654e+07 0.637548 0.686794 0.115664 4.54502e-05
2.8654e+07 0.637548 0.686794 0.115664 4.54502e-05
2.45055e+07 0.576245 0.61048 0.045709 5.31443e-05
2.8654e+07 0.637548 0.686794 0.115664 4.54502e-05
2.45055e+07 0.576245 0.61048 0.045709 5.31443e-05
1.88776e+07 0.449553 0.798483 0.0699546 6.89882e-05
2.8654e+07 0.637548 0.686794 0.115664 4.54502e-05
1.76922e+07 0.412771 0.686794 0.045709 7.36102e-05
1.88776e+07 0.449553 0.798483 0.0699546 6.89882e-05
1.76922e+07 0.412771 0.686794 0.045709 7.36102e-05
1.88776e+07 0.449553 0.798483 0.0699546 6.89882e-05
1.60225e+07 0.351469 0.720579 0 8.12811e-05
1.34075e+07 0.224777 0.860091 0 9.71341e-05
2.23058e+07 0.534355 0.611772 0.0806863 5.83853e-05
1.76922e+07 0.412771 0.686794 0.045709 7.36102e-05
1.76922e+07 0.412771 0.686794 0.045709 7.36102e-05
2.45055e+07 0.576245 0.61048 0.045709 5.31443e-05
2.42234e+07 0.571137 0.723461 0.104932 5.37632e-05
2.8654e+07 0.637548 0.686794 0.115664 4.54502e-05
1.27993e+07 0.187995 0.796893 0 0.00010175
2.8654e+07 0.637548 0.686794 0.115664 4.54502e-05
2.45055e+07 0.576245 0.61048 0.045709 5.31443e-05
2.8654e+07 0.637548 0.686794 0.115664 4.54502e-05
1.76922e+07 0.412771 0.656984 0 7.36102e-05
2.8654e+07 0.637548 0.686794 0.115664 4.54502e-05
2.42234e+07 0.571137 0.723461 0.104932 5.37632e-05
2.23058e+07 0.534355 0.611772 0.0806863 5.83853e-05
1.76922e+07 0.412771 0.686794 0.045709 7.36102e-05
1.76922e+07 0.412771 0.686794 0.045709 7.36102e-05
1.76922e+07 0.412771 0.686794 0.045709 7.36102e-05
2.11908e+07 0.509834 0.647146 0.0349773 6.14573e-05
2.11908e+07 0.509834 0.647146 0.0349773 6.14573e-05
2.23058e+07 0.534355 0.611772 0.0806863 5.83853e-05
1.76922e+07 0.412771 0.656984 0 7.36102e-05
2.8654e+07 0.637548 0.686794 0.115664 4.54502e-05
1.76922e+07 0.412771 0.686794 0.045709 7.36102e-05
1.34075e+07 0.224777 0.860091 0 9.71341e-05
2.8654e+07 0.637548 0.686794 0.115664 4.54502e-05
1.76922e+07 0.412771 0.686794 0.045709 7.36102e-05
1.34075e+07 0.224777 0.860091 0 9.71341e-05
1.27993e+07 0.187995 0.796893 0 0.00010175
2.11908e+07 0.509834 0.647146 0.0349773 6.14573e-05
1.97783e+07 0.474968 0.494667 0.09738 6.58464e-05
2.8654e+07 0.637548 0.686794 0.115664 4.54502e-05
2.45055e+07 0.576245 0.61048 0.045709 5.31443e-05
1.88776e+07 0.449553 0.798483 0.0699546 6.89882e-05
1.34075e+07 0.224777 0.860091 0 9.71341e-05
1.27993e+07 0.187995 0.796893 0 0.00010175
1.77159e+07 0.413665 0.579328 0.0771091 7.35118e-05
1.76922e+07 0.412771 0.686794 0.045709 7.36102e-05
1.97783e+07 0.474968 0.494667 0.09738 6.58464e-05
2.8654e+07 0.637548 0.686794 0.115664 4.54502e-05
1.88776e+07 0.449553 0.798483 0.0699546 6.89882e-05
1.97783e+07 0.474968 0.494667 0.09738 6.58464e-05
1.34075e+07 0.224777 0.860091 0 9.71341e-05
2.23058e+07 0.534355 0.611772 0.0806863 5.83853e-05
1.76922e+07 0.412771 0.686794 0.045709 7.36102e-05
2.23058e+07 0.534355 0.611772 0.0806863 5.83853e-05
1.76922e+07 0.412771 0.686794 0.045709 7.36102e-05
1.34056e+07 0.224777 0.798483 0 9.71482e-05
2.42234e+07 0.571137 0.723461 0.104932 5.37632e-05
1.76922e+07 0.412771 0.686794 0.045709 7.36102e-05
2.45055e+07 0.576245 0.61048 0.045709 5.31443e-05
1.76922e+07 0.412771 0.686794 0.045709 7.36102e-05
2.8654e+07 0.637548 0.686794 0.115664 4.54502e-05
2.23058e+07 0.534355 0.611772 0.0806863 5.83853e-05
2.8654e+07 0.637548 0.686794 0.115664 4.54502e-05
2.42234e+07 0.571137 0.723461 0.104932 5.37632e-05
1.76922e+07 0.412771 0.686794 0.045709 7.36102e-05
1.76922e+07 0.412771 0.686794 0.045709 7.36102e-05
1.5897e+07 0.34636 0.723461 0.0349773 8.19232e-05
2.45055e+07 0.576245 0.61048 0.045709 5.31443e-05
1.97783e+07 0.474968 0.494667 0.09738 6.58464e-05
1.27993e+07 0.187995 0.796893 0 0.00010175
2.23058e+07 0.534355 0.611772 0.0806863 5.83853e-05
2.23004e+07 0.534355 0.512007 0 5.83994e-05
2.8654e+07 0.637548 0.686794 0.115664 4.54502e-05
1.88776e+07 0.449553 0.798483 0.0699546 6.89882e-05
1.5897e+07 0.34636 0.723461 0.0349773 8.19232e-05
2.8654e+07 0.637548 0.686794 0.115664 4.54502e-05
1.76922e+07 0.412771 0.686794 0.045709 7.36102e-05
