2.00865e+07 0.529637 0.624334 0.0293573 6.28495e-05
1.8824e+07 0.497986 0.674036 0 6.70648e-05
9.76746e+06 0.0316516 0.891583 0 0.000129249
4.177e+07 0.774218 0.549699 0 3.02234e-05
9.45975e+06 0 1 0 0.000133453
1.8824e+07 0.497986 0.674036 0 6.70648e-05
4.177e+07 0.774218 0.549699 0 3.02234e-05
1.8824e+07 0.497986 0.674036 0 6.70648e-05
4.177e+07 0.774218 0.549699 0 3.02234e-05
4.177e+07 0.774218 0.549699 0 3.02234e-05
2.12401e+07 0.555151 0.686956 0.0989191 5.9436e-05
4.177e+07 0.774218 0.549699 0 3.02234e-05
4.177e+07 0.774218 0.549699 0 3.02234e-05
1.8824e+07 0.497986 0.674036 0 6.70648e-05
4.177e+07 0.774218 0.549699 0 3.02234e-05
1.8824e+07 0.497986 0.674036 0 6.70648e-05
4.177e+07 0.774218 0.549699 0 3.02234e-05
4.177e+07 0.774218 0.549699 0 3.02234e-05
1.8824e+07 0.497986 0.674036 0 6.70648e-05
4.177e+07 0.774218 0.549699 0 3.02234e-05
4.177e+07 0.774218 0.549699 0 3.02234e-05
1.8824e+07 0.497986 0.674036 0 6.70648e-05
4.177e+07 0.774218 0.549699 0 3.02234e-05
1.8824e+07 0.497986 0.674036 0 6.70648e-05
5.1235e+07 0.831383 0.562619 0.0989191 2.464e-05
4.177e+07 0.774218 0.549699 0 3.02234e-05
2.12401e+07 0.555151 0.686956 0.0989191 5.9436e-05
4.177e+07 0.774218 0.549699 0 3.02234e-05
1.8824e+07 0.497986 0.674036 0 6.70648e-05
4.177e+07 0.774218 0.549699 0 3.02234e-05
9.45975e+06 0 1 0 0.000133453
1.32254e+07 0.284865 0.879549 0.0621685 9.54552e-05
1.8824e+07 0.497986 0.674036 0 6.70648e-05
1.8824e+07 0.497986 0.674036 0 6.70648e-05
2.12401e+07 0.555151 0.686956 0.0989191 5.9436e-05
1.8824e+07 0.497986 0.674036 0 6.70648e-05
4.177e+07 0.774218 0.549699 0 3.02234e-05
4.177e+07 0.774218 0.549699 0 3.02234e-05
1.00305e+07 0.0571648 0.815081 0 0.000125859
4.177e+07 0.774218 0.549699 0 3.02234e-05
1.8824e+07 0.497986 0.674036 0 6.70648e-05
4.177e+07 0.774218 0.549699 0 3.02234e-05
1.30677e+07 0.276232 0.875663 0 9.66072e-05
4.177e+07 0.774218 0.549699 0 3.02234e-05
4.177e+07 0.774218 0.549699 0 3.02234e-05
1.8824e+07 0.497986 0.674036 0 6.70648e-05
2.12401e+07 0.555151 0.686956 0.0989191 5.9436e-05
2.12401e+07 0.555151 0.686956 0.0989191 5.9436e-05
1.8824e+07 0.497986 0.674036 0 6.70648e-05
1.8824e+07 0.497986 0.674036 0 6.70648e-05
1.8824e+07 0.497986 0.674036 0 6.70648e-05
1.8824e+07 0.497986 0.674036 0 6.70648e-05
1.30677e+07 0.276232 0.875663 0 9.66072e-05
4.177e+07 0.774218 0.549699 0 3.02234e-05
2.12401e+07 0.555151 0.686956 0.0989191 5.9436e-05
1.32254e+07 0.284865 0.879549 0.0621685 9.54552e-05
4.177e+07 0.774218 0.549699 0 3.02234e-05
1.8824e+07 0.497986 0.674036 0 6.70648e-05
1.51511e+07 0.375983 0.785648 0.0897989 8.33229e-05
9.45975e+06 0 1 0 0.000133453
1.8824e+07 0.497986 0.674036 0 6.70648e-05
2.00865e+07 0.529637 0.624334 0.0293573 6.28495e-05
4.177e+07 0.774218 0.549699 0 3.02234e-05
1.8824e+07 0.497986 0.674036 0 6.70648e-05
4.177e+07 0.774218 0.549699 0 3.02234e-05
1.30677e+07 0.276232 0.875663 0 9.66072e-05
9.75813e+06 0.0306925 0.903293 0 0.000129372
9.76746e+06 0.0316516 0.891583 0 0.000129249
1.8824e+07 0.497986 0.674036 0 6.70648e-05
2.00865e+07 0.529637 0.624334 0.0293573 6.28495e-05
4.177e+07 0.774218 0.549699 0 3.02234e-05
4.177e+07 0.774218 0.549699 0 3.02234e-05
2.00865e+07 0.529637 0.624334 0.0293573 6.28495e-05
1.32254e+07 0.284865 0.879549 0.0621685 9.54552e-05
1.8824e+07 0.497986 0.674036 0 6.70648e-05
2.12401e+07 0.555151 0.686956 0.0989191 5.9436e-05
1.8824e+07 0.497986 0.674036 0 6.70648e-05
1.8824e+07 0.497986 0.674036 0 6.70648e-05
2.00402e+07 0.528678 0.57733 0 6.29949e-05
4.177e+07 0.774218 0.549699 0 3.02234e-05
2.12401e+07 0.555151 0.686956 0.0989191 5.9436e-05
1.8824e+07 0.497986 0.674036 0 6.70648e-05
1.8824e+07 0.497986 0.674036 0 6.70648e-05
4.177e+07 0.774218 0.549699 0 3.02234e-05
1.8824e+07 0.497986 0.674036 0 6.70648e-05
4.177e+07 0.774218 0.549699 0 3.02234e-05
4.177e+07 0.774218 0.549699 0 3.02234e-05
1.8824e+07 0.497986 0.674036 0 6.70648e-05
1.8824e+07 0.497986 0.674036 0 6.70648e-05
1.8824e+07 0.497986 0.674036 0 6.70648e-05
1.8824e+07 0.497986 0.674036 0 6.70648e-05
2.00865e+07 0.529637 0.624334 0.0293573 6.28495e-05
9.73637e+06 0.0285824 0.897077 0 0.000129661
1.8824e+07 0.497986 0.674036 0 6.70648e-05
1.30677e+07 0.276232 0.875663 0 9.66072e-05
4.177e+07 0.774218 0.549699 0 3.02234e-05
4.177e+07 0.774218 0.549699 0 3.02234e-05
1.9951e+07 0.526568 0.571113 0 6.32765e-05
4.177e+07 0.774218 0.549699 0 3.02234e-05
2.12401e+07 0.555151 0.686956 0.0989191 5.9436e-05
