2.83482e+07 0.722846 0.628165 0.10202 4.38843e-05
2.43009e+07 0.676579 0.619095 0.0254829 5.11931e-05
1.25111e+07 0.370964 0.720233 0.0828579 9.94352e-05
1.70868e+07 0.539481 0.788718 0.0359653 7.2807e-05
1.14866e+07 0.314711 0.779411 0 0.000108304
2.43009e+07 0.676579 0.619095 0.0254829 5.11931e-05
4.20284e+07 0.854191 0.619095 0.0614482 2.96e-05
2.43009e+07 0.676579 0.619095 0.0254829 5.11931e-05
1.70868e+07 0.539481 0.788718 0.0359653 7.2807e-05
4.20284e+07 0.854191 0.619095 0.0614482 2.96e-05
2.74194e+07 0.713528 0.560045 0.0488636 4.53708e-05
4.20284e+07 0.854191 0.619095 0.0614482 2.96e-05
4.20284e+07 0.854191 0.619095 0.0614482 2.96e-05
1.23338e+07 0.361868 0.788718 0 0.000100865
1.70868e+07 0.539481 0.788718 0.0359653 7.2807e-05
2.43009e+07 0.676579 0.619095 0.0254829 5.11931e-05
1.70868e+07 0.539481 0.788718 0.0359653 7.2807e-05
4.20284e+07 0.854191 0.619095 0.0614482 2.96e-05
2.43009e+07 0.676579 0.619095 0.0254829 5.11931e-05
4.20284e+07 0.854191 0.619095 0.0614482 2.96e-05
4.20284e+07 0.854191 0.619095 0.0614482 2.96e-05
2.43009e+07 0.676579 0.619095 0.0254829 5.11931e-05
4.20284e+07 0.854191 0.619095 0.0614482 2.96e-05
2.43009e+07 0.676579 0.619095 0.0254829 5.11931e-05
1.8572e+07 0.576429 0.729668 0.059346 6.69848e-05
4.20284e+07 0.854191 0.619095 0.0614482 2.96e-05
2.74194e+07 0.713528 0.560045 0.0488636 4.53708e-05
1.70868e+07 0.539481 0.788718 0.0359653 7.2807e-05
2.43009e+07 0.676579 0.619095 0.0254829 5.11931e-05
1.70868e+07 0.539481 0.788718 0.0359653 7.2807e-05
1.14866e+07 0.314711 0.779411 0 0.000108304
9.98772e+06 0.211745 0.866184 0.0696827 0.000124557
2.43009e+07 0.676579 0.619095 0.0254829 5.11931e-05
2.43009e+07 0.676579 0.619095 0.0254829 5.11931e-05
2.74194e+07 0.713528 0.560045 0.0488636 4.53708e-05
2.43009e+07 0.676579 0.619095 0.0254829 5.11931e-05
1.70868e+07 0.539481 0.788718 0.0359653 7.2807e-05
4.20284e+07 0.854191 0.619095 0.0614482 2.96e-05
1.21381e+07 0.351659 0.673599 0 0.000102491
4.20284e+07 0.854191 0.619095 0.0614482 2.96e-05
2.43009e+07 0.676579 0.619095 0.0254829 5.11931e-05
4.20284e+07 0.854191 0.619095 0.0614482 2.96e-05
1.54985e+07 0.492323 0.707481 0 8.02685e-05
4.20284e+07 0.854191 0.619095 0.0614482 2.96e-05
1.70868e+07 0.539481 0.788718 0.0359653 7.2807e-05
2.43009e+07 0.676579 0.619095 0.0254829 5.11931e-05
2.74194e+07 0.713528 0.560045 0.0488636 4.53708e-05
2.74194e+07 0.713528 0.560045 0.0488636 4.53708e-05
2.43009e+07 0.676579 0.619095 0.0254829 5.11931e-05
1.23338e+07 0.361868 0.788718 0 0.000100865
1.23338e+07 0.361868 0.788718 0 0.000100865
2.43009e+07 0.676579 0.619095 0.0254829 5.11931e-05
1.54985e+07 0.492323 0.707481 0 8.02685e-05
4.20284e+07 0.854191 0.619095 0.0614482 2.96e-05
2.74194e+07 0.713528 0.560045 0.0488636 4.53708e-05
9.98772e+06 0.211745 0.866184 0.0696827 0.000124557
4.20284e+07 0.854191 0.619095 0.0614482 2.96e-05
2.43009e+07 0.676579 0.619095 0.0254829 5.11931e-05
9.57487e+06 0.177612 0.928069 0 0.000129928
1.14866e+07 0.314711 0.779411 0 0.000108304
1.23338e+07 0.361868 0.788718 0 0.000100865
2.83482e+07 0.722846 0.628165 0.10202 4.38843e-05
4.20284e+07 0.854191 0.619095 0.0614482 2.96e-05
2.43009e+07 0.676579 0.619095 0.0254829 5.11931e-05
1.70868e+07 0.539481 0.788718 0.0359653 7.2807e-05
9.57487e+06 0.177612 0.928069 0 0.000129928
1.14866e+07 0.314711 0.779411 0 0.000108304
1.23164e+07 0.360977 0.752515 0.0585543 0.000101007
2.43009e+07 0.676579 0.619095 0.0254829 5.11931e-05
2.83482e+07 0.722846 0.628165 0.10202 4.38843e-05
4.20284e+07 0.854191 0.619095 0.0614482 2.96e-05
1.70868e+07 0.539481 0.788718 0.0359653 7.2807e-05
2.83482e+07 0.722846 0.628165 0.10202 4.38843e-05
9.63992e+06 0.183163 0.930317 0.0359653 0.000129051
2.43009e+07 0.676579 0.619095 0.0254829 5.11931e-05
2.74194e+07 0.713528 0.560045 0.0488636 4.53708e-05
2.43009e+07 0.676579 0.619095 0.0254829 5.11931e-05
2.43009e+07 0.676579 0.619095 0.0254829 5.11931e-05
1.23338e+07 0.361868 0.788718 0 0.000100865
1.70868e+07 0.539481 0.788718 0.0359653 7.2807e-05
2.74194e+07 0.713528 0.560045 0.0488636 4.53708e-05
2.43009e+07 0.676579 0.619095 0.0254829 5.11931e-05
2.43009e+07 0.676579 0.619095 0.0254829 5.11931e-05
4.20284e+07 0.854191 0.619095 0.0614482 2.96e-05
2.43009e+07 0.676579 0.619095 0.0254829 5.11931e-05
4.20284e+07 0.854191 0.619095 0.0614482 2.96e-05
1.70868e+07 0.539481 0.788718 0.0359653 7.2807e-05
2.43009e+07 0.676579 0.619095 0.0254829 5.11931e-05
2.43009e+07 0.676579 0.619095 0.0254829 5.11931e-05
1.23338e+07 0.361868 0.788718 0 0.000100865
2.43009e+07 0.676579 0.619095 0.0254829 5.11931e-05
2.83482e+07 0.722846 0.628165 0.10202 4.38843e-05
1.18027e+07 0.333185 0.719557 0 0.000105403
2.43009e+07 0.676579 0.619095 0.0254829 5.11931e-05
1.54985e+07 0.492323 0.707481 0 8.02685e-05
4.20284e+07 0.854191 0.619095 0.0614482 2.96e-05
1.70868e+07 0.539481 0.788718 0.0359653 7.2807e-05
1.26984e+07 0.380343 0.728864 0 9.7968e-05
4.20284e+07 0.854191 0.619095 0.0614482 2.96e-05
2.74194e+07 0.713528 0.560045 0.0488636 4.53708e-05
