1.57932e+07 0.593937 0.641885 0.0209063 7.25389e-05
1.57932e+07 0.593937 0.641885 0.0209063 7.25389e-05
8.83514e+06 0.273415 0.771177 0.0236122 0.000129666
1.27043e+07 0.49482 0.798757 0.0356251 9.01757e-05
8.7278e+06 0.26444 0.801315 0 0.000131261
2.01051e+07 0.681191 0.60558 0.0387188 5.69815e-05
2.66128e+07 0.75926 0.641885 0.0565313 4.30477e-05
2.01051e+07 0.681191 0.60558 0.0387188 5.69815e-05
1.53531e+07 0.582074 0.762452 0.0534376 7.46183e-05
2.66128e+07 0.75926 0.641885 0.0565313 4.30477e-05
1.73348e+07 0.630102 0.641065 0.080637 6.60877e-05
2.66128e+07 0.75926 0.641885 0.0565313 4.30477e-05
2.66128e+07 0.75926 0.641885 0.0565313 4.30477e-05
1.1004e+07 0.416751 0.762452 0.0178125 0.000104109
1.53531e+07 0.582074 0.762452 0.0534376 7.46183e-05
1.57932e+07 0.593937 0.641885 0.0209063 7.25389e-05
1.27043e+07 0.49482 0.798757 0.0356251 9.01757e-05
2.66128e+07 0.75926 0.641885 0.0565313 4.30477e-05
1.57932e+07 0.593937 0.641885 0.0209063 7.25389e-05
2.66128e+07 0.75926 0.641885 0.0565313 4.30477e-05
2.66128e+07 0.75926 0.641885 0.0565313 4.30477e-05
1.57932e+07 0.593937 0.641885 0.0209063 7.25389e-05
2.66128e+07 0.75926 0.641885 0.0565313 4.30477e-05
1.57932e+07 0.593937 0.641885 0.0209063 7.25389e-05
1.36832e+07 0.530985 0.797938 0.0953558 8.37245e-05
2.66128e+07 0.75926 0.641885 0.0565313 4.30477e-05
1.73348e+07 0.630102 0.641065 0.080637 6.60877e-05
1.27043e+07 0.49482 0.798757 0.0356251 9.01757e-05
1.57932e+07 0.593937 0.641885 0.0209063 7.25389e-05
1.27043e+07 0.49482 0.798757 0.0356251 9.01757e-05
8.7278e+06 0.26444 0.801315 0 0.000131261
7.99699e+06 0.197263 0.798885 0 0.000143256
2.01051e+07 0.681191 0.60558 0.0387188 5.69815e-05
1.57932e+07 0.593937 0.641885 0.0209063 7.25389e-05
1.73348e+07 0.630102 0.641065 0.080637 6.60877e-05
1.57932e+07 0.593937 0.641885 0.0209063 7.25389e-05
1.53531e+07 0.582074 0.762452 0.0534376 7.46183e-05
2.66128e+07 0.75926 0.641885 0.0565313 4.30477e-05
9.17597e+06 0.300604 0.681034 0 0.00012485
2.66128e+07 0.75926 0.641885 0.0565313 4.30477e-05
1.57932e+07 0.593937 0.641885 0.0209063 7.25389e-05
2.66128e+07 0.75926 0.641885 0.0565313 4.30477e-05
1.12541e+07 0.429763 0.730065 0 0.000101796
2.66128e+07 0.75926 0.641885 0.0565313 4.30477e-05
1.53531e+07 0.582074 0.762452 0.0534376 7.46183e-05
2.01051e+07 0.681191 0.60558 0.0387188 5.69815e-05
1.73348e+07 0.630102 0.641065 0.080637 6.60877e-05
1.73348e+07 0.630102 0.641065 0.080637 6.60877e-05
1.57932e+07 0.593937 0.641885 0.0209063 7.25389e-05
1.1004e+07 0.416751 0.762452 0.0178125 0.000104109
1.1004e+07 0.416751 0.762452 0.0178125 0.000104109
2.01051e+07 0.681191 0.60558 0.0387188 5.69815e-05
1.12541e+07 0.429763 0.730065 0 0.000101796
2.66128e+07 0.75926 0.641885 0.0565313 4.30477e-05
1.73348e+07 0.630102 0.641065 0.080637 6.60877e-05
7.99699e+06 0.197263 0.798885 0 0.000143256
2.66128e+07 0.75926 0.641885 0.0565313 4.30477e-05
1.57932e+07 0.593937 0.641885 0.0209063 7.25389e-05
7.69342e+06 0.165323 0.92875 0 0.000148909
8.7278e+06 0.26444 0.801315 0 0.000131261
1.1004e+07 0.416751 0.762452 0.0178125 0.000104109
1.57932e+07 0.593937 0.641885 0.0209063 7.25389e-05
2.66128e+07 0.75926 0.641885 0.0565313 4.30477e-05
1.57932e+07 0.593937 0.641885 0.0209063 7.25389e-05
1.27043e+07 0.49482 0.798757 0.0356251 9.01757e-05
7.74324e+06 0.170776 0.902031 0.0356251 0.000147951
9.5976e+06 0.331219 0.749901 0.0224847 0.000119365
8.7278e+06 0.26444 0.801315 0 0.000131261
1.57932e+07 0.593937 0.641885 0.0209063 7.25389e-05
1.57932e+07 0.593937 0.641885 0.0209063 7.25389e-05
2.66128e+07 0.75926 0.641885 0.0565313 4.30477e-05
1.27043e+07 0.49482 0.798757 0.0356251 9.01757e-05
1.57932e+07 0.593937 0.641885 0.0209063 7.25389e-05
7.69342e+06 0.165323 0.92875 0 0.000148909
2.01051e+07 0.681191 0.60558 0.0387188 5.69815e-05
1.73348e+07 0.630102 0.641065 0.080637 6.60877e-05
2.01051e+07 0.681191 0.60558 0.0387188 5.69815e-05
1.57932e+07 0.593937 0.641885 0.0209063 7.25389e-05
9.57341e+06 0.329498 0.798757 0 0.000119667
1.53531e+07 0.582074 0.762452 0.0534376 7.46183e-05
1.73348e+07 0.630102 0.641065 0.080637 6.60877e-05
1.57932e+07 0.593937 0.641885 0.0209063 7.25389e-05
1.57932e+07 0.593937 0.641885 0.0209063 7.25389e-05
2.66128e+07 0.75926 0.641885 0.0565313 4.30477e-05
2.01051e+07 0.681191 0.60558 0.0387188 5.69815e-05
2.66128e+07 0.75926 0.641885 0.0565313 4.30477e-05
1.53531e+07 0.582074 0.762452 0.0534376 7.46183e-05
1.57932e+07 0.593937 0.641885 0.0209063 7.25389e-05
1.57932e+07 0.593937 0.641885 0.0209063 7.25389e-05
1.1004e+07 0.416751 0.762452 0.0178125 0.000104109
1.57932e+07 0.593937 0.641885 0.0209063 7.25389e-05
1.57932e+07 0.593937 0.641885 0.0209063 7.25389e-05
8.7278e+06 0.26444 0.801315 0 0.000131261
2.01051e+07 0.681191 0.60558 0.0387188 5.69815e-05
1.32821e+07 0.517016 0.658135 0 8.62531e-05
2.66128e+07 0.75926 0.641885 0.0565313 4.30477e-05
1.27043e+07 0.49482 0.798757 0.0356251 9.01757e-05
1.1004e+07 0.416751 0.762452 0.0178125 0.000104109
2.66128e+07 0.75926 0.641885 0.0565313 4.30477e-05
1.73348e+07 0.630102 0.641065 0.080637 6.60877e-05
