1.80243e+07 0.439358 0.805228 0.0397041 6.76926e-05
1.70782e+07 0.408222 0.844286 0.0220762 7.14426e-05
1.30644e+07 0.226482 0.741772 0 9.33917e-05
1.30713e+07 0.226601 0.898631 0 9.33425e-05
1.23539e+07 0.18162 0.901503 0 9.87629e-05
1.70782e+07 0.408222 0.844286 0.0220762 7.14426e-05
1.70782e+07 0.408222 0.844286 0.0220762 7.14426e-05
1.70782e+07 0.408222 0.844286 0.0220762 7.14426e-05
1.30713e+07 0.226601 0.898631 0 9.33425e-05
1.70782e+07 0.408222 0.844286 0.0220762 7.14426e-05
1.88399e+07 0.463705 0.791627 0.0573321 6.47619e-05
1.70782e+07 0.408222 0.844286 0.0220762 7.14426e-05
1.70782e+07 0.408222 0.844286 0.0220762 7.14426e-05
1.30713e+07 0.226601 0.898631 0 9.33425e-05
1.30713e+07 0.226601 0.898631 0 9.33425e-05
1.70782e+07 0.408222 0.844286 0.0220762 7.14426e-05
2.64595e+07 0.618273 0.807223 0 4.61123e-05
1.70782e+07 0.408222 0.844286 0.0220762 7.14426e-05
5.0392e+07 0.799894 0.752879 0.0220762 2.42124e-05
1.70782e+07 0.408222 0.844286 0.0220762 7.14426e-05
1.70782e+07 0.408222 0.844286 0.0220762 7.14426e-05
5.0392e+07 0.799894 0.752879 0.0220762 2.42124e-05
1.70782e+07 0.408222 0.844286 0.0220762 7.14426e-05
5.0392e+07 0.799894 0.752879 0.0220762 2.42124e-05
1.4079e+07 0.282085 0.845972 0.0352559 8.66618e-05
1.70782e+07 0.408222 0.844286 0.0220762 7.14426e-05
1.88399e+07 0.463705 0.791627 0.0573321 6.47619e-05
1.30713e+07 0.226601 0.898631 0 9.33425e-05
1.70782e+07 0.408222 0.844286 0.0220762 7.14426e-05
1.30713e+07 0.226601 0.898631 0 9.33425e-05
2.36738e+07 0.573293 0.810095 0 5.15384e-05
1.09423e+07 0.0763161 0.817954 0 0.000111504
1.70782e+07 0.408222 0.844286 0.0220762 7.14426e-05
1.70782e+07 0.408222 0.844286 0.0220762 7.14426e-05
1.88399e+07 0.463705 0.791627 0.0573321 6.47619e-05
5.0392e+07 0.799894 0.752879 0.0220762 2.42124e-05
1.30713e+07 0.226601 0.898631 0 9.33425e-05
1.70782e+07 0.408222 0.844286 0.0220762 7.14426e-05
1.32473e+07 0.237104 0.778332 0 9.21027e-05
1.70782e+07 0.408222 0.844286 0.0220762 7.14426e-05
5.0392e+07 0.799894 0.752879 0.0220762 2.42124e-05
1.70782e+07 0.408222 0.844286 0.0220762 7.14426e-05
1.23539e+07 0.18162 0.901503 0 9.87629e-05
1.70782e+07 0.408222 0.844286 0.0220762 7.14426e-05
1.30713e+07 0.226601 0.898631 0 9.33425e-05
1.70782e+07 0.408222 0.844286 0.0220762 7.14426e-05
1.88399e+07 0.463705 0.791627 0.0573321 6.47619e-05
1.88399e+07 0.463705 0.791627 0.0573321 6.47619e-05
1.70782e+07 0.408222 0.844286 0.0220762 7.14426e-05
2.64595e+07 0.618273 0.807223 0 4.61123e-05
2.64595e+07 0.618273 0.807223 0 4.61123e-05
1.70782e+07 0.408222 0.844286 0.0220762 7.14426e-05
1.23539e+07 0.18162 0.901503 0 9.87629e-05
1.70782e+07 0.408222 0.844286 0.0220762 7.14426e-05
1.88399e+07 0.463705 0.791627 0.0573321 6.47619e-05
1.09423e+07 0.0763161 0.817954 0 0.000111504
1.70782e+07 0.408222 0.844286 0.0220762 7.14426e-05
1.70782e+07 0.408222 0.844286 0.0220762 7.14426e-05
1.01123e+07 0 1 0 0.000120656
1.24459e+07 0.187667 0.906207 0.0235204 9.80333e-05
2.64595e+07 0.618273 0.807223 0 4.61123e-05
1.80243e+07 0.439358 0.805228 0.0397041 6.76926e-05
1.70782e+07 0.408222 0.844286 0.0220762 7.14426e-05
5.0392e+07 0.799894 0.752879 0.0220762 2.42124e-05
1.30713e+07 0.226601 0.898631 0 9.33425e-05
1.01123e+07 0 1 0 0.000120656
1.23539e+07 0.18162 0.901503 0 9.87629e-05
2.55244e+07 0.604429 0.735781 0 4.78016e-05
1.70782e+07 0.408222 0.844286 0.0220762 7.14426e-05
1.80243e+07 0.439358 0.805228 0.0397041 6.76926e-05
1.70782e+07 0.408222 0.844286 0.0220762 7.14426e-05
1.30713e+07 0.226601 0.898631 0 9.33425e-05
1.80243e+07 0.439358 0.805228 0.0397041 6.76926e-05
1.01123e+07 0 1 0 0.000120656
1.70782e+07 0.408222 0.844286 0.0220762 7.14426e-05
1.88399e+07 0.463705 0.791627 0.0573321 6.47619e-05
1.70782e+07 0.408222 0.844286 0.0220762 7.14426e-05
1.70782e+07 0.408222 0.844286 0.0220762 7.14426e-05
1.30713e+07 0.226601 0.898631 0 9.33425e-05
1.30713e+07 0.226601 0.898631 0 9.33425e-05
1.88399e+07 0.463705 0.791627 0.0573321 6.47619e-05
5.0392e+07 0.799894 0.752879 0.0220762 2.42124e-05
1.70782e+07 0.408222 0.844286 0.0220762 7.14426e-05
1.70782e+07 0.408222 0.844286 0.0220762 7.14426e-05
1.70782e+07 0.408222 0.844286 0.0220762 7.14426e-05
1.70782e+07 0.408222 0.844286 0.0220762 7.14426e-05
1.30713e+07 0.226601 0.898631 0 9.33425e-05
1.70782e+07 0.408222 0.844286 0.0220762 7.14426e-05
1.70782e+07 0.408222 0.844286 0.0220762 7.14426e-05
1.30713e+07 0.226601 0.898631 0 9.33425e-05
5.0392e+07 0.799894 0.752879 0.0220762 2.42124e-05
1.80243e+07 0.439358 0.805228 0.0397041 6.76926e-05
1.23539e+07 0.18162 0.901503 0 9.87629e-05
1.70782e+07 0.408222 0.844286 0.0220762 7.14426e-05
1.23539e+07 0.18162 0.901503 0 9.87629e-05
1.70782e+07 0.408222 0.844286 0.0220762 7.14426e-05
1.31723e+07 0.232648 0.856294 0 9.26266e-05
1.30713e+07 0.226601 0.898631 0 9.33425e-05
1.70782e+07 0.408222 0.844286 0.0220762 7.14426e-05
1.88399e+07 0.463705 0.791627 0.0573321 6.47619e-05
