2.36125e+07 0.770372 0.580359 0.114866 4.22966e-05
1.99423e+07 0.728073 0.537053 0.0236033 5.00809e-05
1.02075e+07 0.467938 0.603359 0.101813 9.7842e-05
7.99212e+06 0.319995 0.799833 0 0.000124964
1.03042e+07 0.472746 0.717438 0.0514028 9.6924e-05
1.99423e+07 0.728073 0.537053 0.0236033 5.00809e-05
1.99423e+07 0.728073 0.537053 0.0236033 5.00809e-05
1.99423e+07 0.728073 0.537053 0.0236033 5.00809e-05
7.99212e+06 0.319995 0.799833 0 0.000124964
1.99423e+07 0.728073 0.537053 0.0236033 5.00809e-05
2.58448e+07 0.803752 0.55794 0.150413 3.86432e-05
1.99423e+07 0.728073 0.537053 0.0236033 5.00809e-05
1.99423e+07 0.728073 0.537053 0.0236033 5.00809e-05
7.99212e+06 0.319995 0.799833 0 0.000124964
7.99212e+06 0.319995 0.799833 0 0.000124964
1.99423e+07 0.728073 0.537053 0.0236033 5.00809e-05
7.99212e+06 0.319995 0.799833 0 0.000124964
1.99423e+07 0.728073 0.537053 0.0236033 5.00809e-05
1.99423e+07 0.728073 0.537053 0.0236033 5.00809e-05
1.99423e+07 0.728073 0.537053 0.0236033 5.00809e-05
1.99423e+07 0.728073 0.537053 0.0236033 5.00809e-05
1.99423e+07 0.728073 0.537053 0.0236033 5.00809e-05
1.99423e+07 0.728073 0.537053 0.0236033 5.00809e-05
1.99423e+07 0.728073 0.537053 0.0236033 5.00809e-05
8.99123e+06 0.395674 0.7555 0.0941998 0.000111078
1.99423e+07 0.728073 0.537053 0.0236033 5.00809e-05
2.58448e+07 0.803752 0.55794 0.150413 3.86432e-05
7.99212e+06 0.319995 0.799833 0 0.000124964
2.6148e+07 0.792741 0.564477 0.0750061 3.81952e-05
7.99212e+06 0.319995 0.799833 0 0.000124964
9.17868e+06 0.408078 0.690013 0 0.000108809
5.43724e+06 0 1 0 0.000183683
1.99423e+07 0.728073 0.537053 0.0236033 5.00809e-05
1.99423e+07 0.728073 0.537053 0.0236033 5.00809e-05
2.58448e+07 0.803752 0.55794 0.150413 3.86432e-05
1.99423e+07 0.728073 0.537053 0.0236033 5.00809e-05
7.99212e+06 0.319995 0.799833 0 0.000124964
1.99423e+07 0.728073 0.537053 0.0236033 5.00809e-05
1.05176e+07 0.483756 0.522501 0.0326101 9.49577e-05
1.99423e+07 0.728073 0.537053 0.0236033 5.00809e-05
1.99423e+07 0.728073 0.537053 0.0236033 5.00809e-05
1.99423e+07 0.728073 0.537053 0.0236033 5.00809e-05
9.17868e+06 0.408078 0.690013 0 0.000108809
1.99423e+07 0.728073 0.537053 0.0236033 5.00809e-05
7.99212e+06 0.319995 0.799833 0 0.000124964
1.99423e+07 0.728073 0.537053 0.0236033 5.00809e-05
2.58448e+07 0.803752 0.55794 0.150413 3.86432e-05
2.58448e+07 0.803752 0.55794 0.150413 3.86432e-05
1.99423e+07 0.728073 0.537053 0.0236033 5.00809e-05
7.99212e+06 0.319995 0.799833 0 0.000124964
7.99212e+06 0.319995 0.799833 0 0.000124964
1.99423e+07 0.728073 0.537053 0.0236033 5.00809e-05
9.17868e+06 0.408078 0.690013 0 0.000108809
1.99423e+07 0.728073 0.537053 0.0236033 5.00809e-05
2.58448e+07 0.803752 0.55794 0.150413 3.86432e-05
5.43724e+06 0 1 0 0.000183683
1.99423e+07 0.728073 0.537053 0.0236033 5.00809e-05
1.99423e+07 0.728073 0.537053 0.0236033 5.00809e-05
5.43724e+06 0 1 0 0.000183683
9.17868e+06 0.408078 0.690013 0 0.000108809
7.99212e+06 0.319995 0.799833 0 0.000124964
2.36125e+07 0.770372 0.580359 0.114866 4.22966e-05
1.99423e+07 0.728073 0.537053 0.0236033 5.00809e-05
1.99423e+07 0.728073 0.537053 0.0236033 5.00809e-05
7.99212e+06 0.319995 0.799833 0 0.000124964
5.43724e+06 0 1 0 0.000183683
1.03561e+07 0.47558 0.592717 0 9.64383e-05
9.88313e+06 0.450377 0.664503 0.056854 0.000101054
1.99423e+07 0.728073 0.537053 0.0236033 5.00809e-05
2.36125e+07 0.770372 0.580359 0.114866 4.22966e-05
1.99423e+07 0.728073 0.537053 0.0236033 5.00809e-05
7.99212e+06 0.319995 0.799833 0 0.000124964
2.36125e+07 0.770372 0.580359 0.114866 4.22966e-05
5.43724e+06 0 1 0 0.000183683
1.99423e+07 0.728073 0.537053 0.0236033 5.00809e-05
2.58448e+07 0.803752 0.55794 0.150413 3.86432e-05
1.99423e+07 0.728073 0.537053 0.0236033 5.00809e-05
2.6148e+07 0.792741 0.564477 0.0750061 3.81952e-05
7.99212e+06 0.319995 0.799833 0 0.000124964
7.99212e+06 0.319995 0.799833 0 0.000124964
2.58448e+07 0.803752 0.55794 0.150413 3.86432e-05
1.99423e+07 0.728073 0.537053 0.0236033 5.00809e-05
1.99423e+07 0.728073 0.537053 0.0236033 5.00809e-05
1.99423e+07 0.728073 0.537053 0.0236033 5.00809e-05
1.99423e+07 0.728073 0.537053 0.0236033 5.00809e-05
1.99423e+07 0.728073 0.537053 0.0236033 5.00809e-05
7.99212e+06 0.319995 0.799833 0 0.000124964
1.99423e+07 0.728073 0.537053 0.0236033 5.00809e-05
1.99423e+07 0.728073 0.537053 0.0236033 5.00809e-05
7.99212e+06 0.319995 0.799833 0 0.000124964
1.99423e+07 0.728073 0.537053 0.0236033 5.00809e-05
2.36125e+07 0.770372 0.580359 0.114866 4.22966e-05
9.17868e+06 0.408078 0.690013 0 0.000108809
1.99423e+07 0.728073 0.537053 0.0236033 5.00809e-05
9.17868e+06 0.408078 0.690013 0 0.000108809
1.99423e+07 0.728073 0.537053 0.0236033 5.00809e-05
7.99212e+06 0.319995 0.799833 0 0.000124964
7.99212e+06 0.319995 0.799833 0 0.000124964
1.99423e+07 0.728073 0.537053 0.0236033 5.00809e-05
2.58448e+07 0.803752 0.55794 0.150413 3.86432e-05
