1.90549e+07 0.323168 0.747942 0.0326629 7.35429e-05
1.80756e+07 0.286409 0.810693 0 7.75271e-05
1.33938e+07 0.0367587 0.871923 0 0.000104627
5.39839e+07 0.7614 0.724667 0.0653257 2.59587e-05
1.29038e+07 0 1 0 0.0001086
1.80756e+07 0.286409 0.810693 0 7.75271e-05
5.39839e+07 0.7614 0.724667 0.0653257 2.59587e-05
1.80756e+07 0.286409 0.810693 0 7.75271e-05
5.39839e+07 0.7614 0.724667 0.0653257 2.59587e-05
5.39839e+07 0.7614 0.724667 0.0653257 2.59587e-05
1.80756e+07 0.286409 0.810693 0 7.75271e-05
5.39839e+07 0.7614 0.724667 0.0653257 2.59587e-05
5.39839e+07 0.7614 0.724667 0.0653257 2.59587e-05
1.80756e+07 0.286409 0.810693 0 7.75271e-05
5.39839e+07 0.7614 0.724667 0.0653257 2.59587e-05
1.80756e+07 0.286409 0.810693 0 7.75271e-05
5.39839e+07 0.7614 0.724667 0.0653257 2.59587e-05
5.39839e+07 0.7614 0.724667 0.0653257 2.59587e-05
1.80756e+07 0.286409 0.810693 0 7.75271e-05
5.39839e+07 0.7614 0.724667 0.0653257 2.59587e-05
5.39839e+07 0.7614 0.724667 0.0653257 2.59587e-05
1.80756e+07 0.286409 0.810693 0 7.75271e-05
5.39839e+07 0.7614 0.724667 0.0653257 2.59587e-05
1.80756e+07 0.286409 0.810693 0 7.75271e-05
5.39839e+07 0.7614 0.724667 0.0653257 2.59587e-05
5.39839e+07 0.7614 0.724667 0.0653257 2.59587e-05
1.80756e+07 0.286409 0.810693 0 7.75271e-05
5.39839e+07 0.7614 0.724667 0.0653257 2.59587e-05
1.80756e+07 0.286409 0.810693 0 7.75271e-05
6.84253e+07 0.896943 0.654352 0.113631 2.048e-05
1.29038e+07 0 1 0 0.0001086
2.8095e+07 0.541289 0.621689 0.0833374 4.9879e-05
1.80756e+07 0.286409 0.810693 0 7.75271e-05
1.80756e+07 0.286409 0.810693 0 7.75271e-05
1.80756e+07 0.286409 0.810693 0 7.75271e-05
1.80756e+07 0.286409 0.810693 0 7.75271e-05
5.39839e+07 0.7614 0.724667 0.0653257 2.59587e-05
5.39839e+07 0.7614 0.724667 0.0653257 2.59587e-05
1.29038e+07 0 1 0 0.0001086
5.39839e+07 0.7614 0.724667 0.0653257 2.59587e-05
1.80756e+07 0.286409 0.810693 0 7.75271e-05
5.39839e+07 0.7614 0.724667 0.0653257 2.59587e-05
2.45648e+07 0.474991 0.783323 0 5.70471e-05
5.39839e+07 0.7614 0.724667 0.0653257 2.59587e-05
5.39839e+07 0.7614 0.724667 0.0653257 2.59587e-05
1.80756e+07 0.286409 0.810693 0 7.75271e-05
1.80756e+07 0.286409 0.810693 0 7.75271e-05
1.80756e+07 0.286409 0.810693 0 7.75271e-05
1.80756e+07 0.286409 0.810693 0 7.75271e-05
1.80756e+07 0.286409 0.810693 0 7.75271e-05
1.80756e+07 0.286409 0.810693 0 7.75271e-05
1.80756e+07 0.286409 0.810693 0 7.75271e-05
2.45648e+07 0.474991 0.783323 0 5.70471e-05
5.39839e+07 0.7614 0.724667 0.0653257 2.59587e-05
1.80756e+07 0.286409 0.810693 0 7.75271e-05
2.8095e+07 0.541289 0.621689 0.0833374 4.9879e-05
5.39839e+07 0.7614 0.724667 0.0653257 2.59587e-05
1.80756e+07 0.286409 0.810693 0 7.75271e-05
2.45648e+07 0.474991 0.783323 0 5.70471e-05
1.29038e+07 0 1 0 0.0001086
1.80756e+07 0.286409 0.810693 0 7.75271e-05
1.90549e+07 0.323168 0.747942 0.0326629 7.35429e-05
5.39839e+07 0.7614 0.724667 0.0653257 2.59587e-05
1.80756e+07 0.286409 0.810693 0 7.75271e-05
6.84253e+07 0.896943 0.654352 0.113631 2.048e-05
2.45648e+07 0.474991 0.783323 0 5.70471e-05
1.29038e+07 0 1 0 0.0001086
1.33938e+07 0.0367587 0.871923 0 0.000104627
1.80756e+07 0.286409 0.810693 0 7.75271e-05
1.90549e+07 0.323168 0.747942 0.0326629 7.35429e-05
5.39839e+07 0.7614 0.724667 0.0653257 2.59587e-05
6.84253e+07 0.896943 0.654352 0.113631 2.048e-05
1.90549e+07 0.323168 0.747942 0.0326629 7.35429e-05
3.35902e+07 0.616427 0.619084 0.0430128 4.1719e-05
1.80756e+07 0.286409 0.810693 0 7.75271e-05
1.80756e+07 0.286409 0.810693 0 7.75271e-05
1.80756e+07 0.286409 0.810693 0 7.75271e-05
1.80756e+07 0.286409 0.810693 0 7.75271e-05
2.2307e+07 0.421952 0.740377 0.0483054 6.2821e-05
5.39839e+07 0.7614 0.724667 0.0653257 2.59587e-05
1.80756e+07 0.286409 0.810693 0 7.75271e-05
1.80756e+07 0.286409 0.810693 0 7.75271e-05
1.80756e+07 0.286409 0.810693 0 7.75271e-05
5.39839e+07 0.7614 0.724667 0.0653257 2.59587e-05
1.80756e+07 0.286409 0.810693 0 7.75271e-05
5.39839e+07 0.7614 0.724667 0.0653257 2.59587e-05
5.39839e+07 0.7614 0.724667 0.0653257 2.59587e-05
1.80756e+07 0.286409 0.810693 0 7.75271e-05
1.80756e+07 0.286409 0.810693 0 7.75271e-05
1.80756e+07 0.286409 0.810693 0 7.75271e-05
1.80756e+07 0.286409 0.810693 0 7.75271e-05
1.90549e+07 0.323168 0.747942 0.0326629 7.35429e-05
1.29038e+07 0 1 0 0.0001086
1.80756e+07 0.286409 0.810693 0 7.75271e-05
2.45648e+07 0.474991 0.783323 0 5.70471e-05
5.39839e+07 0.7614 0.724667 0.0653257 2.59587e-05
5.39839e+07 0.7614 0.724667 0.0653257 2.59587e-05
1.80756e+07 0.286409 0.810693 0 7.75271e-05
5.39839e+07 0.7614 0.724667 0.0653257 2.59587e-05
1.80756e+07 0.286409 0.810693 0 7.75271e-05
