2.30272e+07 0.52453 0.573025 0.100914 5.63738e-05
2.15102e+07 0.491031 0.523573 0 6.03494e-05
1.4908e+07 0.265183 0.719371 0.0623174 8.70758e-05
2.27575e+07 0.518695 0.776461 0.0771932 5.70419e-05
1.42594e+07 0.231684 0.747112 0 9.10367e-05
3.09517e+07 0.646639 0.34828 0 4.19405e-05
4.38122e+07 0.750378 0.523573 0.0771932 2.96294e-05
3.09517e+07 0.646639 0.34828 0 4.19405e-05
3.36016e+07 0.674303 0.601169 0.0771932 3.8633e-05
4.38122e+07 0.750378 0.523573 0.0771932 2.96294e-05
2.44095e+07 0.551545 0.528076 0.128334 5.31814e-05
4.38122e+07 0.750378 0.523573 0.0771932 2.96294e-05
4.38122e+07 0.750378 0.523573 0.0771932 2.96294e-05
1.87177e+07 0.414956 0.601169 0 6.9353e-05
3.36016e+07 0.674303 0.601169 0.0771932 3.8633e-05
2.15102e+07 0.491031 0.523573 0 6.03494e-05
2.27575e+07 0.518695 0.776461 0.0771932 5.70419e-05
4.38122e+07 0.750378 0.523573 0.0771932 2.96294e-05
2.15102e+07 0.491031 0.523573 0 6.03494e-05
4.38122e+07 0.750378 0.523573 0.0771932 2.96294e-05
4.38122e+07 0.750378 0.523573 0.0771932 2.96294e-05
2.15102e+07 0.491031 0.523573 0 6.03494e-05
4.38122e+07 0.750378 0.523573 0.0771932 2.96294e-05
2.15102e+07 0.491031 0.523573 0 6.03494e-05
2.60202e+07 0.579209 0.63687 0.13348 4.98893e-05
4.38122e+07 0.750378 0.523573 0.0771932 2.96294e-05
2.44095e+07 0.551545 0.528076 0.128334 5.31814e-05
2.27575e+07 0.518695 0.776461 0.0771932 5.70419e-05
2.15102e+07 0.491031 0.523573 0 6.03494e-05
2.27575e+07 0.518695 0.776461 0.0771932 5.70419e-05
1.42594e+07 0.231684 0.747112 0 9.10367e-05
1.47941e+07 0.259347 0.845614 0 8.77466e-05
3.09517e+07 0.646639 0.34828 0 4.19405e-05
2.15102e+07 0.491031 0.523573 0 6.03494e-05
2.44095e+07 0.551545 0.528076 0.128334 5.31814e-05
2.15102e+07 0.491031 0.523573 0 6.03494e-05
3.36016e+07 0.674303 0.601169 0.0771932 3.8633e-05
4.38122e+07 0.750378 0.523573 0.0771932 2.96294e-05
1.54754e+07 0.292198 0.639041 0.072047 8.38832e-05
4.38122e+07 0.750378 0.523573 0.0771932 2.96294e-05
2.15102e+07 0.491031 0.523573 0 6.03494e-05
4.38122e+07 0.750378 0.523573 0.0771932 2.96294e-05
2.15157e+07 0.491031 0.592726 0 6.03341e-05
4.38122e+07 0.750378 0.523573 0.0771932 2.96294e-05
3.36016e+07 0.674303 0.601169 0.0771932 3.8633e-05
3.09517e+07 0.646639 0.34828 0 4.19405e-05
2.44095e+07 0.551545 0.528076 0.128334 5.31814e-05
2.44095e+07 0.551545 0.528076 0.128334 5.31814e-05
2.15102e+07 0.491031 0.523573 0 6.03494e-05
1.87177e+07 0.414956 0.601169 0 6.9353e-05
1.87177e+07 0.414956 0.601169 0 6.9353e-05
3.09517e+07 0.646639 0.34828 0 4.19405e-05
2.15157e+07 0.491031 0.592726 0 6.03341e-05
4.38122e+07 0.750378 0.523573 0.0771932 2.96294e-05
2.44095e+07 0.551545 0.528076 0.128334 5.31814e-05
1.47941e+07 0.259347 0.845614 0 8.77466e-05
4.38122e+07 0.750378 0.523573 0.0771932 2.96294e-05
2.15102e+07 0.491031 0.523573 0 6.03494e-05
1.47941e+07 0.259347 0.845614 0 8.77466e-05
1.42594e+07 0.231684 0.747112 0 9.10367e-05
1.87177e+07 0.414956 0.601169 0 6.9353e-05
2.30272e+07 0.52453 0.573025 0.100914 5.63738e-05
4.38122e+07 0.750378 0.523573 0.0771932 2.96294e-05
2.15102e+07 0.491031 0.523573 0 6.03494e-05
2.27575e+07 0.518695 0.776461 0.0771932 5.70419e-05
1.47941e+07 0.259347 0.845614 0 8.77466e-05
1.42594e+07 0.231684 0.747112 0 9.10367e-05
1.4908e+07 0.265183 0.719371 0.0623174 8.70758e-05
2.15102e+07 0.491031 0.523573 0 6.03494e-05
2.30272e+07 0.52453 0.573025 0.100914 5.63738e-05
4.38122e+07 0.750378 0.523573 0.0771932 2.96294e-05
2.27575e+07 0.518695 0.776461 0.0771932 5.70419e-05
2.30272e+07 0.52453 0.573025 0.100914 5.63738e-05
1.47941e+07 0.259347 0.845614 0 8.77466e-05
3.09517e+07 0.646639 0.34828 0 4.19405e-05
2.44095e+07 0.551545 0.528076 0.128334 5.31814e-05
3.09517e+07 0.646639 0.34828 0 4.19405e-05
2.15102e+07 0.491031 0.523573 0 6.03494e-05
1.47915e+07 0.259347 0.776461 0 8.77619e-05
3.36016e+07 0.674303 0.601169 0.0771932 3.8633e-05
2.44095e+07 0.551545 0.528076 0.128334 5.31814e-05
2.15102e+07 0.491031 0.523573 0 6.03494e-05
2.15102e+07 0.491031 0.523573 0 6.03494e-05
4.38122e+07 0.750378 0.523573 0.0771932 2.96294e-05
3.09517e+07 0.646639 0.34828 0 4.19405e-05
4.38122e+07 0.750378 0.523573 0.0771932 2.96294e-05
3.36016e+07 0.674303 0.601169 0.0771932 3.8633e-05
2.15102e+07 0.491031 0.523573 0 6.03494e-05
2.15102e+07 0.491031 0.523573 0 6.03494e-05
1.87177e+07 0.414956 0.601169 0 6.9353e-05
2.15102e+07 0.491031 0.523573 0 6.03494e-05
2.30272e+07 0.52453 0.573025 0.100914 5.63738e-05
1.42594e+07 0.231684 0.747112 0 9.10367e-05
3.09517e+07 0.646639 0.34828 0 4.19405e-05
3.09631e+07 0.646639 0.417433 0 4.19251e-05
4.38122e+07 0.750378 0.523573 0.0771932 2.96294e-05
2.27575e+07 0.518695 0.776461 0.0771932 5.70419e-05
1.87177e+07 0.414956 0.601169 0 6.9353e-05
4.38122e+07 0.750378 0.523573 0.0771932 2.96294e-05
2.44095e+07 0.551545 0.528076 0.128334 5.31814e-05
