1.6836e+07 0.595394 0.558592 0.0716186 6.75557e-05
2.127e+07 0.679792 0.62395 0.0463052 5.3473e-05
1.22481e+07 0.443477 0.601456 0.0788693 9.28606e-05
1.23641e+07 0.448418 0.853104 0.0378271 9.199e-05
1.12163e+07 0.392109 0.678236 0 0.000101403
1.5239e+07 0.552843 0.615547 0.0229643 7.46357e-05
2.3774e+07 0.713577 0.615547 0.0607914 4.7841e-05
1.5239e+07 0.552843 0.615547 0.0229643 7.46357e-05
1.00528e+07 0.321468 0.891382 0.0378271 0.000113139
2.3774e+07 0.713577 0.615547 0.0607914 4.7841e-05
1.5239e+07 0.552843 0.615547 0.0229643 7.46357e-05
2.3774e+07 0.713577 0.615547 0.0607914 4.7841e-05
2.3774e+07 0.713577 0.615547 0.0607914 4.7841e-05
8.1279e+06 0.160734 0.891382 0 0.000139934
1.00528e+07 0.321468 0.891382 0.0378271 0.000113139
2.127e+07 0.679792 0.62395 0.0463052 5.3473e-05
1.00528e+07 0.321468 0.891382 0.0378271 0.000113139
2.3774e+07 0.713577 0.615547 0.0607914 4.7841e-05
1.5239e+07 0.552843 0.615547 0.0229643 7.46357e-05
2.3774e+07 0.713577 0.615547 0.0607914 4.7841e-05
2.3774e+07 0.713577 0.615547 0.0607914 4.7841e-05
1.5239e+07 0.552843 0.615547 0.0229643 7.46357e-05
2.3774e+07 0.713577 0.615547 0.0607914 4.7841e-05
1.5239e+07 0.552843 0.615547 0.0229643 7.46357e-05
1.00528e+07 0.321468 0.891382 0.0378271 0.000113139
2.3774e+07 0.713577 0.615547 0.0607914 4.7841e-05
1.5239e+07 0.552843 0.615547 0.0229643 7.46357e-05
1.00528e+07 0.321468 0.891382 0.0378271 0.000113139
1.5239e+07 0.552843 0.615547 0.0229643 7.46357e-05
1.00528e+07 0.321468 0.891382 0.0378271 0.000113139
1.41745e+07 0.519058 0.686638 0.0233408 8.02406e-05
8.37529e+06 0.185529 0.882859 0.0378271 0.000135801
1.5239e+07 0.552843 0.615547 0.0229643 7.46357e-05
1.5239e+07 0.552843 0.615547 0.0229643 7.46357e-05
1.5239e+07 0.552843 0.615547 0.0229643 7.46357e-05
1.5239e+07 0.552843 0.615547 0.0229643 7.46357e-05
1.00528e+07 0.321468 0.891382 0.0378271 0.000113139
2.3774e+07 0.713577 0.615547 0.0607914 4.7841e-05
1.12163e+07 0.392109 0.678236 0 0.000101403
2.3774e+07 0.713577 0.615547 0.0607914 4.7841e-05
1.5239e+07 0.552843 0.615547 0.0229643 7.46357e-05
2.3774e+07 0.713577 0.615547 0.0607914 4.7841e-05
1.5239e+07 0.552843 0.602582 0 7.46357e-05
2.3774e+07 0.713577 0.615547 0.0607914 4.7841e-05
1.00528e+07 0.321468 0.891382 0.0378271 0.000113139
1.5239e+07 0.552843 0.615547 0.0229643 7.46357e-05
1.5239e+07 0.552843 0.615547 0.0229643 7.46357e-05
1.5239e+07 0.552843 0.615547 0.0229643 7.46357e-05
2.127e+07 0.679792 0.62395 0.0463052 5.3473e-05
8.1279e+06 0.160734 0.891382 0 0.000139934
8.1279e+06 0.160734 0.891382 0 0.000139934
1.5239e+07 0.552843 0.615547 0.0229643 7.46357e-05
1.5239e+07 0.552843 0.602582 0 7.46357e-05
2.3774e+07 0.713577 0.615547 0.0607914 4.7841e-05
1.5239e+07 0.552843 0.615547 0.0229643 7.46357e-05
8.37529e+06 0.185529 0.882859 0.0378271 0.000135801
2.3774e+07 0.713577 0.615547 0.0607914 4.7841e-05
2.127e+07 0.679792 0.62395 0.0463052 5.3473e-05
8.12868e+06 0.160734 0.924346 0 0.000139921
1.12163e+07 0.392109 0.678236 0 0.000101403
8.1279e+06 0.160734 0.891382 0 0.000139934
1.6836e+07 0.595394 0.558592 0.0716186 6.75557e-05
2.3774e+07 0.713577 0.615547 0.0607914 4.7841e-05
1.5239e+07 0.552843 0.615547 0.0229643 7.46357e-05
1.00528e+07 0.321468 0.891382 0.0378271 0.000113139
9.57613e+06 0.287684 0.886067 0 0.000118771
1.25215e+07 0.455583 0.625079 0.0233408 9.08331e-05
1.20565e+07 0.43466 0.583453 0.0297406 9.43363e-05
1.5239e+07 0.552843 0.615547 0.0229643 7.46357e-05
1.6836e+07 0.595394 0.558592 0.0716186 6.75557e-05
2.3774e+07 0.713577 0.615547 0.0607914 4.7841e-05
1.00528e+07 0.321468 0.891382 0.0378271 0.000113139
1.6836e+07 0.595394 0.558592 0.0716186 6.75557e-05
8.17762e+06 0.165757 0.92671 0.0378271 0.000139083
1.5239e+07 0.552843 0.615547 0.0229643 7.46357e-05
1.5239e+07 0.552843 0.615547 0.0229643 7.46357e-05
1.5239e+07 0.552843 0.615547 0.0229643 7.46357e-05
1.5239e+07 0.552843 0.615547 0.0229643 7.46357e-05
8.1279e+06 0.160734 0.891382 0 0.000139934
1.00528e+07 0.321468 0.891382 0.0378271 0.000113139
1.5239e+07 0.552843 0.615547 0.0229643 7.46357e-05
1.5239e+07 0.552843 0.615547 0.0229643 7.46357e-05
2.127e+07 0.679792 0.62395 0.0463052 5.3473e-05
2.3774e+07 0.713577 0.615547 0.0607914 4.7841e-05
1.5239e+07 0.552843 0.615547 0.0229643 7.46357e-05
2.3774e+07 0.713577 0.615547 0.0607914 4.7841e-05
1.00528e+07 0.321468 0.891382 0.0378271 0.000113139
2.127e+07 0.679792 0.62395 0.0463052 5.3473e-05
2.127e+07 0.679792 0.62395 0.0463052 5.3473e-05
8.1279e+06 0.160734 0.891382 0 0.000139934
1.5239e+07 0.552843 0.615547 0.0229643 7.46357e-05
1.6836e+07 0.595394 0.558592 0.0716186 6.75557e-05
1.46567e+07 0.534927 0.656762 0.038279 7.76009e-05
1.5239e+07 0.552843 0.615547 0.0229643 7.46357e-05
1.5239e+07 0.552843 0.602582 0 7.46357e-05
2.3774e+07 0.713577 0.615547 0.0607914 4.7841e-05
1.00528e+07 0.321468 0.891382 0.0378271 0.000113139
8.2833e+06 0.176603 0.83163 0 0.000137309
2.3774e+07 0.713577 0.615547 0.0607914 4.7841e-05
1.5239e+07 0.552843 0.615547 0.0229643 7.46357e-05
