1.44241e+07 0.421459 0.748342 0.126588 7.58175e-05
1.37342e+07 0.392437 0.709235 0.0412104 7.96261e-05
1.06982e+07 0.219988 0.634427 0.053682 0.000102223
1.06217e+07 0.214198 0.817431 0 0.000102959
1.29699e+07 0.356476 0.809384 0.0494525 8.43182e-05
1.69102e+07 0.506767 0.57944 0.0412104 6.46711e-05
1.37342e+07 0.392437 0.709235 0.0412104 7.96261e-05
1.69102e+07 0.506767 0.57944 0.0412104 6.46711e-05
1.24267e+07 0.328529 0.687636 0 8.80043e-05
1.37342e+07 0.392437 0.709235 0.0412104 7.96261e-05
1.50104e+07 0.444227 0.617148 0.104602 7.28561e-05
1.37342e+07 0.392437 0.709235 0.0412104 7.96261e-05
1.37342e+07 0.392437 0.709235 0.0412104 7.96261e-05
1.24267e+07 0.328529 0.687636 0 8.80043e-05
1.24267e+07 0.328529 0.687636 0 8.80043e-05
1.37342e+07 0.392437 0.709235 0.0412104 7.96261e-05
1.44203e+07 0.421361 0.725466 0 7.58373e-05
1.37342e+07 0.392437 0.709235 0.0412104 7.96261e-05
2.08288e+07 0.599599 0.617271 0.0412104 5.25041e-05
1.37342e+07 0.392437 0.709235 0.0412104 7.96261e-05
1.37342e+07 0.392437 0.709235 0.0412104 7.96261e-05
2.08288e+07 0.599599 0.617271 0.0412104 5.25041e-05
1.37342e+07 0.392437 0.709235 0.0412104 7.96261e-05
2.08288e+07 0.599599 0.617271 0.0412104 5.25041e-05
1.13692e+07 0.265989 0.725343 0.0633918 9.61893e-05
1.37342e+07 0.392437 0.709235 0.0412104 7.96261e-05
1.50104e+07 0.444227 0.617148 0.104602 7.28561e-05
1.06217e+07 0.214198 0.817431 0 0.000102959
1.37342e+07 0.392437 0.709235 0.0412104 7.96261e-05
1.06217e+07 0.214198 0.817431 0 0.000102959
1.35773e+07 0.385401 0.717419 0 8.05463e-05
8.34881e+06 0 1 0 0.000130989
1.69102e+07 0.506767 0.57944 0.0412104 6.46711e-05
1.37342e+07 0.392437 0.709235 0.0412104 7.96261e-05
1.50104e+07 0.444227 0.617148 0.104602 7.28561e-05
2.08288e+07 0.599599 0.617271 0.0412104 5.25041e-05
1.24267e+07 0.328529 0.687636 0 8.80043e-05
1.37342e+07 0.392437 0.709235 0.0412104 7.96261e-05
1.0837e+07 0.230029 0.590513 0 0.000100914
1.37342e+07 0.392437 0.709235 0.0412104 7.96261e-05
2.08288e+07 0.599599 0.617271 0.0412104 5.25041e-05
1.37342e+07 0.392437 0.709235 0.0412104 7.96261e-05
1.01574e+07 0.178238 0.809384 0 0.000107665
1.37342e+07 0.392437 0.709235 0.0412104 7.96261e-05
1.24267e+07 0.328529 0.687636 0 8.80043e-05
1.69102e+07 0.506767 0.57944 0.0412104 6.46711e-05
1.50104e+07 0.444227 0.617148 0.104602 7.28561e-05
1.50104e+07 0.444227 0.617148 0.104602 7.28561e-05
1.37342e+07 0.392437 0.709235 0.0412104 7.96261e-05
1.79667e+07 0.535692 0.656981 0.0306548 6.08683e-05
1.79667e+07 0.535692 0.656981 0.0306548 6.08683e-05
1.69102e+07 0.506767 0.57944 0.0412104 6.46711e-05
1.29699e+07 0.356476 0.809384 0.0494525 8.43182e-05
1.37342e+07 0.392437 0.709235 0.0412104 7.96261e-05
1.50104e+07 0.444227 0.617148 0.104602 7.28561e-05
8.34881e+06 0 1 0 0.000130989
1.37342e+07 0.392437 0.709235 0.0412104 7.96261e-05
1.37342e+07 0.392437 0.709235 0.0412104 7.96261e-05
8.34881e+06 0 1 0 0.000130989
1.01574e+07 0.178238 0.809384 0 0.000107665
1.79667e+07 0.535692 0.656981 0.0306548 6.08683e-05
1.44241e+07 0.421459 0.748342 0.126588 7.58175e-05
1.37342e+07 0.392437 0.709235 0.0412104 7.96261e-05
2.08288e+07 0.599599 0.617271 0.0412104 5.25041e-05
1.06217e+07 0.214198 0.817431 0 0.000102959
8.34881e+06 0 1 0 0.000130989
1.01574e+07 0.178238 0.809384 0 0.000107665
1.42486e+07 0.414423 0.693134 0.053682 7.67515e-05
1.94318e+07 0.570675 0.709235 0.0906629 5.62789e-05
1.44241e+07 0.421459 0.748342 0.126588 7.58175e-05
1.37342e+07 0.392437 0.709235 0.0412104 7.96261e-05
1.06217e+07 0.214198 0.817431 0 0.000102959
1.44241e+07 0.421459 0.748342 0.126588 7.58175e-05
8.34881e+06 0 1 0 0.000130989
1.69102e+07 0.506767 0.57944 0.0412104 6.46711e-05
1.50104e+07 0.444227 0.617148 0.104602 7.28561e-05
1.69102e+07 0.506767 0.57944 0.0412104 6.46711e-05
1.37342e+07 0.392437 0.709235 0.0412104 7.96261e-05
1.06217e+07 0.214198 0.817431 0 0.000102959
1.24267e+07 0.328529 0.687636 0 8.80043e-05
1.50104e+07 0.444227 0.617148 0.104602 7.28561e-05
2.08288e+07 0.599599 0.617271 0.0412104 5.25041e-05
1.37342e+07 0.392437 0.709235 0.0412104 7.96261e-05
1.37342e+07 0.392437 0.709235 0.0412104 7.96261e-05
1.69102e+07 0.506767 0.57944 0.0412104 6.46711e-05
1.37342e+07 0.392437 0.709235 0.0412104 7.96261e-05
1.24267e+07 0.328529 0.687636 0 8.80043e-05
1.37342e+07 0.392437 0.709235 0.0412104 7.96261e-05
1.37342e+07 0.392437 0.709235 0.0412104 7.96261e-05
1.69102e+07 0.506767 0.588731 0 6.46711e-05
2.08288e+07 0.599599 0.617271 0.0412104 5.25041e-05
1.44241e+07 0.421459 0.748342 0.126588 7.58175e-05
1.01574e+07 0.178238 0.809384 0 0.000107665
1.69102e+07 0.506767 0.57944 0.0412104 6.46711e-05
1.17963e+07 0.292569 0.679589 0 9.27072e-05
1.37342e+07 0.392437 0.709235 0.0412104 7.96261e-05
1.06217e+07 0.214198 0.817431 0 0.000102959
1.24267e+07 0.328529 0.687636 0 8.80043e-05
1.37342e+07 0.392437 0.709235 0.0412104 7.96261e-05
1.50104e+07 0.444227 0.617148 0.104602 7.28561e-05
