1.23549e+07 0.195403 0.780349 0 8.75117e-05
1.6508e+07 0.397869 0.798679 0.0509165 6.54957e-05
1.25772e+07 0.209705 0.705963 0.0491403 8.59652e-05
1.2466e+07 0.202466 0.916497 0 8.67318e-05
1.23549e+07 0.195403 0.780349 0 8.75117e-05
1.45684e+07 0.317825 0.627836 0 7.42156e-05
1.23549e+07 0.195403 0.780349 0 8.75117e-05
1.45684e+07 0.317825 0.627836 0 7.42156e-05
1.13283e+07 0.122421 0.847487 0 9.54428e-05
1.23549e+07 0.195403 0.780349 0 8.75117e-05
1.32418e+07 0.249551 0.53396 0 8.16503e-05
1.23549e+07 0.195403 0.780349 0 8.75117e-05
1.23549e+07 0.195403 0.780349 0 8.75117e-05
1.13283e+07 0.122421 0.847487 0 9.54428e-05
1.13283e+07 0.122421 0.847487 0 9.54428e-05
1.6508e+07 0.397869 0.798679 0.0509165 6.54957e-05
1.6703e+07 0.404932 0.804481 0 6.47308e-05
1.23549e+07 0.195403 0.780349 0 8.75117e-05
2.48516e+07 0.600335 0.584829 0 4.35063e-05
1.23549e+07 0.195403 0.780349 0 8.75117e-05
1.23549e+07 0.195403 0.780349 0 8.75117e-05
2.48516e+07 0.600335 0.584829 0 4.35063e-05
1.23549e+07 0.195403 0.780349 0 8.75117e-05
2.48516e+07 0.600335 0.584829 0 4.35063e-05
1.05099e+07 0.0541479 0.753612 0 0.000102875
1.23549e+07 0.195403 0.780349 0 8.75117e-05
1.32418e+07 0.249551 0.53396 0 8.16503e-05
9.94306e+06 0 1 0 0.000108739
1.23549e+07 0.195403 0.780349 0 8.75117e-05
9.94306e+06 0 1 0 0.000108739
5.03111e+07 0.802802 0.603159 0.0509165 2.14903e-05
9.94306e+06 0 1 0 0.000108739
1.45684e+07 0.317825 0.627836 0 7.42156e-05
1.23549e+07 0.195403 0.780349 0 8.75117e-05
1.32418e+07 0.249551 0.53396 0 8.16503e-05
2.48516e+07 0.600335 0.584829 0 4.35063e-05
1.13283e+07 0.122421 0.847487 0 9.54428e-05
1.23549e+07 0.195403 0.780349 0 8.75117e-05
1.32418e+07 0.249551 0.53396 0 8.16503e-05
1.23549e+07 0.195403 0.780349 0 8.75117e-05
2.48516e+07 0.600335 0.584829 0 4.35063e-05
1.23549e+07 0.195403 0.780349 0 8.75117e-05
1.23549e+07 0.195403 0.780349 0 8.75117e-05
1.23549e+07 0.195403 0.780349 0 8.75117e-05
1.13283e+07 0.122421 0.847487 0 9.54428e-05
1.45684e+07 0.317825 0.627836 0 7.42156e-05
1.32418e+07 0.249551 0.53396 0 8.16503e-05
1.32418e+07 0.249551 0.53396 0 8.16503e-05
1.6508e+07 0.397869 0.798679 0.0509165 6.54957e-05
2.10249e+07 0.527354 0.712594 0.0303131 5.14246e-05
2.10249e+07 0.527354 0.712594 0.0303131 5.14246e-05
1.45684e+07 0.317825 0.627836 0 7.42156e-05
1.23549e+07 0.195403 0.780349 0 8.75117e-05
1.23549e+07 0.195403 0.780349 0 8.75117e-05
1.32418e+07 0.249551 0.53396 0 8.16503e-05
9.94306e+06 0 1 0 0.000108739
1.23549e+07 0.195403 0.780349 0 8.75117e-05
1.6508e+07 0.397869 0.798679 0.0509165 6.54957e-05
9.94306e+06 0 1 0 0.000108739
1.23549e+07 0.195403 0.780349 0 8.75117e-05
2.10249e+07 0.527354 0.712594 0.0303131 5.14246e-05
1.23549e+07 0.195403 0.780349 0 8.75117e-05
1.23549e+07 0.195403 0.780349 0 8.75117e-05
2.48516e+07 0.600335 0.584829 0 4.35063e-05
9.94306e+06 0 1 0 0.000108739
1.2466e+07 0.202466 0.916497 0 8.67318e-05
1.23549e+07 0.195403 0.780349 0 8.75117e-05
2.48516e+07 0.600335 0.584829 0 4.35063e-05
1.23549e+07 0.195403 0.780349 0 8.75117e-05
1.23549e+07 0.195403 0.780349 0 8.75117e-05
1.23549e+07 0.195403 0.780349 0 8.75117e-05
9.94306e+06 0 1 0 0.000108739
1.23549e+07 0.195403 0.780349 0 8.75117e-05
9.94306e+06 0 1 0 0.000108739
1.45684e+07 0.317825 0.627836 0 7.42156e-05
1.32418e+07 0.249551 0.53396 0 8.16503e-05
1.45684e+07 0.317825 0.627836 0 7.42156e-05
1.23549e+07 0.195403 0.780349 0 8.75117e-05
9.94306e+06 0 1 0 0.000108739
1.13283e+07 0.122421 0.847487 0 9.54428e-05
1.32418e+07 0.249551 0.53396 0 8.16503e-05
2.48516e+07 0.600335 0.584829 0 4.35063e-05
1.6508e+07 0.397869 0.798679 0.0509165 6.54957e-05
1.23549e+07 0.195403 0.780349 0 8.75117e-05
1.45684e+07 0.317825 0.627836 0 7.42156e-05
1.23549e+07 0.195403 0.780349 0 8.75117e-05
1.13283e+07 0.122421 0.847487 0 9.54428e-05
1.6508e+07 0.397869 0.798679 0.0509165 6.54957e-05
1.6508e+07 0.397869 0.798679 0.0509165 6.54957e-05
1.13283e+07 0.122421 0.847487 0 9.54428e-05
2.48516e+07 0.600335 0.584829 0 4.35063e-05
1.23549e+07 0.195403 0.780349 0 8.75117e-05
1.6508e+07 0.397869 0.798679 0.0509165 6.54957e-05
1.45684e+07 0.317825 0.627836 0 7.42156e-05
1.45684e+07 0.317825 0.627836 0 7.42156e-05
1.23549e+07 0.195403 0.780349 0 8.75117e-05
9.94306e+06 0 1 0 0.000108739
1.13283e+07 0.122421 0.847487 0 9.54428e-05
1.23549e+07 0.195403 0.780349 0 8.75117e-05
1.32418e+07 0.249551 0.53396 0 8.16503e-05
