7.56313e+06 0.384984 0.692597 0.0275633 0.000148132
9.88688e+06 0.529618 0.705093 0.0622727 0.000113316
5.25744e+06 0.114857 0.878517 0 0.000213096
1.61648e+07 0.712539 0.607947 0.044428 6.93074e-05
5.25744e+06 0.114857 0.878517 0 0.000213096
8.53628e+06 0.455174 0.654989 0.0497773 0.000131245
1.46497e+07 0.682761 0.598515 0.0719913 7.64754e-05
8.53628e+06 0.455174 0.654989 0.0497773 0.000131245
1.28453e+07 0.638094 0.627262 0.066642 8.72182e-05
1.46497e+07 0.682761 0.598515 0.0719913 7.64754e-05
7.94024e+06 0.414283 0.640887 0.0661111 0.000141096
1.46497e+07 0.682761 0.598515 0.0719913 7.64754e-05
1.46497e+07 0.682761 0.598515 0.0719913 7.64754e-05
7.0517e+06 0.340317 0.721345 0.022214 0.000158875
1.28453e+07 0.638094 0.627262 0.066642 8.72182e-05
9.88688e+06 0.529618 0.705093 0.0622727 0.000113316
1.07616e+07 0.567904 0.664871 0.044428 0.000104105
1.46497e+07 0.682761 0.598515 0.0719913 7.64754e-05
7.56313e+06 0.384984 0.692597 0.0275633 0.000148132
1.46497e+07 0.682761 0.598515 0.0719913 7.64754e-05
1.46497e+07 0.682761 0.598515 0.0719913 7.64754e-05
7.56313e+06 0.384984 0.692597 0.0275633 0.000148132
1.46497e+07 0.682761 0.598515 0.0719913 7.64754e-05
7.56313e+06 0.384984 0.692597 0.0275633 0.000148132
1.15415e+07 0.597203 0.61316 0.0829758 9.70706e-05
1.46497e+07 0.682761 0.598515 0.0719913 7.64754e-05
7.94024e+06 0.414283 0.640887 0.0661111 0.000141096
1.07616e+07 0.567904 0.664871 0.044428 0.000104105
7.56313e+06 0.384984 0.692597 0.0275633 0.000148132
1.07616e+07 0.567904 0.664871 0.044428 0.000104105
6.28416e+06 0.259492 0.891013 0.0347094 0.00017828
6.66926e+06 0.302297 0.819838 0.044428 0.000167986
8.53628e+06 0.455174 0.654989 0.0497773 0.000131245
7.56313e+06 0.384984 0.692597 0.0275633 0.000148132
7.94024e+06 0.414283 0.640887 0.0661111 0.000141096
7.56313e+06 0.384984 0.692597 0.0275633 0.000148132
1.28453e+07 0.638094 0.627262 0.066642 8.72182e-05
1.46497e+07 0.682761 0.598515 0.0719913 7.64754e-05
5.43653e+06 0.144156 0.749711 0 0.000206076
1.46497e+07 0.682761 0.598515 0.0719913 7.64754e-05
7.56313e+06 0.384984 0.692597 0.0275633 0.000148132
1.46497e+07 0.682761 0.598515 0.0719913 7.64754e-05
7.91969e+06 0.412634 0.695578 0 0.000141463
1.46497e+07 0.682761 0.598515 0.0719913 7.64754e-05
1.28453e+07 0.638094 0.627262 0.066642 8.72182e-05
8.53628e+06 0.455174 0.654989 0.0497773 0.000131245
7.94024e+06 0.414283 0.640887 0.0661111 0.000141096
7.94024e+06 0.414283 0.640887 0.0661111 0.000141096
9.88688e+06 0.529618 0.705093 0.0622727 0.000113316
7.0517e+06 0.340317 0.721345 0.022214 0.000158875
7.0517e+06 0.340317 0.721345 0.022214 0.000158875
8.53628e+06 0.455174 0.654989 0.0497773 0.000131245
7.91969e+06 0.412634 0.695578 0 0.000141463
1.46497e+07 0.682761 0.598515 0.0719913 7.64754e-05
7.94024e+06 0.414283 0.640887 0.0661111 0.000141096
6.66926e+06 0.302297 0.819838 0.044428 0.000167986
1.46497e+07 0.682761 0.598515 0.0719913 7.64754e-05
9.88688e+06 0.529618 0.705093 0.0622727 0.000113316
7.19138e+06 0.353079 0.748949 0.0679487 0.000155789
5.25744e+06 0.114857 0.878517 0 0.000213096
7.0517e+06 0.340317 0.721345 0.022214 0.000158875
7.56313e+06 0.384984 0.692597 0.0275633 0.000148132
1.46497e+07 0.682761 0.598515 0.0719913 7.64754e-05
7.56313e+06 0.384984 0.692597 0.0275633 0.000148132
1.07616e+07 0.567904 0.664871 0.044428 0.000104105
8.41171e+06 0.446932 0.781045 0.0692554 0.000133188
5.35996e+06 0.131873 0.805342 0 0.00020902
5.25744e+06 0.114857 0.878517 0 0.000213096
7.56313e+06 0.384984 0.692597 0.0275633 0.000148132
7.56313e+06 0.384984 0.692597 0.0275633 0.000148132
1.46497e+07 0.682761 0.598515 0.0719913 7.64754e-05
1.07616e+07 0.567904 0.664871 0.044428 0.000104105
7.56313e+06 0.384984 0.692597 0.0275633 0.000148132
6.66926e+06 0.302297 0.819838 0.044428 0.000167986
8.53628e+06 0.455174 0.654989 0.0497773 0.000131245
7.94024e+06 0.414283 0.640887 0.0661111 0.000141096
8.53628e+06 0.455174 0.654989 0.0497773 0.000131245
7.56313e+06 0.384984 0.692597 0.0275633 0.000148132
6.52527e+06 0.287142 0.685778 0 0.000171693
1.28453e+07 0.638094 0.627262 0.066642 8.72182e-05
7.94024e+06 0.414283 0.640887 0.0661111 0.000141096
7.56313e+06 0.384984 0.692597 0.0275633 0.000148132
9.88688e+06 0.529618 0.705093 0.0622727 0.000113316
1.46497e+07 0.682761 0.598515 0.0719913 7.64754e-05
8.53628e+06 0.455174 0.654989 0.0497773 0.000131245
1.46497e+07 0.682761 0.598515 0.0719913 7.64754e-05
1.28453e+07 0.638094 0.627262 0.066642 8.72182e-05
9.88688e+06 0.529618 0.705093 0.0622727 0.000113316
9.88688e+06 0.529618 0.705093 0.0622727 0.000113316
7.0517e+06 0.340317 0.721345 0.022214 0.000158875
7.56313e+06 0.384984 0.692597 0.0275633 0.000148132
7.56313e+06 0.384984 0.692597 0.0275633 0.000148132
6.28416e+06 0.259492 0.891013 0.0347094 0.00017828
8.53628e+06 0.455174 0.654989 0.0497773 0.000131245
8.99191e+06 0.482825 0.613542 0 0.000124594
1.46497e+07 0.682761 0.598515 0.0719913 7.64754e-05
1.07616e+07 0.567904 0.664871 0.044428 0.000104105
7.0517e+06 0.340317 0.721345 0.022214 0.000158875
1.46497e+07 0.682761 0.598515 0.0719913 7.64754e-05
7.94024e+06 0.414283 0.640887 0.0661111 0.000141096
