1.44919e+07 0.641506 0.533637 0.146228 8.92638e-05
1.31442e+07 0.604698 0.518272 0.0553744 9.84158e-05
7.08908e+06 0.266409 0.718768 0.0710182 0.000182478
1.03694e+07 0.498649 0.66445 0.0381413 0.000124752
6.75106e+06 0.229601 0.743073 0 0.000191614
1.93886e+07 0.732239 0.443958 0.0934362 6.67198e-05
1.9109e+07 0.72825 0.518272 0.0935156 6.76958e-05
1.93886e+07 0.732239 0.443958 0.0934362 6.67198e-05
1.39013e+07 0.62619 0.590137 0.0762031 9.30558e-05
1.9109e+07 0.72825 0.518272 0.0935156 6.76958e-05
1.42757e+07 0.636004 0.594384 0.162216 9.06158e-05
1.9109e+07 0.72825 0.518272 0.0935156 6.76958e-05
1.9109e+07 0.72825 0.518272 0.0935156 6.76958e-05
1.04512e+07 0.502638 0.590137 0.0380618 0.000123776
1.39013e+07 0.62619 0.590137 0.0762031 9.30558e-05
1.31442e+07 0.604698 0.518272 0.0553744 9.84158e-05
1.03694e+07 0.498649 0.66445 0.0381413 0.000124752
1.9109e+07 0.72825 0.518272 0.0935156 6.76958e-05
1.31442e+07 0.604698 0.518272 0.0553744 9.84158e-05
1.9109e+07 0.72825 0.518272 0.0935156 6.76958e-05
1.9109e+07 0.72825 0.518272 0.0935156 6.76958e-05
1.31442e+07 0.604698 0.518272 0.0553744 9.84158e-05
1.9109e+07 0.72825 0.518272 0.0935156 6.76958e-05
1.31442e+07 0.604698 0.518272 0.0553744 9.84158e-05
1.10594e+07 0.529955 0.663247 0.106325 0.000116968
1.9109e+07 0.72825 0.518272 0.0935156 6.76958e-05
1.42757e+07 0.636004 0.594384 0.162216 9.06158e-05
1.03694e+07 0.498649 0.66445 0.0381413 0.000124752
1.31442e+07 0.604698 0.518272 0.0553744 9.84158e-05
1.03694e+07 0.498649 0.66445 0.0381413 0.000124752
6.75106e+06 0.229601 0.743073 0 0.000191614
5.96197e+06 0.127413 0.926101 0.0381413 0.000216975
1.93886e+07 0.732239 0.443958 0.0934362 6.67198e-05
1.56899e+07 0.668951 0.498436 0.0950452 8.24478e-05
1.42757e+07 0.636004 0.594384 0.162216 9.06158e-05
1.31442e+07 0.604698 0.518272 0.0553744 9.84158e-05
1.39013e+07 0.62619 0.590137 0.0762031 9.30558e-05
1.9109e+07 0.72825 0.518272 0.0935156 6.76958e-05
7.03633e+06 0.260907 0.682818 0.0386578 0.000183846
1.9109e+07 0.72825 0.518272 0.0935156 6.76958e-05
1.31442e+07 0.604698 0.518272 0.0553744 9.84158e-05
1.9109e+07 0.72825 0.518272 0.0935156 6.76958e-05
8.03928e+06 0.353153 0.66679 0 0.00016091
1.9109e+07 0.72825 0.518272 0.0935156 6.76958e-05
1.39013e+07 0.62619 0.590137 0.0762031 9.30558e-05
1.93886e+07 0.732239 0.443958 0.0934362 6.67198e-05
1.42757e+07 0.636004 0.594384 0.162216 9.06158e-05
1.42757e+07 0.636004 0.594384 0.162216 9.06158e-05
1.31442e+07 0.604698 0.518272 0.0553744 9.84158e-05
1.04512e+07 0.502638 0.590137 0.0380618 0.000123776
1.04512e+07 0.502638 0.590137 0.0380618 0.000123776
1.93886e+07 0.732239 0.443958 0.0934362 6.67198e-05
8.03928e+06 0.353153 0.66679 0 0.00016091
1.9109e+07 0.72825 0.518272 0.0935156 6.76958e-05
1.42757e+07 0.636004 0.594384 0.162216 9.06158e-05
5.96197e+06 0.127413 0.926101 0.0381413 0.000216975
1.9109e+07 0.72825 0.518272 0.0935156 6.76958e-05
1.31442e+07 0.604698 0.518272 0.0553744 9.84158e-05
5.9357e+06 0.123552 0.923717 0 0.000217935
6.75106e+06 0.229601 0.743073 0 0.000191614
1.04512e+07 0.502638 0.590137 0.0380618 0.000123776
1.44919e+07 0.641506 0.533637 0.146228 8.92638e-05
1.9109e+07 0.72825 0.518272 0.0935156 6.76958e-05
1.31442e+07 0.604698 0.518272 0.0553744 9.84158e-05
1.03694e+07 0.498649 0.66445 0.0381413 0.000124752
5.9357e+06 0.123552 0.923717 0 0.000217935
6.75106e+06 0.229601 0.743073 0 0.000191614
7.08908e+06 0.266409 0.718768 0.0710182 0.000182478
1.31442e+07 0.604698 0.518272 0.0553744 9.84158e-05
1.44919e+07 0.641506 0.533637 0.146228 8.92638e-05
1.9109e+07 0.72825 0.518272 0.0935156 6.76958e-05
1.03694e+07 0.498649 0.66445 0.0381413 0.000124752
1.44919e+07 0.641506 0.533637 0.146228 8.92638e-05
5.96197e+06 0.127413 0.926101 0.0381413 0.000216975
1.93886e+07 0.732239 0.443958 0.0934362 6.67198e-05
1.42757e+07 0.636004 0.594384 0.162216 9.06158e-05
1.93886e+07 0.732239 0.443958 0.0934362 6.67198e-05
1.31442e+07 0.604698 0.518272 0.0553744 9.84158e-05
8.32048e+06 0.375097 0.66445 0 0.000155472
1.39013e+07 0.62619 0.590137 0.0762031 9.30558e-05
1.42757e+07 0.636004 0.594384 0.162216 9.06158e-05
1.31442e+07 0.604698 0.518272 0.0553744 9.84158e-05
1.31442e+07 0.604698 0.518272 0.0553744 9.84158e-05
1.9109e+07 0.72825 0.518272 0.0935156 6.76958e-05
1.93886e+07 0.732239 0.443958 0.0934362 6.67198e-05
1.9109e+07 0.72825 0.518272 0.0935156 6.76958e-05
1.39013e+07 0.62619 0.590137 0.0762031 9.30558e-05
1.31442e+07 0.604698 0.518272 0.0553744 9.84158e-05
1.31442e+07 0.604698 0.518272 0.0553744 9.84158e-05
1.04512e+07 0.502638 0.590137 0.0380618 0.000123776
1.31442e+07 0.604698 0.518272 0.0553744 9.84158e-05
1.44919e+07 0.641506 0.533637 0.146228 8.92638e-05
6.75106e+06 0.229601 0.743073 0 0.000191614
1.93886e+07 0.732239 0.443958 0.0934362 6.67198e-05
1.00089e+07 0.480695 0.516353 0 0.000129245
1.9109e+07 0.72825 0.518272 0.0935156 6.76958e-05
1.03694e+07 0.498649 0.66445 0.0381413 0.000124752
1.04512e+07 0.502638 0.590137 0.0380618 0.000123776
1.9109e+07 0.72825 0.518272 0.0935156 6.76958e-05
1.42757e+07 0.636004 0.594384 0.162216 9.06158e-05
