1.97337e+07 0.510886 0.558451 0.0417769 5.35479e-05
1.82228e+07 0.470092 0.71275 0.0417769 5.79877e-05
1.29512e+07 0.254302 0.659976 0 8.15912e-05
1.29942e+07 0.256584 0.814921 0 8.13209e-05
1.22836e+07 0.213508 0.814276 0 8.60251e-05
2.4696e+07 0.609154 0.643555 0.0739086 4.27883e-05
1.82228e+07 0.470092 0.71275 0.0417769 5.79877e-05
2.4696e+07 0.609154 0.643555 0.0739086 4.27883e-05
1.59812e+07 0.395646 0.745725 0.0321316 6.61215e-05
1.82228e+07 0.470092 0.71275 0.0417769 5.79877e-05
2.06315e+07 0.532132 0.619397 0.10604 5.12177e-05
1.82228e+07 0.470092 0.71275 0.0417769 5.79877e-05
1.82228e+07 0.470092 0.71275 0.0417769 5.79877e-05
1.59812e+07 0.395646 0.745725 0.0321316 6.61215e-05
1.59812e+07 0.395646 0.745725 0.0321316 6.61215e-05
1.82228e+07 0.470092 0.71275 0.0417769 5.79877e-05
1.94967e+07 0.504741 0.721692 0 5.41989e-05
1.82228e+07 0.470092 0.71275 0.0417769 5.79877e-05
3.42354e+07 0.718249 0.619522 0.0417769 3.08657e-05
1.82228e+07 0.470092 0.71275 0.0417769 5.79877e-05
1.82228e+07 0.470092 0.71275 0.0417769 5.79877e-05
3.42354e+07 0.718249 0.619522 0.0417769 3.08657e-05
1.82228e+07 0.470092 0.71275 0.0417769 5.79877e-05
3.42354e+07 0.718249 0.619522 0.0417769 3.08657e-05
1.41742e+07 0.318623 0.721568 0.0642632 7.45509e-05
1.82228e+07 0.470092 0.71275 0.0417769 5.79877e-05
2.06315e+07 0.532132 0.619397 0.10604 5.12177e-05
1.29942e+07 0.256584 0.814921 0 8.13209e-05
1.82228e+07 0.470092 0.71275 0.0417769 5.79877e-05
1.29942e+07 0.256584 0.814921 0 8.13209e-05
1.79382e+07 0.461665 0.721047 0 5.89079e-05
9.66343e+06 0 1 0 0.00010935
2.4696e+07 0.609154 0.643555 0.0739086 4.27883e-05
1.82228e+07 0.470092 0.71275 0.0417769 5.79877e-05
2.06315e+07 0.532132 0.619397 0.10604 5.12177e-05
3.42354e+07 0.718249 0.619522 0.0417769 3.08657e-05
1.59812e+07 0.395646 0.745725 0.0321316 6.61215e-05
1.82228e+07 0.470092 0.71275 0.0417769 5.79877e-05
1.33295e+07 0.275547 0.592396 0 7.92753e-05
1.82228e+07 0.470092 0.71275 0.0417769 5.79877e-05
3.42354e+07 0.718249 0.619522 0.0417769 3.08657e-05
1.82228e+07 0.470092 0.71275 0.0417769 5.79877e-05
1.22836e+07 0.213508 0.814276 0 8.60251e-05
1.82228e+07 0.470092 0.71275 0.0417769 5.79877e-05
1.59812e+07 0.395646 0.745725 0.0321316 6.61215e-05
2.4696e+07 0.609154 0.643555 0.0739086 4.27883e-05
2.06315e+07 0.532132 0.619397 0.10604 5.12177e-05
2.06315e+07 0.532132 0.619397 0.10604 5.12177e-05
1.82228e+07 0.470092 0.71275 0.0417769 5.79877e-05
2.70952e+07 0.643802 0.652496 0.0321316 3.89995e-05
2.70952e+07 0.643802 0.652496 0.0321316 3.89995e-05
2.4696e+07 0.609154 0.643555 0.0739086 4.27883e-05
1.22836e+07 0.213508 0.814276 0 8.60251e-05
1.82228e+07 0.470092 0.71275 0.0417769 5.79877e-05
2.06315e+07 0.532132 0.619397 0.10604 5.12177e-05
9.66343e+06 0 1 0 0.00010935
1.82228e+07 0.470092 0.71275 0.0417769 5.79877e-05
1.82228e+07 0.470092 0.71275 0.0417769 5.79877e-05
9.66343e+06 0 1 0 0.00010935
1.24017e+07 0.221 0.823657 0.0469075 8.52059e-05
2.70952e+07 0.643802 0.652496 0.0321316 3.89995e-05
1.97337e+07 0.510886 0.558451 0.0417769 5.35479e-05
1.82228e+07 0.470092 0.71275 0.0417769 5.79877e-05
3.42354e+07 0.718249 0.619522 0.0417769 3.08657e-05
1.29942e+07 0.256584 0.814921 0 8.13209e-05
9.66343e+06 0 1 0 0.00010935
1.22836e+07 0.213508 0.814276 0 8.60251e-05
1.94e+07 0.502458 0.566747 0 5.44691e-05
1.82228e+07 0.470092 0.71275 0.0417769 5.79877e-05
1.97337e+07 0.510886 0.558451 0.0417769 5.35479e-05
1.82228e+07 0.470092 0.71275 0.0417769 5.79877e-05
1.29942e+07 0.256584 0.814921 0 8.13209e-05
1.97337e+07 0.510886 0.558451 0.0417769 5.35479e-05
9.66343e+06 0 1 0 0.00010935
2.4696e+07 0.609154 0.643555 0.0739086 4.27883e-05
2.06315e+07 0.532132 0.619397 0.10604 5.12177e-05
2.4696e+07 0.609154 0.643555 0.0739086 4.27883e-05
1.82228e+07 0.470092 0.71275 0.0417769 5.79877e-05
1.29942e+07 0.256584 0.814921 0 8.13209e-05
1.59812e+07 0.395646 0.745725 0.0321316 6.61215e-05
2.06315e+07 0.532132 0.619397 0.10604 5.12177e-05
3.42354e+07 0.718249 0.619522 0.0417769 3.08657e-05
1.82228e+07 0.470092 0.71275 0.0417769 5.79877e-05
1.82228e+07 0.470092 0.71275 0.0417769 5.79877e-05
2.4696e+07 0.609154 0.643555 0.0739086 4.27883e-05
1.82228e+07 0.470092 0.71275 0.0417769 5.79877e-05
1.59812e+07 0.395646 0.745725 0.0321316 6.61215e-05
1.82228e+07 0.470092 0.71275 0.0417769 5.79877e-05
1.82228e+07 0.470092 0.71275 0.0417769 5.79877e-05
1.59812e+07 0.395646 0.745725 0.0321316 6.61215e-05
3.42354e+07 0.718249 0.619522 0.0417769 3.08657e-05
1.97337e+07 0.510886 0.558451 0.0417769 5.35479e-05
1.22836e+07 0.213508 0.814276 0 8.60251e-05
2.4696e+07 0.609154 0.643555 0.0739086 4.27883e-05
1.49171e+07 0.352569 0.680817 0 7.08384e-05
1.82228e+07 0.470092 0.71275 0.0417769 5.79877e-05
1.31242e+07 0.264076 0.730487 0 8.05157e-05
1.59812e+07 0.395646 0.745725 0.0321316 6.61215e-05
1.82228e+07 0.470092 0.71275 0.0417769 5.79877e-05
2.06315e+07 0.532132 0.619397 0.10604 5.12177e-05
