1.31432e+07 0.472972 0.617063 0.0353401 9.16422e-05
1.31432e+07 0.472972 0.617063 0.0353401 9.16422e-05
9.92843e+06 0.302054 0.692201 0 0.000121315
1.05303e+07 0.341836 0.854181 0.0504548 0.000114382
9.92843e+06 0.302054 0.692201 0 0.000121315
1.58413e+07 0.562851 0.566037 0.0605675 7.60337e-05
1.94438e+07 0.64389 0.617063 0.0857948 6.19462e-05
1.58413e+07 0.562851 0.566037 0.0605675 7.60337e-05
1.21943e+07 0.431716 0.803156 0.0756821 9.87731e-05
1.94438e+07 0.64389 0.617063 0.0857948 6.19462e-05
1.42211e+07 0.513123 0.450924 0.0353401 8.46959e-05
1.94438e+07 0.64389 0.617063 0.0857948 6.19462e-05
1.94438e+07 0.64389 0.617063 0.0857948 6.19462e-05
9.37556e+06 0.260797 0.803156 0.0252274 0.000128469
1.21943e+07 0.431716 0.803156 0.0756821 9.87731e-05
1.31432e+07 0.472972 0.617063 0.0353401 9.16422e-05
1.05303e+07 0.341836 0.854181 0.0504548 0.000114382
1.94438e+07 0.64389 0.617063 0.0857948 6.19462e-05
1.31432e+07 0.472972 0.617063 0.0353401 9.16422e-05
1.94438e+07 0.64389 0.617063 0.0857948 6.19462e-05
1.94438e+07 0.64389 0.617063 0.0857948 6.19462e-05
1.31432e+07 0.472972 0.617063 0.0353401 9.16422e-05
1.94438e+07 0.64389 0.617063 0.0857948 6.19462e-05
1.31432e+07 0.472972 0.617063 0.0353401 9.16422e-05
1.12111e+07 0.381987 0.688042 0.0504548 0.000107435
1.94438e+07 0.64389 0.617063 0.0857948 6.19462e-05
1.42211e+07 0.513123 0.450924 0.0353401 8.46959e-05
1.52332e+07 0.54517 0.785431 0.10091 7.90685e-05
1.31432e+07 0.472972 0.617063 0.0353401 9.16422e-05
1.05303e+07 0.341836 0.854181 0.0504548 0.000114382
9.92843e+06 0.302054 0.692201 0 0.000121315
8.36073e+06 0.170918 0.89909 0 0.000144063
1.58413e+07 0.562851 0.566037 0.0605675 7.60337e-05
1.31432e+07 0.472972 0.617063 0.0353401 9.16422e-05
1.42211e+07 0.513123 0.450924 0.0353401 8.46959e-05
1.31432e+07 0.472972 0.617063 0.0353401 9.16422e-05
1.21943e+07 0.431716 0.803156 0.0756821 9.87731e-05
1.94438e+07 0.64389 0.617063 0.0857948 6.19462e-05
1.52341e+07 0.545538 0.45019 0.0468936 7.90639e-05
1.94438e+07 0.64389 0.617063 0.0857948 6.19462e-05
1.31432e+07 0.472972 0.617063 0.0353401 9.16422e-05
1.94438e+07 0.64389 0.617063 0.0857948 6.19462e-05
2.13827e+07 0.676305 0.522542 0.0504548 5.63291e-05
1.94438e+07 0.64389 0.617063 0.0857948 6.19462e-05
1.21943e+07 0.431716 0.803156 0.0756821 9.87731e-05
1.58413e+07 0.562851 0.566037 0.0605675 7.60337e-05
1.42211e+07 0.513123 0.450924 0.0353401 8.46959e-05
1.42211e+07 0.513123 0.450924 0.0353401 8.46959e-05
1.31432e+07 0.472972 0.617063 0.0353401 9.16422e-05
9.37556e+06 0.260797 0.803156 0.0252274 0.000128469
9.37556e+06 0.260797 0.803156 0.0252274 0.000128469
1.58413e+07 0.562851 0.566037 0.0605675 7.60337e-05
1.31432e+07 0.472972 0.591292 0 9.16422e-05
1.94438e+07 0.64389 0.617063 0.0857948 6.19462e-05
1.42211e+07 0.513123 0.450924 0.0353401 8.46959e-05
8.36073e+06 0.170918 0.89909 0 0.000144063
1.94438e+07 0.64389 0.617063 0.0857948 6.19462e-05
1.31432e+07 0.472972 0.617063 0.0353401 9.16422e-05
8.36073e+06 0.170918 0.89909 0 0.000144063
1.00949e+07 0.313565 0.709192 0.0849521 0.000119315
9.37556e+06 0.260797 0.803156 0.0252274 0.000128469
1.31432e+07 0.472972 0.617063 0.0353401 9.16422e-05
1.94438e+07 0.64389 0.617063 0.0857948 6.19462e-05
1.31432e+07 0.472972 0.617063 0.0353401 9.16422e-05
1.05303e+07 0.341836 0.854181 0.0504548 0.000114382
8.36073e+06 0.170918 0.89909 0 0.000144063
9.92843e+06 0.302054 0.692201 0 0.000121315
9.92843e+06 0.302054 0.692201 0 0.000121315
1.31432e+07 0.472972 0.617063 0.0353401 9.16422e-05
1.31432e+07 0.472972 0.617063 0.0353401 9.16422e-05
1.94438e+07 0.64389 0.617063 0.0857948 6.19462e-05
1.05303e+07 0.341836 0.854181 0.0504548 0.000114382
1.31432e+07 0.472972 0.617063 0.0353401 9.16422e-05
8.36073e+06 0.170918 0.89909 0 0.000144063
1.58413e+07 0.562851 0.566037 0.0605675 7.60337e-05
1.42211e+07 0.513123 0.450924 0.0353401 8.46959e-05
1.58413e+07 0.562851 0.566037 0.0605675 7.60337e-05
1.31432e+07 0.472972 0.617063 0.0353401 9.16422e-05
8.35986e+06 0.170918 0.854181 0 0.000144078
1.21943e+07 0.431716 0.803156 0.0756821 9.87731e-05
1.42211e+07 0.513123 0.450924 0.0353401 8.46959e-05
1.31432e+07 0.472972 0.617063 0.0353401 9.16422e-05
1.31432e+07 0.472972 0.617063 0.0353401 9.16422e-05
1.94438e+07 0.64389 0.617063 0.0857948 6.19462e-05
1.58413e+07 0.562851 0.566037 0.0605675 7.60337e-05
1.94438e+07 0.64389 0.617063 0.0857948 6.19462e-05
1.21943e+07 0.431716 0.803156 0.0756821 9.87731e-05
1.31432e+07 0.472972 0.617063 0.0353401 9.16422e-05
1.31432e+07 0.472972 0.617063 0.0353401 9.16422e-05
9.37556e+06 0.260797 0.803156 0.0252274 0.000128469
1.31432e+07 0.472972 0.617063 0.0353401 9.16422e-05
1.31432e+07 0.472972 0.617063 0.0353401 9.16422e-05
9.92843e+06 0.302054 0.692201 0 0.000121315
1.58413e+07 0.562851 0.566037 0.0605675 7.60337e-05
1.58382e+07 0.562851 0.489812 0 7.60485e-05
1.94438e+07 0.64389 0.617063 0.0857948 6.19462e-05
1.07148e+07 0.353347 0.701268 0.0504548 0.000112411
9.37556e+06 0.260797 0.803156 0.0252274 0.000128469
1.94438e+07 0.64389 0.617063 0.0857948 6.19462e-05
1.42211e+07 0.513123 0.450924 0.0353401 8.46959e-05
