3.09629e+07 0.947124 0.348741 0.100411 3.7428e-05
2.93774e+07 0.921362 0.317357 0.0347815 3.9448e-05
1.7002e+07 0.550807 0.519957 0.0408014 6.81613e-05
1.26595e+07 0.396317 0.709564 0 9.15423e-05
1.60825e+07 0.525044 0.53823 0 7.20583e-05
2.93774e+07 0.921362 0.317357 0.0347815 3.9448e-05
2.93774e+07 0.921362 0.317357 0.0347815 3.9448e-05
2.93774e+07 0.921362 0.317357 0.0347815 3.9448e-05
1.26595e+07 0.396317 0.709564 0 9.15423e-05
2.93774e+07 0.921362 0.317357 0.0347815 3.9448e-05
3.54614e+07 0.96748 0.416035 0.167706 3.268e-05
2.93774e+07 0.921362 0.317357 0.0347815 3.9448e-05
2.93774e+07 0.921362 0.317357 0.0347815 3.9448e-05
1.26595e+07 0.396317 0.709564 0 9.15423e-05
1.26595e+07 0.396317 0.709564 0 9.15423e-05
2.93774e+07 0.921362 0.317357 0.0347815 3.9448e-05
1.26595e+07 0.396317 0.709564 0 9.15423e-05
2.93774e+07 0.921362 0.317357 0.0347815 3.9448e-05
2.93774e+07 0.921362 0.317357 0.0347815 3.9448e-05
2.93774e+07 0.921362 0.317357 0.0347815 3.9448e-05
2.93774e+07 0.921362 0.317357 0.0347815 3.9448e-05
2.93774e+07 0.921362 0.317357 0.0347815 3.9448e-05
2.93774e+07 0.921362 0.317357 0.0347815 3.9448e-05
2.93774e+07 0.921362 0.317357 0.0347815 3.9448e-05
1.37059e+07 0.442436 0.714749 0.0861778 8.45535e-05
2.93774e+07 0.921362 0.317357 0.0347815 3.9448e-05
3.54614e+07 0.96748 0.416035 0.167706 3.268e-05
1.26595e+07 0.396317 0.709564 0 9.15423e-05
2.93774e+07 0.921362 0.317357 0.0347815 3.9448e-05
1.26595e+07 0.396317 0.709564 0 9.15423e-05
1.60825e+07 0.525044 0.53823 0 7.20583e-05
7.64739e+06 0 1 0 0.000151539
2.93774e+07 0.921362 0.317357 0.0347815 3.9448e-05
2.93774e+07 0.921362 0.317357 0.0347815 3.9448e-05
3.54614e+07 0.96748 0.416035 0.167706 3.268e-05
2.93774e+07 0.921362 0.317357 0.0347815 3.9448e-05
1.26595e+07 0.396317 0.709564 0 9.15423e-05
2.93774e+07 0.921362 0.317357 0.0347815 3.9448e-05
1.78044e+07 0.571163 0.464552 0.0467463 6.50895e-05
2.93774e+07 0.921362 0.317357 0.0347815 3.9448e-05
2.93774e+07 0.921362 0.317357 0.0347815 3.9448e-05
2.93774e+07 0.921362 0.317357 0.0347815 3.9448e-05
1.60825e+07 0.525044 0.53823 0 7.20583e-05
2.93774e+07 0.921362 0.317357 0.0347815 3.9448e-05
1.26595e+07 0.396317 0.709564 0 9.15423e-05
2.93774e+07 0.921362 0.317357 0.0347815 3.9448e-05
3.54614e+07 0.96748 0.416035 0.167706 3.268e-05
3.54614e+07 0.96748 0.416035 0.167706 3.268e-05
2.93774e+07 0.921362 0.317357 0.0347815 3.9448e-05
1.26595e+07 0.396317 0.709564 0 9.15423e-05
1.26595e+07 0.396317 0.709564 0 9.15423e-05
2.93774e+07 0.921362 0.317357 0.0347815 3.9448e-05
1.60825e+07 0.525044 0.53823 0 7.20583e-05
2.93774e+07 0.921362 0.317357 0.0347815 3.9448e-05
3.54614e+07 0.96748 0.416035 0.167706 3.268e-05
7.64739e+06 0 1 0 0.000151539
2.93774e+07 0.921362 0.317357 0.0347815 3.9448e-05
2.93774e+07 0.921362 0.317357 0.0347815 3.9448e-05
7.64739e+06 0 1 0 0.000151539
1.63144e+07 0.531802 0.546792 0.042808 7.10343e-05
1.26595e+07 0.396317 0.709564 0 9.15423e-05
3.09629e+07 0.947124 0.348741 0.100411 3.7428e-05
2.93774e+07 0.921362 0.317357 0.0347815 3.9448e-05
2.93774e+07 0.921362 0.317357 0.0347815 3.9448e-05
1.26595e+07 0.396317 0.709564 0 9.15423e-05
7.64739e+06 0 1 0 0.000151539
1.60825e+07 0.525044 0.53823 0 7.20583e-05
1.7002e+07 0.550807 0.519957 0.0408014 6.81613e-05
2.93774e+07 0.921362 0.317357 0.0347815 3.9448e-05
3.09629e+07 0.947124 0.348741 0.100411 3.7428e-05
2.93774e+07 0.921362 0.317357 0.0347815 3.9448e-05
1.26595e+07 0.396317 0.709564 0 9.15423e-05
3.09629e+07 0.947124 0.348741 0.100411 3.7428e-05
7.64739e+06 0 1 0 0.000151539
2.93774e+07 0.921362 0.317357 0.0347815 3.9448e-05
3.54614e+07 0.96748 0.416035 0.167706 3.268e-05
2.93774e+07 0.921362 0.317357 0.0347815 3.9448e-05
2.93774e+07 0.921362 0.317357 0.0347815 3.9448e-05
1.26595e+07 0.396317 0.709564 0 9.15423e-05
1.26595e+07 0.396317 0.709564 0 9.15423e-05
3.54614e+07 0.96748 0.416035 0.167706 3.268e-05
2.93774e+07 0.921362 0.317357 0.0347815 3.9448e-05
2.93774e+07 0.921362 0.317357 0.0347815 3.9448e-05
2.93774e+07 0.921362 0.317357 0.0347815 3.9448e-05
2.93774e+07 0.921362 0.317357 0.0347815 3.9448e-05
2.93774e+07 0.921362 0.317357 0.0347815 3.9448e-05
1.26595e+07 0.396317 0.709564 0 9.15423e-05
2.93774e+07 0.921362 0.317357 0.0347815 3.9448e-05
2.93774e+07 0.921362 0.317357 0.0347815 3.9448e-05
1.26595e+07 0.396317 0.709564 0 9.15423e-05
2.93774e+07 0.921362 0.317357 0.0347815 3.9448e-05
3.09629e+07 0.947124 0.348741 0.100411 3.7428e-05
1.60825e+07 0.525044 0.53823 0 7.20583e-05
2.93774e+07 0.921362 0.317357 0.0347815 3.9448e-05
1.60825e+07 0.525044 0.53823 0 7.20583e-05
2.93774e+07 0.921362 0.317357 0.0347815 3.9448e-05
1.28006e+07 0.403075 0.632509 0 9.05335e-05
1.26595e+07 0.396317 0.709564 0 9.15423e-05
2.93774e+07 0.921362 0.317357 0.0347815 3.9448e-05
3.54614e+07 0.96748 0.416035 0.167706 3.268e-05
