2.73382e+07 0.666227 0.457606 0.163218 4.86682e-05
2.30171e+07 0.603342 0.506982 0.0459308 5.78048e-05
1.67637e+07 0.455145 0.548156 0.117288 7.9368e-05
1.58154e+07 0.422164 0.817589 0.0629908 8.41267e-05
1.50329e+07 0.39226 0.597531 0 8.85056e-05
3.17235e+07 0.712401 0.445631 0.0774262 4.19405e-05
4.91235e+07 0.814424 0.506982 0.108922 2.70848e-05
3.17235e+07 0.712401 0.445631 0.0774262 4.19405e-05
1.9491e+07 0.531223 0.756239 0.0944863 6.82624e-05
4.91235e+07 0.814424 0.506982 0.108922 2.70848e-05
2.30171e+07 0.603342 0.506982 0.0459308 5.78048e-05
4.91235e+07 0.814424 0.506982 0.108922 2.70848e-05
4.91235e+07 0.814424 0.506982 0.108922 2.70848e-05
1.34418e+07 0.320141 0.756239 0.0314954 9.89824e-05
1.9491e+07 0.531223 0.756239 0.0944863 6.82624e-05
2.30171e+07 0.603342 0.506982 0.0459308 5.78048e-05
1.58154e+07 0.422164 0.817589 0.0629908 8.41267e-05
4.91235e+07 0.814424 0.506982 0.108922 2.70848e-05
2.30171e+07 0.603342 0.506982 0.0459308 5.78048e-05
4.91235e+07 0.814424 0.506982 0.108922 2.70848e-05
4.91235e+07 0.814424 0.506982 0.108922 2.70848e-05
2.30171e+07 0.603342 0.506982 0.0459308 5.78048e-05
4.91235e+07 0.814424 0.506982 0.108922 2.70848e-05
2.30171e+07 0.603342 0.506982 0.0459308 5.78048e-05
1.58154e+07 0.422164 0.817589 0.0629908 8.41267e-05
4.91235e+07 0.814424 0.506982 0.108922 2.70848e-05
2.30171e+07 0.603342 0.506982 0.0459308 5.78048e-05
1.58154e+07 0.422164 0.817589 0.0629908 8.41267e-05
2.30171e+07 0.603342 0.506982 0.0459308 5.78048e-05
1.58154e+07 0.422164 0.817589 0.0629908 8.41267e-05
1.50329e+07 0.39226 0.597531 0 8.85056e-05
1.15866e+07 0.211082 0.874018 0 0.000114831
3.17235e+07 0.712401 0.445631 0.0774262 4.19405e-05
2.30171e+07 0.603342 0.506982 0.0459308 5.78048e-05
2.30171e+07 0.603342 0.506982 0.0459308 5.78048e-05
2.30171e+07 0.603342 0.506982 0.0459308 5.78048e-05
1.9491e+07 0.531223 0.756239 0.0944863 6.82624e-05
4.91235e+07 0.814424 0.506982 0.108922 2.70848e-05
1.50329e+07 0.39226 0.597531 0 8.85056e-05
4.91235e+07 0.814424 0.506982 0.108922 2.70848e-05
2.30171e+07 0.603342 0.506982 0.0459308 5.78048e-05
4.91235e+07 0.814424 0.506982 0.108922 2.70848e-05
2.30171e+07 0.603342 0.47155 0 5.78048e-05
4.91235e+07 0.814424 0.506982 0.108922 2.70848e-05
1.9491e+07 0.531223 0.756239 0.0944863 6.82624e-05
3.17235e+07 0.712401 0.445631 0.0774262 4.19405e-05
2.30171e+07 0.603342 0.506982 0.0459308 5.78048e-05
2.30171e+07 0.603342 0.506982 0.0459308 5.78048e-05
2.30171e+07 0.603342 0.506982 0.0459308 5.78048e-05
1.34418e+07 0.320141 0.756239 0.0314954 9.89824e-05
1.34418e+07 0.320141 0.756239 0.0314954 9.89824e-05
3.17235e+07 0.712401 0.445631 0.0774262 4.19405e-05
2.30171e+07 0.603342 0.47155 0 5.78048e-05
4.91235e+07 0.814424 0.506982 0.108922 2.70848e-05
2.30171e+07 0.603342 0.506982 0.0459308 5.78048e-05
1.15866e+07 0.211082 0.874018 0 0.000114831
4.91235e+07 0.814424 0.506982 0.108922 2.70848e-05
2.30171e+07 0.603342 0.506982 0.0459308 5.78048e-05
1.15866e+07 0.211082 0.874018 0 0.000114831
1.50329e+07 0.39226 0.597531 0 8.85056e-05
1.34418e+07 0.320141 0.756239 0.0314954 9.89824e-05
2.73382e+07 0.666227 0.457606 0.163218 4.86682e-05
4.91235e+07 0.814424 0.506982 0.108922 2.70848e-05
2.30171e+07 0.603342 0.506982 0.0459308 5.78048e-05
1.58154e+07 0.422164 0.817589 0.0629908 8.41267e-05
1.15866e+07 0.211082 0.874018 0 0.000114831
1.50329e+07 0.39226 0.597531 0 8.85056e-05
1.67637e+07 0.455145 0.548156 0.117288 7.9368e-05
2.30171e+07 0.603342 0.506982 0.0459308 5.78048e-05
2.73382e+07 0.666227 0.457606 0.163218 4.86682e-05
4.91235e+07 0.814424 0.506982 0.108922 2.70848e-05
1.58154e+07 0.422164 0.817589 0.0629908 8.41267e-05
2.73382e+07 0.666227 0.457606 0.163218 4.86682e-05
1.15866e+07 0.211082 0.874018 0 0.000114831
3.17235e+07 0.712401 0.445631 0.0774262 4.19405e-05
2.30171e+07 0.603342 0.506982 0.0459308 5.78048e-05
3.17235e+07 0.712401 0.445631 0.0774262 4.19405e-05
2.30171e+07 0.603342 0.506982 0.0459308 5.78048e-05
1.1585e+07 0.211082 0.817589 0 0.000114847
1.9491e+07 0.531223 0.756239 0.0944863 6.82624e-05
2.30171e+07 0.603342 0.506982 0.0459308 5.78048e-05
2.30171e+07 0.603342 0.506982 0.0459308 5.78048e-05
2.30171e+07 0.603342 0.506982 0.0459308 5.78048e-05
4.91235e+07 0.814424 0.506982 0.108922 2.70848e-05
3.17235e+07 0.712401 0.445631 0.0774262 4.19405e-05
4.91235e+07 0.814424 0.506982 0.108922 2.70848e-05
1.9491e+07 0.531223 0.756239 0.0944863 6.82624e-05
2.30171e+07 0.603342 0.506982 0.0459308 5.78048e-05
2.30171e+07 0.603342 0.506982 0.0459308 5.78048e-05
1.34418e+07 0.320141 0.756239 0.0314954 9.89824e-05
2.30171e+07 0.603342 0.506982 0.0459308 5.78048e-05
2.73382e+07 0.666227 0.457606 0.163218 4.86682e-05
1.50329e+07 0.39226 0.597531 0 8.85056e-05
3.17235e+07 0.712401 0.445631 0.0774262 4.19405e-05
3.17119e+07 0.712401 0.347208 0 4.19558e-05
4.91235e+07 0.814424 0.506982 0.108922 2.70848e-05
1.58154e+07 0.422164 0.817589 0.0629908 8.41267e-05
1.34418e+07 0.320141 0.756239 0.0314954 9.89824e-05
4.91235e+07 0.814424 0.506982 0.108922 2.70848e-05
2.30171e+07 0.603342 0.506982 0.0459308 5.78048e-05
