1.31842e+07 0.453647 0.785793 0.0448499 8.01408e-05
2.44554e+07 0.705577 0.832281 0.0629915 4.32048e-05
9.44355e+06 0.237084 0.799687 0 0.000111885
1.42928e+07 0.495999 0.837374 0 7.39248e-05
9.11696e+06 0.209577 0.868924 0 0.000115893
1.25538e+07 0.42614 0.819322 0.0269963 8.41648e-05
1.25538e+07 0.42614 0.819322 0.0269963 8.41648e-05
1.25538e+07 0.42614 0.819322 0.0269963 8.41648e-05
9.19825e+06 0.216563 0.896406 0 0.000114869
1.25538e+07 0.42614 0.819322 0.0269963 8.41648e-05
1.53056e+07 0.529679 0.716808 0.0983927 6.90331e-05
1.25538e+07 0.42614 0.819322 0.0269963 8.41648e-05
1.25538e+07 0.42614 0.819322 0.0269963 8.41648e-05
9.19825e+06 0.216563 0.896406 0 0.000114869
9.19825e+06 0.216563 0.896406 0 0.000114869
2.44554e+07 0.705577 0.832281 0.0629915 4.32048e-05
9.19825e+06 0.216563 0.896406 0 0.000114869
1.25538e+07 0.42614 0.819322 0.0269963 8.41648e-05
1.25538e+07 0.42614 0.819322 0.0269963 8.41648e-05
1.25538e+07 0.42614 0.819322 0.0269963 8.41648e-05
1.25538e+07 0.42614 0.819322 0.0269963 8.41648e-05
1.25538e+07 0.42614 0.819322 0.0269963 8.41648e-05
1.25538e+07 0.42614 0.819322 0.0269963 8.41648e-05
1.25538e+07 0.42614 0.819322 0.0269963 8.41648e-05
1.05921e+07 0.320102 0.722513 0.0357072 9.97531e-05
1.25538e+07 0.42614 0.819322 0.0269963 8.41648e-05
1.53056e+07 0.529679 0.716808 0.0983927 6.90331e-05
9.19825e+06 0.216563 0.896406 0 0.000114869
1.25538e+07 0.42614 0.819322 0.0269963 8.41648e-05
9.19825e+06 0.216563 0.896406 0 0.000114869
1.41005e+07 0.489014 0.881882 0.0359951 7.49328e-05
7.31394e+06 0.0146158 0.911713 0 0.000144463
1.25538e+07 0.42614 0.819322 0.0269963 8.41648e-05
1.25538e+07 0.42614 0.819322 0.0269963 8.41648e-05
1.53056e+07 0.529679 0.716808 0.0983927 6.90331e-05
1.25538e+07 0.42614 0.819322 0.0269963 8.41648e-05
9.19825e+06 0.216563 0.896406 0 0.000114869
1.25538e+07 0.42614 0.819322 0.0269963 8.41648e-05
1.04844e+07 0.313116 0.694995 0.0356892 0.000100777
1.25538e+07 0.42614 0.819322 0.0269963 8.41648e-05
1.25538e+07 0.42614 0.819322 0.0269963 8.41648e-05
1.25538e+07 0.42614 0.819322 0.0269963 8.41648e-05
9.11696e+06 0.209577 0.868924 0 0.000115893
1.25538e+07 0.42614 0.819322 0.0269963 8.41648e-05
9.19825e+06 0.216563 0.896406 0 0.000114869
1.25538e+07 0.42614 0.819322 0.0269963 8.41648e-05
1.53056e+07 0.529679 0.716808 0.0983927 6.90331e-05
1.53056e+07 0.529679 0.716808 0.0983927 6.90331e-05
2.44554e+07 0.705577 0.832281 0.0629915 4.32048e-05
9.19825e+06 0.216563 0.896406 0 0.000114869
9.19825e+06 0.216563 0.896406 0 0.000114869
1.25538e+07 0.42614 0.819322 0.0269963 8.41648e-05
9.11696e+06 0.209577 0.868924 0 0.000115893
1.25538e+07 0.42614 0.819322 0.0269963 8.41648e-05
1.53056e+07 0.529679 0.716808 0.0983927 6.90331e-05
7.31394e+06 0.0146158 0.911713 0 0.000144463
1.25538e+07 0.42614 0.819322 0.0269963 8.41648e-05
2.44554e+07 0.705577 0.832281 0.0629915 4.32048e-05
7.69506e+06 0.0635172 0.88349 0 0.000137308
9.18403e+06 0.215461 0.825271 0 0.000115046
9.19825e+06 0.216563 0.896406 0 0.000114869
1.31842e+07 0.453647 0.785793 0.0448499 8.01408e-05
1.25538e+07 0.42614 0.819322 0.0269963 8.41648e-05
1.25538e+07 0.42614 0.819322 0.0269963 8.41648e-05
9.19825e+06 0.216563 0.896406 0 0.000114869
1.00021e+07 0.279436 0.940968 0 0.000105637
9.11696e+06 0.209577 0.868924 0 0.000115893
9.44355e+06 0.237084 0.799687 0 0.000111885
1.25538e+07 0.42614 0.819322 0.0269963 8.41648e-05
1.31842e+07 0.453647 0.785793 0.0448499 8.01408e-05
1.25538e+07 0.42614 0.819322 0.0269963 8.41648e-05
9.19825e+06 0.216563 0.896406 0 0.000114869
1.31842e+07 0.453647 0.785793 0.0448499 8.01408e-05
7.20824e+06 0 1 0 0.000146581
1.25538e+07 0.42614 0.819322 0.0269963 8.41648e-05
1.53056e+07 0.529679 0.716808 0.0983927 6.90331e-05
1.25538e+07 0.42614 0.819322 0.0269963 8.41648e-05
1.25538e+07 0.42614 0.819322 0.0269963 8.41648e-05
9.19825e+06 0.216563 0.896406 0 0.000114869
9.19825e+06 0.216563 0.896406 0 0.000114869
1.53056e+07 0.529679 0.716808 0.0983927 6.90331e-05
1.25538e+07 0.42614 0.819322 0.0269963 8.41648e-05
2.44554e+07 0.705577 0.832281 0.0629915 4.32048e-05
1.25538e+07 0.42614 0.819322 0.0269963 8.41648e-05
1.25538e+07 0.42614 0.819322 0.0269963 8.41648e-05
1.25538e+07 0.42614 0.819322 0.0269963 8.41648e-05
9.19825e+06 0.216563 0.896406 0 0.000114869
2.44554e+07 0.705577 0.832281 0.0629915 4.32048e-05
2.44554e+07 0.705577 0.832281 0.0629915 4.32048e-05
9.19825e+06 0.216563 0.896406 0 0.000114869
1.25538e+07 0.42614 0.819322 0.0269963 8.41648e-05
1.31842e+07 0.453647 0.785793 0.0448499 8.01408e-05
1.57297e+07 0.542314 0.741271 0.0359951 6.71718e-05
1.25538e+07 0.42614 0.819322 0.0269963 8.41648e-05
9.11696e+06 0.209577 0.868924 0 0.000115893
1.25538e+07 0.42614 0.819322 0.0269963 8.41648e-05
9.26654e+06 0.222447 0.852753 0 0.000114022
9.86473e+06 0.269863 0.755795 0 0.000107108
1.25538e+07 0.42614 0.819322 0.0269963 8.41648e-05
1.53056e+07 0.529679 0.716808 0.0983927 6.90331e-05
