1.43353e+07 0.287794 0.591407 0 8.37966e-05
1.37232e+07 0.255817 0.754295 0 8.75341e-05
1.05519e+07 0.0319771 0.837112 0 0.000113842
1.37232e+07 0.255817 0.754295 0 8.75341e-05
1.02161e+07 0 1 0 0.000117584
2.05201e+07 0.502653 0.524095 0.0424759 5.85402e-05
1.37232e+07 0.255817 0.754295 0 8.75341e-05
2.05201e+07 0.502653 0.524095 0.0424759 5.85402e-05
2.05201e+07 0.502653 0.524095 0.0424759 5.85402e-05
1.37232e+07 0.255817 0.754295 0 8.75341e-05
1.48879e+07 0.314056 0.763581 0.14539 8.06861e-05
1.37232e+07 0.255817 0.754295 0 8.75341e-05
1.37232e+07 0.255817 0.754295 0 8.75341e-05
2.05201e+07 0.502653 0.524095 0.0424759 5.85402e-05
2.05201e+07 0.502653 0.524095 0.0424759 5.85402e-05
1.37232e+07 0.255817 0.754295 0 8.75341e-05
3.02642e+07 0.662947 0.551495 0 3.96922e-05
1.37232e+07 0.255817 0.754295 0 8.75341e-05
3.02642e+07 0.662947 0.551495 0 3.96922e-05
1.37232e+07 0.255817 0.754295 0 8.75341e-05
1.37232e+07 0.255817 0.754295 0 8.75341e-05
3.02642e+07 0.662947 0.551495 0 3.96922e-05
1.37232e+07 0.255817 0.754295 0 8.75341e-05
3.02642e+07 0.662947 0.551495 0 3.96922e-05
1.48879e+07 0.314056 0.763581 0.14539 8.06861e-05
1.37232e+07 0.255817 0.754295 0 8.75341e-05
1.48879e+07 0.314056 0.763581 0.14539 8.06861e-05
1.37232e+07 0.255817 0.754295 0 8.75341e-05
1.37232e+07 0.255817 0.754295 0 8.75341e-05
1.37232e+07 0.255817 0.754295 0 8.75341e-05
1.72248e+07 0.40713 0.7972 0 6.97394e-05
1.02161e+07 0 1 0 0.000117584
2.05201e+07 0.502653 0.524095 0.0424759 5.85402e-05
1.37232e+07 0.255817 0.754295 0 8.75341e-05
1.48879e+07 0.314056 0.763581 0.14539 8.06861e-05
3.02642e+07 0.662947 0.551495 0 3.96922e-05
2.05201e+07 0.502653 0.524095 0.0424759 5.85402e-05
1.37232e+07 0.255817 0.754295 0 8.75341e-05
1.08449e+07 0.0582392 0.718507 0 0.000110766
1.37232e+07 0.255817 0.754295 0 8.75341e-05
3.02642e+07 0.662947 0.551495 0 3.96922e-05
1.37232e+07 0.255817 0.754295 0 8.75341e-05
1.02161e+07 0 1 0 0.000117584
1.37232e+07 0.255817 0.754295 0 8.75341e-05
2.05201e+07 0.502653 0.524095 0.0424759 5.85402e-05
2.05201e+07 0.502653 0.524095 0.0424759 5.85402e-05
1.48879e+07 0.314056 0.763581 0.14539 8.06861e-05
1.48879e+07 0.314056 0.763581 0.14539 8.06861e-05
1.37232e+07 0.255817 0.754295 0 8.75341e-05
5.01859e+07 0.909784 0.379134 0.0713957 2.3936e-05
5.01859e+07 0.909784 0.379134 0.0713957 2.3936e-05
2.05201e+07 0.502653 0.524095 0.0424759 5.85402e-05
1.02161e+07 0 1 0 0.000117584
1.37232e+07 0.255817 0.754295 0 8.75341e-05
1.48879e+07 0.314056 0.763581 0.14539 8.06861e-05
1.02161e+07 0 1 0 0.000117584
1.37232e+07 0.255817 0.754295 0 8.75341e-05
1.37232e+07 0.255817 0.754295 0 8.75341e-05
1.02161e+07 0 1 0 0.000117584
1.02161e+07 0 1 0 0.000117584
5.01859e+07 0.909784 0.379134 0.0713957 2.3936e-05
1.43353e+07 0.287794 0.591407 0 8.37966e-05
1.37232e+07 0.255817 0.754295 0 8.75341e-05
3.02642e+07 0.662947 0.551495 0 3.96922e-05
1.37232e+07 0.255817 0.754295 0 8.75341e-05
1.02161e+07 0 1 0 0.000117584
1.02161e+07 0 1 0 0.000117584
1.82046e+07 0.439107 0.711672 0.0386802 6.59862e-05
1.37232e+07 0.255817 0.754295 0 8.75341e-05
1.43353e+07 0.287794 0.591407 0 8.37966e-05
1.37232e+07 0.255817 0.754295 0 8.75341e-05
1.37232e+07 0.255817 0.754295 0 8.75341e-05
1.43353e+07 0.287794 0.591407 0 8.37966e-05
1.02161e+07 0 1 0 0.000117584
2.05201e+07 0.502653 0.524095 0.0424759 5.85402e-05
1.48879e+07 0.314056 0.763581 0.14539 8.06861e-05
2.05201e+07 0.502653 0.524095 0.0424759 5.85402e-05
1.37232e+07 0.255817 0.754295 0 8.75341e-05
1.37232e+07 0.255817 0.754295 0 8.75341e-05
2.05201e+07 0.502653 0.524095 0.0424759 5.85402e-05
1.48879e+07 0.314056 0.763581 0.14539 8.06861e-05
3.02642e+07 0.662947 0.551495 0 3.96922e-05
1.37232e+07 0.255817 0.754295 0 8.75341e-05
1.37232e+07 0.255817 0.754295 0 8.75341e-05
2.05201e+07 0.502653 0.524095 0.0424759 5.85402e-05
1.37232e+07 0.255817 0.754295 0 8.75341e-05
2.05201e+07 0.502653 0.524095 0.0424759 5.85402e-05
1.37232e+07 0.255817 0.754295 0 8.75341e-05
1.37232e+07 0.255817 0.754295 0 8.75341e-05
2.05201e+07 0.502653 0.524095 0.0424759 5.85402e-05
3.02642e+07 0.662947 0.551495 0 3.96922e-05
1.43353e+07 0.287794 0.591407 0 8.37966e-05
1.02161e+07 0 1 0 0.000117584
2.05201e+07 0.502653 0.524095 0.0424759 5.85402e-05
1.35586e+07 0.246836 0.684848 0 8.85968e-05
1.37232e+07 0.255817 0.754295 0 8.75341e-05
1.37232e+07 0.255817 0.754295 0 8.75341e-05
2.05201e+07 0.502653 0.524095 0.0424759 5.85402e-05
1.37232e+07 0.255817 0.754295 0 8.75341e-05
1.48879e+07 0.314056 0.763581 0.14539 8.06861e-05
