2.57162e+07 0.644229 0.492808 0.101371 4.92977e-05
2.35631e+07 0.611612 0.51722 0.0430308 5.38022e-05
1.60525e+07 0.429563 0.584298 0.0583398 7.89754e-05
1.60528e+07 0.429331 0.822448 0.0614347 7.89737e-05
1.51862e+07 0.396947 0.60871 0 8.34804e-05
3.31927e+07 0.724497 0.45509 0.0737481 3.81937e-05
4.92521e+07 0.826278 0.51722 0.104465 2.574e-05
3.31927e+07 0.724497 0.45509 0.0737481 3.81937e-05
2.00071e+07 0.542216 0.760319 0.0921521 6.33651e-05
4.92521e+07 0.826278 0.51722 0.104465 2.574e-05
2.35631e+07 0.611612 0.51722 0.0430308 5.38022e-05
4.92521e+07 0.826278 0.51722 0.104465 2.574e-05
4.92521e+07 0.826278 0.51722 0.104465 2.574e-05
1.36228e+07 0.32755 0.760319 0.0307174 9.30611e-05
2.00071e+07 0.542216 0.760319 0.0921521 6.33651e-05
2.35631e+07 0.611612 0.51722 0.0430308 5.38022e-05
1.60528e+07 0.429331 0.822448 0.0614347 7.89737e-05
4.92521e+07 0.826278 0.51722 0.104465 2.574e-05
2.35631e+07 0.611612 0.51722 0.0430308 5.38022e-05
4.92521e+07 0.826278 0.51722 0.104465 2.574e-05
4.92521e+07 0.826278 0.51722 0.104465 2.574e-05
2.35631e+07 0.611612 0.51722 0.0430308 5.38022e-05
4.92521e+07 0.826278 0.51722 0.104465 2.574e-05
2.35631e+07 0.611612 0.51722 0.0430308 5.38022e-05
1.60528e+07 0.429331 0.822448 0.0614347 7.89737e-05
4.92521e+07 0.826278 0.51722 0.104465 2.574e-05
2.35631e+07 0.611612 0.51722 0.0430308 5.38022e-05
1.60528e+07 0.429331 0.822448 0.0614347 7.89737e-05
2.35631e+07 0.611612 0.51722 0.0430308 5.38022e-05
1.60528e+07 0.429331 0.822448 0.0614347 7.89737e-05
1.51862e+07 0.396947 0.60871 0 8.34804e-05
1.17682e+07 0.221374 0.88097 0.0614347 0.000107727
3.31927e+07 0.724497 0.45509 0.0737481 3.81937e-05
2.35631e+07 0.611612 0.51722 0.0430308 5.38022e-05
2.35631e+07 0.611612 0.51722 0.0430308 5.38022e-05
2.35631e+07 0.611612 0.51722 0.0430308 5.38022e-05
2.00071e+07 0.542216 0.760319 0.0921521 6.33651e-05
4.92521e+07 0.826278 0.51722 0.104465 2.574e-05
1.51862e+07 0.396947 0.60871 0 8.34804e-05
4.92521e+07 0.826278 0.51722 0.104465 2.574e-05
2.35631e+07 0.611612 0.51722 0.0430308 5.38022e-05
4.92521e+07 0.826278 0.51722 0.104465 2.574e-05
2.35631e+07 0.611612 0.48584 0 5.38022e-05
4.92521e+07 0.826278 0.51722 0.104465 2.574e-05
2.00071e+07 0.542216 0.760319 0.0921521 6.33651e-05
3.31927e+07 0.724497 0.45509 0.0737481 3.81937e-05
2.35631e+07 0.611612 0.51722 0.0430308 5.38022e-05
2.35631e+07 0.611612 0.51722 0.0430308 5.38022e-05
2.35631e+07 0.611612 0.51722 0.0430308 5.38022e-05
1.36228e+07 0.32755 0.760319 0.0307174 9.30611e-05
1.36228e+07 0.32755 0.760319 0.0307174 9.30611e-05
3.31927e+07 0.724497 0.45509 0.0737481 3.81937e-05
2.35631e+07 0.611612 0.48584 0 5.38022e-05
4.92521e+07 0.826278 0.51722 0.104465 2.574e-05
2.35631e+07 0.611612 0.51722 0.0430308 5.38022e-05
1.17682e+07 0.221374 0.88097 0.0614347 0.000107727
4.92521e+07 0.826278 0.51722 0.104465 2.574e-05
2.35631e+07 0.611612 0.51722 0.0430308 5.38022e-05
1.16677e+07 0.214666 0.877131 0 0.000108655
1.53748e+07 0.404349 0.619302 0.052961 8.24564e-05
1.36228e+07 0.32755 0.760319 0.0307174 9.30611e-05
2.57162e+07 0.644229 0.492808 0.101371 4.92977e-05
4.92521e+07 0.826278 0.51722 0.104465 2.574e-05
2.35631e+07 0.611612 0.51722 0.0430308 5.38022e-05
1.60528e+07 0.429331 0.822448 0.0614347 7.89737e-05
1.16677e+07 0.214666 0.877131 0 0.000108655
1.51862e+07 0.396947 0.60871 0 8.34804e-05
1.60525e+07 0.429563 0.584298 0.0583398 7.89754e-05
2.35631e+07 0.611612 0.51722 0.0430308 5.38022e-05
2.57162e+07 0.644229 0.492808 0.101371 4.92977e-05
4.92521e+07 0.826278 0.51722 0.104465 2.574e-05
1.60528e+07 0.429331 0.822448 0.0614347 7.89737e-05
2.57162e+07 0.644229 0.492808 0.101371 4.92977e-05
1.17682e+07 0.221374 0.88097 0.0614347 0.000107727
3.31927e+07 0.724497 0.45509 0.0737481 3.81937e-05
2.35631e+07 0.611612 0.51722 0.0430308 5.38022e-05
3.31927e+07 0.724497 0.45509 0.0737481 3.81937e-05
2.35631e+07 0.611612 0.51722 0.0430308 5.38022e-05
1.16661e+07 0.214666 0.822448 0 0.00010867
2.00071e+07 0.542216 0.760319 0.0921521 6.33651e-05
2.35631e+07 0.611612 0.51722 0.0430308 5.38022e-05
2.35631e+07 0.611612 0.51722 0.0430308 5.38022e-05
2.35631e+07 0.611612 0.51722 0.0430308 5.38022e-05
4.92521e+07 0.826278 0.51722 0.104465 2.574e-05
3.31927e+07 0.724497 0.45509 0.0737481 3.81937e-05
4.92521e+07 0.826278 0.51722 0.104465 2.574e-05
2.00071e+07 0.542216 0.760319 0.0921521 6.33651e-05
2.35631e+07 0.611612 0.51722 0.0430308 5.38022e-05
2.35631e+07 0.611612 0.51722 0.0430308 5.38022e-05
1.36228e+07 0.32755 0.760319 0.0307174 9.30611e-05
2.35631e+07 0.611612 0.51722 0.0430308 5.38022e-05
2.57162e+07 0.644229 0.492808 0.101371 4.92977e-05
1.51862e+07 0.396947 0.60871 0 8.34804e-05
3.31927e+07 0.724497 0.45509 0.0737481 3.81937e-05
3.31798e+07 0.724497 0.362276 0 3.82085e-05
4.92521e+07 0.826278 0.51722 0.104465 2.574e-05
1.62606e+07 0.436734 0.727119 0.0614347 7.79645e-05
1.36228e+07 0.32755 0.760319 0.0307174 9.30611e-05
4.92521e+07 0.826278 0.51722 0.104465 2.574e-05
2.35631e+07 0.611612 0.51722 0.0430308 5.38022e-05
