1.3456e+07 0.396456 0.6386 0.0565501 8.7366e-05
1.27474e+07 0.362828 0.663006 0 9.22224e-05
1.39781e+07 0.419121 0.547197 0.132818 8.41028e-05
8.12768e+06 0 1 0 0.000144642
4.06124e+07 0.800345 0.615652 0.127982 2.89468e-05
1.59267e+07 0.49026 0.533238 0 7.38132e-05
1.27474e+07 0.362828 0.663006 0 9.22224e-05
1.59267e+07 0.49026 0.533238 0 7.38132e-05
9.31307e+06 0.127432 0.870232 0 0.000126231
1.27474e+07 0.362828 0.663006 0 9.22224e-05
1.27474e+07 0.362828 0.663006 0 9.22224e-05
1.27474e+07 0.362828 0.663006 0 9.22224e-05
1.27474e+07 0.362828 0.663006 0 9.22224e-05
9.31307e+06 0.127432 0.870232 0 0.000126231
9.31307e+06 0.127432 0.870232 0 0.000126231
1.27474e+07 0.362828 0.663006 0 9.22224e-05
8.12768e+06 0 1 0 0.000144642
1.27474e+07 0.362828 0.663006 0 9.22224e-05
1.27474e+07 0.362828 0.663006 0 9.22224e-05
1.27474e+07 0.362828 0.663006 0 9.22224e-05
1.27474e+07 0.362828 0.663006 0 9.22224e-05
1.27474e+07 0.362828 0.663006 0 9.22224e-05
1.27474e+07 0.362828 0.663006 0 9.22224e-05
1.27474e+07 0.362828 0.663006 0 9.22224e-05
8.12768e+06 0 1 0 0.000144642
1.27474e+07 0.362828 0.663006 0 9.22224e-05
1.27474e+07 0.362828 0.663006 0 9.22224e-05
8.12768e+06 0 1 0 0.000144642
1.47557e+07 0.449553 0.713157 0.088248 7.96708e-05
8.12768e+06 0 1 0 0.000144642
1.27474e+07 0.362828 0.663006 0 9.22224e-05
8.12768e+06 0 1 0 0.000144642
1.59267e+07 0.49026 0.533238 0 7.38132e-05
1.27474e+07 0.362828 0.663006 0 9.22224e-05
1.27474e+07 0.362828 0.663006 0 9.22224e-05
1.27474e+07 0.362828 0.663006 0 9.22224e-05
9.31307e+06 0.127432 0.870232 0 0.000126231
1.27474e+07 0.362828 0.663006 0 9.22224e-05
1.27474e+07 0.362828 0.663006 0 9.22224e-05
1.27474e+07 0.362828 0.663006 0 9.22224e-05
1.27474e+07 0.362828 0.663006 0 9.22224e-05
1.27474e+07 0.362828 0.663006 0 9.22224e-05
1.27474e+07 0.362828 0.663006 0 9.22224e-05
1.27474e+07 0.362828 0.663006 0 9.22224e-05
9.31307e+06 0.127432 0.870232 0 0.000126231
1.59267e+07 0.49026 0.533238 0 7.38132e-05
1.27474e+07 0.362828 0.663006 0 9.22224e-05
1.27474e+07 0.362828 0.663006 0 9.22224e-05
1.27474e+07 0.362828 0.663006 0 9.22224e-05
9.31307e+06 0.127432 0.870232 0 0.000126231
9.31307e+06 0.127432 0.870232 0 0.000126231
1.59267e+07 0.49026 0.533238 0 7.38132e-05
2.83288e+07 0.71362 0.565501 0.0397339 4.14984e-05
1.27474e+07 0.362828 0.663006 0 9.22224e-05
1.27474e+07 0.362828 0.663006 0 9.22224e-05
8.12768e+06 0 1 0 0.000144642
1.27474e+07 0.362828 0.663006 0 9.22224e-05
1.27474e+07 0.362828 0.663006 0 9.22224e-05
8.12768e+06 0 1 0 0.000144642
1.27474e+07 0.362828 0.663006 0 9.22224e-05
9.31307e+06 0.127432 0.870232 0 0.000126231
1.3456e+07 0.396456 0.6386 0.0565501 8.7366e-05
1.27474e+07 0.362828 0.663006 0 9.22224e-05
1.27474e+07 0.362828 0.663006 0 9.22224e-05
8.12768e+06 0 1 0 0.000144642
8.12768e+06 0 1 0 0.000144642
1.27474e+07 0.362828 0.663006 0 9.22224e-05
1.3456e+07 0.396456 0.6386 0.0565501 8.7366e-05
2.83288e+07 0.71362 0.565501 0.0397339 4.14984e-05
1.3456e+07 0.396456 0.6386 0.0565501 8.7366e-05
1.27474e+07 0.362828 0.663006 0 9.22224e-05
8.12768e+06 0 1 0 0.000144642
1.3456e+07 0.396456 0.6386 0.0565501 8.7366e-05
8.12768e+06 0 1 0 0.000144642
1.59267e+07 0.49026 0.533238 0 7.38132e-05
1.27474e+07 0.362828 0.663006 0 9.22224e-05
1.59267e+07 0.49026 0.533238 0 7.38132e-05
1.47557e+07 0.449553 0.713157 0.088248 7.96708e-05
8.12768e+06 0 1 0 0.000144642
9.31307e+06 0.127432 0.870232 0 0.000126231
1.27474e+07 0.362828 0.663006 0 9.22224e-05
1.27474e+07 0.362828 0.663006 0 9.22224e-05
1.27474e+07 0.362828 0.663006 0 9.22224e-05
1.27474e+07 0.362828 0.663006 0 9.22224e-05
1.59267e+07 0.49026 0.533238 0 7.38132e-05
1.27474e+07 0.362828 0.663006 0 9.22224e-05
9.31307e+06 0.127432 0.870232 0 0.000126231
1.27474e+07 0.362828 0.663006 0 9.22224e-05
1.27474e+07 0.362828 0.663006 0 9.22224e-05
1.55666e+07 0.478225 0.69326 0 7.55208e-05
1.27474e+07 0.362828 0.663006 0 9.22224e-05
1.3456e+07 0.396456 0.6386 0.0565501 8.7366e-05
1.27474e+07 0.362828 0.663006 0 9.22224e-05
1.59267e+07 0.49026 0.533238 0 7.38132e-05
1.59267e+07 0.49026 0.533238 0 7.38132e-05
1.27474e+07 0.362828 0.663006 0 9.22224e-05
8.12768e+06 0 1 0 0.000144642
9.31307e+06 0.127432 0.870232 0 0.000126231
1.27474e+07 0.362828 0.663006 0 9.22224e-05
1.27474e+07 0.362828 0.663006 0 9.22224e-05
