2.84708e+07 0.748266 0.600841 0.0599045 3.97207e-05
2.54993e+07 0.718796 0.615119 0.0261758 4.43495e-05
1.64175e+07 0.562914 0.574942 0.0337287 6.88825e-05
8.93386e+06 0.19562 0.896253 0 0.000126584
1.50572e+07 0.523176 0.666515 0 7.51056e-05
3.14278e+07 0.81977 0.580301 0.0440872 3.59834e-05
2.54993e+07 0.718796 0.615119 0.0261758 4.43495e-05
3.14278e+07 0.81977 0.580301 0.0440872 3.59834e-05
1.02152e+07 0.296594 0.861434 0.0179114 0.000110705
2.54993e+07 0.718796 0.615119 0.0261758 4.43495e-05
3.24686e+07 0.805591 0.588282 0.125575 3.483e-05
2.54993e+07 0.718796 0.615119 0.0261758 4.43495e-05
2.54993e+07 0.718796 0.615119 0.0261758 4.43495e-05
1.08351e+07 0.337092 0.74357 0.0179114 0.000104372
1.02152e+07 0.296594 0.861434 0.0179114 0.000110705
2.54993e+07 0.718796 0.615119 0.0261758 4.43495e-05
8.93386e+06 0.19562 0.896253 0 0.000126584
2.54993e+07 0.718796 0.615119 0.0261758 4.43495e-05
2.54993e+07 0.718796 0.615119 0.0261758 4.43495e-05
2.54993e+07 0.718796 0.615119 0.0261758 4.43495e-05
2.54993e+07 0.718796 0.615119 0.0261758 4.43495e-05
2.54993e+07 0.718796 0.615119 0.0261758 4.43495e-05
2.54993e+07 0.718796 0.615119 0.0261758 4.43495e-05
2.54993e+07 0.718796 0.615119 0.0261758 4.43495e-05
1.00101e+07 0.282416 0.742261 0.0358226 0.000112974
2.54993e+07 0.718796 0.615119 0.0261758 4.43495e-05
3.24686e+07 0.805591 0.588282 0.125575 3.483e-05
8.93386e+06 0.19562 0.896253 0 0.000126584
2.54993e+07 0.718796 0.615119 0.0261758 4.43495e-05
8.93386e+06 0.19562 0.896253 0 0.000126584
1.50572e+07 0.523176 0.666515 0 7.51056e-05
7.18796e+06 0 1 0 0.00015733
3.14278e+07 0.81977 0.580301 0.0440872 3.59834e-05
2.54993e+07 0.718796 0.615119 0.0261758 4.43495e-05
3.24686e+07 0.805591 0.588282 0.125575 3.483e-05
2.54993e+07 0.718796 0.615119 0.0261758 4.43495e-05
1.02152e+07 0.296594 0.861434 0.0179114 0.000110705
2.54993e+07 0.718796 0.615119 0.0261758 4.43495e-05
1.83924e+07 0.609971 0.568032 0.063577 6.14863e-05
2.54993e+07 0.718796 0.615119 0.0261758 4.43495e-05
2.54993e+07 0.718796 0.615119 0.0261758 4.43495e-05
2.54993e+07 0.718796 0.615119 0.0261758 4.43495e-05
1.50572e+07 0.523176 0.666515 0 7.51056e-05
2.54993e+07 0.718796 0.615119 0.0261758 4.43495e-05
1.02152e+07 0.296594 0.861434 0.0179114 0.000110705
3.14278e+07 0.81977 0.580301 0.0440872 3.59834e-05
3.24686e+07 0.805591 0.588282 0.125575 3.483e-05
3.24686e+07 0.805591 0.588282 0.125575 3.483e-05
2.54993e+07 0.718796 0.615119 0.0261758 4.43495e-05
1.02152e+07 0.296594 0.861434 0.0179114 0.000110705
1.02152e+07 0.296594 0.861434 0.0179114 0.000110705
3.14278e+07 0.81977 0.580301 0.0440872 3.59834e-05
1.50572e+07 0.523176 0.666515 0 7.51056e-05
2.54993e+07 0.718796 0.615119 0.0261758 4.43495e-05
3.24686e+07 0.805591 0.588282 0.125575 3.483e-05
7.18796e+06 0 1 0 0.00015733
2.54993e+07 0.718796 0.615119 0.0261758 4.43495e-05
2.54993e+07 0.718796 0.615119 0.0261758 4.43495e-05
7.18796e+06 0 1 0 0.00015733
1.50572e+07 0.523176 0.666515 0 7.51056e-05
1.02152e+07 0.296594 0.861434 0.0179114 0.000110705
2.84708e+07 0.748266 0.600841 0.0599045 3.97207e-05
2.54993e+07 0.718796 0.615119 0.0261758 4.43495e-05
2.54993e+07 0.718796 0.615119 0.0261758 4.43495e-05
8.93386e+06 0.19562 0.896253 0 0.000126584
7.18796e+06 0 1 0 0.00015733
1.50572e+07 0.523176 0.666515 0 7.51056e-05
1.60462e+07 0.552645 0.652237 0.0337287 7.04764e-05
2.54993e+07 0.718796 0.615119 0.0261758 4.43495e-05
2.84708e+07 0.748266 0.600841 0.0599045 3.97207e-05
2.54993e+07 0.718796 0.615119 0.0261758 4.43495e-05
8.93386e+06 0.19562 0.896253 0 0.000126584
2.84708e+07 0.748266 0.600841 0.0599045 3.97207e-05
7.18796e+06 0 1 0 0.00015733
3.14278e+07 0.81977 0.580301 0.0440872 3.59834e-05
3.24686e+07 0.805591 0.588282 0.125575 3.483e-05
3.14278e+07 0.81977 0.580301 0.0440872 3.59834e-05
2.54993e+07 0.718796 0.615119 0.0261758 4.43495e-05
8.93386e+06 0.19562 0.896253 0 0.000126584
1.02152e+07 0.296594 0.861434 0.0179114 0.000110705
3.24686e+07 0.805591 0.588282 0.125575 3.483e-05
2.54993e+07 0.718796 0.615119 0.0261758 4.43495e-05
2.54993e+07 0.718796 0.615119 0.0261758 4.43495e-05
2.54993e+07 0.718796 0.615119 0.0261758 4.43495e-05
3.14278e+07 0.81977 0.580301 0.0440872 3.59834e-05
2.54993e+07 0.718796 0.615119 0.0261758 4.43495e-05
1.02152e+07 0.296594 0.861434 0.0179114 0.000110705
2.54993e+07 0.718796 0.615119 0.0261758 4.43495e-05
2.54993e+07 0.718796 0.615119 0.0261758 4.43495e-05
1.02152e+07 0.296594 0.861434 0.0179114 0.000110705
2.54993e+07 0.718796 0.615119 0.0261758 4.43495e-05
2.84708e+07 0.748266 0.600841 0.0599045 3.97207e-05
1.50572e+07 0.523176 0.666515 0 7.51056e-05
3.14278e+07 0.81977 0.580301 0.0440872 3.59834e-05
1.90894e+07 0.62415 0.595874 0 5.92411e-05
2.54993e+07 0.718796 0.615119 0.0261758 4.43495e-05
8.93386e+06 0.19562 0.896253 0 0.000126584
1.02152e+07 0.296594 0.861434 0.0179114 0.000110705
2.54993e+07 0.718796 0.615119 0.0261758 4.43495e-05
3.24686e+07 0.805591 0.588282 0.125575 3.483e-05
