1.71191e+07 0.540894 0.657116 0.0324543 6.83326e-05
1.71191e+07 0.540894 0.657116 0.0324543 6.83326e-05
1.19273e+07 0.340699 0.72576 0 9.80771e-05
1.31176e+07 0.400391 0.866447 0.0462044 8.91774e-05
1.19273e+07 0.340699 0.72576 0 9.80771e-05
2.21942e+07 0.646043 0.610507 0.0555566 5.27069e-05
3.03304e+07 0.741089 0.657116 0.0786588 3.85683e-05
2.21942e+07 0.646043 0.610507 0.0555566 5.27069e-05
1.59043e+07 0.505539 0.819838 0.0693067 7.35518e-05
3.03304e+07 0.741089 0.657116 0.0786588 3.85683e-05
1.71191e+07 0.540894 0.657116 0.0324543 6.83326e-05
3.03304e+07 0.741089 0.657116 0.0786588 3.85683e-05
3.03304e+07 0.741089 0.657116 0.0786588 3.85683e-05
1.13224e+07 0.305344 0.819838 0.0231023 0.000103316
1.59043e+07 0.505539 0.819838 0.0693067 7.35518e-05
1.71191e+07 0.540894 0.657116 0.0324543 6.83326e-05
1.31176e+07 0.400391 0.866447 0.0462044 8.91774e-05
3.03304e+07 0.741089 0.657116 0.0786588 3.85683e-05
1.71191e+07 0.540894 0.657116 0.0324543 6.83326e-05
3.03304e+07 0.741089 0.657116 0.0786588 3.85683e-05
3.03304e+07 0.741089 0.657116 0.0786588 3.85683e-05
1.71191e+07 0.540894 0.657116 0.0324543 6.83326e-05
3.03304e+07 0.741089 0.657116 0.0786588 3.85683e-05
1.71191e+07 0.540894 0.657116 0.0324543 6.83326e-05
1.31176e+07 0.400391 0.866447 0.0462044 8.91774e-05
3.03304e+07 0.741089 0.657116 0.0786588 3.85683e-05
1.71191e+07 0.540894 0.657116 0.0324543 6.83326e-05
1.31176e+07 0.400391 0.866447 0.0462044 8.91774e-05
1.71191e+07 0.540894 0.657116 0.0324543 6.83326e-05
1.31176e+07 0.400391 0.866447 0.0462044 8.91774e-05
1.19273e+07 0.340699 0.72576 0 9.80771e-05
1.02999e+07 0.236354 0.829171 0 0.000113573
2.21942e+07 0.646043 0.610507 0.0555566 5.27069e-05
1.71191e+07 0.540894 0.657116 0.0324543 6.83326e-05
1.71191e+07 0.540894 0.657116 0.0324543 6.83326e-05
1.71191e+07 0.540894 0.657116 0.0324543 6.83326e-05
1.59043e+07 0.505539 0.819838 0.0693067 7.35518e-05
3.03304e+07 0.741089 0.657116 0.0786588 3.85683e-05
1.19273e+07 0.340699 0.72576 0 9.80771e-05
3.03304e+07 0.741089 0.657116 0.0786588 3.85683e-05
1.71191e+07 0.540894 0.657116 0.0324543 6.83326e-05
3.03304e+07 0.741089 0.657116 0.0786588 3.85683e-05
1.71191e+07 0.540894 0.633351 0 6.83326e-05
3.03304e+07 0.741089 0.657116 0.0786588 3.85683e-05
1.59043e+07 0.505539 0.819838 0.0693067 7.35518e-05
2.21942e+07 0.646043 0.610507 0.0555566 5.27069e-05
1.71191e+07 0.540894 0.657116 0.0324543 6.83326e-05
1.71191e+07 0.540894 0.657116 0.0324543 6.83326e-05
1.71191e+07 0.540894 0.657116 0.0324543 6.83326e-05
1.13224e+07 0.305344 0.819838 0.0231023 0.000103316
1.13224e+07 0.305344 0.819838 0.0231023 0.000103316
2.21942e+07 0.646043 0.610507 0.0555566 5.27069e-05
1.71191e+07 0.540894 0.633351 0 6.83326e-05
3.03304e+07 0.741089 0.657116 0.0786588 3.85683e-05
1.71191e+07 0.540894 0.657116 0.0324543 6.83326e-05
1.02999e+07 0.236354 0.829171 0 0.000113573
3.03304e+07 0.741089 0.657116 0.0786588 3.85683e-05
1.71191e+07 0.540894 0.657116 0.0324543 6.83326e-05
9.83621e+06 0.200195 0.907591 0 0.000118927
1.19273e+07 0.340699 0.72576 0 9.80771e-05
1.13224e+07 0.305344 0.819838 0.0231023 0.000103316
1.71191e+07 0.540894 0.657116 0.0324543 6.83326e-05
3.03304e+07 0.741089 0.657116 0.0786588 3.85683e-05
1.71191e+07 0.540894 0.657116 0.0324543 6.83326e-05
1.31176e+07 0.400391 0.866447 0.0462044 8.91774e-05
9.83621e+06 0.200195 0.907591 0 0.000118927
1.38517e+07 0.432531 0.649724 0.0331169 8.44511e-05
1.19273e+07 0.340699 0.72576 0 9.80771e-05
1.71191e+07 0.540894 0.657116 0.0324543 6.83326e-05
1.71191e+07 0.540894 0.657116 0.0324543 6.83326e-05
3.03304e+07 0.741089 0.657116 0.0786588 3.85683e-05
1.31176e+07 0.400391 0.866447 0.0462044 8.91774e-05
1.71191e+07 0.540894 0.657116 0.0324543 6.83326e-05
9.83621e+06 0.200195 0.907591 0 0.000118927
2.21942e+07 0.646043 0.610507 0.0555566 5.27069e-05
1.71191e+07 0.540894 0.657116 0.0324543 6.83326e-05
2.21942e+07 0.646043 0.610507 0.0555566 5.27069e-05
1.71191e+07 0.540894 0.657116 0.0324543 6.83326e-05
9.83498e+06 0.200195 0.866447 0 0.000118942
1.59043e+07 0.505539 0.819838 0.0693067 7.35518e-05
1.71191e+07 0.540894 0.657116 0.0324543 6.83326e-05
1.71191e+07 0.540894 0.657116 0.0324543 6.83326e-05
1.71191e+07 0.540894 0.657116 0.0324543 6.83326e-05
3.03304e+07 0.741089 0.657116 0.0786588 3.85683e-05
2.21942e+07 0.646043 0.610507 0.0555566 5.27069e-05
3.03304e+07 0.741089 0.657116 0.0786588 3.85683e-05
1.59043e+07 0.505539 0.819838 0.0693067 7.35518e-05
1.71191e+07 0.540894 0.657116 0.0324543 6.83326e-05
1.71191e+07 0.540894 0.657116 0.0324543 6.83326e-05
1.13224e+07 0.305344 0.819838 0.0231023 0.000103316
1.71191e+07 0.540894 0.657116 0.0324543 6.83326e-05
1.71191e+07 0.540894 0.657116 0.0324543 6.83326e-05
1.19273e+07 0.340699 0.72576 0 9.80771e-05
2.21942e+07 0.646043 0.610507 0.0555566 5.27069e-05
2.2188e+07 0.646043 0.540538 0 5.27218e-05
3.03304e+07 0.741089 0.657116 0.0786588 3.85683e-05
1.31176e+07 0.400391 0.866447 0.0462044 8.91774e-05
1.13224e+07 0.305344 0.819838 0.0231023 0.000103316
3.03304e+07 0.741089 0.657116 0.0786588 3.85683e-05
1.71191e+07 0.540894 0.657116 0.0324543 6.83326e-05
