3.50241e+07 0.700338 0.573762 0.119013 3.15931e-05
2.49997e+07 0.579481 0.748879 0.039891 4.42612e-05
1.76134e+07 0.403293 0.595936 0.052271 6.28228e-05
1.49648e+07 0.297045 0.844343 0 7.39416e-05
1.46604e+07 0.282436 0.824755 0 7.54768e-05
4.2801e+07 0.754786 0.628931 0.039891 2.58527e-05
2.49997e+07 0.579481 0.748879 0.039891 4.42612e-05
4.2801e+07 0.754786 0.628931 0.039891 2.58527e-05
1.99254e+07 0.47235 0.724394 0 5.55331e-05
2.49997e+07 0.579481 0.748879 0.039891 4.42612e-05
2.98285e+07 0.647777 0.679395 0.0935925 3.70961e-05
2.49997e+07 0.579481 0.748879 0.039891 4.42612e-05
2.49997e+07 0.579481 0.748879 0.039891 4.42612e-05
1.99254e+07 0.47235 0.724394 0 5.55331e-05
1.99254e+07 0.47235 0.724394 0 5.55331e-05
2.49997e+07 0.579481 0.748879 0.039891 4.42612e-05
1.49648e+07 0.297045 0.844343 0 7.39416e-05
2.49997e+07 0.579481 0.748879 0.039891 4.42612e-05
2.49997e+07 0.579481 0.748879 0.039891 4.42612e-05
2.49997e+07 0.579481 0.748879 0.039891 4.42612e-05
2.49997e+07 0.579481 0.748879 0.039891 4.42612e-05
2.49997e+07 0.579481 0.748879 0.039891 4.42612e-05
2.49997e+07 0.579481 0.748879 0.039891 4.42612e-05
2.49997e+07 0.579481 0.748879 0.039891 4.42612e-05
1.65705e+07 0.365341 0.774858 0.0537015 6.67764e-05
2.49997e+07 0.579481 0.748879 0.039891 4.42612e-05
2.98285e+07 0.647777 0.679395 0.0935925 3.70961e-05
1.49648e+07 0.297045 0.844343 0 7.39416e-05
2.49997e+07 0.579481 0.748879 0.039891 4.42612e-05
1.49648e+07 0.297045 0.844343 0 7.39416e-05
1.46604e+07 0.282436 0.824755 0 7.54768e-05
1.0524e+07 0 1 0 0.000105142
4.2801e+07 0.754786 0.628931 0.039891 2.58527e-05
2.49997e+07 0.579481 0.748879 0.039891 4.42612e-05
2.98285e+07 0.647777 0.679395 0.0935925 3.70961e-05
2.49997e+07 0.579481 0.748879 0.039891 4.42612e-05
1.99254e+07 0.47235 0.724394 0 5.55331e-05
2.49997e+07 0.579481 0.748879 0.039891 4.42612e-05
1.61942e+07 0.350732 0.647867 0 6.83281e-05
2.49997e+07 0.579481 0.748879 0.039891 4.42612e-05
2.49997e+07 0.579481 0.748879 0.039891 4.42612e-05
2.49997e+07 0.579481 0.748879 0.039891 4.42612e-05
1.46604e+07 0.282436 0.824755 0 7.54768e-05
2.49997e+07 0.579481 0.748879 0.039891 4.42612e-05
1.99254e+07 0.47235 0.724394 0 5.55331e-05
4.2801e+07 0.754786 0.628931 0.039891 2.58527e-05
2.98285e+07 0.647777 0.679395 0.0935925 3.70961e-05
2.98285e+07 0.647777 0.679395 0.0935925 3.70961e-05
2.49997e+07 0.579481 0.748879 0.039891 4.42612e-05
1.99254e+07 0.47235 0.724394 0 5.55331e-05
1.99254e+07 0.47235 0.724394 0 5.55331e-05
4.2801e+07 0.754786 0.628931 0.039891 2.58527e-05
1.46604e+07 0.282436 0.824755 0 7.54768e-05
2.49997e+07 0.579481 0.748879 0.039891 4.42612e-05
2.98285e+07 0.647777 0.679395 0.0935925 3.70961e-05
1.0524e+07 0 1 0 0.000105142
2.49997e+07 0.579481 0.748879 0.039891 4.42612e-05
2.49997e+07 0.579481 0.748879 0.039891 4.42612e-05
1.0524e+07 0 1 0 0.000105142
1.46604e+07 0.282436 0.824755 0 7.54768e-05
1.99254e+07 0.47235 0.724394 0 5.55331e-05
3.50241e+07 0.700338 0.573762 0.119013 3.15931e-05
2.49997e+07 0.579481 0.748879 0.039891 4.42612e-05
2.49997e+07 0.579481 0.748879 0.039891 4.42612e-05
1.49648e+07 0.297045 0.844343 0 7.39416e-05
1.0524e+07 0 1 0 0.000105142
1.46604e+07 0.282436 0.824755 0 7.54768e-05
1.76134e+07 0.403293 0.595936 0.052271 6.28228e-05
2.49997e+07 0.579481 0.748879 0.039891 4.42612e-05
3.50241e+07 0.700338 0.573762 0.119013 3.15931e-05
2.49997e+07 0.579481 0.748879 0.039891 4.42612e-05
1.49648e+07 0.297045 0.844343 0 7.39416e-05
3.50241e+07 0.700338 0.573762 0.119013 3.15931e-05
1.0524e+07 0 1 0 0.000105142
4.2801e+07 0.754786 0.628931 0.039891 2.58527e-05
2.98285e+07 0.647777 0.679395 0.0935925 3.70961e-05
4.2801e+07 0.754786 0.628931 0.039891 2.58527e-05
2.49997e+07 0.579481 0.748879 0.039891 4.42612e-05
1.49648e+07 0.297045 0.844343 0 7.39416e-05
1.99254e+07 0.47235 0.724394 0 5.55331e-05
2.98285e+07 0.647777 0.679395 0.0935925 3.70961e-05
2.49997e+07 0.579481 0.748879 0.039891 4.42612e-05
2.49997e+07 0.579481 0.748879 0.039891 4.42612e-05
2.49997e+07 0.579481 0.748879 0.039891 4.42612e-05
4.2801e+07 0.754786 0.628931 0.039891 2.58527e-05
2.49997e+07 0.579481 0.748879 0.039891 4.42612e-05
1.99254e+07 0.47235 0.724394 0 5.55331e-05
2.49997e+07 0.579481 0.748879 0.039891 4.42612e-05
2.49997e+07 0.579481 0.748879 0.039891 4.42612e-05
1.99254e+07 0.47235 0.724394 0 5.55331e-05
2.49997e+07 0.579481 0.748879 0.039891 4.42612e-05
3.50241e+07 0.700338 0.573762 0.119013 3.15931e-05
1.53877e+07 0.316584 0.725979 0 7.19092e-05
4.2801e+07 0.754786 0.628931 0.039891 2.58527e-05
1.93896e+07 0.457741 0.704807 0 5.70676e-05
2.49997e+07 0.579481 0.748879 0.039891 4.42612e-05
1.49648e+07 0.297045 0.844343 0 7.39416e-05
2.12931e+07 0.506498 0.625619 0 5.19661e-05
2.49997e+07 0.579481 0.748879 0.039891 4.42612e-05
2.98285e+07 0.647777 0.679395 0.0935925 3.70961e-05
