9.71157e+06 0.313772 0.726559 0.074911 0.000128375
9.37455e+06 0.28913 0.688618 0 0.00013299
8.19954e+06 0.187141 0.7712 0.0924257 0.000152047
1.15888e+07 0.424934 0.76302 0.0458432 0.00010758
1.38563e+07 0.51912 0.691298 0.097047 8.99747e-05
9.37455e+06 0.28913 0.688618 0 0.00013299
1.57938e+07 0.57826 0.585101 0.0458432 7.89371e-05
9.37455e+06 0.28913 0.688618 0 0.00013299
1.15888e+07 0.424934 0.76302 0.0458432 0.00010758
1.57938e+07 0.57826 0.585101 0.0458432 7.89371e-05
9.37455e+06 0.28913 0.688618 0 0.00013299
1.57938e+07 0.57826 0.585101 0.0458432 7.89371e-05
1.57938e+07 0.57826 0.585101 0.0458432 7.89371e-05
7.71344e+06 0.135804 0.866537 0 0.00016163
1.15888e+07 0.424934 0.76302 0.0458432 0.00010758
9.37455e+06 0.28913 0.688618 0 0.00013299
1.15888e+07 0.424934 0.76302 0.0458432 0.00010758
1.57938e+07 0.57826 0.585101 0.0458432 7.89371e-05
9.37455e+06 0.28913 0.688618 0 0.00013299
1.57938e+07 0.57826 0.585101 0.0458432 7.89371e-05
1.57938e+07 0.57826 0.585101 0.0458432 7.89371e-05
9.37455e+06 0.28913 0.688618 0 0.00013299
1.57938e+07 0.57826 0.585101 0.0458432 7.89371e-05
9.37455e+06 0.28913 0.688618 0 0.00013299
1.15888e+07 0.424934 0.76302 0.0458432 0.00010758
1.57938e+07 0.57826 0.585101 0.0458432 7.89371e-05
9.37455e+06 0.28913 0.688618 0 0.00013299
1.15888e+07 0.424934 0.76302 0.0458432 0.00010758
1.03271e+07 0.354842 0.553676 0 0.000120723
1.15888e+07 0.424934 0.76302 0.0458432 0.00010758
7.87288e+06 0.153327 0.822081 0 0.000158356
9.4877e+06 0.297572 0.699201 0 0.000131404
9.37455e+06 0.28913 0.688618 0 0.00013299
9.37455e+06 0.28913 0.688618 0 0.00013299
9.37455e+06 0.28913 0.688618 0 0.00013299
9.37455e+06 0.28913 0.688618 0 0.00013299
1.15888e+07 0.424934 0.76302 0.0458432 0.00010758
1.57938e+07 0.57826 0.585101 0.0458432 7.89371e-05
7.87288e+06 0.153327 0.822081 0 0.000158356
1.57938e+07 0.57826 0.585101 0.0458432 7.89371e-05
9.37455e+06 0.28913 0.688618 0 0.00013299
1.57938e+07 0.57826 0.585101 0.0458432 7.89371e-05
1.19512e+07 0.442457 0.626877 0 0.000104318
1.57938e+07 0.57826 0.585101 0.0458432 7.89371e-05
1.15888e+07 0.424934 0.76302 0.0458432 0.00010758
9.37455e+06 0.28913 0.688618 0 0.00013299
9.37455e+06 0.28913 0.688618 0 0.00013299
9.37455e+06 0.28913 0.688618 0 0.00013299
9.37455e+06 0.28913 0.688618 0 0.00013299
7.71344e+06 0.135804 0.866537 0 0.00016163
7.71344e+06 0.135804 0.866537 0 0.00016163
9.37455e+06 0.28913 0.688618 0 0.00013299
2.58564e+07 0.742539 0.53399 0.0485235 4.82171e-05
1.57938e+07 0.57826 0.585101 0.0458432 7.89371e-05
9.37455e+06 0.28913 0.688618 0 0.00013299
9.4877e+06 0.297572 0.699201 0 0.000131404
1.57938e+07 0.57826 0.585101 0.0458432 7.89371e-05
9.37455e+06 0.28913 0.688618 0 0.00013299
9.37659e+06 0.28913 0.804797 0 0.000132961
7.87288e+06 0.153327 0.822081 0 0.000158356
7.71344e+06 0.135804 0.866537 0 0.00016163
9.71157e+06 0.313772 0.726559 0.074911 0.000128375
1.57938e+07 0.57826 0.585101 0.0458432 7.89371e-05
9.37455e+06 0.28913 0.688618 0 0.00013299
1.15888e+07 0.424934 0.76302 0.0458432 0.00010758
9.37659e+06 0.28913 0.804797 0 0.000132961
7.87288e+06 0.153327 0.822081 0 0.000158356
8.10846e+06 0.177968 0.814178 0.0519895 0.000153755
1.62145e+07 0.589212 0.59573 0.0485235 7.68891e-05
9.71157e+06 0.313772 0.726559 0.074911 0.000128375
1.57938e+07 0.57826 0.585101 0.0458432 7.89371e-05
1.15888e+07 0.424934 0.76302 0.0458432 0.00010758
9.71157e+06 0.313772 0.726559 0.074911 0.000128375
9.37659e+06 0.28913 0.804797 0 0.000132961
9.37455e+06 0.28913 0.688618 0 0.00013299
9.37455e+06 0.28913 0.688618 0 0.00013299
9.37455e+06 0.28913 0.688618 0 0.00013299
1.03271e+07 0.354842 0.553676 0 0.000120723
7.71344e+06 0.135804 0.866537 0 0.00016163
1.15888e+07 0.424934 0.76302 0.0458432 0.00010758
9.37455e+06 0.28913 0.688618 0 0.00013299
9.37455e+06 0.28913 0.688618 0 0.00013299
9.37455e+06 0.28913 0.688618 0 0.00013299
1.57938e+07 0.57826 0.585101 0.0458432 7.89371e-05
9.37455e+06 0.28913 0.688618 0 0.00013299
1.57938e+07 0.57826 0.585101 0.0458432 7.89371e-05
1.15888e+07 0.424934 0.76302 0.0458432 0.00010758
9.37455e+06 0.28913 0.688618 0 0.00013299
9.37455e+06 0.28913 0.688618 0 0.00013299
1.18125e+07 0.435886 0.676602 0 0.000105543
9.37455e+06 0.28913 0.688618 0 0.00013299
9.71157e+06 0.313772 0.726559 0.074911 0.000128375
7.87288e+06 0.153327 0.822081 0 0.000158356
9.37455e+06 0.28913 0.688618 0 0.00013299
1.19512e+07 0.442457 0.626877 0 0.000104318
1.57938e+07 0.57826 0.585101 0.0458432 7.89371e-05
1.15888e+07 0.424934 0.76302 0.0458432 0.00010758
7.71344e+06 0.135804 0.866537 0 0.00016163
1.57938e+07 0.57826 0.585101 0.0458432 7.89371e-05
9.37455e+06 0.28913 0.688618 0 0.00013299
