1.8883e+07 0.460078 0.764617 0.0482194 6.29838e-05
1.78185e+07 0.42774 0.811386 0.0269403 6.67463e-05
1.33926e+07 0.238713 0.682304 0 8.8804e-05
1.73413e+07 0.411982 0.814286 0 6.85831e-05
1.4468e+07 0.295061 0.83713 0.0291577 8.22032e-05
1.78185e+07 0.42774 0.811386 0.0269403 6.67463e-05
2.56983e+07 0.603437 0.748095 0.0269403 4.62801e-05
1.78185e+07 0.42774 0.811386 0.0269403 6.67463e-05
1.73413e+07 0.411982 0.814286 0 6.85831e-05
2.56983e+07 0.603437 0.748095 0.0269403 4.62801e-05
1.98086e+07 0.485387 0.748319 0.0694985 6.00405e-05
2.56983e+07 0.603437 0.748095 0.0269403 4.62801e-05
2.56983e+07 0.603437 0.748095 0.0269403 4.62801e-05
1.33557e+07 0.236285 0.877577 0 8.90493e-05
1.73413e+07 0.411982 0.814286 0 6.85831e-05
1.78185e+07 0.42774 0.811386 0.0269403 6.67463e-05
1.73413e+07 0.411982 0.814286 0 6.85831e-05
2.56983e+07 0.603437 0.748095 0.0269403 4.62801e-05
1.78185e+07 0.42774 0.811386 0.0269403 6.67463e-05
2.56983e+07 0.603437 0.748095 0.0269403 4.62801e-05
2.56983e+07 0.603437 0.748095 0.0269403 4.62801e-05
1.78185e+07 0.42774 0.811386 0.0269403 6.67463e-05
2.56983e+07 0.603437 0.748095 0.0269403 4.62801e-05
1.78185e+07 0.42774 0.811386 0.0269403 6.67463e-05
1.92206e+07 0.46963 0.75122 0.0425581 6.18773e-05
2.56983e+07 0.603437 0.748095 0.0269403 4.62801e-05
1.98086e+07 0.485387 0.748319 0.0694985 6.00405e-05
1.73413e+07 0.411982 0.814286 0 6.85831e-05
2.1752e+07 0.531347 0.768587 0.056098 5.46764e-05
2.20642e+07 0.538265 0.691475 0 5.39028e-05
1.26163e+07 0.191455 0.879928 0 9.42683e-05
1.33738e+07 0.237466 0.817792 0.061313 8.89292e-05
1.78185e+07 0.42774 0.811386 0.0269403 6.67463e-05
1.78185e+07 0.42774 0.811386 0.0269403 6.67463e-05
1.98086e+07 0.485387 0.748319 0.0694985 6.00405e-05
1.78185e+07 0.42774 0.811386 0.0269403 6.67463e-05
1.73413e+07 0.411982 0.814286 0 6.85831e-05
2.56983e+07 0.603437 0.748095 0.0269403 4.62801e-05
1.35794e+07 0.249102 0.731745 0 8.75829e-05
2.56983e+07 0.603437 0.748095 0.0269403 4.62801e-05
1.78185e+07 0.42774 0.811386 0.0269403 6.67463e-05
2.56983e+07 0.603437 0.748095 0.0269403 4.62801e-05
1.61157e+07 0.367152 0.816637 0 7.37988e-05
2.56983e+07 0.603437 0.748095 0.0269403 4.62801e-05
1.73413e+07 0.411982 0.814286 0 6.85831e-05
1.78185e+07 0.42774 0.811386 0.0269403 6.67463e-05
1.98086e+07 0.485387 0.748319 0.0694985 6.00405e-05
1.98086e+07 0.485387 0.748319 0.0694985 6.00405e-05
1.78185e+07 0.42774 0.811386 0.0269403 6.67463e-05
1.33557e+07 0.236285 0.877577 0 8.90493e-05
1.33557e+07 0.236285 0.877577 0 8.90493e-05
1.78185e+07 0.42774 0.811386 0.0269403 6.67463e-05
1.61157e+07 0.367152 0.816637 0 7.37988e-05
2.56983e+07 0.603437 0.748095 0.0269403 4.62801e-05
1.98086e+07 0.485387 0.748319 0.0694985 6.00405e-05
1.33738e+07 0.237466 0.817792 0.061313 8.89292e-05
2.56983e+07 0.603437 0.748095 0.0269403 4.62801e-05
1.78185e+07 0.42774 0.811386 0.0269403 6.67463e-05
1.23766e+07 0.175697 0.936709 0 9.60944e-05
1.26163e+07 0.191455 0.879928 0 9.42683e-05
1.33557e+07 0.236285 0.877577 0 8.90493e-05
1.8883e+07 0.460078 0.764617 0.0482194 6.29838e-05
2.56983e+07 0.603437 0.748095 0.0269403 4.62801e-05
1.78185e+07 0.42774 0.811386 0.0269403 6.67463e-05
2.20642e+07 0.538265 0.691475 0 5.39028e-05
1.23766e+07 0.175697 0.936709 0 9.60944e-05
1.26163e+07 0.191455 0.879928 0 9.42683e-05
1.31389e+07 0.223793 0.790601 0 9.05192e-05
1.78185e+07 0.42774 0.811386 0.0269403 6.67463e-05
1.8883e+07 0.460078 0.764617 0.0482194 6.29838e-05
2.56983e+07 0.603437 0.748095 0.0269403 4.62801e-05
2.20642e+07 0.538265 0.691475 0 5.39028e-05
1.8883e+07 0.460078 0.764617 0.0482194 6.29838e-05
1.47249e+07 0.30747 0.815876 0.0316454 8.07692e-05
1.78185e+07 0.42774 0.811386 0.0269403 6.67463e-05
1.98086e+07 0.485387 0.748319 0.0694985 6.00405e-05
1.78185e+07 0.42774 0.811386 0.0269403 6.67463e-05
2.1752e+07 0.531347 0.768587 0.056098 5.46764e-05
1.59931e+07 0.362568 0.754766 0 7.43648e-05
1.73413e+07 0.411982 0.814286 0 6.85831e-05
1.98086e+07 0.485387 0.748319 0.0694985 6.00405e-05
1.78185e+07 0.42774 0.811386 0.0269403 6.67463e-05
1.78185e+07 0.42774 0.811386 0.0269403 6.67463e-05
2.56983e+07 0.603437 0.748095 0.0269403 4.62801e-05
1.78185e+07 0.42774 0.811386 0.0269403 6.67463e-05
2.56983e+07 0.603437 0.748095 0.0269403 4.62801e-05
1.73413e+07 0.411982 0.814286 0 6.85831e-05
1.78185e+07 0.42774 0.811386 0.0269403 6.67463e-05
1.78185e+07 0.42774 0.811386 0.0269403 6.67463e-05
1.33557e+07 0.236285 0.877577 0 8.90493e-05
1.78185e+07 0.42774 0.811386 0.0269403 6.67463e-05
1.8883e+07 0.460078 0.764617 0.0482194 6.29838e-05
1.26163e+07 0.191455 0.879928 0 9.42683e-05
1.78185e+07 0.42774 0.811386 0.0269403 6.67463e-05
1.61157e+07 0.367152 0.816637 0 7.37988e-05
2.56983e+07 0.603437 0.748095 0.0269403 4.62801e-05
1.73413e+07 0.411982 0.814286 0 6.85831e-05
1.33557e+07 0.236285 0.877577 0 8.90493e-05
2.56983e+07 0.603437 0.748095 0.0269403 4.62801e-05
1.98086e+07 0.485387 0.748319 0.0694985 6.00405e-05
