2.19357e+07 0.646989 0.540511 0.0930212 4.60833e-05
2.01071e+07 0.61477 0.561378 0.0414824 5.02742e-05
1.33078e+07 0.41753 0.627347 0.0515388 7.59609e-05
1.00645e+07 0.229458 0.830199 0 0.000100439
1.26118e+07 0.385312 0.648214 0 8.01527e-05
2.92037e+07 0.735 0.502435 0.070847 3.46145e-05
2.01071e+07 0.61477 0.561378 0.0414824 5.02742e-05
2.92037e+07 0.735 0.502435 0.070847 3.46145e-05
1.19235e+07 0.349688 0.771256 0.0293645 8.47797e-05
2.01071e+07 0.61477 0.561378 0.0414824 5.02742e-05
2.01071e+07 0.61477 0.561378 0.0414824 5.02742e-05
2.01071e+07 0.61477 0.561378 0.0414824 5.02742e-05
2.01071e+07 0.61477 0.561378 0.0414824 5.02742e-05
1.19235e+07 0.349688 0.771256 0.0293645 8.47797e-05
1.19235e+07 0.349688 0.771256 0.0293645 8.47797e-05
2.01071e+07 0.61477 0.561378 0.0414824 5.02742e-05
1.00645e+07 0.229458 0.830199 0 0.000100439
2.01071e+07 0.61477 0.561378 0.0414824 5.02742e-05
2.01071e+07 0.61477 0.561378 0.0414824 5.02742e-05
2.01071e+07 0.61477 0.561378 0.0414824 5.02742e-05
2.01071e+07 0.61477 0.561378 0.0414824 5.02742e-05
2.01071e+07 0.61477 0.561378 0.0414824 5.02742e-05
2.01071e+07 0.61477 0.561378 0.0414824 5.02742e-05
2.01071e+07 0.61477 0.561378 0.0414824 5.02742e-05
1.00645e+07 0.229458 0.830199 0 0.000100439
2.01071e+07 0.61477 0.561378 0.0414824 5.02742e-05
2.01071e+07 0.61477 0.561378 0.0414824 5.02742e-05
1.00645e+07 0.229458 0.830199 0 0.000100439
2.01071e+07 0.61477 0.561378 0.0414824 5.02742e-05
1.00645e+07 0.229458 0.830199 0 0.000100439
1.26118e+07 0.385312 0.648214 0 8.01527e-05
7.7574e+06 0 1 0 0.00013031
2.92037e+07 0.735 0.502435 0.070847 3.46145e-05
2.01071e+07 0.61477 0.561378 0.0414824 5.02742e-05
2.01071e+07 0.61477 0.561378 0.0414824 5.02742e-05
2.01071e+07 0.61477 0.561378 0.0414824 5.02742e-05
1.19235e+07 0.349688 0.771256 0.0293645 8.47797e-05
2.01071e+07 0.61477 0.561378 0.0414824 5.02742e-05
1.26118e+07 0.385312 0.648214 0 8.01527e-05
2.01071e+07 0.61477 0.561378 0.0414824 5.02742e-05
2.01071e+07 0.61477 0.561378 0.0414824 5.02742e-05
2.01071e+07 0.61477 0.561378 0.0414824 5.02742e-05
1.26118e+07 0.385312 0.648214 0 8.01527e-05
2.01071e+07 0.61477 0.561378 0.0414824 5.02742e-05
1.19235e+07 0.349688 0.771256 0.0293645 8.47797e-05
2.92037e+07 0.735 0.502435 0.070847 3.46145e-05
2.01071e+07 0.61477 0.561378 0.0414824 5.02742e-05
2.01071e+07 0.61477 0.561378 0.0414824 5.02742e-05
2.01071e+07 0.61477 0.561378 0.0414824 5.02742e-05
1.19235e+07 0.349688 0.771256 0.0293645 8.47797e-05
1.19235e+07 0.349688 0.771256 0.0293645 8.47797e-05
2.92037e+07 0.735 0.502435 0.070847 3.46145e-05
1.26118e+07 0.385312 0.648214 0 8.01527e-05
2.01071e+07 0.61477 0.561378 0.0414824 5.02742e-05
2.01071e+07 0.61477 0.561378 0.0414824 5.02742e-05
7.7574e+06 0 1 0 0.00013031
2.01071e+07 0.61477 0.561378 0.0414824 5.02742e-05
2.01071e+07 0.61477 0.561378 0.0414824 5.02742e-05
7.7574e+06 0 1 0 0.00013031
1.26118e+07 0.385312 0.648214 0 8.01527e-05
1.19235e+07 0.349688 0.771256 0.0293645 8.47797e-05
2.19357e+07 0.646989 0.540511 0.0930212 4.60833e-05
2.01071e+07 0.61477 0.561378 0.0414824 5.02742e-05
2.01071e+07 0.61477 0.561378 0.0414824 5.02742e-05
1.00645e+07 0.229458 0.830199 0 0.000100439
7.7574e+06 0 1 0 0.00013031
1.50341e+07 0.484586 0.5572 0.0397018 6.72385e-05
1.33078e+07 0.41753 0.627347 0.0515388 7.59609e-05
2.01071e+07 0.61477 0.561378 0.0414824 5.02742e-05
2.19357e+07 0.646989 0.540511 0.0930212 4.60833e-05
2.01071e+07 0.61477 0.561378 0.0414824 5.02742e-05
1.00645e+07 0.229458 0.830199 0 0.000100439
2.19357e+07 0.646989 0.540511 0.0930212 4.60833e-05
7.7574e+06 0 1 0 0.00013031
2.92037e+07 0.735 0.502435 0.070847 3.46145e-05
2.01071e+07 0.61477 0.561378 0.0414824 5.02742e-05
2.92037e+07 0.735 0.502435 0.070847 3.46145e-05
2.01071e+07 0.61477 0.561378 0.0414824 5.02742e-05
1.00645e+07 0.229458 0.830199 0 0.000100439
1.19235e+07 0.349688 0.771256 0.0293645 8.47797e-05
2.01071e+07 0.61477 0.561378 0.0414824 5.02742e-05
2.01071e+07 0.61477 0.561378 0.0414824 5.02742e-05
2.01071e+07 0.61477 0.561378 0.0414824 5.02742e-05
2.01071e+07 0.61477 0.561378 0.0414824 5.02742e-05
2.92037e+07 0.735 0.502435 0.070847 3.46145e-05
2.01071e+07 0.61477 0.561378 0.0414824 5.02742e-05
1.19235e+07 0.349688 0.771256 0.0293645 8.47797e-05
2.01071e+07 0.61477 0.561378 0.0414824 5.02742e-05
2.01071e+07 0.61477 0.561378 0.0414824 5.02742e-05
1.19235e+07 0.349688 0.771256 0.0293645 8.47797e-05
2.01071e+07 0.61477 0.561378 0.0414824 5.02742e-05
2.19357e+07 0.646989 0.540511 0.0930212 4.60833e-05
1.26118e+07 0.385312 0.648214 0 8.01527e-05
2.92037e+07 0.735 0.502435 0.070847 3.46145e-05
1.56711e+07 0.505542 0.530542 0 6.45052e-05
2.01071e+07 0.61477 0.561378 0.0414824 5.02742e-05
1.00645e+07 0.229458 0.830199 0 0.000100439
1.19235e+07 0.349688 0.771256 0.0293645 8.47797e-05
2.01071e+07 0.61477 0.561378 0.0414824 5.02742e-05
2.01071e+07 0.61477 0.561378 0.0414824 5.02742e-05
