2.8679e+07 0.552958 0.449542 0.0520813 4.52279e-05
2.61154e+07 0.508805 0.6419 0.0520813 4.96677e-05
1.77026e+07 0.275244 0.576109 0 7.32712e-05
2.88606e+07 0.555429 0.769271 0.0801138 4.49433e-05
1.66925e+07 0.231091 0.768467 0 7.77051e-05
3.76314e+07 0.659318 0.555637 0.0921382 3.44683e-05
6.00224e+07 0.78652 0.6419 0.132195 2.16101e-05
3.76314e+07 0.659318 0.555637 0.0921382 3.44683e-05
4.36086e+07 0.705942 0.683008 0.120171 2.97439e-05
6.00224e+07 0.78652 0.6419 0.132195 2.16101e-05
2.61154e+07 0.508805 0.6419 0.0520813 4.96677e-05
6.00224e+07 0.78652 0.6419 0.132195 2.16101e-05
6.00224e+07 0.78652 0.6419 0.132195 2.16101e-05
2.24404e+07 0.428228 0.683008 0.0400569 5.78015e-05
4.36086e+07 0.705942 0.683008 0.120171 2.97439e-05
2.61154e+07 0.508805 0.6419 0.0520813 4.96677e-05
2.88606e+07 0.555429 0.769271 0.0801138 4.49433e-05
6.00224e+07 0.78652 0.6419 0.132195 2.16101e-05
2.61154e+07 0.508805 0.6419 0.0520813 4.96677e-05
6.00224e+07 0.78652 0.6419 0.132195 2.16101e-05
6.00224e+07 0.78652 0.6419 0.132195 2.16101e-05
2.61154e+07 0.508805 0.6419 0.0520813 4.96677e-05
6.00224e+07 0.78652 0.6419 0.132195 2.16101e-05
2.61154e+07 0.508805 0.6419 0.0520813 4.96677e-05
2.88606e+07 0.555429 0.769271 0.0801138 4.49433e-05
6.00224e+07 0.78652 0.6419 0.132195 2.16101e-05
2.61154e+07 0.508805 0.6419 0.0520813 4.96677e-05
2.88606e+07 0.555429 0.769271 0.0801138 4.49433e-05
2.61154e+07 0.508805 0.6419 0.0520813 4.96677e-05
2.88606e+07 0.555429 0.769271 0.0801138 4.49433e-05
1.66925e+07 0.231091 0.768467 0 7.77051e-05
1.77716e+07 0.277714 0.839772 0 7.29868e-05
3.76314e+07 0.659318 0.555637 0.0921382 3.44683e-05
2.61154e+07 0.508805 0.6419 0.0520813 4.96677e-05
2.61154e+07 0.508805 0.6419 0.0520813 4.96677e-05
2.61154e+07 0.508805 0.6419 0.0520813 4.96677e-05
4.36086e+07 0.705942 0.683008 0.120171 2.97439e-05
6.00224e+07 0.78652 0.6419 0.132195 2.16101e-05
1.66925e+07 0.231091 0.768467 0 7.77051e-05
6.00224e+07 0.78652 0.6419 0.132195 2.16101e-05
2.61154e+07 0.508805 0.6419 0.0520813 4.96677e-05
6.00224e+07 0.78652 0.6419 0.132195 2.16101e-05
2.61154e+07 0.508805 0.608239 0 4.96677e-05
6.00224e+07 0.78652 0.6419 0.132195 2.16101e-05
4.36086e+07 0.705942 0.683008 0.120171 2.97439e-05
3.76314e+07 0.659318 0.555637 0.0921382 3.44683e-05
2.61154e+07 0.508805 0.6419 0.0520813 4.96677e-05
2.61154e+07 0.508805 0.6419 0.0520813 4.96677e-05
2.61154e+07 0.508805 0.6419 0.0520813 4.96677e-05
2.24404e+07 0.428228 0.683008 0.0400569 5.78015e-05
2.24404e+07 0.428228 0.683008 0.0400569 5.78015e-05
3.76314e+07 0.659318 0.555637 0.0921382 3.44683e-05
2.61154e+07 0.508805 0.608239 0 4.96677e-05
6.00224e+07 0.78652 0.6419 0.132195 2.16101e-05
2.61154e+07 0.508805 0.6419 0.0520813 4.96677e-05
1.77716e+07 0.277714 0.839772 0 7.29868e-05
6.00224e+07 0.78652 0.6419 0.132195 2.16101e-05
2.61154e+07 0.508805 0.6419 0.0520813 4.96677e-05
1.77716e+07 0.277714 0.839772 0 7.29868e-05
1.66925e+07 0.231091 0.768467 0 7.77051e-05
2.24404e+07 0.428228 0.683008 0.0400569 5.78015e-05
2.8679e+07 0.552958 0.449542 0.0520813 4.52279e-05
6.00224e+07 0.78652 0.6419 0.132195 2.16101e-05
2.61154e+07 0.508805 0.6419 0.0520813 4.96677e-05
2.88606e+07 0.555429 0.769271 0.0801138 4.49433e-05
1.77716e+07 0.277714 0.839772 0 7.29868e-05
1.66925e+07 0.231091 0.768467 0 7.77051e-05
1.77026e+07 0.275244 0.576109 0 7.32712e-05
2.61154e+07 0.508805 0.6419 0.0520813 4.96677e-05
2.8679e+07 0.552958 0.449542 0.0520813 4.52279e-05
6.00224e+07 0.78652 0.6419 0.132195 2.16101e-05
2.88606e+07 0.555429 0.769271 0.0801138 4.49433e-05
2.8679e+07 0.552958 0.449542 0.0520813 4.52279e-05
1.77716e+07 0.277714 0.839772 0 7.29868e-05
3.76314e+07 0.659318 0.555637 0.0921382 3.44683e-05
2.61154e+07 0.508805 0.6419 0.0520813 4.96677e-05
3.76314e+07 0.659318 0.555637 0.0921382 3.44683e-05
2.61154e+07 0.508805 0.6419 0.0520813 4.96677e-05
1.77681e+07 0.277714 0.769271 0 7.30009e-05
4.36086e+07 0.705942 0.683008 0.120171 2.97439e-05
2.61154e+07 0.508805 0.6419 0.0520813 4.96677e-05
2.61154e+07 0.508805 0.6419 0.0520813 4.96677e-05
2.61154e+07 0.508805 0.6419 0.0520813 4.96677e-05
6.00224e+07 0.78652 0.6419 0.132195 2.16101e-05
3.76314e+07 0.659318 0.555637 0.0921382 3.44683e-05
6.00224e+07 0.78652 0.6419 0.132195 2.16101e-05
4.36086e+07 0.705942 0.683008 0.120171 2.97439e-05
2.61154e+07 0.508805 0.6419 0.0520813 4.96677e-05
2.61154e+07 0.508805 0.6419 0.0520813 4.96677e-05
2.24404e+07 0.428228 0.683008 0.0400569 5.78015e-05
2.61154e+07 0.508805 0.6419 0.0520813 4.96677e-05
2.8679e+07 0.552958 0.449542 0.0520813 4.52279e-05
1.66925e+07 0.231091 0.768467 0 7.77051e-05
3.76314e+07 0.659318 0.555637 0.0921382 3.44683e-05
3.76161e+07 0.659318 0.441862 0 3.44823e-05
6.00224e+07 0.78652 0.6419 0.132195 2.16101e-05
2.88606e+07 0.555429 0.769271 0.0801138 4.49433e-05
2.24404e+07 0.428228 0.683008 0.0400569 5.78015e-05
6.00224e+07 0.78652 0.6419 0.132195 2.16101e-05
2.61154e+07 0.508805 0.6419 0.0520813 4.96677e-05
