1.58746e+07 0.528142 0.561506 0.0982363 7.56279e-05
1.43649e+07 0.478414 0.631702 0.0296554 8.35758e-05
1.18387e+07 0.367125 0.547985 0.0812778 0.00010141
9.04808e+06 0.17141 0.864552 0 0.000132687
2.64013e+07 0.716342 0.662368 0.118841 4.54734e-05
1.43649e+07 0.478414 0.631702 0.0296554 8.35758e-05
1.43649e+07 0.478414 0.631702 0.0296554 8.35758e-05
1.43649e+07 0.478414 0.631702 0.0296554 8.35758e-05
9.04808e+06 0.17141 0.864552 0 0.000132687
1.43649e+07 0.478414 0.631702 0.0296554 8.35758e-05
1.56156e+07 0.520307 0.561638 0.0767526 7.68823e-05
1.43649e+07 0.478414 0.631702 0.0296554 8.35758e-05
1.43649e+07 0.478414 0.631702 0.0296554 8.35758e-05
9.04808e+06 0.17141 0.864552 0 0.000132687
9.04808e+06 0.17141 0.864552 0 0.000132687
1.43649e+07 0.478414 0.631702 0.0296554 8.35758e-05
9.04808e+06 0.17141 0.864552 0 0.000132687
1.43649e+07 0.478414 0.631702 0.0296554 8.35758e-05
1.43649e+07 0.478414 0.631702 0.0296554 8.35758e-05
1.43649e+07 0.478414 0.631702 0.0296554 8.35758e-05
1.43649e+07 0.478414 0.631702 0.0296554 8.35758e-05
1.43649e+07 0.478414 0.631702 0.0296554 8.35758e-05
1.43649e+07 0.478414 0.631702 0.0296554 8.35758e-05
1.43649e+07 0.478414 0.631702 0.0296554 8.35758e-05
9.52877e+06 0.213303 0.794488 0.0470972 0.000125993
1.43649e+07 0.478414 0.631702 0.0296554 8.35758e-05
1.56156e+07 0.520307 0.561638 0.0767526 7.68823e-05
9.04808e+06 0.17141 0.864552 0 0.000132687
1.67432e+07 0.552606 0.584912 0.0615075 7.17043e-05
9.04808e+06 0.17141 0.864552 0 0.000132687
1.08156e+07 0.307004 0.707839 0 0.000111003
7.4987e+06 0 1 0 0.000160102
1.43649e+07 0.478414 0.631702 0.0296554 8.35758e-05
1.43649e+07 0.478414 0.631702 0.0296554 8.35758e-05
1.56156e+07 0.520307 0.561638 0.0767526 7.68823e-05
1.43649e+07 0.478414 0.631702 0.0296554 8.35758e-05
9.04808e+06 0.17141 0.864552 0 0.000132687
1.43649e+07 0.478414 0.631702 0.0296554 8.35758e-05
1.15078e+07 0.348897 0.543581 0 0.000104326
1.43649e+07 0.478414 0.631702 0.0296554 8.35758e-05
1.43649e+07 0.478414 0.631702 0.0296554 8.35758e-05
1.43649e+07 0.478414 0.631702 0.0296554 8.35758e-05
1.08156e+07 0.307004 0.707839 0 0.000111003
1.43649e+07 0.478414 0.631702 0.0296554 8.35758e-05
9.04808e+06 0.17141 0.864552 0 0.000132687
1.43649e+07 0.478414 0.631702 0.0296554 8.35758e-05
1.56156e+07 0.520307 0.561638 0.0767526 7.68823e-05
1.56156e+07 0.520307 0.561638 0.0767526 7.68823e-05
1.43649e+07 0.478414 0.631702 0.0296554 8.35758e-05
9.04808e+06 0.17141 0.864552 0 0.000132687
9.04808e+06 0.17141 0.864552 0 0.000132687
1.43649e+07 0.478414 0.631702 0.0296554 8.35758e-05
2.09308e+07 0.642149 0.622168 0.0434946 5.73584e-05
1.43649e+07 0.478414 0.631702 0.0296554 8.35758e-05
1.56156e+07 0.520307 0.561638 0.0767526 7.68823e-05
7.4987e+06 0 1 0 0.000160102
1.43649e+07 0.478414 0.631702 0.0296554 8.35758e-05
1.43649e+07 0.478414 0.631702 0.0296554 8.35758e-05
7.4987e+06 0 1 0 0.000160102
1.08156e+07 0.307004 0.707839 0 0.000111003
9.04808e+06 0.17141 0.864552 0 0.000132687
1.58746e+07 0.528142 0.561506 0.0982363 7.56279e-05
1.43649e+07 0.478414 0.631702 0.0296554 8.35758e-05
1.43649e+07 0.478414 0.631702 0.0296554 8.35758e-05
9.04808e+06 0.17141 0.864552 0 0.000132687
7.4987e+06 0 1 0 0.000160102
1.08156e+07 0.307004 0.707839 0 0.000111003
1.16483e+07 0.356732 0.590547 0.0450323 0.000103068
4.01097e+07 0.813559 0.54603 0.07315 2.99319e-05
1.58746e+07 0.528142 0.561506 0.0982363 7.56279e-05
1.43649e+07 0.478414 0.631702 0.0296554 8.35758e-05
9.04808e+06 0.17141 0.864552 0 0.000132687
1.58746e+07 0.528142 0.561506 0.0982363 7.56279e-05
7.4987e+06 0 1 0 0.000160102
1.43649e+07 0.478414 0.631702 0.0296554 8.35758e-05
1.56156e+07 0.520307 0.561638 0.0767526 7.68823e-05
1.43649e+07 0.478414 0.631702 0.0296554 8.35758e-05
1.67432e+07 0.552606 0.584912 0.0615075 7.17043e-05
9.04808e+06 0.17141 0.864552 0 0.000132687
9.04808e+06 0.17141 0.864552 0 0.000132687
1.56156e+07 0.520307 0.561638 0.0767526 7.68823e-05
1.43649e+07 0.478414 0.631702 0.0296554 8.35758e-05
1.43649e+07 0.478414 0.631702 0.0296554 8.35758e-05
1.43649e+07 0.478414 0.631702 0.0296554 8.35758e-05
1.43649e+07 0.478414 0.631702 0.0296554 8.35758e-05
1.43649e+07 0.478414 0.631702 0.0296554 8.35758e-05
9.04808e+06 0.17141 0.864552 0 0.000132687
1.43649e+07 0.478414 0.631702 0.0296554 8.35758e-05
1.43649e+07 0.478414 0.631702 0.0296554 8.35758e-05
1.51861e+07 0.506556 0.691891 0 7.90565e-05
1.43649e+07 0.478414 0.631702 0.0296554 8.35758e-05
1.58746e+07 0.528142 0.561506 0.0982363 7.56279e-05
1.08156e+07 0.307004 0.707839 0 0.000111003
1.43649e+07 0.478414 0.631702 0.0296554 8.35758e-05
1.08156e+07 0.307004 0.707839 0 0.000111003
1.43649e+07 0.478414 0.631702 0.0296554 8.35758e-05
9.04808e+06 0.17141 0.864552 0 0.000132687
9.04808e+06 0.17141 0.864552 0 0.000132687
1.43649e+07 0.478414 0.631702 0.0296554 8.35758e-05
1.56156e+07 0.520307 0.561638 0.0767526 7.68823e-05
