3.13466e+07 0.680546 0.653813 0.137143 4.26075e-05
2.6358e+07 0.619979 0.640436 0.0333435 5.06715e-05
1.88648e+07 0.468787 0.638687 0.112252 7.07985e-05
1.81583e+07 0.447787 0.863032 0.0473817 7.3553e-05
1.65998e+07 0.396086 0.710717 0 8.04587e-05
2.6358e+07 0.619979 0.640436 0.0333435 5.06715e-05
5.88427e+07 0.843873 0.640436 0.0807252 2.26978e-05
2.6358e+07 0.619979 0.640436 0.0333435 5.06715e-05
1.81583e+07 0.447787 0.863032 0.0473817 7.3553e-05
5.88427e+07 0.843873 0.640436 0.0807252 2.26978e-05
2.6358e+07 0.619979 0.640436 0.0333435 5.06715e-05
5.88427e+07 0.843873 0.640436 0.0807252 2.26978e-05
5.88427e+07 0.843873 0.640436 0.0807252 2.26978e-05
1.3765e+07 0.271749 0.702079 0 9.70285e-05
1.81583e+07 0.447787 0.863032 0.0473817 7.3553e-05
2.6358e+07 0.619979 0.640436 0.0333435 5.06715e-05
1.81583e+07 0.447787 0.863032 0.0473817 7.3553e-05
5.88427e+07 0.843873 0.640436 0.0807252 2.26978e-05
2.6358e+07 0.619979 0.640436 0.0333435 5.06715e-05
5.88427e+07 0.843873 0.640436 0.0807252 2.26978e-05
5.88427e+07 0.843873 0.640436 0.0807252 2.26978e-05
2.6358e+07 0.619979 0.640436 0.0333435 5.06715e-05
5.88427e+07 0.843873 0.640436 0.0807252 2.26978e-05
2.6358e+07 0.619979 0.640436 0.0333435 5.06715e-05
1.81583e+07 0.447787 0.863032 0.0473817 7.3553e-05
5.88427e+07 0.843873 0.640436 0.0807252 2.26978e-05
2.6358e+07 0.619979 0.640436 0.0333435 5.06715e-05
1.81583e+07 0.447787 0.863032 0.0473817 7.3553e-05
2.6358e+07 0.619979 0.640436 0.0333435 5.06715e-05
1.81583e+07 0.447787 0.863032 0.0473817 7.3553e-05
1.65998e+07 0.396086 0.710717 0 8.04587e-05
1.33274e+07 0.247501 0.867338 0.0918018 0.000100215
2.6358e+07 0.619979 0.640436 0.0333435 5.06715e-05
2.6358e+07 0.619979 0.640436 0.0333435 5.06715e-05
2.6358e+07 0.619979 0.640436 0.0333435 5.06715e-05
2.6358e+07 0.619979 0.640436 0.0333435 5.06715e-05
1.81583e+07 0.447787 0.863032 0.0473817 7.3553e-05
5.88427e+07 0.843873 0.640436 0.0807252 2.26978e-05
1.65998e+07 0.396086 0.710717 0 8.04587e-05
5.88427e+07 0.843873 0.640436 0.0807252 2.26978e-05
2.6358e+07 0.619979 0.640436 0.0333435 5.06715e-05
5.88427e+07 0.843873 0.640436 0.0807252 2.26978e-05
2.6358e+07 0.619979 0.615954 0 5.06715e-05
5.88427e+07 0.843873 0.640436 0.0807252 2.26978e-05
1.81583e+07 0.447787 0.863032 0.0473817 7.3553e-05
2.6358e+07 0.619979 0.640436 0.0333435 5.06715e-05
2.6358e+07 0.619979 0.640436 0.0333435 5.06715e-05
2.6358e+07 0.619979 0.640436 0.0333435 5.06715e-05
2.6358e+07 0.619979 0.640436 0.0333435 5.06715e-05
1.29215e+07 0.223893 0.863032 0 0.000103363
1.29215e+07 0.223893 0.863032 0 0.000103363
2.6358e+07 0.619979 0.640436 0.0333435 5.06715e-05
2.6358e+07 0.619979 0.615954 0 5.06715e-05
5.88427e+07 0.843873 0.640436 0.0807252 2.26978e-05
2.6358e+07 0.619979 0.640436 0.0333435 5.06715e-05
1.33274e+07 0.247501 0.867338 0.0918018 0.000100215
5.88427e+07 0.843873 0.640436 0.0807252 2.26978e-05
2.6358e+07 0.619979 0.640436 0.0333435 5.06715e-05
1.29233e+07 0.223893 0.905237 0 0.000103348
1.65998e+07 0.396086 0.710717 0 8.04587e-05
1.29215e+07 0.223893 0.863032 0 0.000103363
3.13466e+07 0.680546 0.653813 0.137143 4.26075e-05
5.88427e+07 0.843873 0.640436 0.0807252 2.26978e-05
2.6358e+07 0.619979 0.640436 0.0333435 5.06715e-05
1.81583e+07 0.447787 0.863032 0.0473817 7.3553e-05
1.29233e+07 0.223893 0.905237 0 0.000103348
1.65998e+07 0.396086 0.710717 0 8.04587e-05
1.84456e+07 0.456653 0.676713 0.0801091 7.24077e-05
2.6358e+07 0.619979 0.640436 0.0333435 5.06715e-05
3.13466e+07 0.680546 0.653813 0.137143 4.26075e-05
5.88427e+07 0.843873 0.640436 0.0807252 2.26978e-05
1.81583e+07 0.447787 0.863032 0.0473817 7.3553e-05
3.13466e+07 0.680546 0.653813 0.137143 4.26075e-05
1.30409e+07 0.23089 0.908198 0.0473817 0.000102416
2.6358e+07 0.619979 0.640436 0.0333435 5.06715e-05
2.6358e+07 0.619979 0.640436 0.0333435 5.06715e-05
2.6358e+07 0.619979 0.640436 0.0333435 5.06715e-05
2.6358e+07 0.619979 0.640436 0.0333435 5.06715e-05
1.29215e+07 0.223893 0.863032 0 0.000103363
1.81583e+07 0.447787 0.863032 0.0473817 7.3553e-05
2.6358e+07 0.619979 0.640436 0.0333435 5.06715e-05
2.6358e+07 0.619979 0.640436 0.0333435 5.06715e-05
2.6358e+07 0.619979 0.640436 0.0333435 5.06715e-05
5.88427e+07 0.843873 0.640436 0.0807252 2.26978e-05
2.6358e+07 0.619979 0.640436 0.0333435 5.06715e-05
5.88427e+07 0.843873 0.640436 0.0807252 2.26978e-05
1.81583e+07 0.447787 0.863032 0.0473817 7.3553e-05
2.6358e+07 0.619979 0.640436 0.0333435 5.06715e-05
2.6358e+07 0.619979 0.640436 0.0333435 5.06715e-05
1.29215e+07 0.223893 0.863032 0 0.000103363
2.6358e+07 0.619979 0.640436 0.0333435 5.06715e-05
3.13466e+07 0.680546 0.653813 0.137143 4.26075e-05
1.65998e+07 0.396086 0.710717 0 8.04587e-05
2.6358e+07 0.619979 0.640436 0.0333435 5.06715e-05
2.6358e+07 0.619979 0.615954 0 5.06715e-05
5.88427e+07 0.843873 0.640436 0.0807252 2.26978e-05
1.81583e+07 0.447787 0.863032 0.0473817 7.3553e-05
1.29215e+07 0.223893 0.863032 0 0.000103363
5.88427e+07 0.843873 0.640436 0.0807252 2.26978e-05
2.6358e+07 0.619979 0.640436 0.0333435 5.06715e-05
