3.22978e+07 0.442219 0.854901 0 3.09137e-05
3.22978e+07 0.442219 0.854901 0 3.09137e-05
3.22978e+07 0.442219 0.854901 0 3.09137e-05
1.80285e+07 0 1 0 5.53814e-05
3.22978e+07 0.442219 0.854901 0 3.09137e-05
3.22978e+07 0.442219 0.854901 0 3.09137e-05
3.22978e+07 0.442219 0.854901 0 3.09137e-05
3.22978e+07 0.442219 0.854901 0 3.09137e-05
1.80285e+07 0 1 0 5.53814e-05
3.22978e+07 0.442219 0.854901 0 3.09137e-05
3.22978e+07 0.442219 0.854901 0 3.09137e-05
3.22978e+07 0.442219 0.854901 0 3.09137e-05
3.22978e+07 0.442219 0.854901 0 3.09137e-05
1.80285e+07 0 1 0 5.53814e-05
1.80285e+07 0 1 0 5.53814e-05
3.22978e+07 0.442219 0.854901 0 3.09137e-05
1.80285e+07 0 1 0 5.53814e-05
3.22978e+07 0.442219 0.854901 0 3.09137e-05
3.22978e+07 0.442219 0.854901 0 3.09137e-05
3.22978e+07 0.442219 0.854901 0 3.09137e-05
3.22978e+07 0.442219 0.854901 0 3.09137e-05
3.22978e+07 0.442219 0.854901 0 3.09137e-05
3.22978e+07 0.442219 0.854901 0 3.09137e-05
3.22978e+07 0.442219 0.854901 0 3.09137e-05
1.80285e+07 0 1 0 5.53814e-05
3.22978e+07 0.442219 0.854901 0 3.09137e-05
3.22978e+07 0.442219 0.854901 0 3.09137e-05
1.80285e+07 0 1 0 5.53814e-05
3.22978e+07 0.442219 0.854901 0 3.09137e-05
1.80285e+07 0 1 0 5.53814e-05
3.22978e+07 0.442219 0.854901 0 3.09137e-05
2.21402e+07 0.186826 0.720263 0 4.50963e-05
3.22978e+07 0.442219 0.854901 0 3.09137e-05
3.22978e+07 0.442219 0.854901 0 3.09137e-05
3.22978e+07 0.442219 0.854901 0 3.09137e-05
3.22978e+07 0.442219 0.854901 0 3.09137e-05
1.80285e+07 0 1 0 5.53814e-05
3.22978e+07 0.442219 0.854901 0 3.09137e-05
3.22978e+07 0.442219 0.854901 0 3.09137e-05
3.22978e+07 0.442219 0.854901 0 3.09137e-05
3.22978e+07 0.442219 0.854901 0 3.09137e-05
3.22978e+07 0.442219 0.854901 0 3.09137e-05
3.22978e+07 0.442219 0.854901 0 3.09137e-05
3.22978e+07 0.442219 0.854901 0 3.09137e-05
1.80285e+07 0 1 0 5.53814e-05
3.22978e+07 0.442219 0.854901 0 3.09137e-05
3.22978e+07 0.442219 0.854901 0 3.09137e-05
3.22978e+07 0.442219 0.854901 0 3.09137e-05
3.22978e+07 0.442219 0.854901 0 3.09137e-05
1.80285e+07 0 1 0 5.53814e-05
1.80285e+07 0 1 0 5.53814e-05
3.22978e+07 0.442219 0.854901 0 3.09137e-05
3.22978e+07 0.442219 0.854901 0 3.09137e-05
3.22978e+07 0.442219 0.854901 0 3.09137e-05
3.22978e+07 0.442219 0.854901 0 3.09137e-05
2.21402e+07 0.186826 0.720263 0 4.50963e-05
3.22978e+07 0.442219 0.854901 0 3.09137e-05
3.22978e+07 0.442219 0.854901 0 3.09137e-05
1.94626e+07 0.0739598 0.901926 0 5.13008e-05
3.22978e+07 0.442219 0.854901 0 3.09137e-05
1.80285e+07 0 1 0 5.53814e-05
3.22978e+07 0.442219 0.854901 0 3.09137e-05
3.22978e+07 0.442219 0.854901 0 3.09137e-05
3.22978e+07 0.442219 0.854901 0 3.09137e-05
1.80285e+07 0 1 0 5.53814e-05
1.80285e+07 0 1 0 5.53814e-05
4.87521e+07 0.773498 0.669288 0.0380819 2.048e-05
3.22978e+07 0.442219 0.854901 0 3.09137e-05
3.22978e+07 0.442219 0.854901 0 3.09137e-05
3.22978e+07 0.442219 0.854901 0 3.09137e-05
3.22978e+07 0.442219 0.854901 0 3.09137e-05
1.80285e+07 0 1 0 5.53814e-05
3.22978e+07 0.442219 0.854901 0 3.09137e-05
1.80285e+07 0 1 0 5.53814e-05
3.22978e+07 0.442219 0.854901 0 3.09137e-05
3.22978e+07 0.442219 0.854901 0 3.09137e-05
3.22978e+07 0.442219 0.854901 0 3.09137e-05
3.22978e+07 0.442219 0.854901 0 3.09137e-05
1.94626e+07 0.0739598 0.901926 0 5.13008e-05
1.80285e+07 0 1 0 5.53814e-05
3.22978e+07 0.442219 0.854901 0 3.09137e-05
3.22978e+07 0.442219 0.854901 0 3.09137e-05
3.22978e+07 0.442219 0.854901 0 3.09137e-05
3.22978e+07 0.442219 0.854901 0 3.09137e-05
3.22978e+07 0.442219 0.854901 0 3.09137e-05
3.22978e+07 0.442219 0.854901 0 3.09137e-05
1.80285e+07 0 1 0 5.53814e-05
3.22978e+07 0.442219 0.854901 0 3.09137e-05
3.22978e+07 0.442219 0.854901 0 3.09137e-05
1.80285e+07 0 1 0 5.53814e-05
3.22978e+07 0.442219 0.854901 0 3.09137e-05
3.22978e+07 0.442219 0.854901 0 3.09137e-05
3.22978e+07 0.442219 0.854901 0 3.09137e-05
3.22978e+07 0.442219 0.854901 0 3.09137e-05
3.22978e+07 0.442219 0.854901 0 3.09137e-05
3.22978e+07 0.442219 0.854901 0 3.09137e-05
1.80285e+07 0 1 0 5.53814e-05
1.80285e+07 0 1 0 5.53814e-05
3.22978e+07 0.442219 0.854901 0 3.09137e-05
3.22978e+07 0.442219 0.854901 0 3.09137e-05
