1.47709e+07 0.305698 0.837991 0.0210823 8.11138e-05
1.40735e+07 0.271209 0.877688 0 8.51332e-05
1.06252e+07 0.0344892 0.918138 0 0.000112762
1.40735e+07 0.271209 0.877688 0 8.51332e-05
1.02604e+07 0 1 0 0.000116771
1.71824e+07 0.403327 0.79906 0 6.97294e-05
1.40735e+07 0.271209 0.877688 0 8.51332e-05
1.71824e+07 0.403327 0.79906 0 6.97294e-05
1.71824e+07 0.403327 0.79906 0 6.97294e-05
1.40735e+07 0.271209 0.877688 0 8.51332e-05
1.53776e+07 0.333172 0.823948 0.0421646 7.79135e-05
1.40735e+07 0.271209 0.877688 0 8.51332e-05
1.40735e+07 0.271209 0.877688 0 8.51332e-05
1.71824e+07 0.403327 0.79906 0 6.97294e-05
1.71824e+07 0.403327 0.79906 0 6.97294e-05
1.40735e+07 0.271209 0.877688 0 8.51332e-05
2.13162e+07 0.519061 0.819888 0 5.62071e-05
1.40735e+07 0.271209 0.877688 0 8.51332e-05
2.13162e+07 0.519061 0.819888 0 5.62071e-05
1.40735e+07 0.271209 0.877688 0 8.51332e-05
1.40735e+07 0.271209 0.877688 0 8.51332e-05
2.13162e+07 0.519061 0.819888 0 5.62071e-05
1.40735e+07 0.271209 0.877688 0 8.51332e-05
2.13162e+07 0.519061 0.819888 0 5.62071e-05
1.53776e+07 0.333172 0.823948 0.0421646 7.79135e-05
1.40735e+07 0.271209 0.877688 0 8.51332e-05
1.53776e+07 0.333172 0.823948 0.0421646 7.79135e-05
1.40735e+07 0.271209 0.877688 0 8.51332e-05
1.40735e+07 0.271209 0.877688 0 8.51332e-05
1.71494e+07 0.402109 0.831466 0.0317983 6.98639e-05
1.36393e+07 0.247852 0.9422 0 8.78434e-05
1.16704e+07 0.121469 0.758378 0 0.000102663
1.71824e+07 0.403327 0.79906 0 6.97294e-05
1.40735e+07 0.271209 0.877688 0 8.51332e-05
1.53776e+07 0.333172 0.823948 0.0421646 7.79135e-05
2.13162e+07 0.519061 0.819888 0 5.62071e-05
1.71824e+07 0.403327 0.79906 0 6.97294e-05
1.40735e+07 0.271209 0.877688 0 8.51332e-05
1.0935e+07 0.061963 0.861931 0 0.000109567
1.40735e+07 0.271209 0.877688 0 8.51332e-05
2.13162e+07 0.519061 0.819888 0 5.62071e-05
1.40735e+07 0.271209 0.877688 0 8.51332e-05
1.02604e+07 0 1 0 0.000116771
1.40735e+07 0.271209 0.877688 0 8.51332e-05
1.71824e+07 0.403327 0.79906 0 6.97294e-05
1.71824e+07 0.403327 0.79906 0 6.97294e-05
1.53776e+07 0.333172 0.823948 0.0421646 7.79135e-05
1.53776e+07 0.333172 0.823948 0.0421646 7.79135e-05
1.40735e+07 0.271209 0.877688 0 8.51332e-05
2.93747e+07 0.651179 0.779794 0.0192666 4.07875e-05
2.93747e+07 0.651179 0.779794 0.0192666 4.07875e-05
1.71824e+07 0.403327 0.79906 0 6.97294e-05
1.02604e+07 0 1 0 0.000116771
1.40735e+07 0.271209 0.877688 0 8.51332e-05
1.53776e+07 0.333172 0.823948 0.0421646 7.79135e-05
1.16704e+07 0.121469 0.758378 0 0.000102663
1.40735e+07 0.271209 0.877688 0 8.51332e-05
1.40735e+07 0.271209 0.877688 0 8.51332e-05
1.02604e+07 0 1 0 0.000116771
1.02604e+07 0 1 0 0.000116771
2.93747e+07 0.651179 0.779794 0.0192666 4.07875e-05
1.47709e+07 0.305698 0.837991 0.0210823 8.11138e-05
1.40735e+07 0.271209 0.877688 0 8.51332e-05
2.13162e+07 0.519061 0.819888 0 5.62071e-05
1.71494e+07 0.402109 0.831466 0.0317983 6.98639e-05
1.02604e+07 0 1 0 0.000116771
1.02604e+07 0 1 0 0.000116771
1.42909e+07 0.282341 0.860339 0 8.38377e-05
1.40735e+07 0.271209 0.877688 0 8.51332e-05
1.47709e+07 0.305698 0.837991 0.0210823 8.11138e-05
1.40735e+07 0.271209 0.877688 0 8.51332e-05
1.71494e+07 0.402109 0.831466 0.0317983 6.98639e-05
1.47709e+07 0.305698 0.837991 0.0210823 8.11138e-05
1.18025e+07 0.1309 0.890182 0 0.000101514
1.71824e+07 0.403327 0.79906 0 6.97294e-05
1.53776e+07 0.333172 0.823948 0.0421646 7.79135e-05
1.71824e+07 0.403327 0.79906 0 6.97294e-05
1.40735e+07 0.271209 0.877688 0 8.51332e-05
1.71494e+07 0.402109 0.831466 0.0317983 6.98639e-05
1.71824e+07 0.403327 0.79906 0 6.97294e-05
1.53776e+07 0.333172 0.823948 0.0421646 7.79135e-05
2.13162e+07 0.519061 0.819888 0 5.62071e-05
1.40735e+07 0.271209 0.877688 0 8.51332e-05
1.40735e+07 0.271209 0.877688 0 8.51332e-05
1.71824e+07 0.403327 0.79906 0 6.97294e-05
1.40735e+07 0.271209 0.877688 0 8.51332e-05
1.71824e+07 0.403327 0.79906 0 6.97294e-05
1.40735e+07 0.271209 0.877688 0 8.51332e-05
1.40735e+07 0.271209 0.877688 0 8.51332e-05
1.71824e+07 0.403327 0.79906 0 6.97294e-05
2.13162e+07 0.519061 0.819888 0 5.62071e-05
1.47709e+07 0.305698 0.837991 0.0210823 8.11138e-05
1.02604e+07 0 1 0 0.000116771
1.71824e+07 0.403327 0.79906 0 6.97294e-05
1.18203e+07 0.132118 0.921372 0 0.000101361
1.40735e+07 0.271209 0.877688 0 8.51332e-05
1.40735e+07 0.271209 0.877688 0 8.51332e-05
1.71824e+07 0.403327 0.79906 0 6.97294e-05
1.40735e+07 0.271209 0.877688 0 8.51332e-05
1.53776e+07 0.333172 0.823948 0.0421646 7.79135e-05
