4.43739e+07 0.850941 0.53463 0.188659 2.364e-05
4.08489e+07 0.773372 0.519101 0.0462561 2.568e-05
2.21907e+07 0.573082 0.562384 0.110684 4.7272e-05
1.31337e+07 0.277858 0.816297 0 7.98707e-05
1.8788e+07 0.495514 0.610292 0 5.58336e-05
4.08489e+07 0.773372 0.519101 0.0462561 2.568e-05
4.08489e+07 0.773372 0.519101 0.0462561 2.568e-05
4.08489e+07 0.773372 0.519101 0.0462561 2.568e-05
1.31337e+07 0.277858 0.816297 0 7.98707e-05
4.08489e+07 0.773372 0.519101 0.0462561 2.568e-05
4.08489e+07 0.773372 0.519101 0.0462561 2.568e-05
4.08489e+07 0.773372 0.519101 0.0462561 2.568e-05
4.08489e+07 0.773372 0.519101 0.0462561 2.568e-05
1.31337e+07 0.277858 0.816297 0 7.98707e-05
1.31337e+07 0.277858 0.816297 0 7.98707e-05
4.08489e+07 0.773372 0.519101 0.0462561 2.568e-05
1.31337e+07 0.277858 0.816297 0 7.98707e-05
4.08489e+07 0.773372 0.519101 0.0462561 2.568e-05
4.08489e+07 0.773372 0.519101 0.0462561 2.568e-05
4.08489e+07 0.773372 0.519101 0.0462561 2.568e-05
4.08489e+07 0.773372 0.519101 0.0462561 2.568e-05
4.08489e+07 0.773372 0.519101 0.0462561 2.568e-05
4.08489e+07 0.773372 0.519101 0.0462561 2.568e-05
4.08489e+07 0.773372 0.519101 0.0462561 2.568e-05
1.31337e+07 0.277858 0.816297 0 7.98707e-05
4.08489e+07 0.773372 0.519101 0.0462561 2.568e-05
4.08489e+07 0.773372 0.519101 0.0462561 2.568e-05
1.31337e+07 0.277858 0.816297 0 7.98707e-05
4.08489e+07 0.773372 0.519101 0.0462561 2.568e-05
1.31337e+07 0.277858 0.816297 0 7.98707e-05
1.8788e+07 0.495514 0.610292 0 5.58336e-05
9.48806e+06 0 1 0 0.00011056
4.08489e+07 0.773372 0.519101 0.0462561 2.568e-05
3.64236e+07 0.912301 0.487383 0.109693 2.88e-05
4.08489e+07 0.773372 0.519101 0.0462561 2.568e-05
4.08489e+07 0.773372 0.519101 0.0462561 2.568e-05
1.31337e+07 0.277858 0.816297 0 7.98707e-05
4.08489e+07 0.773372 0.519101 0.0462561 2.568e-05
1.8788e+07 0.495514 0.610292 0 5.58336e-05
4.08489e+07 0.773372 0.519101 0.0462561 2.568e-05
4.08489e+07 0.773372 0.519101 0.0462561 2.568e-05
4.08489e+07 0.773372 0.519101 0.0462561 2.568e-05
1.8788e+07 0.495514 0.610292 0 5.58336e-05
4.08489e+07 0.773372 0.519101 0.0462561 2.568e-05
1.31337e+07 0.277858 0.816297 0 7.98707e-05
4.08489e+07 0.773372 0.519101 0.0462561 2.568e-05
4.08489e+07 0.773372 0.519101 0.0462561 2.568e-05
4.08489e+07 0.773372 0.519101 0.0462561 2.568e-05
4.08489e+07 0.773372 0.519101 0.0462561 2.568e-05
1.31337e+07 0.277858 0.816297 0 7.98707e-05
1.31337e+07 0.277858 0.816297 0 7.98707e-05
4.08489e+07 0.773372 0.519101 0.0462561 2.568e-05
1.8788e+07 0.495514 0.610292 0 5.58336e-05
4.08489e+07 0.773372 0.519101 0.0462561 2.568e-05
4.08489e+07 0.773372 0.519101 0.0462561 2.568e-05
9.48806e+06 0 1 0 0.00011056
4.08489e+07 0.773372 0.519101 0.0462561 2.568e-05
4.08489e+07 0.773372 0.519101 0.0462561 2.568e-05
9.48806e+06 0 1 0 0.00011056
1.8788e+07 0.495514 0.610292 0 5.58336e-05
1.31337e+07 0.277858 0.816297 0 7.98707e-05
4.43739e+07 0.850941 0.53463 0.188659 2.364e-05
4.08489e+07 0.773372 0.519101 0.0462561 2.568e-05
4.08489e+07 0.773372 0.519101 0.0462561 2.568e-05
1.31337e+07 0.277858 0.816297 0 7.98707e-05
9.48806e+06 0 1 0 0.00011056
1.8788e+07 0.495514 0.610292 0 5.58336e-05
2.21907e+07 0.573082 0.562384 0.110684 4.7272e-05
4.08489e+07 0.773372 0.519101 0.0462561 2.568e-05
4.43739e+07 0.850941 0.53463 0.188659 2.364e-05
4.08489e+07 0.773372 0.519101 0.0462561 2.568e-05
1.31337e+07 0.277858 0.816297 0 7.98707e-05
4.43739e+07 0.850941 0.53463 0.188659 2.364e-05
9.48806e+06 0 1 0 0.00011056
4.08489e+07 0.773372 0.519101 0.0462561 2.568e-05
4.08489e+07 0.773372 0.519101 0.0462561 2.568e-05
4.08489e+07 0.773372 0.519101 0.0462561 2.568e-05
4.08489e+07 0.773372 0.519101 0.0462561 2.568e-05
1.31337e+07 0.277858 0.816297 0 7.98707e-05
1.31337e+07 0.277858 0.816297 0 7.98707e-05
4.08489e+07 0.773372 0.519101 0.0462561 2.568e-05
4.08489e+07 0.773372 0.519101 0.0462561 2.568e-05
4.08489e+07 0.773372 0.519101 0.0462561 2.568e-05
4.08489e+07 0.773372 0.519101 0.0462561 2.568e-05
4.08489e+07 0.773372 0.519101 0.0462561 2.568e-05
4.08489e+07 0.773372 0.519101 0.0462561 2.568e-05
1.31337e+07 0.277858 0.816297 0 7.98707e-05
4.08489e+07 0.773372 0.519101 0.0462561 2.568e-05
4.08489e+07 0.773372 0.519101 0.0462561 2.568e-05
1.31337e+07 0.277858 0.816297 0 7.98707e-05
4.08489e+07 0.773372 0.519101 0.0462561 2.568e-05
4.43739e+07 0.850941 0.53463 0.188659 2.364e-05
1.8788e+07 0.495514 0.610292 0 5.58336e-05
4.08489e+07 0.773372 0.519101 0.0462561 2.568e-05
1.8788e+07 0.495514 0.610292 0 5.58336e-05
4.08489e+07 0.773372 0.519101 0.0462561 2.568e-05
1.31337e+07 0.277858 0.816297 0 7.98707e-05
1.31337e+07 0.277858 0.816297 0 7.98707e-05
4.08489e+07 0.773372 0.519101 0.0462561 2.568e-05
4.08489e+07 0.773372 0.519101 0.0462561 2.568e-05
