2.66784e+07 0.400766 0.725581 0.0355721 5.2583e-05
2.47982e+07 0.355209 0.793816 0 5.65699e-05
1.67583e+07 0.0455568 0.86062 0 8.37095e-05
5.51792e+07 0.710419 0.793816 0.071144 2.54232e-05
1.59984e+07 0 1 0 8.76854e-05
2.47982e+07 0.355209 0.793816 0 5.65699e-05
5.51792e+07 0.710419 0.793816 0.071144 2.54232e-05
2.47982e+07 0.355209 0.793816 0 5.65699e-05
5.51792e+07 0.710419 0.793816 0.071144 2.54232e-05
5.51792e+07 0.710419 0.793816 0.071144 2.54232e-05
2.47982e+07 0.355209 0.793816 0 5.65699e-05
5.51792e+07 0.710419 0.793816 0.071144 2.54232e-05
5.51792e+07 0.710419 0.793816 0.071144 2.54232e-05
2.47982e+07 0.355209 0.793816 0 5.65699e-05
5.51792e+07 0.710419 0.793816 0.071144 2.54232e-05
2.47982e+07 0.355209 0.793816 0 5.65699e-05
5.51792e+07 0.710419 0.793816 0.071144 2.54232e-05
5.51792e+07 0.710419 0.793816 0.071144 2.54232e-05
2.47982e+07 0.355209 0.793816 0 5.65699e-05
5.51792e+07 0.710419 0.793816 0.071144 2.54232e-05
5.51792e+07 0.710419 0.793816 0.071144 2.54232e-05
2.47982e+07 0.355209 0.793816 0 5.65699e-05
5.51792e+07 0.710419 0.793816 0.071144 2.54232e-05
2.47982e+07 0.355209 0.793816 0 5.65699e-05
5.51792e+07 0.710419 0.793816 0.071144 2.54232e-05
5.51792e+07 0.710419 0.793816 0.071144 2.54232e-05
2.47982e+07 0.355209 0.793816 0 5.65699e-05
5.51792e+07 0.710419 0.793816 0.071144 2.54232e-05
2.47982e+07 0.355209 0.793816 0 5.65699e-05
7.75902e+07 0.878779 0.717129 0.123832 1.808e-05
1.59984e+07 0 1 0 8.76854e-05
2.80749e+07 0.430874 0.587997 0 4.99674e-05
2.47982e+07 0.355209 0.793816 0 5.65699e-05
2.47982e+07 0.355209 0.793816 0 5.65699e-05
2.47982e+07 0.355209 0.793816 0 5.65699e-05
2.47982e+07 0.355209 0.793816 0 5.65699e-05
5.51792e+07 0.710419 0.793816 0.071144 2.54232e-05
5.51792e+07 0.710419 0.793816 0.071144 2.54232e-05
1.59984e+07 0 1 0 8.76854e-05
5.51792e+07 0.710419 0.793816 0.071144 2.54232e-05
2.47982e+07 0.355209 0.793816 0 5.65699e-05
5.51792e+07 0.710419 0.793816 0.071144 2.54232e-05
2.4805e+07 0.355209 0.857712 0 5.65543e-05
5.51792e+07 0.710419 0.793816 0.071144 2.54232e-05
5.51792e+07 0.710419 0.793816 0.071144 2.54232e-05
2.47982e+07 0.355209 0.793816 0 5.65699e-05
2.47982e+07 0.355209 0.793816 0 5.65699e-05
2.47982e+07 0.355209 0.793816 0 5.65699e-05
2.47982e+07 0.355209 0.793816 0 5.65699e-05
2.47982e+07 0.355209 0.793816 0 5.65699e-05
2.47982e+07 0.355209 0.793816 0 5.65699e-05
2.47982e+07 0.355209 0.793816 0 5.65699e-05
2.4805e+07 0.355209 0.857712 0 5.65543e-05
5.51792e+07 0.710419 0.793816 0.071144 2.54232e-05
2.47982e+07 0.355209 0.793816 0 5.65699e-05
2.80749e+07 0.430874 0.587997 0 4.99674e-05
5.51792e+07 0.710419 0.793816 0.071144 2.54232e-05
2.47982e+07 0.355209 0.793816 0 5.65699e-05
2.4805e+07 0.355209 0.857712 0 5.65543e-05
1.59984e+07 0 1 0 8.76854e-05
2.47982e+07 0.355209 0.793816 0 5.65699e-05
2.66784e+07 0.400766 0.725581 0.0355721 5.2583e-05
5.51792e+07 0.710419 0.793816 0.071144 2.54232e-05
2.47982e+07 0.355209 0.793816 0 5.65699e-05
7.75902e+07 0.878779 0.717129 0.123832 1.808e-05
2.4805e+07 0.355209 0.857712 0 5.65543e-05
1.59984e+07 0 1 0 8.76854e-05
1.67583e+07 0.0455568 0.86062 0 8.37095e-05
2.47982e+07 0.355209 0.793816 0 5.65699e-05
2.66784e+07 0.400766 0.725581 0.0355721 5.2583e-05
5.51792e+07 0.710419 0.793816 0.071144 2.54232e-05
7.75902e+07 0.878779 0.717129 0.123832 1.808e-05
2.66784e+07 0.400766 0.725581 0.0355721 5.2583e-05
3.35435e+07 0.523569 0.675649 0 4.18212e-05
2.47982e+07 0.355209 0.793816 0 5.65699e-05
2.47982e+07 0.355209 0.793816 0 5.65699e-05
2.47982e+07 0.355209 0.793816 0 5.65699e-05
2.47982e+07 0.355209 0.793816 0 5.65699e-05
3.35435e+07 0.523569 0.717129 0.052688 4.18212e-05
5.51792e+07 0.710419 0.793816 0.071144 2.54232e-05
2.47982e+07 0.355209 0.793816 0 5.65699e-05
2.47982e+07 0.355209 0.793816 0 5.65699e-05
2.47982e+07 0.355209 0.793816 0 5.65699e-05
5.51792e+07 0.710419 0.793816 0.071144 2.54232e-05
2.47982e+07 0.355209 0.793816 0 5.65699e-05
5.51792e+07 0.710419 0.793816 0.071144 2.54232e-05
5.51792e+07 0.710419 0.793816 0.071144 2.54232e-05
2.47982e+07 0.355209 0.793816 0 5.65699e-05
2.47982e+07 0.355209 0.793816 0 5.65699e-05
2.47982e+07 0.355209 0.793816 0 5.65699e-05
2.47982e+07 0.355209 0.793816 0 5.65699e-05
2.66784e+07 0.400766 0.725581 0.0355721 5.2583e-05
1.59984e+07 0 1 0 8.76854e-05
2.47982e+07 0.355209 0.793816 0 5.65699e-05
2.4805e+07 0.355209 0.857712 0 5.65543e-05
5.51792e+07 0.710419 0.793816 0.071144 2.54232e-05
5.51792e+07 0.710419 0.793816 0.071144 2.54232e-05
2.47982e+07 0.355209 0.793816 0 5.65699e-05
5.51792e+07 0.710419 0.793816 0.071144 2.54232e-05
2.47982e+07 0.355209 0.793816 0 5.65699e-05
