3.48665e+07 0.658328 0.59396 0.134228 3.32698e-05
3.0631e+07 0.610928 0.625839 0.0587248 3.78701e-05
1.81329e+07 0.34233 0.709732 0.0755034 6.3972e-05
1.74366e+07 0.315997 0.766779 0 6.65267e-05
1.69163e+07 0.294931 0.741611 0 6.85728e-05
5.27135e+07 0.774194 0.547399 0.0989933 2.20058e-05
3.0631e+07 0.610928 0.625839 0.0587248 3.78701e-05
5.27135e+07 0.774194 0.547399 0.0989933 2.20058e-05
2.28967e+07 0.479263 0.688339 0.0402685 5.06624e-05
3.0631e+07 0.610928 0.625839 0.0587248 3.78701e-05
3.0631e+07 0.610928 0.625839 0.0587248 3.78701e-05
3.0631e+07 0.610928 0.625839 0.0587248 3.78701e-05
3.0631e+07 0.610928 0.625839 0.0587248 3.78701e-05
2.28967e+07 0.479263 0.688339 0.0402685 5.06624e-05
2.28967e+07 0.479263 0.688339 0.0402685 5.06624e-05
3.0631e+07 0.610928 0.625839 0.0587248 3.78701e-05
1.74366e+07 0.315997 0.766779 0 6.65267e-05
3.0631e+07 0.610928 0.625839 0.0587248 3.78701e-05
3.0631e+07 0.610928 0.625839 0.0587248 3.78701e-05
3.0631e+07 0.610928 0.625839 0.0587248 3.78701e-05
3.0631e+07 0.610928 0.625839 0.0587248 3.78701e-05
3.0631e+07 0.610928 0.625839 0.0587248 3.78701e-05
3.0631e+07 0.610928 0.625839 0.0587248 3.78701e-05
3.0631e+07 0.610928 0.625839 0.0587248 3.78701e-05
1.74366e+07 0.315997 0.766779 0 6.65267e-05
3.0631e+07 0.610928 0.625839 0.0587248 3.78701e-05
3.0631e+07 0.610928 0.625839 0.0587248 3.78701e-05
1.74366e+07 0.315997 0.766779 0 6.65267e-05
3.0631e+07 0.610928 0.625839 0.0587248 3.78701e-05
1.74366e+07 0.315997 0.766779 0 6.65267e-05
1.69163e+07 0.294931 0.741611 0 6.85728e-05
1.19322e+07 0 1 0 9.7216e-05
5.27135e+07 0.774194 0.547399 0.0989933 2.20058e-05
5.15149e+07 0.768927 0.58557 0.139262 2.25178e-05
3.0631e+07 0.610928 0.625839 0.0587248 3.78701e-05
3.0631e+07 0.610928 0.625839 0.0587248 3.78701e-05
2.28967e+07 0.479263 0.688339 0.0402685 5.06624e-05
3.0631e+07 0.610928 0.625839 0.0587248 3.78701e-05
1.69163e+07 0.294931 0.741611 0 6.85728e-05
3.0631e+07 0.610928 0.625839 0.0587248 3.78701e-05
3.0631e+07 0.610928 0.625839 0.0587248 3.78701e-05
3.0631e+07 0.610928 0.625839 0.0587248 3.78701e-05
1.69163e+07 0.294931 0.741611 0 6.85728e-05
3.0631e+07 0.610928 0.625839 0.0587248 3.78701e-05
2.28967e+07 0.479263 0.688339 0.0402685 5.06624e-05
5.27135e+07 0.774194 0.547399 0.0989933 2.20058e-05
3.0631e+07 0.610928 0.625839 0.0587248 3.78701e-05
3.0631e+07 0.610928 0.625839 0.0587248 3.78701e-05
3.0631e+07 0.610928 0.625839 0.0587248 3.78701e-05
2.28967e+07 0.479263 0.688339 0.0402685 5.06624e-05
2.28967e+07 0.479263 0.688339 0.0402685 5.06624e-05
5.27135e+07 0.774194 0.547399 0.0989933 2.20058e-05
1.69163e+07 0.294931 0.741611 0 6.85728e-05
3.0631e+07 0.610928 0.625839 0.0587248 3.78701e-05
3.0631e+07 0.610928 0.625839 0.0587248 3.78701e-05
1.19322e+07 0 1 0 9.7216e-05
3.0631e+07 0.610928 0.625839 0.0587248 3.78701e-05
3.0631e+07 0.610928 0.625839 0.0587248 3.78701e-05
1.19322e+07 0 1 0 9.7216e-05
1.69163e+07 0.294931 0.741611 0 6.85728e-05
2.28967e+07 0.479263 0.688339 0.0402685 5.06624e-05
3.48665e+07 0.658328 0.59396 0.134228 3.32698e-05
3.0631e+07 0.610928 0.625839 0.0587248 3.78701e-05
3.0631e+07 0.610928 0.625839 0.0587248 3.78701e-05
1.74366e+07 0.315997 0.766779 0 6.65267e-05
1.19322e+07 0 1 0 9.7216e-05
1.69163e+07 0.294931 0.741611 0 6.85728e-05
1.81329e+07 0.34233 0.709732 0.0755034 6.3972e-05
3.0631e+07 0.610928 0.625839 0.0587248 3.78701e-05
3.48665e+07 0.658328 0.59396 0.134228 3.32698e-05
3.0631e+07 0.610928 0.625839 0.0587248 3.78701e-05
1.74366e+07 0.315997 0.766779 0 6.65267e-05
3.48665e+07 0.658328 0.59396 0.134228 3.32698e-05
1.19322e+07 0 1 0 9.7216e-05
5.27135e+07 0.774194 0.547399 0.0989933 2.20058e-05
3.0631e+07 0.610928 0.625839 0.0587248 3.78701e-05
5.27135e+07 0.774194 0.547399 0.0989933 2.20058e-05
3.0631e+07 0.610928 0.625839 0.0587248 3.78701e-05
1.74366e+07 0.315997 0.766779 0 6.65267e-05
2.28967e+07 0.479263 0.688339 0.0402685 5.06624e-05
3.0631e+07 0.610928 0.625839 0.0587248 3.78701e-05
3.0631e+07 0.610928 0.625839 0.0587248 3.78701e-05
3.0631e+07 0.610928 0.625839 0.0587248 3.78701e-05
3.0631e+07 0.610928 0.625839 0.0587248 3.78701e-05
5.27135e+07 0.774194 0.547399 0.0989933 2.20058e-05
3.0631e+07 0.610928 0.625839 0.0587248 3.78701e-05
2.28967e+07 0.479263 0.688339 0.0402685 5.06624e-05
3.0631e+07 0.610928 0.625839 0.0587248 3.78701e-05
3.0631e+07 0.610928 0.625839 0.0587248 3.78701e-05
2.28967e+07 0.479263 0.688339 0.0402685 5.06624e-05
3.0631e+07 0.610928 0.625839 0.0587248 3.78701e-05
3.48665e+07 0.658328 0.59396 0.134228 3.32698e-05
1.69163e+07 0.294931 0.741611 0 6.85728e-05
5.27135e+07 0.774194 0.547399 0.0989933 2.20058e-05
2.2002e+07 0.458196 0.582634 0 5.27224e-05
3.0631e+07 0.610928 0.625839 0.0587248 3.78701e-05
1.74366e+07 0.315997 0.766779 0 6.65267e-05
2.28967e+07 0.479263 0.688339 0.0402685 5.06624e-05
3.0631e+07 0.610928 0.625839 0.0587248 3.78701e-05
3.0631e+07 0.610928 0.625839 0.0587248 3.78701e-05
