4.79662e+07 0.767952 0.531951 0.0388489 2.16803e-05
4.79662e+07 0.767952 0.531951 0.0388489 2.16803e-05
2.20796e+07 0.494881 0.575636 0.0427901 4.70987e-05
1.57126e+07 0.2897 0.818157 0 6.61838e-05
2.76011e+07 0.595891 0.679562 0.0915108 3.76767e-05
4.79662e+07 0.767952 0.531951 0.0388489 2.16803e-05
4.79662e+07 0.767952 0.531951 0.0388489 2.16803e-05
4.79662e+07 0.767952 0.531951 0.0388489 2.16803e-05
1.57126e+07 0.2897 0.818157 0 6.61838e-05
4.79662e+07 0.767952 0.531951 0.0388489 2.16803e-05
4.63852e+07 0.839346 0.436058 0.102148 2.24192e-05
4.79662e+07 0.767952 0.531951 0.0388489 2.16803e-05
4.79662e+07 0.767952 0.531951 0.0388489 2.16803e-05
1.57126e+07 0.2897 0.818157 0 6.61838e-05
1.57126e+07 0.2897 0.818157 0 6.61838e-05
4.79662e+07 0.767952 0.531951 0.0388489 2.16803e-05
1.57126e+07 0.2897 0.818157 0 6.61838e-05
4.79662e+07 0.767952 0.531951 0.0388489 2.16803e-05
4.79662e+07 0.767952 0.531951 0.0388489 2.16803e-05
4.79662e+07 0.767952 0.531951 0.0388489 2.16803e-05
4.79662e+07 0.767952 0.531951 0.0388489 2.16803e-05
4.79662e+07 0.767952 0.531951 0.0388489 2.16803e-05
4.79662e+07 0.767952 0.531951 0.0388489 2.16803e-05
4.79662e+07 0.767952 0.531951 0.0388489 2.16803e-05
1.74637e+07 0.361094 0.722264 0.0632994 5.95477e-05
4.79662e+07 0.767952 0.531951 0.0388489 2.16803e-05
4.63852e+07 0.839346 0.436058 0.102148 2.24192e-05
1.57126e+07 0.2897 0.818157 0 6.61838e-05
5.07773e+07 0.885591 0.575417 0.13036 2.048e-05
1.57126e+07 0.2897 0.818157 0 6.61838e-05
2.13804e+07 0.478252 0.636096 0 4.8639e-05
1.11652e+07 0 1 0 9.31392e-05
4.79662e+07 0.767952 0.531951 0.0388489 2.16803e-05
4.79662e+07 0.767952 0.531951 0.0388489 2.16803e-05
4.63852e+07 0.839346 0.436058 0.102148 2.24192e-05
4.79662e+07 0.767952 0.531951 0.0388489 2.16803e-05
1.57126e+07 0.2897 0.818157 0 6.61838e-05
4.79662e+07 0.767952 0.531951 0.0388489 2.16803e-05
2.47444e+07 0.549646 0.413604 0 4.20265e-05
4.79662e+07 0.767952 0.531951 0.0388489 2.16803e-05
4.79662e+07 0.767952 0.531951 0.0388489 2.16803e-05
4.79662e+07 0.767952 0.531951 0.0388489 2.16803e-05
2.13804e+07 0.478252 0.636096 0 4.8639e-05
4.79662e+07 0.767952 0.531951 0.0388489 2.16803e-05
1.57126e+07 0.2897 0.818157 0 6.61838e-05
4.79662e+07 0.767952 0.531951 0.0388489 2.16803e-05
4.63852e+07 0.839346 0.436058 0.102148 2.24192e-05
4.63852e+07 0.839346 0.436058 0.102148 2.24192e-05
4.79662e+07 0.767952 0.531951 0.0388489 2.16803e-05
1.57126e+07 0.2897 0.818157 0 6.61838e-05
1.57126e+07 0.2897 0.818157 0 6.61838e-05
4.79662e+07 0.767952 0.531951 0.0388489 2.16803e-05
2.13804e+07 0.478252 0.636096 0 4.8639e-05
4.79662e+07 0.767952 0.531951 0.0388489 2.16803e-05
4.63852e+07 0.839346 0.436058 0.102148 2.24192e-05
1.11652e+07 0 1 0 9.31392e-05
4.79662e+07 0.767952 0.531951 0.0388489 2.16803e-05
4.79662e+07 0.767952 0.531951 0.0388489 2.16803e-05
1.11652e+07 0 1 0 9.31392e-05
2.17467e+07 0.487047 0.645705 0.0480451 4.78198e-05
1.57126e+07 0.2897 0.818157 0 6.61838e-05
4.79662e+07 0.767952 0.531951 0.0388489 2.16803e-05
4.79662e+07 0.767952 0.531951 0.0388489 2.16803e-05
4.79662e+07 0.767952 0.531951 0.0388489 2.16803e-05
1.57126e+07 0.2897 0.818157 0 6.61838e-05
1.11652e+07 0 1 0 9.31392e-05
2.13804e+07 0.478252 0.636096 0 4.8639e-05
2.13804e+07 0.478252 0.636096 0 4.8639e-05
4.79662e+07 0.767952 0.531951 0.0388489 2.16803e-05
4.79662e+07 0.767952 0.531951 0.0388489 2.16803e-05
4.79662e+07 0.767952 0.531951 0.0388489 2.16803e-05
1.57126e+07 0.2897 0.818157 0 6.61838e-05
4.79662e+07 0.767952 0.531951 0.0388489 2.16803e-05
1.11652e+07 0 1 0 9.31392e-05
4.79662e+07 0.767952 0.531951 0.0388489 2.16803e-05
4.63852e+07 0.839346 0.436058 0.102148 2.24192e-05
4.79662e+07 0.767952 0.531951 0.0388489 2.16803e-05
5.07773e+07 0.885591 0.575417 0.13036 2.048e-05
1.57126e+07 0.2897 0.818157 0 6.61838e-05
1.57126e+07 0.2897 0.818157 0 6.61838e-05
4.63852e+07 0.839346 0.436058 0.102148 2.24192e-05
4.79662e+07 0.767952 0.531951 0.0388489 2.16803e-05
4.79662e+07 0.767952 0.531951 0.0388489 2.16803e-05
4.79662e+07 0.767952 0.531951 0.0388489 2.16803e-05
4.79662e+07 0.767952 0.531951 0.0388489 2.16803e-05
4.79662e+07 0.767952 0.531951 0.0388489 2.16803e-05
1.57126e+07 0.2897 0.818157 0 6.61838e-05
4.79662e+07 0.767952 0.531951 0.0388489 2.16803e-05
4.79662e+07 0.767952 0.531951 0.0388489 2.16803e-05
1.57126e+07 0.2897 0.818157 0 6.61838e-05
4.79662e+07 0.767952 0.531951 0.0388489 2.16803e-05
4.79662e+07 0.767952 0.531951 0.0388489 2.16803e-05
2.13804e+07 0.478252 0.636096 0 4.8639e-05
4.79662e+07 0.767952 0.531951 0.0388489 2.16803e-05
2.13804e+07 0.478252 0.636096 0 4.8639e-05
4.79662e+07 0.767952 0.531951 0.0388489 2.16803e-05
1.59063e+07 0.298495 0.731676 0 6.53781e-05
1.57126e+07 0.2897 0.818157 0 6.61838e-05
4.79662e+07 0.767952 0.531951 0.0388489 2.16803e-05
4.63852e+07 0.839346 0.436058 0.102148 2.24192e-05
