2.71226e+07 0 1 0 4.24e-05
2.71226e+07 0 1 0 4.24e-05
2.71226e+07 0 1 0 4.24e-05
5.2439e+07 0.483019 0.865458 0 2.19302e-05
2.71226e+07 0 1 0 4.24e-05
2.71226e+07 0 1 0 4.24e-05
5.2439e+07 0.483019 0.865458 0 2.19302e-05
2.71226e+07 0 1 0 4.24e-05
5.2439e+07 0.483019 0.865458 0 2.19302e-05
5.2439e+07 0.483019 0.865458 0 2.19302e-05
2.71226e+07 0 1 0 4.24e-05
5.2439e+07 0.483019 0.865458 0 2.19302e-05
5.2439e+07 0.483019 0.865458 0 2.19302e-05
2.71226e+07 0 1 0 4.24e-05
5.2439e+07 0.483019 0.865458 0 2.19302e-05
2.71226e+07 0 1 0 4.24e-05
5.2439e+07 0.483019 0.865458 0 2.19302e-05
5.2439e+07 0.483019 0.865458 0 2.19302e-05
2.71226e+07 0 1 0 4.24e-05
5.2439e+07 0.483019 0.865458 0 2.19302e-05
5.2439e+07 0.483019 0.865458 0 2.19302e-05
2.71226e+07 0 1 0 4.24e-05
5.2439e+07 0.483019 0.865458 0 2.19302e-05
2.71226e+07 0 1 0 4.24e-05
5.2439e+07 0.483019 0.865458 0 2.19302e-05
5.2439e+07 0.483019 0.865458 0 2.19302e-05
2.71226e+07 0 1 0 4.24e-05
5.2439e+07 0.483019 0.865458 0 2.19302e-05
2.71226e+07 0 1 0 4.24e-05
6.38889e+07 0.830189 0.604388 0 1.8e-05
2.71226e+07 0 1 0 4.24e-05
5.61523e+07 0.65283 0.612666 0.130338 2.048e-05
2.71226e+07 0 1 0 4.24e-05
2.71226e+07 0 1 0 4.24e-05
2.71226e+07 0 1 0 4.24e-05
2.71226e+07 0 1 0 4.24e-05
5.2439e+07 0.483019 0.865458 0 2.19302e-05
5.2439e+07 0.483019 0.865458 0 2.19302e-05
2.71226e+07 0 1 0 4.24e-05
5.2439e+07 0.483019 0.865458 0 2.19302e-05
2.71226e+07 0 1 0 4.24e-05
5.2439e+07 0.483019 0.865458 0 2.19302e-05
5.2439e+07 0.483019 0.865458 0 2.19302e-05
5.2439e+07 0.483019 0.865458 0 2.19302e-05
5.2439e+07 0.483019 0.865458 0 2.19302e-05
2.71226e+07 0 1 0 4.24e-05
2.71226e+07 0 1 0 4.24e-05
2.71226e+07 0 1 0 4.24e-05
2.71226e+07 0 1 0 4.24e-05
2.71226e+07 0 1 0 4.24e-05
2.71226e+07 0 1 0 4.24e-05
2.71226e+07 0 1 0 4.24e-05
5.2439e+07 0.483019 0.865458 0 2.19302e-05
5.2439e+07 0.483019 0.865458 0 2.19302e-05
2.71226e+07 0 1 0 4.24e-05
5.61523e+07 0.65283 0.612666 0.130338 2.048e-05
5.2439e+07 0.483019 0.865458 0 2.19302e-05
2.71226e+07 0 1 0 4.24e-05
5.2439e+07 0.483019 0.865458 0 2.19302e-05
2.71226e+07 0 1 0 4.24e-05
2.71226e+07 0 1 0 4.24e-05
2.71226e+07 0 1 0 4.24e-05
5.2439e+07 0.483019 0.865458 0 2.19302e-05
2.71226e+07 0 1 0 4.24e-05
6.38889e+07 0.830189 0.604388 0 1.8e-05
5.2439e+07 0.483019 0.865458 0 2.19302e-05
2.71226e+07 0 1 0 4.24e-05
2.71226e+07 0 1 0 4.24e-05
2.71226e+07 0 1 0 4.24e-05
2.71226e+07 0 1 0 4.24e-05
5.2439e+07 0.483019 0.865458 0 2.19302e-05
6.38889e+07 0.830189 0.604388 0 1.8e-05
2.71226e+07 0 1 0 4.24e-05
6.38889e+07 0.845283 0.608593 0.0672711 1.8e-05
2.71226e+07 0 1 0 4.24e-05
2.71226e+07 0 1 0 4.24e-05
2.71226e+07 0 1 0 4.24e-05
2.71226e+07 0 1 0 4.24e-05
4.15058e+07 0.34717 0.73893 0 2.7707e-05
5.2439e+07 0.483019 0.865458 0 2.19302e-05
2.71226e+07 0 1 0 4.24e-05
2.71226e+07 0 1 0 4.24e-05
2.71226e+07 0 1 0 4.24e-05
5.2439e+07 0.483019 0.865458 0 2.19302e-05
2.71226e+07 0 1 0 4.24e-05
5.2439e+07 0.483019 0.865458 0 2.19302e-05
5.2439e+07 0.483019 0.865458 0 2.19302e-05
2.71226e+07 0 1 0 4.24e-05
2.71226e+07 0 1 0 4.24e-05
2.71226e+07 0 1 0 4.24e-05
2.71226e+07 0 1 0 4.24e-05
2.71226e+07 0 1 0 4.24e-05
2.71226e+07 0 1 0 4.24e-05
2.71226e+07 0 1 0 4.24e-05
5.2439e+07 0.483019 0.865458 0 2.19302e-05
5.2439e+07 0.483019 0.865458 0 2.19302e-05
5.2439e+07 0.483019 0.865458 0 2.19302e-05
2.71226e+07 0 1 0 4.24e-05
5.2439e+07 0.483019 0.865458 0 2.19302e-05
2.71226e+07 0 1 0 4.24e-05
