1.51694e+07 0.569753 0.613622 0.133484 8.47107e-05
1.44129e+07 0.547188 0.574277 0.0635317 8.91567e-05
9.12691e+06 0.284624 0.601622 0.0452005 0.000140794
1.15049e+07 0.43246 0.728646 0.0445501 0.000111693
1.17932e+07 0.446353 0.674872 0.0697659 0.000108962
1.73329e+07 0.623587 0.524922 0.0858067 7.41371e-05
2.07877e+07 0.686189 0.574277 0.108082 6.18159e-05
1.73329e+07 0.623587 0.524922 0.0858067 7.41371e-05
1.32923e+07 0.508858 0.679291 0.0668251 9.66732e-05
2.07877e+07 0.686189 0.574277 0.108082 6.18159e-05
1.44129e+07 0.547188 0.574277 0.0635317 8.91567e-05
2.07877e+07 0.686189 0.574277 0.108082 6.18159e-05
2.07877e+07 0.686189 0.574277 0.108082 6.18159e-05
1.03618e+07 0.369857 0.679291 0.022275 0.000124014
1.32923e+07 0.508858 0.679291 0.0668251 9.66732e-05
1.44129e+07 0.547188 0.574277 0.0635317 8.91567e-05
1.15049e+07 0.43246 0.728646 0.0445501 0.000111693
2.07877e+07 0.686189 0.574277 0.108082 6.18159e-05
1.44129e+07 0.547188 0.574277 0.0635317 8.91567e-05
2.07877e+07 0.686189 0.574277 0.108082 6.18159e-05
2.07877e+07 0.686189 0.574277 0.108082 6.18159e-05
1.44129e+07 0.547188 0.574277 0.0635317 8.91567e-05
2.07877e+07 0.686189 0.574277 0.108082 6.18159e-05
1.44129e+07 0.547188 0.574277 0.0635317 8.91567e-05
1.15049e+07 0.43246 0.728646 0.0445501 0.000111693
2.07877e+07 0.686189 0.574277 0.108082 6.18159e-05
1.44129e+07 0.547188 0.574277 0.0635317 8.91567e-05
1.15049e+07 0.43246 0.728646 0.0445501 0.000111693
1.65828e+07 0.606537 0.530582 0.0932526 7.74907e-05
1.15049e+07 0.43246 0.728646 0.0445501 0.000111693
8.75093e+06 0.25373 0.718567 0 0.000146843
7.62559e+06 0.143345 0.913684 0.0445501 0.000168513
1.73329e+07 0.623587 0.524922 0.0858067 7.41371e-05
1.44129e+07 0.547188 0.574277 0.0635317 8.91567e-05
1.44129e+07 0.547188 0.574277 0.0635317 8.91567e-05
1.44129e+07 0.547188 0.574277 0.0635317 8.91567e-05
1.32923e+07 0.508858 0.679291 0.0668251 9.66732e-05
2.07877e+07 0.686189 0.574277 0.108082 6.18159e-05
8.75093e+06 0.25373 0.718567 0 0.000146843
2.07877e+07 0.686189 0.574277 0.108082 6.18159e-05
1.44129e+07 0.547188 0.574277 0.0635317 8.91567e-05
2.07877e+07 0.686189 0.574277 0.108082 6.18159e-05
1.07518e+07 0.392731 0.629467 0 0.000119516
2.07877e+07 0.686189 0.574277 0.108082 6.18159e-05
1.32923e+07 0.508858 0.679291 0.0668251 9.66732e-05
1.73329e+07 0.623587 0.524922 0.0858067 7.41371e-05
1.44129e+07 0.547188 0.574277 0.0635317 8.91567e-05
1.44129e+07 0.547188 0.574277 0.0635317 8.91567e-05
1.44129e+07 0.547188 0.574277 0.0635317 8.91567e-05
1.03618e+07 0.369857 0.679291 0.022275 0.000124014
1.03618e+07 0.369857 0.679291 0.022275 0.000124014
1.73329e+07 0.623587 0.524922 0.0858067 7.41371e-05
1.37706e+07 0.526006 0.549377 0 9.33152e-05
2.07877e+07 0.686189 0.574277 0.108082 6.18159e-05
1.44129e+07 0.547188 0.574277 0.0635317 8.91567e-05
7.62559e+06 0.143345 0.913684 0.0445501 0.000168513
2.07877e+07 0.686189 0.574277 0.108082 6.18159e-05
1.44129e+07 0.547188 0.574277 0.0635317 8.91567e-05
7.58712e+06 0.139001 0.9109 0 0.000169367
8.75093e+06 0.25373 0.718567 0 0.000146843
1.03618e+07 0.369857 0.679291 0.022275 0.000124014
1.51694e+07 0.569753 0.613622 0.133484 8.47107e-05
2.07877e+07 0.686189 0.574277 0.108082 6.18159e-05
1.44129e+07 0.547188 0.574277 0.0635317 8.91567e-05
1.15049e+07 0.43246 0.728646 0.0445501 0.000111693
7.58712e+06 0.139001 0.9109 0 0.000169367
8.75093e+06 0.25373 0.718567 0 0.000146843
9.02324e+06 0.276295 0.708409 0.0452005 0.000142411
2.04107e+07 0.680463 0.494187 0.0635317 6.29575e-05
1.51694e+07 0.569753 0.613622 0.133484 8.47107e-05
2.07877e+07 0.686189 0.574277 0.108082 6.18159e-05
1.15049e+07 0.43246 0.728646 0.0445501 0.000111693
1.51694e+07 0.569753 0.613622 0.133484 8.47107e-05
7.62559e+06 0.143345 0.913684 0.0445501 0.000168513
1.73329e+07 0.623587 0.524922 0.0858067 7.41371e-05
1.44129e+07 0.547188 0.574277 0.0635317 8.91567e-05
1.73329e+07 0.623587 0.524922 0.0858067 7.41371e-05
1.65828e+07 0.606537 0.530582 0.0932526 7.74907e-05
9.24244e+06 0.293458 0.728646 0 0.000139034
1.32923e+07 0.508858 0.679291 0.0668251 9.66732e-05
1.44129e+07 0.547188 0.574277 0.0635317 8.91567e-05
1.44129e+07 0.547188 0.574277 0.0635317 8.91567e-05
1.44129e+07 0.547188 0.574277 0.0635317 8.91567e-05
2.07877e+07 0.686189 0.574277 0.108082 6.18159e-05
1.73329e+07 0.623587 0.524922 0.0858067 7.41371e-05
2.07877e+07 0.686189 0.574277 0.108082 6.18159e-05
1.32923e+07 0.508858 0.679291 0.0668251 9.66732e-05
1.44129e+07 0.547188 0.574277 0.0635317 8.91567e-05
1.44129e+07 0.547188 0.574277 0.0635317 8.91567e-05
1.31372e+07 0.503132 0.599201 0.022275 9.78147e-05
1.44129e+07 0.547188 0.574277 0.0635317 8.91567e-05
1.51694e+07 0.569753 0.613622 0.133484 8.47107e-05
8.75093e+06 0.25373 0.718567 0 0.000146843
1.73329e+07 0.623587 0.524922 0.0858067 7.41371e-05
1.22956e+07 0.46913 0.535562 0 0.000104509
2.07877e+07 0.686189 0.574277 0.108082 6.18159e-05
1.15049e+07 0.43246 0.728646 0.0445501 0.000111693
1.03618e+07 0.369857 0.679291 0.022275 0.000124014
2.07877e+07 0.686189 0.574277 0.108082 6.18159e-05
1.44129e+07 0.547188 0.574277 0.0635317 8.91567e-05
