1.33936e+07 0.240708 0.800392 0 0.000109859
1.33936e+07 0.240708 0.800392 0 0.000109859
1.01728e+07 0 1 0 0.00014464
3.8519e+07 0.736283 0.655405 0.0684659 3.81993e-05
1.01728e+07 0 1 0 0.00014464
1.58264e+07 0.357522 0.742435 0.0342329 9.29715e-05
3.8519e+07 0.736283 0.655405 0.0684659 3.81993e-05
1.58264e+07 0.357522 0.742435 0.0342329 9.29715e-05
6.90393e+07 0.853097 0.597448 0.102699 2.13125e-05
3.8519e+07 0.736283 0.655405 0.0684659 3.81993e-05
1.42702e+07 0.287611 0.613149 0 0.00010311
3.8519e+07 0.736283 0.655405 0.0684659 3.81993e-05
3.8519e+07 0.736283 0.655405 0.0684659 3.81993e-05
1.58264e+07 0.357522 0.742435 0.0342329 9.29715e-05
6.90393e+07 0.853097 0.597448 0.102699 2.13125e-05
1.33936e+07 0.240708 0.800392 0 0.000109859
3.8519e+07 0.736283 0.655405 0.0684659 3.81993e-05
3.8519e+07 0.736283 0.655405 0.0684659 3.81993e-05
1.33936e+07 0.240708 0.800392 0 0.000109859
3.8519e+07 0.736283 0.655405 0.0684659 3.81993e-05
3.8519e+07 0.736283 0.655405 0.0684659 3.81993e-05
1.33936e+07 0.240708 0.800392 0 0.000109859
3.8519e+07 0.736283 0.655405 0.0684659 3.81993e-05
1.33936e+07 0.240708 0.800392 0 0.000109859
4.67822e+07 0.783186 0.468162 0.0684659 3.14522e-05
3.8519e+07 0.736283 0.655405 0.0684659 3.81993e-05
1.42702e+07 0.287611 0.613149 0 0.00010311
3.8519e+07 0.736283 0.655405 0.0684659 3.81993e-05
1.33936e+07 0.240708 0.800392 0 0.000109859
3.8519e+07 0.736283 0.655405 0.0684659 3.81993e-05
1.01728e+07 0 1 0 0.00014464
2.04802e+07 0.50354 0.722612 0.0724933 7.18449e-05
1.58264e+07 0.357522 0.742435 0.0342329 9.29715e-05
1.33936e+07 0.240708 0.800392 0 0.000109859
1.42702e+07 0.287611 0.613149 0 0.00010311
1.33936e+07 0.240708 0.800392 0 0.000109859
6.90393e+07 0.853097 0.597448 0.102699 2.13125e-05
3.8519e+07 0.736283 0.655405 0.0684659 3.81993e-05
1.06714e+07 0.0469027 0.812757 0 0.000137883
3.8519e+07 0.736283 0.655405 0.0684659 3.81993e-05
1.33936e+07 0.240708 0.800392 0 0.000109859
3.8519e+07 0.736283 0.655405 0.0684659 3.81993e-05
2.0157e+07 0.495575 0.718082 0 7.29969e-05
3.8519e+07 0.736283 0.655405 0.0684659 3.81993e-05
6.90393e+07 0.853097 0.597448 0.102699 2.13125e-05
1.58264e+07 0.357522 0.742435 0.0342329 9.29715e-05
1.42702e+07 0.287611 0.613149 0 0.00010311
1.42702e+07 0.287611 0.613149 0 0.00010311
1.33936e+07 0.240708 0.800392 0 0.000109859
1.58264e+07 0.357522 0.742435 0.0342329 9.29715e-05
1.58264e+07 0.357522 0.742435 0.0342329 9.29715e-05
1.58264e+07 0.357522 0.742435 0.0342329 9.29715e-05
2.0157e+07 0.495575 0.718082 0 7.29969e-05
3.8519e+07 0.736283 0.655405 0.0684659 3.81993e-05
1.42702e+07 0.287611 0.613149 0 0.00010311
2.04802e+07 0.50354 0.722612 0.0724933 7.18449e-05
3.8519e+07 0.736283 0.655405 0.0684659 3.81993e-05
1.33936e+07 0.240708 0.800392 0 0.000109859
2.46414e+07 0.587611 0.613117 0.104713 5.97125e-05
1.01728e+07 0 1 0 0.00014464
1.58264e+07 0.357522 0.742435 0.0342329 9.29715e-05
1.33936e+07 0.240708 0.800392 0 0.000109859
3.8519e+07 0.736283 0.655405 0.0684659 3.81993e-05
1.33936e+07 0.240708 0.800392 0 0.000109859
3.8519e+07 0.736283 0.655405 0.0684659 3.81993e-05
2.0157e+07 0.495575 0.718082 0 7.29969e-05
1.04682e+07 0.0283186 0.887233 0 0.000140559
1.01728e+07 0 1 0 0.00014464
1.33936e+07 0.240708 0.800392 0 0.000109859
1.33936e+07 0.240708 0.800392 0 0.000109859
3.8519e+07 0.736283 0.655405 0.0684659 3.81993e-05
3.8519e+07 0.736283 0.655405 0.0684659 3.81993e-05
1.33936e+07 0.240708 0.800392 0 0.000109859
2.04802e+07 0.50354 0.722612 0.0724933 7.18449e-05
1.58264e+07 0.357522 0.742435 0.0342329 9.29715e-05
1.42702e+07 0.287611 0.613149 0 0.00010311
1.58264e+07 0.357522 0.742435 0.0342329 9.29715e-05
1.33936e+07 0.240708 0.800392 0 0.000109859
1.39088e+07 0.269027 0.687624 0 0.000105789
6.90393e+07 0.853097 0.597448 0.102699 2.13125e-05
1.42702e+07 0.287611 0.613149 0 0.00010311
1.33936e+07 0.240708 0.800392 0 0.000109859
1.33936e+07 0.240708 0.800392 0 0.000109859
3.8519e+07 0.736283 0.655405 0.0684659 3.81993e-05
1.58264e+07 0.357522 0.742435 0.0342329 9.29715e-05
3.8519e+07 0.736283 0.655405 0.0684659 3.81993e-05
6.90393e+07 0.853097 0.597448 0.102699 2.13125e-05
1.33936e+07 0.240708 0.800392 0 0.000109859
1.33936e+07 0.240708 0.800392 0 0.000109859
1.58264e+07 0.357522 0.742435 0.0342329 9.29715e-05
1.33936e+07 0.240708 0.800392 0 0.000109859
1.33936e+07 0.240708 0.800392 0 0.000109859
1.01728e+07 0 1 0 0.00014464
1.58264e+07 0.357522 0.742435 0.0342329 9.29715e-05
2.62148e+07 0.612389 0.591659 0 5.61285e-05
3.8519e+07 0.736283 0.655405 0.0684659 3.81993e-05
3.8519e+07 0.736283 0.655405 0.0684659 3.81993e-05
1.58264e+07 0.357522 0.742435 0.0342329 9.29715e-05
3.8519e+07 0.736283 0.655405 0.0684659 3.81993e-05
1.42702e+07 0.287611 0.613149 0 0.00010311
