2.63774e+07 0.661427 0.646764 0.0336109 4.34974e-05
2.63774e+07 0.661427 0.646764 0.0336109 4.34974e-05
1.14866e+07 0.221554 0.741683 0 9.98857e-05
1.6338e+07 0.452905 0.730305 0 7.0226e-05
1.12999e+07 0.208522 0.849237 0 0.000101537
4.06427e+07 0.780525 0.598212 0.0563984 2.82301e-05
2.63774e+07 0.661427 0.646764 0.0336109 4.34974e-05
4.06427e+07 0.780525 0.598212 0.0563984 2.82301e-05
2.08766e+07 0.572003 0.681753 0.0227875 5.49588e-05
2.63774e+07 0.661427 0.646764 0.0336109 4.34974e-05
3.12806e+07 0.714588 0.66899 0.123059 3.66793e-05
2.63774e+07 0.661427 0.646764 0.0336109 4.34974e-05
2.63774e+07 0.661427 0.646764 0.0336109 4.34974e-05
2.08766e+07 0.572003 0.681753 0.0227875 5.49588e-05
2.08766e+07 0.572003 0.681753 0.0227875 5.49588e-05
2.63774e+07 0.661427 0.646764 0.0336109 4.34974e-05
1.6338e+07 0.452905 0.730305 0 7.0226e-05
2.63774e+07 0.661427 0.646764 0.0336109 4.34974e-05
2.63774e+07 0.661427 0.646764 0.0336109 4.34974e-05
2.63774e+07 0.661427 0.646764 0.0336109 4.34974e-05
2.63774e+07 0.661427 0.646764 0.0336109 4.34974e-05
2.63774e+07 0.661427 0.646764 0.0336109 4.34974e-05
2.63774e+07 0.661427 0.646764 0.0336109 4.34974e-05
2.63774e+07 0.661427 0.646764 0.0336109 4.34974e-05
1.80905e+07 0.506067 0.664785 0.045575 6.34228e-05
2.63774e+07 0.661427 0.646764 0.0336109 4.34974e-05
3.12806e+07 0.714588 0.66899 0.123059 3.66793e-05
1.6338e+07 0.452905 0.730305 0 7.0226e-05
2.63774e+07 0.661427 0.646764 0.0336109 4.34974e-05
1.96846e+07 0.546055 0.686205 0.0300287 5.82868e-05
1.12999e+07 0.208522 0.849237 0 0.000101537
9.06527e+06 0.0133071 0.899515 0 0.000126565
4.06427e+07 0.780525 0.598212 0.0563984 2.82301e-05
2.63774e+07 0.661427 0.646764 0.0336109 4.34974e-05
3.12806e+07 0.714588 0.66899 0.123059 3.66793e-05
2.63774e+07 0.661427 0.646764 0.0336109 4.34974e-05
2.08766e+07 0.572003 0.681753 0.0227875 5.49588e-05
2.63774e+07 0.661427 0.646764 0.0336109 4.34974e-05
1.21113e+07 0.261683 0.780314 0.043873 9.47338e-05
2.63774e+07 0.661427 0.646764 0.0336109 4.34974e-05
2.63774e+07 0.661427 0.646764 0.0336109 4.34974e-05
2.63774e+07 0.661427 0.646764 0.0336109 4.34974e-05
1.12999e+07 0.208522 0.849237 0 0.000101537
2.63774e+07 0.661427 0.646764 0.0336109 4.34974e-05
2.08766e+07 0.572003 0.681753 0.0227875 5.49588e-05
4.06427e+07 0.780525 0.598212 0.0563984 2.82301e-05
3.12806e+07 0.714588 0.66899 0.123059 3.66793e-05
3.12806e+07 0.714588 0.66899 0.123059 3.66793e-05
2.63774e+07 0.661427 0.646764 0.0336109 4.34974e-05
2.08766e+07 0.572003 0.681753 0.0227875 5.49588e-05
2.08766e+07 0.572003 0.681753 0.0227875 5.49588e-05
4.06427e+07 0.780525 0.598212 0.0563984 2.82301e-05
1.12999e+07 0.208522 0.849237 0 0.000101537
2.63774e+07 0.661427 0.646764 0.0336109 4.34974e-05
3.12806e+07 0.714588 0.66899 0.123059 3.66793e-05
9.06527e+06 0.0133071 0.899515 0 0.000126565
2.63774e+07 0.661427 0.646764 0.0336109 4.34974e-05
2.63774e+07 0.661427 0.646764 0.0336109 4.34974e-05
9.23999e+06 0.0319369 0.907752 0 0.000124172
1.12999e+07 0.208522 0.849237 0 0.000101537
2.08766e+07 0.572003 0.681753 0.0227875 5.49588e-05
2.63774e+07 0.661427 0.646764 0.0336109 4.34974e-05
2.63774e+07 0.661427 0.646764 0.0336109 4.34974e-05
2.63774e+07 0.661427 0.646764 0.0336109 4.34974e-05
1.96846e+07 0.546055 0.686205 0.0300287 5.82868e-05
8.946e+06 0 1 0 0.000128253
1.17724e+07 0.240459 0.756989 0 9.74611e-05
1.12999e+07 0.208522 0.849237 0 0.000101537
2.63774e+07 0.661427 0.646764 0.0336109 4.34974e-05
2.63774e+07 0.661427 0.646764 0.0336109 4.34974e-05
2.63774e+07 0.661427 0.646764 0.0336109 4.34974e-05
1.96846e+07 0.546055 0.686205 0.0300287 5.82868e-05
2.63774e+07 0.661427 0.646764 0.0336109 4.34974e-05
9.86328e+06 0.0931496 0.895843 0 0.000116325
4.06427e+07 0.780525 0.598212 0.0563984 2.82301e-05
3.12806e+07 0.714588 0.66899 0.123059 3.66793e-05
4.06427e+07 0.780525 0.598212 0.0563984 2.82301e-05
2.63774e+07 0.661427 0.646764 0.0336109 4.34974e-05
2.11637e+07 0.577992 0.593957 0.0300287 5.42131e-05
2.08766e+07 0.572003 0.681753 0.0227875 5.49588e-05
3.12806e+07 0.714588 0.66899 0.123059 3.66793e-05
2.63774e+07 0.661427 0.646764 0.0336109 4.34974e-05
2.63774e+07 0.661427 0.646764 0.0336109 4.34974e-05
2.63774e+07 0.661427 0.646764 0.0336109 4.34974e-05
4.06427e+07 0.780525 0.598212 0.0563984 2.82301e-05
2.63774e+07 0.661427 0.646764 0.0336109 4.34974e-05
2.08766e+07 0.572003 0.681753 0.0227875 5.49588e-05
2.63774e+07 0.661427 0.646764 0.0336109 4.34974e-05
2.63774e+07 0.661427 0.646764 0.0336109 4.34974e-05
2.08766e+07 0.572003 0.681753 0.0227875 5.49588e-05
2.63774e+07 0.661427 0.646764 0.0336109 4.34974e-05
2.63774e+07 0.661427 0.646764 0.0336109 4.34974e-05
1.12999e+07 0.208522 0.849237 0 0.000101537
4.06427e+07 0.780525 0.598212 0.0563984 2.82301e-05
1.32976e+07 0.32762 0.75511 0 8.62824e-05
2.63774e+07 0.661427 0.646764 0.0336109 4.34974e-05
1.6338e+07 0.452905 0.730305 0 7.0226e-05
2.08766e+07 0.572003 0.681753 0.0227875 5.49588e-05
2.63774e+07 0.661427 0.646764 0.0336109 4.34974e-05
3.12806e+07 0.714588 0.66899 0.123059 3.66793e-05
