1.3428e+07 0.479471 0.686777 0.0560896 9.10368e-05
1.84625e+07 0.621578 0.649346 0.0263278 6.6212e-05
8.26596e+06 0.153828 0.868819 0.0297618 0.000147888
1.36206e+07 0.486796 0.713677 0 8.97496e-05
8.08433e+06 0.134782 0.883013 0 0.000151211
1.5448e+07 0.547594 0.657759 0.0464743 7.91328e-05
1.29554e+07 0.460425 0.700971 0.0263278 9.43576e-05
1.5448e+07 0.547594 0.657759 0.0464743 7.91328e-05
1.19064e+07 0.412812 0.72209 0.0201465 0.00010267
1.29554e+07 0.460425 0.700971 0.0263278 9.43576e-05
1.29554e+07 0.460425 0.700971 0.0263278 9.43576e-05
1.29554e+07 0.460425 0.700971 0.0263278 9.43576e-05
1.29554e+07 0.460425 0.700971 0.0263278 9.43576e-05
1.26661e+07 0.448176 0.636239 0.0477779 9.65124e-05
1.19064e+07 0.412812 0.72209 0.0201465 0.00010267
1.84625e+07 0.621578 0.649346 0.0263278 6.6212e-05
1.25469e+07 0.442845 0.721346 0 9.74296e-05
1.29554e+07 0.460425 0.700971 0.0263278 9.43576e-05
1.65436e+07 0.577627 0.657015 0.0263278 7.3892e-05
1.29554e+07 0.460425 0.700971 0.0263278 9.43576e-05
1.29554e+07 0.460425 0.700971 0.0263278 9.43576e-05
1.65436e+07 0.577627 0.657015 0.0263278 7.3892e-05
1.29554e+07 0.460425 0.700971 0.0263278 9.43576e-05
1.65436e+07 0.577627 0.657015 0.0263278 7.3892e-05
1.03689e+07 0.325643 0.765302 0 0.000117895
1.29554e+07 0.460425 0.700971 0.0263278 9.43576e-05
1.29554e+07 0.460425 0.700971 0.0263278 9.43576e-05
1.03689e+07 0.325643 0.765302 0 0.000117895
1.29554e+07 0.460425 0.700971 0.0263278 9.43576e-05
1.03689e+07 0.325643 0.765302 0 0.000117895
1.19154e+07 0.413137 0.787432 0 0.000102593
7.05887e+06 0.00904705 0.916202 0 0.000173178
1.5448e+07 0.547594 0.657759 0.0464743 7.91328e-05
1.52263e+07 0.541002 0.680824 0.0666207 8.02848e-05
1.29554e+07 0.460425 0.700971 0.0263278 9.43576e-05
1.65436e+07 0.577627 0.657015 0.0263278 7.3892e-05
1.19064e+07 0.412812 0.72209 0.0201465 0.00010267
1.29554e+07 0.460425 0.700971 0.0263278 9.43576e-05
8.08433e+06 0.134782 0.883013 0 0.000151211
1.29554e+07 0.460425 0.700971 0.0263278 9.43576e-05
1.65436e+07 0.577627 0.657015 0.0263278 7.3892e-05
1.29554e+07 0.460425 0.700971 0.0263278 9.43576e-05
8.08433e+06 0.134782 0.883013 0 0.000151211
1.29554e+07 0.460425 0.700971 0.0263278 9.43576e-05
1.19064e+07 0.412812 0.72209 0.0201465 0.00010267
1.5448e+07 0.547594 0.657759 0.0464743 7.91328e-05
1.29554e+07 0.460425 0.700971 0.0263278 9.43576e-05
1.29554e+07 0.460425 0.700971 0.0263278 9.43576e-05
1.84625e+07 0.621578 0.649346 0.0263278 6.6212e-05
1.48707e+07 0.530014 0.678134 0.0201465 8.22048e-05
1.48707e+07 0.530014 0.678134 0.0201465 8.22048e-05
1.5448e+07 0.547594 0.657759 0.0464743 7.91328e-05
8.08433e+06 0.134782 0.883013 0 0.000151211
1.29554e+07 0.460425 0.700971 0.0263278 9.43576e-05
1.29554e+07 0.460425 0.700971 0.0263278 9.43576e-05
7.05887e+06 0.00904705 0.916202 0 0.000173178
1.29554e+07 0.460425 0.700971 0.0263278 9.43576e-05
1.84625e+07 0.621578 0.649346 0.0263278 6.6212e-05
6.99573e+06 0 1 0 0.000174741
8.08433e+06 0.134782 0.883013 0 0.000151211
1.48707e+07 0.530014 0.678134 0.0201465 8.22048e-05
1.3428e+07 0.479471 0.686777 0.0560896 9.10368e-05
1.29554e+07 0.460425 0.700971 0.0263278 9.43576e-05
1.65436e+07 0.577627 0.657015 0.0263278 7.3892e-05
1.03689e+07 0.325643 0.765302 0 0.000117895
8.33907e+06 0.161153 0.948375 0 0.000146592
8.08433e+06 0.134782 0.883013 0 0.000151211
9.59465e+06 0.27103 0.854167 0.0444138 0.000127408
1.29554e+07 0.460425 0.700971 0.0263278 9.43576e-05
1.3428e+07 0.479471 0.686777 0.0560896 9.10368e-05
1.29554e+07 0.460425 0.700971 0.0263278 9.43576e-05
1.03689e+07 0.325643 0.765302 0 0.000117895
1.3428e+07 0.479471 0.686777 0.0560896 9.10368e-05
6.99573e+06 0 1 0 0.000174741
1.5448e+07 0.547594 0.657759 0.0464743 7.91328e-05
1.29554e+07 0.460425 0.700971 0.0263278 9.43576e-05
1.5448e+07 0.547594 0.657759 0.0464743 7.91328e-05
1.29554e+07 0.460425 0.700971 0.0263278 9.43576e-05
1.03689e+07 0.325643 0.765302 0 0.000117895
1.19064e+07 0.412812 0.72209 0.0201465 0.00010267
1.29554e+07 0.460425 0.700971 0.0263278 9.43576e-05
1.65436e+07 0.577627 0.657015 0.0263278 7.3892e-05
1.84625e+07 0.621578 0.649346 0.0263278 6.6212e-05
1.29554e+07 0.460425 0.700971 0.0263278 9.43576e-05
1.5448e+07 0.547594 0.657759 0.0464743 7.91328e-05
1.29554e+07 0.460425 0.700971 0.0263278 9.43576e-05
1.19064e+07 0.412812 0.72209 0.0201465 0.00010267
1.84625e+07 0.621578 0.649346 0.0263278 6.6212e-05
1.84625e+07 0.621578 0.649346 0.0263278 6.6212e-05
1.19064e+07 0.412812 0.72209 0.0201465 0.00010267
1.65436e+07 0.577627 0.657015 0.0263278 7.3892e-05
1.3428e+07 0.479471 0.686777 0.0560896 9.10368e-05
9.93353e+06 0.295935 0.831388 0 0.000123062
1.5448e+07 0.547594 0.657759 0.0464743 7.91328e-05
8.98863e+06 0.221951 0.799508 0 0.000135999
1.29554e+07 0.460425 0.700971 0.0263278 9.43576e-05
1.03689e+07 0.325643 0.765302 0 0.000117895
1.19064e+07 0.412812 0.72209 0.0201465 0.00010267
1.29554e+07 0.460425 0.700971 0.0263278 9.43576e-05
1.29554e+07 0.460425 0.700971 0.0263278 9.43576e-05
