3.08468e+07 0.741222 0.488488 0.105045 4.14182e-05
2.81452e+07 0.71637 0.454928 0.0365612 4.53939e-05
1.25001e+07 0.360269 0.663174 0.0422909 0.000102209
1.29179e+07 0.380952 0.699806 0 9.8903e-05
1.20338e+07 0.335418 0.682 0 0.000106169
3.04776e+07 0.930255 0.284831 0.0622304 4.192e-05
2.81452e+07 0.71637 0.454928 0.0365612 4.53939e-05
3.04776e+07 0.930255 0.284831 0.0622304 4.192e-05
1.97214e+07 0.594837 0.529709 0.0256692 6.47834e-05
2.81452e+07 0.71637 0.454928 0.0365612 4.53939e-05
3.34363e+07 0.761263 0.545294 0.176039 3.82106e-05
2.81452e+07 0.71637 0.454928 0.0365612 4.53939e-05
2.81452e+07 0.71637 0.454928 0.0365612 4.53939e-05
1.97214e+07 0.594837 0.529709 0.0256692 6.47834e-05
1.97214e+07 0.594837 0.529709 0.0256692 6.47834e-05
2.81452e+07 0.71637 0.454928 0.0365612 4.53939e-05
1.29179e+07 0.380952 0.699806 0 9.8903e-05
2.81452e+07 0.71637 0.454928 0.0365612 4.53939e-05
2.81452e+07 0.71637 0.454928 0.0365612 4.53939e-05
2.81452e+07 0.71637 0.454928 0.0365612 4.53939e-05
2.81452e+07 0.71637 0.454928 0.0365612 4.53939e-05
2.81452e+07 0.71637 0.454928 0.0365612 4.53939e-05
2.81452e+07 0.71637 0.454928 0.0365612 4.53939e-05
2.81452e+07 0.71637 0.454928 0.0365612 4.53939e-05
1.39273e+07 0.425846 0.692384 0.0905843 9.1735e-05
2.81452e+07 0.71637 0.454928 0.0365612 4.53939e-05
3.34363e+07 0.761263 0.545294 0.176039 3.82106e-05
1.29179e+07 0.380952 0.699806 0 9.8903e-05
2.81452e+07 0.71637 0.454928 0.0365612 4.53939e-05
1.29179e+07 0.380952 0.699806 0 9.8903e-05
1.20338e+07 0.335418 0.682 0 0.000106169
8.00177e+06 0 1 0 0.000159667
3.04776e+07 0.930255 0.284831 0.0622304 4.192e-05
2.81452e+07 0.71637 0.454928 0.0365612 4.53939e-05
3.34363e+07 0.761263 0.545294 0.176039 3.82106e-05
2.81452e+07 0.71637 0.454928 0.0365612 4.53939e-05
1.97214e+07 0.594837 0.529709 0.0256692 6.47834e-05
2.81452e+07 0.71637 0.454928 0.0365612 4.53939e-05
1.29025e+07 0.380311 0.591197 0.0488937 9.90208e-05
2.81452e+07 0.71637 0.454928 0.0365612 4.53939e-05
2.81452e+07 0.71637 0.454928 0.0365612 4.53939e-05
2.81452e+07 0.71637 0.454928 0.0365612 4.53939e-05
1.20338e+07 0.335418 0.682 0 0.000106169
2.81452e+07 0.71637 0.454928 0.0365612 4.53939e-05
1.97214e+07 0.594837 0.529709 0.0256692 6.47834e-05
3.04776e+07 0.930255 0.284831 0.0622304 4.192e-05
3.34363e+07 0.761263 0.545294 0.176039 3.82106e-05
3.34363e+07 0.761263 0.545294 0.176039 3.82106e-05
2.81452e+07 0.71637 0.454928 0.0365612 4.53939e-05
1.97214e+07 0.594837 0.529709 0.0256692 6.47834e-05
1.97214e+07 0.594837 0.529709 0.0256692 6.47834e-05
3.04776e+07 0.930255 0.284831 0.0622304 4.192e-05
1.20338e+07 0.335418 0.682 0 0.000106169
2.81452e+07 0.71637 0.454928 0.0365612 4.53939e-05
3.34363e+07 0.761263 0.545294 0.176039 3.82106e-05
8.00177e+06 0 1 0 0.000159667
2.81452e+07 0.71637 0.454928 0.0365612 4.53939e-05
2.81452e+07 0.71637 0.454928 0.0365612 4.53939e-05
8.00177e+06 0 1 0 0.000159667
1.20338e+07 0.335418 0.682 0 0.000106169
1.97214e+07 0.594837 0.529709 0.0256692 6.47834e-05
3.08468e+07 0.741222 0.488488 0.105045 4.14182e-05
2.81452e+07 0.71637 0.454928 0.0365612 4.53939e-05
2.81452e+07 0.71637 0.454928 0.0365612 4.53939e-05
1.29179e+07 0.380952 0.699806 0 9.8903e-05
8.00177e+06 0 1 0 0.000159667
1.20338e+07 0.335418 0.682 0 0.000106169
1.25001e+07 0.360269 0.663174 0.0422909 0.000102209
2.81452e+07 0.71637 0.454928 0.0365612 4.53939e-05
3.08468e+07 0.741222 0.488488 0.105045 4.14182e-05
2.81452e+07 0.71637 0.454928 0.0365612 4.53939e-05
1.29179e+07 0.380952 0.699806 0 9.8903e-05
3.08468e+07 0.741222 0.488488 0.105045 4.14182e-05
8.00177e+06 0 1 0 0.000159667
3.04776e+07 0.930255 0.284831 0.0622304 4.192e-05
3.34363e+07 0.761263 0.545294 0.176039 3.82106e-05
3.04776e+07 0.930255 0.284831 0.0622304 4.192e-05
2.81452e+07 0.71637 0.454928 0.0365612 4.53939e-05
1.29179e+07 0.380952 0.699806 0 9.8903e-05
1.97214e+07 0.594837 0.529709 0.0256692 6.47834e-05
3.34363e+07 0.761263 0.545294 0.176039 3.82106e-05
2.81452e+07 0.71637 0.454928 0.0365612 4.53939e-05
2.81452e+07 0.71637 0.454928 0.0365612 4.53939e-05
2.81452e+07 0.71637 0.454928 0.0365612 4.53939e-05
3.04776e+07 0.930255 0.284831 0.0622304 4.192e-05
2.81452e+07 0.71637 0.454928 0.0365612 4.53939e-05
1.97214e+07 0.594837 0.529709 0.0256692 6.47834e-05
2.81452e+07 0.71637 0.454928 0.0365612 4.53939e-05
2.81452e+07 0.71637 0.454928 0.0365612 4.53939e-05
1.97214e+07 0.594837 0.529709 0.0256692 6.47834e-05
2.81452e+07 0.71637 0.454928 0.0365612 4.53939e-05
3.08468e+07 0.741222 0.488488 0.105045 4.14182e-05
1.20338e+07 0.335418 0.682 0 0.000106169
3.04776e+07 0.930255 0.284831 0.0622304 4.192e-05
1.77294e+07 0.549303 0.460565 0 7.20624e-05
2.81452e+07 0.71637 0.454928 0.0365612 4.53939e-05
1.29179e+07 0.380952 0.699806 0 9.8903e-05
1.97214e+07 0.594837 0.529709 0.0256692 6.47834e-05
2.81452e+07 0.71637 0.454928 0.0365612 4.53939e-05
3.34363e+07 0.761263 0.545294 0.176039 3.82106e-05
