1.18305e+07 0.368746 0.785728 0.0303783 8.43594e-05
1.18305e+07 0.368746 0.785728 0.0303783 8.43594e-05
9.20936e+06 0.18917 0.626376 0 0.000108369
9.39221e+06 0.204688 0.86051 0 0.000106259
1.35228e+07 0.447708 0.816879 0.0759741 7.38019e-05
1.8484e+07 0.596289 0.627576 0.0546355 5.39932e-05
1.18305e+07 0.368746 0.785728 0.0303783 8.43594e-05
1.8484e+07 0.596289 0.627576 0.0546355 5.39932e-05
1.31502e+07 0.432232 0.702357 0.0242572 7.58931e-05
1.18305e+07 0.368746 0.785728 0.0303783 8.43594e-05
1.29274e+07 0.422457 0.701874 0.0788927 7.72014e-05
1.18305e+07 0.368746 0.785728 0.0303783 8.43594e-05
1.18305e+07 0.368746 0.785728 0.0303783 8.43594e-05
1.31502e+07 0.432232 0.702357 0.0242572 7.58931e-05
1.31502e+07 0.432232 0.702357 0.0242572 7.58931e-05
1.18305e+07 0.368746 0.785728 0.0303783 8.43594e-05
9.39221e+06 0.204688 0.86051 0 0.000106259
1.18305e+07 0.368746 0.785728 0.0303783 8.43594e-05
1.18305e+07 0.368746 0.785728 0.0303783 8.43594e-05
1.18305e+07 0.368746 0.785728 0.0303783 8.43594e-05
1.18305e+07 0.368746 0.785728 0.0303783 8.43594e-05
1.18305e+07 0.368746 0.785728 0.0303783 8.43594e-05
1.18305e+07 0.368746 0.785728 0.0303783 8.43594e-05
1.18305e+07 0.368746 0.785728 0.0303783 8.43594e-05
1.00707e+07 0.2584 0.776656 0.0485144 9.91006e-05
1.18305e+07 0.368746 0.785728 0.0303783 8.43594e-05
1.29274e+07 0.422457 0.701874 0.0788927 7.72014e-05
9.39221e+06 0.204688 0.86051 0 0.000106259
1.37292e+07 0.456141 0.738145 0.0627439 7.26926e-05
9.39221e+06 0.204688 0.86051 0 0.000106259
8.93636e+06 0.164057 0.864462 0 0.00011168
7.47166e+06 0 1 0 0.000133573
1.8484e+07 0.596289 0.627576 0.0546355 5.39932e-05
1.18305e+07 0.368746 0.785728 0.0303783 8.43594e-05
1.29274e+07 0.422457 0.701874 0.0788927 7.72014e-05
1.18305e+07 0.368746 0.785728 0.0303783 8.43594e-05
1.31502e+07 0.432232 0.702357 0.0242572 7.58931e-05
1.18305e+07 0.368746 0.785728 0.0303783 8.43594e-05
9.54648e+06 0.217769 0.683579 0 0.000104542
1.18305e+07 0.368746 0.785728 0.0303783 8.43594e-05
1.18305e+07 0.368746 0.785728 0.0303783 8.43594e-05
1.18305e+07 0.368746 0.785728 0.0303783 8.43594e-05
8.93636e+06 0.164057 0.864462 0 0.00011168
1.18305e+07 0.368746 0.785728 0.0303783 8.43594e-05
1.31502e+07 0.432232 0.702357 0.0242572 7.58931e-05
1.8484e+07 0.596289 0.627576 0.0546355 5.39932e-05
1.29274e+07 0.422457 0.701874 0.0788927 7.72014e-05
1.29274e+07 0.422457 0.701874 0.0788927 7.72014e-05
1.18305e+07 0.368746 0.785728 0.0303783 8.43594e-05
1.31502e+07 0.432232 0.702357 0.0242572 7.58931e-05
1.31502e+07 0.432232 0.702357 0.0242572 7.58931e-05
1.8484e+07 0.596289 0.627576 0.0546355 5.39932e-05
1.16751e+07 0.360313 0.777245 0 8.54817e-05
1.18305e+07 0.368746 0.785728 0.0303783 8.43594e-05
1.29274e+07 0.422457 0.701874 0.0788927 7.72014e-05
7.47166e+06 0 1 0 0.000133573
1.18305e+07 0.368746 0.785728 0.0303783 8.43594e-05
1.18305e+07 0.368746 0.785728 0.0303783 8.43594e-05
7.47166e+06 0 1 0 0.000133573
8.93636e+06 0.164057 0.864462 0 0.00011168
1.31502e+07 0.432232 0.702357 0.0242572 7.58931e-05
1.18305e+07 0.368746 0.785728 0.0303783 8.43594e-05
1.18305e+07 0.368746 0.785728 0.0303783 8.43594e-05
1.18305e+07 0.368746 0.785728 0.0303783 8.43594e-05
9.39221e+06 0.204688 0.86051 0 0.000106259
7.47166e+06 0 1 0 0.000133573
8.93636e+06 0.164057 0.864462 0 0.00011168
8.93636e+06 0.164057 0.864462 0 0.00011168
1.71601e+07 0.565001 0.698511 0.0303783 5.81587e-05
1.18305e+07 0.368746 0.785728 0.0303783 8.43594e-05
1.18305e+07 0.368746 0.785728 0.0303783 8.43594e-05
9.39221e+06 0.204688 0.86051 0 0.000106259
1.18305e+07 0.368746 0.785728 0.0303783 8.43594e-05
7.47166e+06 0 1 0 0.000133573
1.8484e+07 0.596289 0.627576 0.0546355 5.39932e-05
1.29274e+07 0.422457 0.701874 0.0788927 7.72014e-05
1.8484e+07 0.596289 0.627576 0.0546355 5.39932e-05
1.37292e+07 0.456141 0.738145 0.0627439 7.26926e-05
9.39221e+06 0.204688 0.86051 0 0.000106259
1.31502e+07 0.432232 0.702357 0.0242572 7.58931e-05
1.29274e+07 0.422457 0.701874 0.0788927 7.72014e-05
1.18305e+07 0.368746 0.785728 0.0303783 8.43594e-05
1.18305e+07 0.368746 0.785728 0.0303783 8.43594e-05
1.18305e+07 0.368746 0.785728 0.0303783 8.43594e-05
1.8484e+07 0.596289 0.627576 0.0546355 5.39932e-05
1.18305e+07 0.368746 0.785728 0.0303783 8.43594e-05
1.31502e+07 0.432232 0.702357 0.0242572 7.58931e-05
1.18305e+07 0.368746 0.785728 0.0303783 8.43594e-05
1.18305e+07 0.368746 0.785728 0.0303783 8.43594e-05
2.00838e+07 0.628487 0.615141 0.0242572 4.96924e-05
1.18305e+07 0.368746 0.785728 0.0303783 8.43594e-05
1.18305e+07 0.368746 0.785728 0.0303783 8.43594e-05
9.23039e+06 0.190913 0.762618 0 0.000108122
1.8484e+07 0.596289 0.627576 0.0546355 5.39932e-05
1.22718e+07 0.391601 0.657795 0 8.13256e-05
1.18305e+07 0.368746 0.785728 0.0303783 8.43594e-05
9.39221e+06 0.204688 0.86051 0 0.000106259
1.38007e+07 0.459087 0.651436 0.0497182 7.23158e-05
1.18305e+07 0.368746 0.785728 0.0303783 8.43594e-05
1.29274e+07 0.422457 0.701874 0.0788927 7.72014e-05
