2.40833e+07 0.698091 0.673777 0.10336 4.86147e-05
2.23144e+07 0.674164 0.649936 0.052313 5.24684e-05
1.11474e+07 0.347115 0.669321 0.0319351 0.000105029
1.58064e+07 0.539602 0.77776 0.0382243 7.40712e-05
1.06051e+07 0.313554 0.76755 0 0.0001104
2.23144e+07 0.674164 0.649936 0.052313 5.24684e-05
4.43498e+07 0.853156 0.649936 0.0905373 2.63992e-05
2.23144e+07 0.674164 0.649936 0.052313 5.24684e-05
1.58064e+07 0.539602 0.77776 0.0382243 7.40712e-05
4.43498e+07 0.853156 0.649936 0.0905373 2.63992e-05
2.94657e+07 0.753558 0.54833 0.122113 3.97344e-05
4.43498e+07 0.853156 0.649936 0.0905373 2.63992e-05
4.43498e+07 0.853156 0.649936 0.0905373 2.63992e-05
1.13841e+07 0.360611 0.77776 0 0.000102846
1.58064e+07 0.539602 0.77776 0.0382243 7.40712e-05
2.23144e+07 0.674164 0.649936 0.052313 5.24684e-05
1.58064e+07 0.539602 0.77776 0.0382243 7.40712e-05
4.43498e+07 0.853156 0.649936 0.0905373 2.63992e-05
2.23144e+07 0.674164 0.649936 0.052313 5.24684e-05
4.43498e+07 0.853156 0.649936 0.0905373 2.63992e-05
4.43498e+07 0.853156 0.649936 0.0905373 2.63992e-05
2.23144e+07 0.674164 0.649936 0.052313 5.24684e-05
4.43498e+07 0.853156 0.649936 0.0905373 2.63992e-05
2.23144e+07 0.674164 0.649936 0.052313 5.24684e-05
1.90834e+07 0.618996 0.614125 0.0770098 6.13518e-05
4.43498e+07 0.853156 0.649936 0.0905373 2.63992e-05
2.94657e+07 0.753558 0.54833 0.122113 3.97344e-05
1.58064e+07 0.539602 0.77776 0.0382243 7.40712e-05
2.23144e+07 0.674164 0.649936 0.052313 5.24684e-05
1.58064e+07 0.539602 0.77776 0.0382243 7.40712e-05
1.06051e+07 0.313554 0.76755 0 0.0001104
9.2501e+06 0.212881 0.860147 0.0740596 0.000126572
2.23144e+07 0.674164 0.649936 0.052313 5.24684e-05
2.23144e+07 0.674164 0.649936 0.052313 5.24684e-05
2.94657e+07 0.753558 0.54833 0.122113 3.97344e-05
2.23144e+07 0.674164 0.649936 0.052313 5.24684e-05
1.58064e+07 0.539602 0.77776 0.0382243 7.40712e-05
4.43498e+07 0.853156 0.649936 0.0905373 2.63992e-05
1.19847e+07 0.392947 0.588373 0.0310148 9.7691e-05
4.43498e+07 0.853156 0.649936 0.0905373 2.63992e-05
2.23144e+07 0.674164 0.649936 0.052313 5.24684e-05
4.43498e+07 0.853156 0.649936 0.0905373 2.63992e-05
1.43393e+07 0.492545 0.691101 0 8.16495e-05
4.43498e+07 0.853156 0.649936 0.0905373 2.63992e-05
1.58064e+07 0.539602 0.77776 0.0382243 7.40712e-05
2.23144e+07 0.674164 0.649936 0.052313 5.24684e-05
2.94657e+07 0.753558 0.54833 0.122113 3.97344e-05
2.94657e+07 0.753558 0.54833 0.122113 3.97344e-05
2.23144e+07 0.674164 0.649936 0.052313 5.24684e-05
1.13841e+07 0.360611 0.77776 0 0.000102846
1.13841e+07 0.360611 0.77776 0 0.000102846
2.23144e+07 0.674164 0.649936 0.052313 5.24684e-05
1.43393e+07 0.492545 0.691101 0 8.16495e-05
4.43498e+07 0.853156 0.649936 0.0905373 2.63992e-05
2.94657e+07 0.753558 0.54833 0.122113 3.97344e-05
9.2501e+06 0.212881 0.860147 0.0740596 0.000126572
4.43498e+07 0.853156 0.649936 0.0905373 2.63992e-05
2.23144e+07 0.674164 0.649936 0.052313 5.24684e-05
8.86981e+06 0.178992 0.923551 0 0.000131998
1.06051e+07 0.313554 0.76755 0 0.0001104
1.13841e+07 0.360611 0.77776 0 0.000102846
2.40833e+07 0.698091 0.673777 0.10336 4.86147e-05
4.43498e+07 0.853156 0.649936 0.0905373 2.63992e-05
2.23144e+07 0.674164 0.649936 0.052313 5.24684e-05
1.58064e+07 0.539602 0.77776 0.0382243 7.40712e-05
8.86981e+06 0.178992 0.923551 0 0.000131998
1.06051e+07 0.313554 0.76755 0 0.0001104
1.09873e+07 0.33748 0.753167 0.0319351 0.00010656
2.23144e+07 0.674164 0.649936 0.052313 5.24684e-05
2.40833e+07 0.698091 0.673777 0.10336 4.86147e-05
4.43498e+07 0.853156 0.649936 0.0905373 2.63992e-05
1.58064e+07 0.539602 0.77776 0.0382243 7.40712e-05
2.40833e+07 0.698091 0.673777 0.10336 4.86147e-05
8.93064e+06 0.184585 0.92594 0.0382243 0.000131099
2.23144e+07 0.674164 0.649936 0.052313 5.24684e-05
2.94657e+07 0.753558 0.54833 0.122113 3.97344e-05
2.23144e+07 0.674164 0.649936 0.052313 5.24684e-05
2.23144e+07 0.674164 0.649936 0.052313 5.24684e-05
1.13841e+07 0.360611 0.77776 0 0.000102846
1.58064e+07 0.539602 0.77776 0.0382243 7.40712e-05
2.94657e+07 0.753558 0.54833 0.122113 3.97344e-05
2.23144e+07 0.674164 0.649936 0.052313 5.24684e-05
2.23144e+07 0.674164 0.649936 0.052313 5.24684e-05
4.43498e+07 0.853156 0.649936 0.0905373 2.63992e-05
2.23144e+07 0.674164 0.649936 0.052313 5.24684e-05
4.43498e+07 0.853156 0.649936 0.0905373 2.63992e-05
1.58064e+07 0.539602 0.77776 0.0382243 7.40712e-05
2.23144e+07 0.674164 0.649936 0.052313 5.24684e-05
2.23144e+07 0.674164 0.649936 0.052313 5.24684e-05
1.13841e+07 0.360611 0.77776 0 0.000102846
2.23144e+07 0.674164 0.649936 0.052313 5.24684e-05
2.40833e+07 0.698091 0.673777 0.10336 4.86147e-05
1.06051e+07 0.313554 0.76755 0 0.0001104
2.23144e+07 0.674164 0.649936 0.052313 5.24684e-05
1.43393e+07 0.492545 0.691101 0 8.16495e-05
4.43498e+07 0.853156 0.649936 0.0905373 2.63992e-05
1.58064e+07 0.539602 0.77776 0.0382243 7.40712e-05
1.13841e+07 0.360611 0.77776 0 0.000102846
4.43498e+07 0.853156 0.649936 0.0905373 2.63992e-05
2.94657e+07 0.753558 0.54833 0.122113 3.97344e-05
