1.28317e+07 0.612674 0.545171 0.141956 9.43949e-05
1.67645e+07 0.703655 0.546594 0.0848486 7.22509e-05
7.83814e+06 0.365501 0.618436 0.0680821 0.000154533
9.83566e+06 0.494347 0.728993 0.0373943 0.000123149
7.42668e+06 0.330266 0.647904 0 0.000163094
1.38545e+07 0.641336 0.497437 0.0730612 8.74266e-05
1.64727e+07 0.698396 0.535619 0.0917584 7.35309e-05
1.38545e+07 0.641336 0.497437 0.0730612 8.74266e-05
8.75756e+06 0.432027 0.740805 0.0560915 0.000138309
1.64727e+07 0.698396 0.535619 0.0917584 7.35309e-05
1.1763e+07 0.577439 0.535619 0.054364 0.000102971
1.64727e+07 0.698396 0.535619 0.0917584 7.35309e-05
1.64727e+07 0.698396 0.535619 0.0917584 7.35309e-05
7.2206e+06 0.31107 0.740805 0.0186972 0.000167749
8.75756e+06 0.432027 0.740805 0.0560915 0.000138309
1.67645e+07 0.703655 0.546594 0.0848486 7.22509e-05
7.87275e+06 0.36813 0.778987 0.0373943 0.000153853
1.64727e+07 0.698396 0.535619 0.0917584 7.35309e-05
1.1763e+07 0.577439 0.535619 0.054364 0.000102971
1.64727e+07 0.698396 0.535619 0.0917584 7.35309e-05
1.64727e+07 0.698396 0.535619 0.0917584 7.35309e-05
1.1763e+07 0.577439 0.535619 0.054364 0.000102971
1.64727e+07 0.698396 0.535619 0.0917584 7.35309e-05
1.1763e+07 0.577439 0.535619 0.054364 0.000102971
7.87275e+06 0.36813 0.778987 0.0373943 0.000153853
1.64727e+07 0.698396 0.535619 0.0917584 7.35309e-05
1.1763e+07 0.577439 0.535619 0.054364 0.000102971
7.87275e+06 0.36813 0.778987 0.0373943 0.000153853
1.1763e+07 0.577439 0.535619 0.054364 0.000102971
7.87275e+06 0.36813 0.778987 0.0373943 0.000153853
9.15018e+06 0.456482 0.658878 0.0304845 0.000132374
5.74613e+06 0.134105 0.817499 0.0365814 0.000210794
1.38545e+07 0.641336 0.497437 0.0730612 8.74266e-05
1.38241e+07 0.640547 0.516109 0.0933842 8.76186e-05
1.1763e+07 0.577439 0.535619 0.054364 0.000102971
1.1763e+07 0.577439 0.535619 0.054364 0.000102971
8.75756e+06 0.432027 0.740805 0.0560915 0.000138309
1.64727e+07 0.698396 0.535619 0.0917584 7.35309e-05
7.42668e+06 0.330266 0.647904 0 0.000163094
1.64727e+07 0.698396 0.535619 0.0917584 7.35309e-05
1.1763e+07 0.577439 0.535619 0.054364 0.000102971
1.64727e+07 0.698396 0.535619 0.0917584 7.35309e-05
9.06142e+06 0.451223 0.573115 0 0.000133671
1.64727e+07 0.698396 0.535619 0.0917584 7.35309e-05
8.75756e+06 0.432027 0.740805 0.0560915 0.000138309
1.38545e+07 0.641336 0.497437 0.0730612 8.74266e-05
1.1763e+07 0.577439 0.535619 0.054364 0.000102971
1.1763e+07 0.577439 0.535619 0.054364 0.000102971
1.67645e+07 0.703655 0.546594 0.0848486 7.22509e-05
7.2206e+06 0.31107 0.740805 0.0186972 0.000167749
7.2206e+06 0.31107 0.740805 0.0186972 0.000167749
1.38545e+07 0.641336 0.497437 0.0730612 8.74266e-05
9.06142e+06 0.451223 0.573115 0 0.000133671
1.64727e+07 0.698396 0.535619 0.0917584 7.35309e-05
1.1763e+07 0.577439 0.535619 0.054364 0.000102971
5.74613e+06 0.134105 0.817499 0.0365814 0.000210794
1.64727e+07 0.698396 0.535619 0.0917584 7.35309e-05
1.67645e+07 0.703655 0.546594 0.0848486 7.22509e-05
5.66093e+06 0.120957 0.925211 0 0.000213967
7.42668e+06 0.330266 0.647904 0 0.000163094
7.2206e+06 0.31107 0.740805 0.0186972 0.000167749
1.28317e+07 0.612674 0.545171 0.141956 9.43949e-05
1.64727e+07 0.698396 0.535619 0.0917584 7.35309e-05
1.1763e+07 0.577439 0.535619 0.054364 0.000102971
7.87275e+06 0.36813 0.778987 0.0373943 0.000153853
6.60941e+06 0.247173 0.875217 0 0.000183261
7.42668e+06 0.330266 0.647904 0 0.000163094
7.83814e+06 0.365501 0.618436 0.0680821 0.000154533
1.1763e+07 0.577439 0.535619 0.054364 0.000102971
1.28317e+07 0.612674 0.545171 0.141956 9.43949e-05
1.64727e+07 0.698396 0.535619 0.0917584 7.35309e-05
7.87275e+06 0.36813 0.778987 0.0373943 0.000153853
1.28317e+07 0.612674 0.545171 0.141956 9.43949e-05
5.68601e+06 0.124901 0.84961 0 0.000213023
1.38545e+07 0.641336 0.497437 0.0730612 8.74266e-05
1.1763e+07 0.577439 0.535619 0.054364 0.000102971
1.38545e+07 0.641336 0.497437 0.0730612 8.74266e-05
1.1763e+07 0.577439 0.535619 0.054364 0.000102971
6.60826e+06 0.247173 0.778987 0 0.000183293
8.75756e+06 0.432027 0.740805 0.0560915 0.000138309
1.1763e+07 0.577439 0.535619 0.054364 0.000102971
1.1763e+07 0.577439 0.535619 0.054364 0.000102971
1.67645e+07 0.703655 0.546594 0.0848486 7.22509e-05
1.64727e+07 0.698396 0.535619 0.0917584 7.35309e-05
1.38545e+07 0.641336 0.497437 0.0730612 8.74266e-05
1.64727e+07 0.698396 0.535619 0.0917584 7.35309e-05
8.75756e+06 0.432027 0.740805 0.0560915 0.000138309
1.67645e+07 0.703655 0.546594 0.0848486 7.22509e-05
1.67645e+07 0.703655 0.546594 0.0848486 7.22509e-05
7.2206e+06 0.31107 0.740805 0.0186972 0.000167749
1.1763e+07 0.577439 0.535619 0.054364 0.000102971
1.28317e+07 0.612674 0.545171 0.141956 9.43949e-05
9.15018e+06 0.456482 0.658878 0.0304845 0.000132374
1.38545e+07 0.641336 0.497437 0.0730612 8.74266e-05
1.02526e+07 0.51512 0.497539 0 0.000118141
1.64727e+07 0.698396 0.535619 0.0917584 7.35309e-05
7.87275e+06 0.36813 0.778987 0.0373943 0.000153853
7.2206e+06 0.31107 0.740805 0.0186972 0.000167749
1.64727e+07 0.698396 0.535619 0.0917584 7.35309e-05
1.1763e+07 0.577439 0.535619 0.054364 0.000102971
