2.78441e+07 0.644327 0.73084 0.100391 4.66156e-05
2.41476e+07 0.589798 0.721098 0.0239647 5.37516e-05
1.77423e+07 0.441486 0.719577 0.0840065 7.31566e-05
1.26344e+07 0.215183 0.894347 0 0.000102733
1.58504e+07 0.374614 0.778822 0 8.1889e-05
2.41476e+07 0.589798 0.721098 0.0239647 5.37516e-05
2.41476e+07 0.589798 0.721098 0.0239647 5.37516e-05
2.41476e+07 0.589798 0.721098 0.0239647 5.37516e-05
1.26344e+07 0.215183 0.894347 0 0.000102733
2.41476e+07 0.589798 0.721098 0.0239647 5.37516e-05
2.41476e+07 0.589798 0.721098 0.0239647 5.37516e-05
2.41476e+07 0.589798 0.721098 0.0239647 5.37516e-05
2.41476e+07 0.589798 0.721098 0.0239647 5.37516e-05
1.26344e+07 0.215183 0.894347 0 0.000102733
1.26344e+07 0.215183 0.894347 0 0.000102733
2.41476e+07 0.589798 0.721098 0.0239647 5.37516e-05
1.57774e+07 0.37168 0.854337 0 8.22674e-05
2.41476e+07 0.589798 0.721098 0.0239647 5.37516e-05
3.89948e+07 0.746295 0.681088 0.0239647 3.32857e-05
2.41476e+07 0.589798 0.721098 0.0239647 5.37516e-05
2.41476e+07 0.589798 0.721098 0.0239647 5.37516e-05
3.89948e+07 0.746295 0.681088 0.0239647 3.32857e-05
2.41476e+07 0.589798 0.721098 0.0239647 5.37516e-05
3.89948e+07 0.746295 0.681088 0.0239647 3.32857e-05
1.26344e+07 0.215183 0.894347 0 0.000102733
2.41476e+07 0.589798 0.721098 0.0239647 5.37516e-05
2.41476e+07 0.589798 0.721098 0.0239647 5.37516e-05
1.26344e+07 0.215183 0.894347 0 0.000102733
2.41476e+07 0.589798 0.721098 0.0239647 5.37516e-05
1.26344e+07 0.215183 0.894347 0 0.000102733
2.11324e+07 0.531111 0.738811 0 6.14209e-05
1.07669e+07 0.0792418 0.807592 0.0343841 0.000120552
2.41476e+07 0.589798 0.721098 0.0239647 5.37516e-05
3.27121e+07 0.697389 0.70276 0.060641 3.96786e-05
2.41476e+07 0.589798 0.721098 0.0239647 5.37516e-05
3.89948e+07 0.746295 0.681088 0.0239647 3.32857e-05
1.26344e+07 0.215183 0.894347 0 0.000102733
2.41476e+07 0.589798 0.721098 0.0239647 5.37516e-05
1.58504e+07 0.374614 0.778822 0 8.1889e-05
2.41476e+07 0.589798 0.721098 0.0239647 5.37516e-05
3.89948e+07 0.746295 0.681088 0.0239647 3.32857e-05
2.41476e+07 0.589798 0.721098 0.0239647 5.37516e-05
1.58504e+07 0.374614 0.778822 0 8.1889e-05
2.41476e+07 0.589798 0.721098 0.0239647 5.37516e-05
1.26344e+07 0.215183 0.894347 0 0.000102733
2.41476e+07 0.589798 0.721098 0.0239647 5.37516e-05
2.41476e+07 0.589798 0.721098 0.0239647 5.37516e-05
2.41476e+07 0.589798 0.721098 0.0239647 5.37516e-05
2.41476e+07 0.589798 0.721098 0.0239647 5.37516e-05
1.57774e+07 0.37168 0.854337 0 8.22674e-05
1.57774e+07 0.37168 0.854337 0 8.22674e-05
2.41476e+07 0.589798 0.721098 0.0239647 5.37516e-05
1.58504e+07 0.374614 0.778822 0 8.1889e-05
2.41476e+07 0.589798 0.721098 0.0239647 5.37516e-05
2.41476e+07 0.589798 0.721098 0.0239647 5.37516e-05
1.07669e+07 0.0792418 0.807592 0.0343841 0.000120552
2.41476e+07 0.589798 0.721098 0.0239647 5.37516e-05
2.41476e+07 0.589798 0.721098 0.0239647 5.37516e-05
9.91837e+06 0 1 0 0.000130865
1.58504e+07 0.374614 0.778822 0 8.1889e-05
1.57774e+07 0.37168 0.854337 0 8.22674e-05
2.78441e+07 0.644327 0.73084 0.100391 4.66156e-05
2.41476e+07 0.589798 0.721098 0.0239647 5.37516e-05
3.89948e+07 0.746295 0.681088 0.0239647 3.32857e-05
1.26344e+07 0.215183 0.894347 0 0.000102733
9.91837e+06 0 1 0 0.000130865
1.58504e+07 0.374614 0.778822 0 8.1889e-05
2.39103e+07 0.585641 0.738551 0.0714251 5.42849e-05
2.41476e+07 0.589798 0.721098 0.0239647 5.37516e-05
2.78441e+07 0.644327 0.73084 0.100391 4.66156e-05
2.41476e+07 0.589798 0.721098 0.0239647 5.37516e-05
1.26344e+07 0.215183 0.894347 0 0.000102733
2.78441e+07 0.644327 0.73084 0.100391 4.66156e-05
9.98444e+06 0.00672448 0.92894 0 0.000129999
2.41476e+07 0.589798 0.721098 0.0239647 5.37516e-05
2.41476e+07 0.589798 0.721098 0.0239647 5.37516e-05
2.41476e+07 0.589798 0.721098 0.0239647 5.37516e-05
2.41476e+07 0.589798 0.721098 0.0239647 5.37516e-05
1.26344e+07 0.215183 0.894347 0 0.000102733
1.26344e+07 0.215183 0.894347 0 0.000102733
2.41476e+07 0.589798 0.721098 0.0239647 5.37516e-05
3.89948e+07 0.746295 0.681088 0.0239647 3.32857e-05
2.41476e+07 0.589798 0.721098 0.0239647 5.37516e-05
2.41476e+07 0.589798 0.721098 0.0239647 5.37516e-05
2.41476e+07 0.589798 0.721098 0.0239647 5.37516e-05
2.41476e+07 0.589798 0.721098 0.0239647 5.37516e-05
1.26344e+07 0.215183 0.894347 0 0.000102733
2.41476e+07 0.589798 0.721098 0.0239647 5.37516e-05
2.41476e+07 0.589798 0.721098 0.0239647 5.37516e-05
1.26344e+07 0.215183 0.894347 0 0.000102733
3.89948e+07 0.746295 0.681088 0.0239647 3.32857e-05
2.78441e+07 0.644327 0.73084 0.100391 4.66156e-05
1.58504e+07 0.374614 0.778822 0 8.1889e-05
2.41476e+07 0.589798 0.721098 0.0239647 5.37516e-05
1.58504e+07 0.374614 0.778822 0 8.1889e-05
2.41476e+07 0.589798 0.721098 0.0239647 5.37516e-05
1.26344e+07 0.215183 0.894347 0 0.000102733
1.26344e+07 0.215183 0.894347 0 0.000102733
2.41476e+07 0.589798 0.721098 0.0239647 5.37516e-05
2.41476e+07 0.589798 0.721098 0.0239647 5.37516e-05
