1.17761e+07 0.273654 0.864797 0 8.38917e-05
1.17761e+07 0.273654 0.864797 0 8.38917e-05
8.55674e+06 0 1 0 0.000115455
1.88905e+07 0.547309 0.864797 0.0466146 5.2297e-05
8.55674e+06 0 1 0 0.000115455
1.45691e+07 0.413022 0.820794 0.0233074 6.78089e-05
1.88905e+07 0.547309 0.864797 0.0466146 5.2297e-05
1.45691e+07 0.413022 0.820794 0.0233074 6.78089e-05
2.72798e+07 0.686676 0.820794 0.069922 3.62142e-05
1.88905e+07 0.547309 0.864797 0.0466146 5.2297e-05
1.17761e+07 0.273654 0.864797 0 8.38917e-05
1.88905e+07 0.547309 0.864797 0.0466146 5.2297e-05
1.88905e+07 0.547309 0.864797 0.0466146 5.2297e-05
1.6057e+07 0.467785 0.672384 0.0233074 6.15257e-05
2.72798e+07 0.686676 0.820794 0.069922 3.62142e-05
1.17761e+07 0.273654 0.864797 0 8.38917e-05
1.88905e+07 0.547309 0.864797 0.0466146 5.2297e-05
1.88905e+07 0.547309 0.864797 0.0466146 5.2297e-05
1.17761e+07 0.273654 0.864797 0 8.38917e-05
1.88905e+07 0.547309 0.864797 0.0466146 5.2297e-05
1.88905e+07 0.547309 0.864797 0.0466146 5.2297e-05
1.17761e+07 0.273654 0.864797 0 8.38917e-05
1.88905e+07 0.547309 0.864797 0.0466146 5.2297e-05
1.17761e+07 0.273654 0.864797 0 8.38917e-05
1.88905e+07 0.547309 0.864797 0.0466146 5.2297e-05
1.88905e+07 0.547309 0.864797 0.0466146 5.2297e-05
1.17761e+07 0.273654 0.864797 0 8.38917e-05
1.88905e+07 0.547309 0.864797 0.0466146 5.2297e-05
1.17761e+07 0.273654 0.864797 0 8.38917e-05
2.66271e+07 0.679054 0.813817 0.0816798 3.7102e-05
8.55674e+06 0 1 0 0.000115455
1.38565e+07 0.383048 0.746476 0.0903159 7.12963e-05
1.45691e+07 0.413022 0.820794 0.0233074 6.78089e-05
1.17761e+07 0.273654 0.864797 0 8.38917e-05
1.17761e+07 0.273654 0.864797 0 8.38917e-05
1.17761e+07 0.273654 0.864797 0 8.38917e-05
2.72798e+07 0.686676 0.820794 0.069922 3.62142e-05
1.88905e+07 0.547309 0.864797 0.0466146 5.2297e-05
8.55674e+06 0 1 0 0.000115455
1.88905e+07 0.547309 0.864797 0.0466146 5.2297e-05
1.17761e+07 0.273654 0.864797 0 8.38917e-05
1.88905e+07 0.547309 0.864797 0.0466146 5.2297e-05
1.17783e+07 0.273654 0.906771 0 8.38759e-05
1.88905e+07 0.547309 0.864797 0.0466146 5.2297e-05
2.72798e+07 0.686676 0.820794 0.069922 3.62142e-05
1.45691e+07 0.413022 0.820794 0.0233074 6.78089e-05
1.17761e+07 0.273654 0.864797 0 8.38917e-05
1.17761e+07 0.273654 0.864797 0 8.38917e-05
1.17761e+07 0.273654 0.864797 0 8.38917e-05
1.45691e+07 0.413022 0.820794 0.0233074 6.78089e-05
1.45691e+07 0.413022 0.820794 0.0233074 6.78089e-05
1.45691e+07 0.413022 0.820794 0.0233074 6.78089e-05
1.17783e+07 0.273654 0.906771 0 8.38759e-05
1.88905e+07 0.547309 0.864797 0.0466146 5.2297e-05
1.17761e+07 0.273654 0.864797 0 8.38917e-05
1.38565e+07 0.383048 0.746476 0.0903159 7.12963e-05
1.88905e+07 0.547309 0.864797 0.0466146 5.2297e-05
1.17761e+07 0.273654 0.864797 0 8.38917e-05
1.17783e+07 0.273654 0.906771 0 8.38759e-05
8.55674e+06 0 1 0 0.000115455
1.45691e+07 0.413022 0.820794 0.0233074 6.78089e-05
1.17761e+07 0.273654 0.864797 0 8.38917e-05
1.88905e+07 0.547309 0.864797 0.0466146 5.2297e-05
1.17761e+07 0.273654 0.864797 0 8.38917e-05
2.66271e+07 0.679054 0.813817 0.0816798 3.7102e-05
1.17783e+07 0.273654 0.906771 0 8.38759e-05
8.55674e+06 0 1 0 0.000115455
8.55674e+06 0 1 0 0.000115455
1.17761e+07 0.273654 0.864797 0 8.38917e-05
1.17761e+07 0.273654 0.864797 0 8.38917e-05
1.88905e+07 0.547309 0.864797 0.0466146 5.2297e-05
2.66271e+07 0.679054 0.813817 0.0816798 3.7102e-05
1.17761e+07 0.273654 0.864797 0 8.38917e-05
1.45906e+07 0.413952 0.788574 0.0466146 6.77094e-05
1.45691e+07 0.413022 0.820794 0.0233074 6.78089e-05
1.17761e+07 0.273654 0.864797 0 8.38917e-05
1.45691e+07 0.413022 0.820794 0.0233074 6.78089e-05
1.17761e+07 0.273654 0.864797 0 8.38917e-05
1.43809e+07 0.4054 0.813817 0.0350652 6.86967e-05
2.72798e+07 0.686676 0.820794 0.069922 3.62142e-05
1.17761e+07 0.273654 0.864797 0 8.38917e-05
1.17761e+07 0.273654 0.864797 0 8.38917e-05
1.17761e+07 0.273654 0.864797 0 8.38917e-05
1.88905e+07 0.547309 0.864797 0.0466146 5.2297e-05
1.45691e+07 0.413022 0.820794 0.0233074 6.78089e-05
1.88905e+07 0.547309 0.864797 0.0466146 5.2297e-05
2.72798e+07 0.686676 0.820794 0.069922 3.62142e-05
1.17761e+07 0.273654 0.864797 0 8.38917e-05
1.17761e+07 0.273654 0.864797 0 8.38917e-05
1.45691e+07 0.413022 0.820794 0.0233074 6.78089e-05
1.17761e+07 0.273654 0.864797 0 8.38917e-05
1.17761e+07 0.273654 0.864797 0 8.38917e-05
8.55674e+06 0 1 0 0.000115455
1.45691e+07 0.413022 0.820794 0.0233074 6.78089e-05
1.45691e+07 0.413022 0.816153 0 6.78089e-05
1.88905e+07 0.547309 0.864797 0.0466146 5.2297e-05
1.88905e+07 0.547309 0.864797 0.0466146 5.2297e-05
1.45691e+07 0.413022 0.820794 0.0233074 6.78089e-05
1.88905e+07 0.547309 0.864797 0.0466146 5.2297e-05
1.17761e+07 0.273654 0.864797 0 8.38917e-05
