1.86677e+07 0.649929 0.433237 0.0836358 6.64688e-05
3.70549e+07 0.841899 0.470698 0.089042 3.3486e-05
1.26361e+07 0.482441 0.503351 0.045475 9.81968e-05
1.06168e+07 0.383602 0.770119 0 0.000116874
1.20744e+07 0.458297 0.522495 0 0.000102765
2.25945e+07 0.71088 0.404985 0.0633979 5.49168e-05
1.74673e+07 0.625785 0.452381 0.0381608 7.10368e-05
2.25945e+07 0.71088 0.404985 0.0633979 5.49168e-05
8.75684e+06 0.252583 0.806168 0.025237 0.000141697
1.74673e+07 0.625785 0.452381 0.0381608 7.10368e-05
1.9451e+07 0.66401 0.48037 0.134713 6.3792e-05
1.74673e+07 0.625785 0.452381 0.0381608 7.10368e-05
1.74673e+07 0.625785 0.452381 0.0381608 7.10368e-05
8.75684e+06 0.252583 0.806168 0.025237 0.000141697
8.75684e+06 0.252583 0.806168 0.025237 0.000141697
3.70549e+07 0.841899 0.470698 0.089042 3.3486e-05
7.86238e+06 0.167488 0.853564 0 0.000157817
1.74673e+07 0.625785 0.452381 0.0381608 7.10368e-05
1.74673e+07 0.625785 0.452381 0.0381608 7.10368e-05
1.74673e+07 0.625785 0.452381 0.0381608 7.10368e-05
1.74673e+07 0.625785 0.452381 0.0381608 7.10368e-05
1.74673e+07 0.625785 0.452381 0.0381608 7.10368e-05
1.74673e+07 0.625785 0.452381 0.0381608 7.10368e-05
1.74673e+07 0.625785 0.452381 0.0381608 7.10368e-05
8.23981e+06 0.205714 0.789398 0.0504741 0.000150588
1.74673e+07 0.625785 0.452381 0.0381608 7.10368e-05
1.9451e+07 0.66401 0.48037 0.134713 6.3792e-05
7.86238e+06 0.167488 0.853564 0 0.000157817
1.74673e+07 0.625785 0.452381 0.0381608 7.10368e-05
7.86238e+06 0.167488 0.853564 0 0.000157817
2.00764e+07 0.674411 0.540812 0.0508811 6.18048e-05
6.54684e+06 0 1 0 0.00018953
2.25945e+07 0.71088 0.404985 0.0633979 5.49168e-05
1.74673e+07 0.625785 0.452381 0.0381608 7.10368e-05
1.9451e+07 0.66401 0.48037 0.134713 6.3792e-05
1.74673e+07 0.625785 0.452381 0.0381608 7.10368e-05
8.75684e+06 0.252583 0.806168 0.025237 0.000141697
1.74673e+07 0.625785 0.452381 0.0381608 7.10368e-05
1.2988e+07 0.496522 0.449536 0.0460779 9.5536e-05
1.74673e+07 0.625785 0.452381 0.0381608 7.10368e-05
1.74673e+07 0.625785 0.452381 0.0381608 7.10368e-05
1.74673e+07 0.625785 0.452381 0.0381608 7.10368e-05
1.20744e+07 0.458297 0.522495 0 0.000102765
1.74673e+07 0.625785 0.452381 0.0381608 7.10368e-05
8.75684e+06 0.252583 0.806168 0.025237 0.000141697
2.25945e+07 0.71088 0.404985 0.0633979 5.49168e-05
1.9451e+07 0.66401 0.48037 0.134713 6.3792e-05
1.9451e+07 0.66401 0.48037 0.134713 6.3792e-05
3.70549e+07 0.841899 0.470698 0.089042 3.3486e-05
8.75684e+06 0.252583 0.806168 0.025237 0.000141697
8.75684e+06 0.252583 0.806168 0.025237 0.000141697
2.25945e+07 0.71088 0.404985 0.0633979 5.49168e-05
1.20744e+07 0.458297 0.522495 0 0.000102765
1.74673e+07 0.625785 0.452381 0.0381608 7.10368e-05
1.9451e+07 0.66401 0.48037 0.134713 6.3792e-05
6.54684e+06 0 1 0 0.00018953
1.74673e+07 0.625785 0.452381 0.0381608 7.10368e-05
3.70549e+07 0.841899 0.470698 0.089042 3.3486e-05
6.54684e+06 0 1 0 0.00018953
1.20744e+07 0.458297 0.522495 0 0.000102765
8.75684e+06 0.252583 0.806168 0.025237 0.000141697
1.86677e+07 0.649929 0.433237 0.0836358 6.64688e-05
1.74673e+07 0.625785 0.452381 0.0381608 7.10368e-05
1.74673e+07 0.625785 0.452381 0.0381608 7.10368e-05
7.86238e+06 0.167488 0.853564 0 0.000157817
8.35088e+06 0.216114 0.916555 0 0.000148586
1.20744e+07 0.458297 0.522495 0 0.000102765
1.26361e+07 0.482441 0.503351 0.045475 9.81968e-05
1.74673e+07 0.625785 0.452381 0.0381608 7.10368e-05
1.86677e+07 0.649929 0.433237 0.0836358 6.64688e-05
1.74673e+07 0.625785 0.452381 0.0381608 7.10368e-05
7.86238e+06 0.167488 0.853564 0 0.000157817
1.86677e+07 0.649929 0.433237 0.0836358 6.64688e-05
6.54684e+06 0 1 0 0.00018953
2.25945e+07 0.71088 0.404985 0.0633979 5.49168e-05
1.9451e+07 0.66401 0.48037 0.134713 6.3792e-05
2.25945e+07 0.71088 0.404985 0.0633979 5.49168e-05
1.74673e+07 0.625785 0.452381 0.0381608 7.10368e-05
7.86238e+06 0.167488 0.853564 0 0.000157817
8.75684e+06 0.252583 0.806168 0.025237 0.000141697
1.9451e+07 0.66401 0.48037 0.134713 6.3792e-05
1.74673e+07 0.625785 0.452381 0.0381608 7.10368e-05
3.70549e+07 0.841899 0.470698 0.089042 3.3486e-05
1.74673e+07 0.625785 0.452381 0.0381608 7.10368e-05
2.25945e+07 0.71088 0.404985 0.0633979 5.49168e-05
1.74673e+07 0.625785 0.452381 0.0381608 7.10368e-05
8.75684e+06 0.252583 0.806168 0.025237 0.000141697
3.70549e+07 0.841899 0.470698 0.089042 3.3486e-05
3.70549e+07 0.841899 0.470698 0.089042 3.3486e-05
8.75684e+06 0.252583 0.806168 0.025237 0.000141697
1.74673e+07 0.625785 0.452381 0.0381608 7.10368e-05
1.86677e+07 0.649929 0.433237 0.0836358 6.64688e-05
2.00764e+07 0.674411 0.540812 0.0508811 6.18048e-05
2.25945e+07 0.71088 0.404985 0.0633979 5.49168e-05
1.43181e+07 0.543392 0.424625 0 8.66608e-05
1.74673e+07 0.625785 0.452381 0.0381608 7.10368e-05
7.86238e+06 0.167488 0.853564 0 0.000157817
8.75684e+06 0.252583 0.806168 0.025237 0.000141697
1.74673e+07 0.625785 0.452381 0.0381608 7.10368e-05
1.9451e+07 0.66401 0.48037 0.134713 6.3792e-05
