3.29028e+07 0.73209 0.621573 0.153413 3.45056e-05
2.6353e+07 0.665355 0.608945 0.0376144 4.30816e-05
1.74075e+07 0.49304 0.644141 0.0900058 6.52208e-05
1.69201e+07 0.4781 0.850617 0.0515854 6.70995e-05
1.53875e+07 0.426305 0.683099 0 7.37824e-05
2.6353e+07 0.665355 0.608945 0.0376144 4.30816e-05
4.42107e+07 0.904405 0.608945 0.0891998 2.568e-05
2.6353e+07 0.665355 0.608945 0.0376144 4.30816e-05
1.69201e+07 0.4781 0.850617 0.0515854 6.70995e-05
4.42107e+07 0.904405 0.608945 0.0891998 2.568e-05
2.6353e+07 0.665355 0.608945 0.0376144 4.30816e-05
4.42107e+07 0.904405 0.608945 0.0891998 2.568e-05
4.42107e+07 0.904405 0.608945 0.0891998 2.568e-05
1.16064e+07 0.23905 0.850617 0 9.78195e-05
1.69201e+07 0.4781 0.850617 0.0515854 6.70995e-05
2.6353e+07 0.665355 0.608945 0.0376144 4.30816e-05
1.69201e+07 0.4781 0.850617 0.0515854 6.70995e-05
4.42107e+07 0.904405 0.608945 0.0891998 2.568e-05
2.6353e+07 0.665355 0.608945 0.0376144 4.30816e-05
4.42107e+07 0.904405 0.608945 0.0891998 2.568e-05
4.42107e+07 0.904405 0.608945 0.0891998 2.568e-05
2.6353e+07 0.665355 0.608945 0.0376144 4.30816e-05
4.42107e+07 0.904405 0.608945 0.0891998 2.568e-05
2.6353e+07 0.665355 0.608945 0.0376144 4.30816e-05
1.69201e+07 0.4781 0.850617 0.0515854 6.70995e-05
4.42107e+07 0.904405 0.608945 0.0891998 2.568e-05
2.6353e+07 0.665355 0.608945 0.0376144 4.30816e-05
1.69201e+07 0.4781 0.850617 0.0515854 6.70995e-05
2.6353e+07 0.665355 0.608945 0.0376144 4.30816e-05
1.69201e+07 0.4781 0.850617 0.0515854 6.70995e-05
1.53875e+07 0.426305 0.683099 0 7.37824e-05
1.16082e+07 0.23905 0.896829 0 9.78042e-05
2.6353e+07 0.665355 0.608945 0.0376144 4.30816e-05
2.6353e+07 0.665355 0.608945 0.0376144 4.30816e-05
2.6353e+07 0.665355 0.608945 0.0376144 4.30816e-05
2.6353e+07 0.665355 0.608945 0.0376144 4.30816e-05
1.69201e+07 0.4781 0.850617 0.0515854 6.70995e-05
4.42107e+07 0.904405 0.608945 0.0891998 2.568e-05
1.53875e+07 0.426305 0.683099 0 7.37824e-05
4.42107e+07 0.904405 0.608945 0.0891998 2.568e-05
2.6353e+07 0.665355 0.608945 0.0376144 4.30816e-05
4.42107e+07 0.904405 0.608945 0.0891998 2.568e-05
2.6353e+07 0.665355 0.579928 0 4.30816e-05
4.42107e+07 0.904405 0.608945 0.0891998 2.568e-05
1.69201e+07 0.4781 0.850617 0.0515854 6.70995e-05
2.6353e+07 0.665355 0.608945 0.0376144 4.30816e-05
2.6353e+07 0.665355 0.608945 0.0376144 4.30816e-05
2.6353e+07 0.665355 0.608945 0.0376144 4.30816e-05
2.6353e+07 0.665355 0.608945 0.0376144 4.30816e-05
1.16064e+07 0.23905 0.850617 0 9.78195e-05
1.16064e+07 0.23905 0.850617 0 9.78195e-05
2.6353e+07 0.665355 0.608945 0.0376144 4.30816e-05
2.6353e+07 0.665355 0.579928 0 4.30816e-05
4.42107e+07 0.904405 0.608945 0.0891998 2.568e-05
2.6353e+07 0.665355 0.608945 0.0376144 4.30816e-05
1.16082e+07 0.23905 0.896829 0 9.78042e-05
4.42107e+07 0.904405 0.608945 0.0891998 2.568e-05
2.6353e+07 0.665355 0.608945 0.0376144 4.30816e-05
1.16082e+07 0.23905 0.896829 0 9.78042e-05
1.55757e+07 0.433352 0.614668 0 7.28912e-05
1.16064e+07 0.23905 0.850617 0 9.78195e-05
3.29028e+07 0.73209 0.621573 0.153413 3.45056e-05
4.42107e+07 0.904405 0.608945 0.0891998 2.568e-05
2.6353e+07 0.665355 0.608945 0.0376144 4.30816e-05
1.69201e+07 0.4781 0.850617 0.0515854 6.70995e-05
1.17253e+07 0.246769 0.860719 0.0515854 9.68275e-05
1.53875e+07 0.426305 0.683099 0 7.37824e-05
1.74075e+07 0.49304 0.644141 0.0900058 6.52208e-05
2.6353e+07 0.665355 0.608945 0.0376144 4.30816e-05
3.29028e+07 0.73209 0.621573 0.153413 3.45056e-05
4.42107e+07 0.904405 0.608945 0.0891998 2.568e-05
1.69201e+07 0.4781 0.850617 0.0515854 6.70995e-05
3.29028e+07 0.73209 0.621573 0.153413 3.45056e-05
1.16082e+07 0.23905 0.896829 0 9.78042e-05
2.6353e+07 0.665355 0.608945 0.0376144 4.30816e-05
2.6353e+07 0.665355 0.608945 0.0376144 4.30816e-05
2.6353e+07 0.665355 0.608945 0.0376144 4.30816e-05
2.6353e+07 0.665355 0.608945 0.0376144 4.30816e-05
1.16064e+07 0.23905 0.850617 0 9.78195e-05
1.69201e+07 0.4781 0.850617 0.0515854 6.70995e-05
2.6353e+07 0.665355 0.608945 0.0376144 4.30816e-05
2.6353e+07 0.665355 0.608945 0.0376144 4.30816e-05
2.6353e+07 0.665355 0.608945 0.0376144 4.30816e-05
4.42107e+07 0.904405 0.608945 0.0891998 2.568e-05
2.6353e+07 0.665355 0.608945 0.0376144 4.30816e-05
4.42107e+07 0.904405 0.608945 0.0891998 2.568e-05
1.69201e+07 0.4781 0.850617 0.0515854 6.70995e-05
2.6353e+07 0.665355 0.608945 0.0376144 4.30816e-05
2.6353e+07 0.665355 0.608945 0.0376144 4.30816e-05
1.16064e+07 0.23905 0.850617 0 9.78195e-05
2.6353e+07 0.665355 0.608945 0.0376144 4.30816e-05
3.29028e+07 0.73209 0.621573 0.153413 3.45056e-05
1.53875e+07 0.426305 0.683099 0 7.37824e-05
2.6353e+07 0.665355 0.608945 0.0376144 4.30816e-05
2.6353e+07 0.665355 0.579928 0 4.30816e-05
4.42107e+07 0.904405 0.608945 0.0891998 2.568e-05
1.71476e+07 0.485147 0.782186 0.0515854 6.62093e-05
1.16064e+07 0.23905 0.850617 0 9.78195e-05
4.42107e+07 0.904405 0.608945 0.0891998 2.568e-05
2.6353e+07 0.665355 0.608945 0.0376144 4.30816e-05
