3.12047e+07 0.741538 0.53499 0.107553 4.46984e-05
2.42785e+07 0.667458 0.604593 0.0255012 5.74501e-05
1.33521e+07 0.394745 0.656932 0.063753 0.000104463
1.23762e+07 0.346793 0.790458 0 0.000112701
1.19008e+07 0.320665 0.763133 0 0.000117202
3.32945e+07 0.75772 0.568304 0.0433056 4.18929e-05
2.42785e+07 0.667458 0.604593 0.0255012 5.74501e-05
3.32945e+07 0.75772 0.568304 0.0433056 4.18929e-05
1.43582e+07 0.437055 0.754169 0.0178045 9.71434e-05
2.42785e+07 0.667458 0.604593 0.0255012 5.74501e-05
2.76353e+07 0.707838 0.675378 0.121015 5.04717e-05
2.42785e+07 0.667458 0.604593 0.0255012 5.74501e-05
2.42785e+07 0.667458 0.604593 0.0255012 5.74501e-05
1.43582e+07 0.437055 0.754169 0.0178045 9.71434e-05
1.43582e+07 0.437055 0.754169 0.0178045 9.71434e-05
2.42785e+07 0.667458 0.604593 0.0255012 5.74501e-05
1.23762e+07 0.346793 0.790458 0 0.000112701
2.42785e+07 0.667458 0.604593 0.0255012 5.74501e-05
2.42785e+07 0.667458 0.604593 0.0255012 5.74501e-05
2.42785e+07 0.667458 0.604593 0.0255012 5.74501e-05
2.42785e+07 0.667458 0.604593 0.0255012 5.74501e-05
2.42785e+07 0.667458 0.604593 0.0255012 5.74501e-05
2.42785e+07 0.667458 0.604593 0.0255012 5.74501e-05
2.42785e+07 0.667458 0.604593 0.0255012 5.74501e-05
1.31912e+07 0.387173 0.793981 0.0618829 0.000105737
2.42785e+07 0.667458 0.604593 0.0255012 5.74501e-05
2.76353e+07 0.707838 0.675378 0.121015 5.04717e-05
1.23762e+07 0.346793 0.790458 0 0.000112701
2.42785e+07 0.667458 0.604593 0.0255012 5.74501e-05
1.23762e+07 0.346793 0.790458 0 0.000112701
1.19008e+07 0.320665 0.763133 0 0.000117202
8.23901e+06 0.0184086 0.898335 0.0343107 0.000169292
3.32945e+07 0.75772 0.568304 0.0433056 4.18929e-05
3.29721e+07 0.755344 0.586293 0.0620992 4.23025e-05
2.76353e+07 0.707838 0.675378 0.121015 5.04717e-05
2.42785e+07 0.667458 0.604593 0.0255012 5.74501e-05
1.43582e+07 0.437055 0.754169 0.0178045 9.71434e-05
2.42785e+07 0.667458 0.604593 0.0255012 5.74501e-05
1.26505e+07 0.361045 0.710152 0.0336307 0.000110256
2.42785e+07 0.667458 0.604593 0.0255012 5.74501e-05
2.42785e+07 0.667458 0.604593 0.0255012 5.74501e-05
2.42785e+07 0.667458 0.604593 0.0255012 5.74501e-05
1.19008e+07 0.320665 0.763133 0 0.000117202
2.42785e+07 0.667458 0.604593 0.0255012 5.74501e-05
1.43582e+07 0.437055 0.754169 0.0178045 9.71434e-05
3.32945e+07 0.75772 0.568304 0.0433056 4.18929e-05
2.76353e+07 0.707838 0.675378 0.121015 5.04717e-05
2.76353e+07 0.707838 0.675378 0.121015 5.04717e-05
2.42785e+07 0.667458 0.604593 0.0255012 5.74501e-05
1.43582e+07 0.437055 0.754169 0.0178045 9.71434e-05
1.43582e+07 0.437055 0.754169 0.0178045 9.71434e-05
3.32945e+07 0.75772 0.568304 0.0433056 4.18929e-05
1.19008e+07 0.320665 0.763133 0 0.000117202
2.42785e+07 0.667458 0.604593 0.0255012 5.74501e-05
2.76353e+07 0.707838 0.675378 0.121015 5.04717e-05
8.23901e+06 0.0184086 0.898335 0.0343107 0.000169292
2.42785e+07 0.667458 0.604593 0.0255012 5.74501e-05
2.42785e+07 0.667458 0.604593 0.0255012 5.74501e-05
8.08854e+06 0 1 0 0.000172442
1.19008e+07 0.320665 0.763133 0 0.000117202
1.43582e+07 0.437055 0.754169 0.0178045 9.71434e-05
3.12047e+07 0.741538 0.53499 0.107553 4.46984e-05
2.42785e+07 0.667458 0.604593 0.0255012 5.74501e-05
2.42785e+07 0.667458 0.604593 0.0255012 5.74501e-05
1.23762e+07 0.346793 0.790458 0 0.000112701
8.08854e+06 0 1 0 0.000172442
1.19008e+07 0.320665 0.763133 0 0.000117202
1.33521e+07 0.394745 0.656932 0.063753 0.000104463
2.42785e+07 0.667458 0.604593 0.0255012 5.74501e-05
3.12047e+07 0.741538 0.53499 0.107553 4.46984e-05
2.42785e+07 0.667458 0.604593 0.0255012 5.74501e-05
1.23762e+07 0.346793 0.790458 0 0.000112701
3.12047e+07 0.741538 0.53499 0.107553 4.46984e-05
8.13249e+06 0.00549287 0.929091 0 0.00017151
3.32945e+07 0.75772 0.568304 0.0433056 4.18929e-05
2.76353e+07 0.707838 0.675378 0.121015 5.04717e-05
3.32945e+07 0.75772 0.568304 0.0433056 4.18929e-05
2.42785e+07 0.667458 0.604593 0.0255012 5.74501e-05
1.23762e+07 0.346793 0.790458 0 0.000112701
1.43582e+07 0.437055 0.754169 0.0178045 9.71434e-05
2.76353e+07 0.707838 0.675378 0.121015 5.04717e-05
2.42785e+07 0.667458 0.604593 0.0255012 5.74501e-05
2.42785e+07 0.667458 0.604593 0.0255012 5.74501e-05
2.42785e+07 0.667458 0.604593 0.0255012 5.74501e-05
3.32945e+07 0.75772 0.568304 0.0433056 4.18929e-05
2.42785e+07 0.667458 0.604593 0.0255012 5.74501e-05
1.43582e+07 0.437055 0.754169 0.0178045 9.71434e-05
2.42785e+07 0.667458 0.604593 0.0255012 5.74501e-05
2.42785e+07 0.667458 0.604593 0.0255012 5.74501e-05
1.43582e+07 0.437055 0.754169 0.0178045 9.71434e-05
2.42785e+07 0.667458 0.604593 0.0255012 5.74501e-05
3.12047e+07 0.741538 0.53499 0.107553 4.46984e-05
1.19008e+07 0.320665 0.763133 0 0.000117202
3.32945e+07 0.75772 0.568304 0.0433056 4.18929e-05
1.37205e+07 0.410926 0.691235 0 0.000101658
2.42785e+07 0.667458 0.604593 0.0255012 5.74501e-05
1.23762e+07 0.346793 0.790458 0 0.000112701
1.43582e+07 0.437055 0.754169 0.0178045 9.71434e-05
2.42785e+07 0.667458 0.604593 0.0255012 5.74501e-05
2.76353e+07 0.707838 0.675378 0.121015 5.04717e-05
