2.21837e+07 0.354631 0.868655 0.0343993 6.15836e-05
2.0608e+07 0.30518 0.88332 0 6.62923e-05
2.21837e+07 0.354631 0.868655 0.0343993 6.15836e-05
1.82404e+07 0.21475 0.952197 0 7.4897e-05
2.0608e+07 0.30518 0.88332 0 6.62923e-05
2.78429e+07 0.486039 0.806828 0 4.90664e-05
2.9811e+07 0.519929 0.835516 0 4.5827e-05
2.78429e+07 0.486039 0.806828 0 4.90664e-05
2.36881e+07 0.395609 0.875705 0 5.76725e-05
2.9811e+07 0.519929 0.835516 0 4.5827e-05
2.0608e+07 0.30518 0.88332 0 6.62923e-05
2.9811e+07 0.519929 0.835516 0 4.5827e-05
2.9811e+07 0.519929 0.835516 0 4.5827e-05
1.74836e+07 0.18086 0.923508 0 7.8139e-05
2.36881e+07 0.395609 0.875705 0 5.76725e-05
2.0608e+07 0.30518 0.88332 0 6.62923e-05
1.82404e+07 0.21475 0.952197 0 7.4897e-05
2.9811e+07 0.519929 0.835516 0 4.5827e-05
2.0608e+07 0.30518 0.88332 0 6.62923e-05
2.9811e+07 0.519929 0.835516 0 4.5827e-05
2.9811e+07 0.519929 0.835516 0 4.5827e-05
2.0608e+07 0.30518 0.88332 0 6.62923e-05
2.9811e+07 0.519929 0.835516 0 4.5827e-05
2.0608e+07 0.30518 0.88332 0 6.62923e-05
1.82404e+07 0.21475 0.952197 0 7.4897e-05
2.9811e+07 0.519929 0.835516 0 4.5827e-05
2.0608e+07 0.30518 0.88332 0 6.62923e-05
1.82404e+07 0.21475 0.952197 0 7.4897e-05
2.0608e+07 0.30518 0.88332 0 6.62923e-05
1.82404e+07 0.21475 0.952197 0 7.4897e-05
2.0608e+07 0.30518 0.88332 0 6.62923e-05
2.16758e+07 0.339993 0.736673 0.0463092 6.30265e-05
2.78429e+07 0.486039 0.806828 0 4.90664e-05
2.0608e+07 0.30518 0.88332 0 6.62923e-05
2.0608e+07 0.30518 0.88332 0 6.62923e-05
2.0608e+07 0.30518 0.88332 0 6.62923e-05
2.36881e+07 0.395609 0.875705 0 5.76725e-05
2.9811e+07 0.519929 0.835516 0 4.5827e-05
2.0608e+07 0.30518 0.88332 0 6.62923e-05
2.9811e+07 0.519929 0.835516 0 4.5827e-05
2.0608e+07 0.30518 0.88332 0 6.62923e-05
2.9811e+07 0.519929 0.835516 0 4.5827e-05
2.9811e+07 0.519929 0.835516 0 4.5827e-05
2.9811e+07 0.519929 0.835516 0 4.5827e-05
2.36881e+07 0.395609 0.875705 0 5.76725e-05
2.78429e+07 0.486039 0.806828 0 4.90664e-05
2.0608e+07 0.30518 0.88332 0 6.62923e-05
2.0608e+07 0.30518 0.88332 0 6.62923e-05
2.0608e+07 0.30518 0.88332 0 6.62923e-05
1.74836e+07 0.18086 0.923508 0 7.8139e-05
1.74836e+07 0.18086 0.923508 0 7.8139e-05
2.78429e+07 0.486039 0.806828 0 4.90664e-05
2.9811e+07 0.519929 0.835516 0 4.5827e-05
2.9811e+07 0.519929 0.835516 0 4.5827e-05
2.0608e+07 0.30518 0.88332 0 6.62923e-05
2.16758e+07 0.339993 0.736673 0.0463092 6.30265e-05
2.9811e+07 0.519929 0.835516 0 4.5827e-05
2.0608e+07 0.30518 0.88332 0 6.62923e-05
1.82404e+07 0.21475 0.952197 0 7.4897e-05
2.09111e+07 0.31541 0.832083 0 6.53314e-05
1.74836e+07 0.18086 0.923508 0 7.8139e-05
2.21837e+07 0.354631 0.868655 0.0343993 6.15836e-05
2.9811e+07 0.519929 0.835516 0 4.5827e-05
2.0608e+07 0.30518 0.88332 0 6.62923e-05
1.82404e+07 0.21475 0.952197 0 7.4897e-05
1.82404e+07 0.21475 0.952197 0 7.4897e-05
2.0608e+07 0.30518 0.88332 0 6.62923e-05
2.21837e+07 0.354631 0.868655 0.0343993 6.15836e-05
2.0608e+07 0.30518 0.88332 0 6.62923e-05
2.21837e+07 0.354631 0.868655 0.0343993 6.15836e-05
2.9811e+07 0.519929 0.835516 0 4.5827e-05
1.82404e+07 0.21475 0.952197 0 7.4897e-05
2.21837e+07 0.354631 0.868655 0.0343993 6.15836e-05
1.83976e+07 0.221461 0.953691 0.0239015 7.4257e-05
2.78429e+07 0.486039 0.806828 0 4.90664e-05
2.0608e+07 0.30518 0.88332 0 6.62923e-05
2.78429e+07 0.486039 0.806828 0 4.90664e-05
2.0608e+07 0.30518 0.88332 0 6.62923e-05
1.43252e+07 0 1 0 9.53668e-05
2.36881e+07 0.395609 0.875705 0 5.76725e-05
2.0608e+07 0.30518 0.88332 0 6.62923e-05
2.0608e+07 0.30518 0.88332 0 6.62923e-05
2.0608e+07 0.30518 0.88332 0 6.62923e-05
2.9811e+07 0.519929 0.835516 0 4.5827e-05
2.78429e+07 0.486039 0.806828 0 4.90664e-05
2.9811e+07 0.519929 0.835516 0 4.5827e-05
2.36881e+07 0.395609 0.875705 0 5.76725e-05
2.0608e+07 0.30518 0.88332 0 6.62923e-05
2.0608e+07 0.30518 0.88332 0 6.62923e-05
1.74836e+07 0.18086 0.923508 0 7.8139e-05
2.0608e+07 0.30518 0.88332 0 6.62923e-05
2.21837e+07 0.354631 0.868655 0.0343993 6.15836e-05
2.21066e+07 0.352659 0.798768 0 6.17982e-05
2.78429e+07 0.486039 0.806828 0 4.90664e-05
4.77656e+07 0.700789 0.759025 0 2.86011e-05
2.9811e+07 0.519929 0.835516 0 4.5827e-05
1.84776e+07 0.22498 0.90096 0 7.39356e-05
1.8555e+07 0.228339 0.881232 0.0211379 7.3627e-05
2.9811e+07 0.519929 0.835516 0 4.5827e-05
2.0608e+07 0.30518 0.88332 0 6.62923e-05
