3.24451e+07 0.451698 0.834641 0 3.53856e-05
3.24451e+07 0.451698 0.834641 0 3.53856e-05
1.78044e+07 0 1 0 6.44836e-05
3.24451e+07 0.451698 0.834641 0 3.53856e-05
1.78044e+07 0 1 0 6.44836e-05
6.03514e+07 0.705778 0.711796 0 1.90234e-05
3.24451e+07 0.451698 0.834641 0 3.53856e-05
6.03514e+07 0.705778 0.711796 0 1.90234e-05
6.03514e+07 0.705778 0.711796 0 1.90234e-05
3.24451e+07 0.451698 0.834641 0 3.53856e-05
3.24451e+07 0.451698 0.834641 0 3.53856e-05
3.24451e+07 0.451698 0.834641 0 3.53856e-05
3.24451e+07 0.451698 0.834641 0 3.53856e-05
5.60591e+07 0.804588 0.590966 0.0391581 2.048e-05
6.03514e+07 0.705778 0.711796 0 1.90234e-05
3.24451e+07 0.451698 0.834641 0 3.53856e-05
3.24451e+07 0.451698 0.834641 0 3.53856e-05
3.24451e+07 0.451698 0.834641 0 3.53856e-05
3.24451e+07 0.451698 0.834641 0 3.53856e-05
3.24451e+07 0.451698 0.834641 0 3.53856e-05
3.24451e+07 0.451698 0.834641 0 3.53856e-05
3.24451e+07 0.451698 0.834641 0 3.53856e-05
3.24451e+07 0.451698 0.834641 0 3.53856e-05
3.24451e+07 0.451698 0.834641 0 3.53856e-05
3.24451e+07 0.451698 0.834641 0 3.53856e-05
3.24451e+07 0.451698 0.834641 0 3.53856e-05
3.24451e+07 0.451698 0.834641 0 3.53856e-05
3.24451e+07 0.451698 0.834641 0 3.53856e-05
3.24451e+07 0.451698 0.834641 0 3.53856e-05
3.24451e+07 0.451698 0.834641 0 3.53856e-05
1.78044e+07 0 1 0 6.44836e-05
1.89218e+07 0.0595501 0.824292 0 6.06756e-05
6.03514e+07 0.705778 0.711796 0 1.90234e-05
3.24451e+07 0.451698 0.834641 0 3.53856e-05
3.24451e+07 0.451698 0.834641 0 3.53856e-05
3.24451e+07 0.451698 0.834641 0 3.53856e-05
6.03514e+07 0.705778 0.711796 0 1.90234e-05
3.24451e+07 0.451698 0.834641 0 3.53856e-05
1.78044e+07 0 1 0 6.44836e-05
3.24451e+07 0.451698 0.834641 0 3.53856e-05
3.24451e+07 0.451698 0.834641 0 3.53856e-05
3.24451e+07 0.451698 0.834641 0 3.53856e-05
1.78044e+07 0 1 0 6.44836e-05
3.24451e+07 0.451698 0.834641 0 3.53856e-05
6.03514e+07 0.705778 0.711796 0 1.90234e-05
6.03514e+07 0.705778 0.711796 0 1.90234e-05
3.24451e+07 0.451698 0.834641 0 3.53856e-05
3.24451e+07 0.451698 0.834641 0 3.53856e-05
3.24451e+07 0.451698 0.834641 0 3.53856e-05
6.03514e+07 0.705778 0.711796 0 1.90234e-05
6.03514e+07 0.705778 0.711796 0 1.90234e-05
6.03514e+07 0.705778 0.711796 0 1.90234e-05
1.78044e+07 0 1 0 6.44836e-05
3.24451e+07 0.451698 0.834641 0 3.53856e-05
3.24451e+07 0.451698 0.834641 0 3.53856e-05
1.89218e+07 0.0595501 0.824292 0 6.06756e-05
3.24451e+07 0.451698 0.834641 0 3.53856e-05
3.24451e+07 0.451698 0.834641 0 3.53856e-05
1.78044e+07 0 1 0 6.44836e-05
1.78044e+07 0 1 0 6.44836e-05
6.03514e+07 0.705778 0.711796 0 1.90234e-05
3.24451e+07 0.451698 0.834641 0 3.53856e-05
3.24451e+07 0.451698 0.834641 0 3.53856e-05
3.24451e+07 0.451698 0.834641 0 3.53856e-05
3.24451e+07 0.451698 0.834641 0 3.53856e-05
1.78044e+07 0 1 0 6.44836e-05
1.78044e+07 0 1 0 6.44836e-05
1.78044e+07 0 1 0 6.44836e-05
3.24451e+07 0.451698 0.834641 0 3.53856e-05
3.24451e+07 0.451698 0.834641 0 3.53856e-05
3.24451e+07 0.451698 0.834641 0 3.53856e-05
3.24451e+07 0.451698 0.834641 0 3.53856e-05
3.24451e+07 0.451698 0.834641 0 3.53856e-05
1.78044e+07 0 1 0 6.44836e-05
6.03514e+07 0.705778 0.711796 0 1.90234e-05
3.24451e+07 0.451698 0.834641 0 3.53856e-05
6.03514e+07 0.705778 0.711796 0 1.90234e-05
3.24451e+07 0.451698 0.834641 0 3.53856e-05
3.24451e+07 0.451698 0.834641 0 3.53856e-05
6.03514e+07 0.705778 0.711796 0 1.90234e-05
3.24451e+07 0.451698 0.834641 0 3.53856e-05
3.24451e+07 0.451698 0.834641 0 3.53856e-05
3.24451e+07 0.451698 0.834641 0 3.53856e-05
3.24451e+07 0.451698 0.834641 0 3.53856e-05
6.03514e+07 0.705778 0.711796 0 1.90234e-05
3.24451e+07 0.451698 0.834641 0 3.53856e-05
6.03514e+07 0.705778 0.711796 0 1.90234e-05
3.24451e+07 0.451698 0.834641 0 3.53856e-05
3.24451e+07 0.451698 0.834641 0 3.53856e-05
6.03514e+07 0.705778 0.711796 0 1.90234e-05
3.24451e+07 0.451698 0.834641 0 3.53856e-05
3.24451e+07 0.451698 0.834641 0 3.53856e-05
1.90043e+07 0.0635201 0.871114 0 6.04121e-05
6.03514e+07 0.705778 0.711796 0 1.90234e-05
2.38595e+07 0.25408 0.877155 0 4.81188e-05
3.24451e+07 0.451698 0.834641 0 3.53856e-05
3.24451e+07 0.451698 0.834641 0 3.53856e-05
5.68486e+07 0.769299 0.647353 0.0322215 2.01956e-05
3.24451e+07 0.451698 0.834641 0 3.53856e-05
3.24451e+07 0.451698 0.834641 0 3.53856e-05
