4.77814e+07 0.814563 0.619656 0.148462 2.45533e-05
3.83362e+07 0.742111 0.607436 0.0364005 3.06026e-05
2.2244e+07 0.555033 0.641496 0.0871012 5.27418e-05
1.33806e+07 0.25953 0.855438 0 8.76787e-05
1.91374e+07 0.482581 0.679197 0 6.13034e-05
3.83362e+07 0.742111 0.607436 0.0364005 3.06026e-05
3.83362e+07 0.742111 0.607436 0.0364005 3.06026e-05
3.83362e+07 0.742111 0.607436 0.0364005 3.06026e-05
1.33806e+07 0.25953 0.855438 0 8.76787e-05
3.83362e+07 0.742111 0.607436 0.0364005 3.06026e-05
4.23938e+07 0.802235 0.541676 0.0863212 2.76736e-05
3.83362e+07 0.742111 0.607436 0.0364005 3.06026e-05
3.83362e+07 0.742111 0.607436 0.0364005 3.06026e-05
1.33806e+07 0.25953 0.855438 0 8.76787e-05
1.33806e+07 0.25953 0.855438 0 8.76787e-05
3.83362e+07 0.742111 0.607436 0.0364005 3.06026e-05
1.33806e+07 0.25953 0.855438 0 8.76787e-05
3.83362e+07 0.742111 0.607436 0.0364005 3.06026e-05
3.83362e+07 0.742111 0.607436 0.0364005 3.06026e-05
3.83362e+07 0.742111 0.607436 0.0364005 3.06026e-05
3.83362e+07 0.742111 0.607436 0.0364005 3.06026e-05
3.83362e+07 0.742111 0.607436 0.0364005 3.06026e-05
3.83362e+07 0.742111 0.607436 0.0364005 3.06026e-05
3.83362e+07 0.742111 0.607436 0.0364005 3.06026e-05
1.45598e+07 0.319654 0.789678 0.0499207 8.05772e-05
3.83362e+07 0.742111 0.607436 0.0364005 3.06026e-05
4.23938e+07 0.802235 0.541676 0.0863212 2.76736e-05
1.33806e+07 0.25953 0.855438 0 8.76787e-05
3.83362e+07 0.742111 0.607436 0.0364005 3.06026e-05
1.33806e+07 0.25953 0.855438 0 8.76787e-05
1.91374e+07 0.482581 0.679197 0 6.13034e-05
1.00345e+07 0.0124088 0.910477 0 0.000116916
3.83362e+07 0.742111 0.607436 0.0364005 3.06026e-05
3.83362e+07 0.742111 0.607436 0.0364005 3.06026e-05
4.23938e+07 0.802235 0.541676 0.0863212 2.76736e-05
3.83362e+07 0.742111 0.607436 0.0364005 3.06026e-05
1.33806e+07 0.25953 0.855438 0 8.76787e-05
3.83362e+07 0.742111 0.607436 0.0364005 3.06026e-05
2.16371e+07 0.542705 0.513595 0 5.42212e-05
3.83362e+07 0.742111 0.607436 0.0364005 3.06026e-05
3.83362e+07 0.742111 0.607436 0.0364005 3.06026e-05
3.83362e+07 0.742111 0.607436 0.0364005 3.06026e-05
1.91374e+07 0.482581 0.679197 0 6.13034e-05
3.83362e+07 0.742111 0.607436 0.0364005 3.06026e-05
1.33806e+07 0.25953 0.855438 0 8.76787e-05
3.83362e+07 0.742111 0.607436 0.0364005 3.06026e-05
4.23938e+07 0.802235 0.541676 0.0863212 2.76736e-05
4.23938e+07 0.802235 0.541676 0.0863212 2.76736e-05
3.83362e+07 0.742111 0.607436 0.0364005 3.06026e-05
1.33806e+07 0.25953 0.855438 0 8.76787e-05
1.33806e+07 0.25953 0.855438 0 8.76787e-05
3.83362e+07 0.742111 0.607436 0.0364005 3.06026e-05
1.91374e+07 0.482581 0.679197 0 6.13034e-05
3.83362e+07 0.742111 0.607436 0.0364005 3.06026e-05
4.23938e+07 0.802235 0.541676 0.0863212 2.76736e-05
1.00345e+07 0.0124088 0.910477 0 0.000116916
3.83362e+07 0.742111 0.607436 0.0364005 3.06026e-05
3.83362e+07 0.742111 0.607436 0.0364005 3.06026e-05
9.91138e+06 0 1 0 0.000118368
1.91374e+07 0.482581 0.679197 0 6.13034e-05
1.33806e+07 0.25953 0.855438 0 8.76787e-05
4.77814e+07 0.814563 0.619656 0.148462 2.45533e-05
3.83362e+07 0.742111 0.607436 0.0364005 3.06026e-05
3.83362e+07 0.742111 0.607436 0.0364005 3.06026e-05
1.33806e+07 0.25953 0.855438 0 8.76787e-05
9.91138e+06 0 1 0 0.000118368
2.40634e+07 0.588844 0.54217 0 4.87541e-05
2.2244e+07 0.555033 0.641496 0.0871012 5.27418e-05
3.83362e+07 0.742111 0.607436 0.0364005 3.06026e-05
4.77814e+07 0.814563 0.619656 0.148462 2.45533e-05
3.83362e+07 0.742111 0.607436 0.0364005 3.06026e-05
1.33806e+07 0.25953 0.855438 0 8.76787e-05
4.77814e+07 0.814563 0.619656 0.148462 2.45533e-05
9.91138e+06 0 1 0 0.000118368
3.83362e+07 0.742111 0.607436 0.0364005 3.06026e-05
4.23938e+07 0.802235 0.541676 0.0863212 2.76736e-05
3.83362e+07 0.742111 0.607436 0.0364005 3.06026e-05
3.83362e+07 0.742111 0.607436 0.0364005 3.06026e-05
1.33806e+07 0.25953 0.855438 0 8.76787e-05
1.33806e+07 0.25953 0.855438 0 8.76787e-05
4.23938e+07 0.802235 0.541676 0.0863212 2.76736e-05
3.83362e+07 0.742111 0.607436 0.0364005 3.06026e-05
3.83362e+07 0.742111 0.607436 0.0364005 3.06026e-05
3.83362e+07 0.742111 0.607436 0.0364005 3.06026e-05
3.83362e+07 0.742111 0.607436 0.0364005 3.06026e-05
3.83362e+07 0.742111 0.607436 0.0364005 3.06026e-05
1.33806e+07 0.25953 0.855438 0 8.76787e-05
3.83362e+07 0.742111 0.607436 0.0364005 3.06026e-05
3.83362e+07 0.742111 0.607436 0.0364005 3.06026e-05
1.33806e+07 0.25953 0.855438 0 8.76787e-05
3.83362e+07 0.742111 0.607436 0.0364005 3.06026e-05
4.77814e+07 0.814563 0.619656 0.148462 2.45533e-05
1.91374e+07 0.482581 0.679197 0 6.13034e-05
3.83362e+07 0.742111 0.607436 0.0364005 3.06026e-05
1.91374e+07 0.482581 0.679197 0 6.13034e-05
3.83362e+07 0.742111 0.607436 0.0364005 3.06026e-05
1.33806e+07 0.25953 0.855438 0 8.76787e-05
1.33806e+07 0.25953 0.855438 0 8.76787e-05
3.83362e+07 0.742111 0.607436 0.0364005 3.06026e-05
4.23938e+07 0.802235 0.541676 0.0863212 2.76736e-05
