1.94169e+07 0.556042 0.572887 0.0673529 6.86465e-05
1.83702e+07 0.530764 0.54068 0 7.25579e-05
1.37867e+07 0.374338 0.697242 0.111957 9.66804e-05
1.40191e+07 0.384564 0.852719 0.0509608 9.50777e-05
1.75847e+07 0.509547 0.687961 0.042504 7.57988e-05
1.83702e+07 0.530764 0.54068 0 7.25579e-05
3.10976e+07 0.723046 0.54068 0.0509608 4.28619e-05
1.83702e+07 0.530764 0.54068 0 7.25579e-05
1.40191e+07 0.384564 0.852719 0.0509608 9.50777e-05
3.10976e+07 0.723046 0.54068 0.0509608 4.28619e-05
2.02255e+07 0.573862 0.542986 0.0813836 6.59019e-05
3.10976e+07 0.723046 0.54068 0.0509608 4.28619e-05
3.10976e+07 0.723046 0.54068 0.0509608 4.28619e-05
1.06825e+07 0.192282 0.852719 0 0.000124774
1.40191e+07 0.384564 0.852719 0.0509608 9.50777e-05
1.83702e+07 0.530764 0.54068 0 7.25579e-05
1.40191e+07 0.384564 0.852719 0.0509608 9.50777e-05
3.10976e+07 0.723046 0.54068 0.0509608 4.28619e-05
1.83702e+07 0.530764 0.54068 0 7.25579e-05
3.10976e+07 0.723046 0.54068 0.0509608 4.28619e-05
3.10976e+07 0.723046 0.54068 0.0509608 4.28619e-05
1.83702e+07 0.530764 0.54068 0 7.25579e-05
3.10976e+07 0.723046 0.54068 0.0509608 4.28619e-05
1.83702e+07 0.530764 0.54068 0 7.25579e-05
1.50718e+07 0.427661 0.763647 0.0866554 8.84365e-05
3.10976e+07 0.723046 0.54068 0.0509608 4.28619e-05
2.02255e+07 0.573862 0.542986 0.0813836 6.59019e-05
1.40191e+07 0.384564 0.852719 0.0509608 9.50777e-05
1.83702e+07 0.530764 0.54068 0 7.25579e-05
1.40191e+07 0.384564 0.852719 0.0509608 9.50777e-05
1.30398e+07 0.338482 0.687961 0 0.000102218
1.09584e+07 0.212587 0.857057 0.0987366 0.000121633
1.83702e+07 0.530764 0.54068 0 7.25579e-05
1.83702e+07 0.530764 0.54068 0 7.25579e-05
2.02255e+07 0.573862 0.542986 0.0813836 6.59019e-05
1.83702e+07 0.530764 0.54068 0 7.25579e-05
1.40191e+07 0.384564 0.852719 0.0509608 9.50777e-05
3.10976e+07 0.723046 0.54068 0.0509608 4.28619e-05
1.39461e+07 0.38158 0.618878 0.045689 9.55754e-05
3.10976e+07 0.723046 0.54068 0.0509608 4.28619e-05
1.83702e+07 0.530764 0.54068 0 7.25579e-05
3.10976e+07 0.723046 0.54068 0.0509608 4.28619e-05
1.83739e+07 0.530764 0.586039 0 7.2543e-05
3.10976e+07 0.723046 0.54068 0.0509608 4.28619e-05
1.40191e+07 0.384564 0.852719 0.0509608 9.50777e-05
1.83702e+07 0.530764 0.54068 0 7.25579e-05
2.02255e+07 0.573862 0.542986 0.0813836 6.59019e-05
2.02255e+07 0.573862 0.542986 0.0813836 6.59019e-05
1.83702e+07 0.530764 0.54068 0 7.25579e-05
1.06825e+07 0.192282 0.852719 0 0.000124774
1.06825e+07 0.192282 0.852719 0 0.000124774
1.83702e+07 0.530764 0.54068 0 7.25579e-05
2.88983e+07 0.701829 0.586039 0.042504 4.61238e-05
3.10976e+07 0.723046 0.54068 0.0509608 4.28619e-05
2.02255e+07 0.573862 0.542986 0.0813836 6.59019e-05
1.09584e+07 0.212587 0.857057 0.0987366 0.000121633
3.10976e+07 0.723046 0.54068 0.0509608 4.28619e-05
1.83702e+07 0.530764 0.54068 0 7.25579e-05
1.06838e+07 0.192282 0.898078 0 0.000124759
1.317e+07 0.345113 0.608884 0 0.000101207
1.06825e+07 0.192282 0.852719 0 0.000124774
1.94169e+07 0.556042 0.572887 0.0673529 6.86465e-05
3.10976e+07 0.723046 0.54068 0.0509608 4.28619e-05
1.83702e+07 0.530764 0.54068 0 7.25579e-05
1.40191e+07 0.384564 0.852719 0.0509608 9.50777e-05
1.06838e+07 0.192282 0.898078 0 0.000124759
1.30398e+07 0.338482 0.687961 0 0.000102218
1.35567e+07 0.363761 0.669208 0.0418725 9.83207e-05
2.8889e+07 0.701829 0.54068 0.042504 4.61387e-05
1.94169e+07 0.556042 0.572887 0.0673529 6.86465e-05
3.10976e+07 0.723046 0.54068 0.0509608 4.28619e-05
1.40191e+07 0.384564 0.852719 0.0509608 9.50777e-05
1.94169e+07 0.556042 0.572887 0.0673529 6.86465e-05
1.07639e+07 0.198291 0.901263 0.0509608 0.000123831
1.83702e+07 0.530764 0.54068 0 7.25579e-05
2.02255e+07 0.573862 0.542986 0.0813836 6.59019e-05
1.83702e+07 0.530764 0.54068 0 7.25579e-05
1.83702e+07 0.530764 0.54068 0 7.25579e-05
1.06825e+07 0.192282 0.852719 0 0.000124774
1.40191e+07 0.384564 0.852719 0.0509608 9.50777e-05
2.02255e+07 0.573862 0.542986 0.0813836 6.59019e-05
1.83702e+07 0.530764 0.54068 0 7.25579e-05
1.83702e+07 0.530764 0.54068 0 7.25579e-05
3.10976e+07 0.723046 0.54068 0.0509608 4.28619e-05
1.83702e+07 0.530764 0.54068 0 7.25579e-05
3.10976e+07 0.723046 0.54068 0.0509608 4.28619e-05
1.40191e+07 0.384564 0.852719 0.0509608 9.50777e-05
1.83702e+07 0.530764 0.54068 0 7.25579e-05
1.83702e+07 0.530764 0.54068 0 7.25579e-05
1.355e+07 0.363346 0.767711 0 9.83693e-05
1.83702e+07 0.530764 0.54068 0 7.25579e-05
1.94169e+07 0.556042 0.572887 0.0673529 6.86465e-05
1.30398e+07 0.338482 0.687961 0 0.000102218
1.83702e+07 0.530764 0.54068 0 7.25579e-05
1.83739e+07 0.530764 0.586039 0 7.2543e-05
3.10976e+07 0.723046 0.54068 0.0509608 4.28619e-05
1.40191e+07 0.384564 0.852719 0.0509608 9.50777e-05
1.06825e+07 0.192282 0.852719 0 0.000124774
3.10976e+07 0.723046 0.54068 0.0509608 4.28619e-05
2.02255e+07 0.573862 0.542986 0.0813836 6.59019e-05
