3.40802e+07 0.425962 0.870604 0 3.78546e-05
3.40802e+07 0.425962 0.870604 0 3.78546e-05
1.95778e+07 0 1 0 6.58955e-05
7.41917e+07 0.736758 0.805042 0 1.73886e-05
1.95778e+07 0 1 0 6.58955e-05
3.40802e+07 0.425962 0.870604 0 3.78546e-05
7.41917e+07 0.736758 0.805042 0 1.73886e-05
3.40802e+07 0.425962 0.870604 0 3.78546e-05
7.41917e+07 0.736758 0.805042 0 1.73886e-05
7.41917e+07 0.736758 0.805042 0 1.73886e-05
3.40802e+07 0.425962 0.870604 0 3.78546e-05
7.41917e+07 0.736758 0.805042 0 1.73886e-05
7.41917e+07 0.736758 0.805042 0 1.73886e-05
4.02736e+07 0.514625 0.778613 0.0292238 3.20331e-05
7.41917e+07 0.736758 0.805042 0 1.73886e-05
3.40802e+07 0.425962 0.870604 0 3.78546e-05
7.41917e+07 0.736758 0.805042 0 1.73886e-05
7.41917e+07 0.736758 0.805042 0 1.73886e-05
3.40802e+07 0.425962 0.870604 0 3.78546e-05
7.41917e+07 0.736758 0.805042 0 1.73886e-05
7.41917e+07 0.736758 0.805042 0 1.73886e-05
3.40802e+07 0.425962 0.870604 0 3.78546e-05
7.41917e+07 0.736758 0.805042 0 1.73886e-05
3.40802e+07 0.425962 0.870604 0 3.78546e-05
7.41917e+07 0.736758 0.805042 0 1.73886e-05
7.41917e+07 0.736758 0.805042 0 1.73886e-05
3.40802e+07 0.425962 0.870604 0 3.78546e-05
7.41917e+07 0.736758 0.805042 0 1.73886e-05
3.40802e+07 0.425962 0.870604 0 3.78546e-05
7.41917e+07 0.736758 0.805042 0 1.73886e-05
1.95778e+07 0 1 0 6.58955e-05
3.31215e+07 0.410104 0.650245 0 3.89502e-05
3.40802e+07 0.425962 0.870604 0 3.78546e-05
3.40802e+07 0.425962 0.870604 0 3.78546e-05
3.40802e+07 0.425962 0.870604 0 3.78546e-05
3.40802e+07 0.425962 0.870604 0 3.78546e-05
7.41917e+07 0.736758 0.805042 0 1.73886e-05
7.41917e+07 0.736758 0.805042 0 1.73886e-05
1.95778e+07 0 1 0 6.58955e-05
7.41917e+07 0.736758 0.805042 0 1.73886e-05
3.40802e+07 0.425962 0.870604 0 3.78546e-05
7.41917e+07 0.736758 0.805042 0 1.73886e-05
2.84e+07 0.310795 0.934438 0 4.54257e-05
7.41917e+07 0.736758 0.805042 0 1.73886e-05
7.41917e+07 0.736758 0.805042 0 1.73886e-05
3.40802e+07 0.425962 0.870604 0 3.78546e-05
3.40802e+07 0.425962 0.870604 0 3.78546e-05
3.40802e+07 0.425962 0.870604 0 3.78546e-05
3.40802e+07 0.425962 0.870604 0 3.78546e-05
3.40802e+07 0.425962 0.870604 0 3.78546e-05
3.40802e+07 0.425962 0.870604 0 3.78546e-05
3.40802e+07 0.425962 0.870604 0 3.78546e-05
2.84e+07 0.310795 0.934438 0 4.54257e-05
7.41917e+07 0.736758 0.805042 0 1.73886e-05
3.40802e+07 0.425962 0.870604 0 3.78546e-05
3.31215e+07 0.410104 0.650245 0 3.89502e-05
7.41917e+07 0.736758 0.805042 0 1.73886e-05
3.40802e+07 0.425962 0.870604 0 3.78546e-05
2.84e+07 0.310795 0.934438 0 4.54257e-05
1.98231e+07 0.0125289 0.940534 0 6.50802e-05
3.40802e+07 0.425962 0.870604 0 3.78546e-05
3.40802e+07 0.425962 0.870604 0 3.78546e-05
7.41917e+07 0.736758 0.805042 0 1.73886e-05
3.40802e+07 0.425962 0.870604 0 3.78546e-05
7.41917e+07 0.736758 0.805042 0 1.73886e-05
2.89232e+07 0.323421 0.891824 0.0327808 4.4604e-05
1.95778e+07 0 1 0 6.58955e-05
1.95778e+07 0 1 0 6.58955e-05
3.40802e+07 0.425962 0.870604 0 3.78546e-05
3.40802e+07 0.425962 0.870604 0 3.78546e-05
7.41917e+07 0.736758 0.805042 0 1.73886e-05
7.41917e+07 0.736758 0.805042 0 1.73886e-05
3.40802e+07 0.425962 0.870604 0 3.78546e-05
2.84e+07 0.310795 0.934438 0 4.54257e-05
3.40802e+07 0.425962 0.870604 0 3.78546e-05
3.40802e+07 0.425962 0.870604 0 3.78546e-05
3.40802e+07 0.425962 0.870604 0 3.78546e-05
3.40802e+07 0.425962 0.870604 0 3.78546e-05
3.40802e+07 0.425962 0.870604 0 3.78546e-05
7.41917e+07 0.736758 0.805042 0 1.73886e-05
3.40802e+07 0.425962 0.870604 0 3.78546e-05
3.40802e+07 0.425962 0.870604 0 3.78546e-05
3.40802e+07 0.425962 0.870604 0 3.78546e-05
7.41917e+07 0.736758 0.805042 0 1.73886e-05
3.40802e+07 0.425962 0.870604 0 3.78546e-05
7.41917e+07 0.736758 0.805042 0 1.73886e-05
7.41917e+07 0.736758 0.805042 0 1.73886e-05
3.40802e+07 0.425962 0.870604 0 3.78546e-05
3.40802e+07 0.425962 0.870604 0 3.78546e-05
3.40802e+07 0.425962 0.870604 0 3.78546e-05
3.40802e+07 0.425962 0.870604 0 3.78546e-05
3.40802e+07 0.425962 0.870604 0 3.78546e-05
1.95778e+07 0 1 0 6.58955e-05
3.40802e+07 0.425962 0.870604 0 3.78546e-05
2.84e+07 0.310795 0.934438 0 4.54257e-05
7.41917e+07 0.736758 0.805042 0 1.73886e-05
6.97497e+07 0.749286 0.745576 0 1.8496e-05
3.40802e+07 0.425962 0.870604 0 3.78546e-05
7.41917e+07 0.736758 0.805042 0 1.73886e-05
3.40802e+07 0.425962 0.870604 0 3.78546e-05
