Profile Result: 
AT12 : 1 2901.33 0 1 0
AT17 : 2 4103.11 0 1 0
AT20 : 2 98304 0 1 0
AT24 : 1 3754.67 0 1 0
AT25 : 1 16611.6 0 1 0
AT27 : 1 49152 0 1 0
AT30 : 1 2133.33 0 1 0
AT32 : 1 4096 0 1 0
NULL : 6 0 0 1 0
NULL->NULL : 5 0 7493.78 1 0
AT17->NULL : 3 3093.33 1546.67 1 0
AT17->AT20 : 2 104448 3072 1 0
AT20->NULL : 2 98304 6144 1 0
NULL->AT25 : 2 33223.2 2048 1 0
NULL->AT17 : 2 4103.11 2048 1 0
AT27->AT24 : 1 52906.7 4608 1 0
AT17->AT27 : 1 52224 2304 1 0
AT30->AT25 : 1 18744.9 800 1 0
AT25->AT17 : 1 17642.7 519.111 1 0
AT32->AT17 : 1 7168 4096 1 0
AT24->AT12 : 1 6656 469.333 1 0
AT12->AT30 : 1 5034.66 362.667 1 0
NULL->AT32 : 1 4096 1024 1 0
AT24->NULL : 1 3754.67 1877.33 1 0
NULL->AT24 : 1 3754.67 1024 1 0
AT12->NULL : 1 2901.33 1450.67 1 0
NULL->AT12 : 1 2901.33 1024 1 0
AT30->NULL : 1 2133.33 1066.67 1 0
NULL->AT30 : 1 2133.33 1024 1 0
AT32->AT17->AT20 : 2 112640 11264 1 0
AT32->AT17->AT27 : 1 56320 6400 1 0
AT17->AT27->AT24 : 1 55978.7 6912 1 0
AT27->AT24->AT12 : 1 55808 5077.33 1 0
AT12->AT30->AT25 : 1 21646.3 1162.67 1 0
AT30->AT25->AT17 : 1 19776 1319.11 1 0
AT24->AT12->AT30 : 1 8789.33 832 1 0
AT32->AT17->AT27->AT24 : 1 60074.7 11008 1 0
AT17->AT27->AT24->AT12 : 1 58880 7381.33 1 0
AT27->AT24->AT12->AT30 : 1 57941.3 5440 1 0
AT24->AT12->AT30->AT25 : 1 25400.9 1632 1 0
AT12->AT30->AT25->AT17 : 1 22677.4 1681.78 1 0
AT27->AT24->AT12->AT30->AT25 : 1 74552.9 6240 1 0
AT32->AT17->AT27->AT24->AT12 : 1 62976 11477.3 1 0
AT17->AT27->AT24->AT12->AT30 : 1 61013.3 7744 1 0
AT24->AT12->AT30->AT25->AT17 : 1 26432 2151.11 1 0
AT17->AT27->AT24->AT12->AT30->AT25 : 1 77624.9 8544 1 0
AT27->AT24->AT12->AT30->AT25->AT17 : 1 75584 6759.11 1 0
AT32->AT17->AT27->AT24->AT12->AT30 : 1 65109.3 11840 1 0
AT32->AT17->AT27->AT24->AT12->AT30->AT25 : 1 81720.9 12640 1 0
AT17->AT27->AT24->AT12->AT30->AT25->AT17 : 1 78656 9063.11 1 0
AT32->AT17->AT27->AT24->AT12->AT30->AT25->AT17 : 1 82752 13159.1 1 0
