Profile Result: 
AT12 : 1 1706.67 0 1 0
AT24 : 1 1365.33 0 1 0
AT25 : 1 15018.7 0 1 0
AT26 : 1 1877.33 0 1 0
AT30 : 1 1536 0 1 0
NULL : 4 0 0 1 0
NULL->NULL : 3 0 2586.67 1 0
NULL->AT25 : 2 30037.4 2048 1 0
AT26->NULL : 2 3754.66 1408 1 0
NULL->AT24 : 2 2730.66 2048 1 0
AT25->AT26 : 1 16896 469.333 1 0
AT30->AT25 : 1 16554.7 576 1 0
AT12->AT30 : 1 3242.67 213.333 1 0
AT24->AT12 : 1 3072 170.667 1 0
AT12->NULL : 1 1706.67 853.333 1 0
NULL->AT12 : 1 1706.67 1024 1 0
AT30->NULL : 1 1536 768 1 0
NULL->AT30 : 1 1536 1024 1 0
AT24->NULL : 1 1365.33 682.667 1 0
AT30->AT25->AT26 : 1 18432 1045.33 1 0
AT12->AT30->AT25 : 1 18261.4 789.333 1 0
AT24->AT12->AT30 : 1 4608 384 1 0
AT12->AT30->AT25->AT26 : 1 20138.7 1258.67 1 0
AT24->AT12->AT30->AT25 : 1 19626.7 960 1 0
AT24->AT12->AT30->AT25->AT26 : 1 21504 1429.33 1 0
