Profile Result: 
AT18 : 1 4323.56 0 1 0
AT25 : 1 23665.8 0 1 0
AT26 : 1 2958.22 0 1 0
AT29 : 1 3527.11 0 1 0
AT30 : 1 4778.67 0 1 0
AT35 : 1 9557.33 0 1 0
NULL : 3 0 0 1 0
NULL->AT25 : 2 47331.6 2048 1 0
AT35->NULL : 2 19114.7 1194.67 1 0
NULL->NULL : 2 0 2250.67 1 0
AT30->AT25 : 1 28444.5 1792 1 0
AT25->AT26 : 1 26624 739.556 1 0
AT30->AT35 : 1 14336 2389.33 1 0
AT29->AT30 : 1 8305.78 1322.67 1 0
AT18->AT29 : 1 7850.67 1621.33 1 0
AT26->AT18 : 1 7281.78 1109.33 1 0
NULL->AT30 : 1 4778.67 1024 1 0
NULL->AT18 : 1 4323.56 1024 1 0
AT29->NULL : 1 3527.11 440.889 1 0
NULL->AT29 : 1 3527.11 1024 1 0
AT26->NULL : 1 2958.22 1479.11 1 0
AT29->AT30->AT25 : 1 31971.6 3114.67 1 0
AT30->AT25->AT26 : 1 31402.7 2531.56 1 0
AT25->AT26->AT18 : 1 30947.6 1848.89 1 0
AT29->AT30->AT35 : 1 17863.1 3712 1 0
AT18->AT29->AT30 : 1 12629.3 2944 1 0
AT26->AT18->AT29 : 1 10808.9 2730.66 1 0
AT18->AT29->AT30->AT25 : 1 36295.1 4736 1 0
AT30->AT25->AT26->AT18 : 1 35726.2 3640.89 1 0
AT29->AT30->AT25->AT26 : 1 34929.8 3854.23 1 0
AT25->AT26->AT18->AT29 : 1 34474.7 3470.22 1 0
AT18->AT29->AT30->AT35 : 1 22186.7 5333.33 1 0
AT26->AT18->AT29->AT30 : 1 15587.6 4053.33 1 0
AT30->AT25->AT26->AT18->AT29 : 1 39253.4 5262.22 1 0
AT25->AT26->AT18->AT29->AT30 : 1 39253.4 4792.89 1 0
AT26->AT18->AT29->AT30->AT25 : 1 39253.4 5845.33 1 0
AT18->AT29->AT30->AT25->AT26 : 1 39253.4 5475.56 1 0
AT29->AT30->AT25->AT26->AT18 : 1 39253.4 4963.56 1 0
AT26->AT18->AT29->AT30->AT35 : 1 25144.9 6442.66 1 0
AT25->AT26->AT18->AT29->AT30->AT35 : 1 48810.7 7182.22 1 0
