Profile Result: 
AT15 : 1 14336 0 1 0
AT17 : 1 1536 0 1 0
AT23 : 3 11008 0 1 0
AT24 : 3 7168.01 0 1 0
AT27 : 1 24576 0 1 0
AT30 : 1 2474.67 0 1 0
NULL : 7 0 0 1 0
AT24->NULL : 6 14336 6239.98 1 0
NULL->NULL : 6 0 6769.92 1 0
AT23->NULL : 4 14848 8384 1 0
NULL->AT24 : 3 7168.01 3072 1 0
AT23->AT23 : 2 14848 1856 1 0
AT23->AT24 : 2 12117.3 5376 1 0
AT17->AT23 : 2 10240 1536 1 0
NULL->AT23 : 2 7424 2048 1 0
AT30->NULL : 2 4949.34 2474.66 1 0
NULL->AT17 : 2 3072 2048 1 0
AT27->AT24 : 1 26794.7 2304 1 0
AT17->AT27 : 1 26112 1152 1 0
AT23->AT15 : 1 17920 896 1 0
AT15->AT30 : 1 16810.7 448 1 0
AT15->NULL : 1 14336 448 1 0
NULL->AT30 : 1 2474.67 1024 1 0
AT17->AT23->AT24 : 2 15189.3 6912 1 0
AT17->AT27->AT24 : 1 28330.7 3456 1 0
AT23->AT23->AT15 : 1 21760 1856 1 0
AT23->AT15->AT30 : 1 20394.7 1344 1 0
AT17->AT23->AT15 : 1 19456 1664 1 0
AT23->AT23->AT23 : 1 11008 1856 1 0
AT23->AT23->AT24 : 1 9898.67 3648 1 0
AT17->AT23->AT23 : 1 8960 1664 1 0
AT23->AT23->AT23->AT15 : 1 25344 2752 1 0
AT23->AT23->AT15->AT30 : 1 24234.7 2304 1 0
AT17->AT23->AT15->AT30 : 1 21930.7 2112 1 0
AT23->AT23->AT23->AT24 : 1 13482.7 4544 1 0
AT17->AT23->AT23->AT23 : 1 12544 2624 1 0
AT23->AT23->AT23->AT15->AT30 : 1 27818.7 3200 1 0
AT17->AT23->AT23->AT23->AT15 : 1 26880 3520 1 0
AT17->AT23->AT23->AT23->AT24 : 1 15018.7 5312 1 0
AT17->AT23->AT23->AT23->AT15->AT30 : 1 29354.7 3968 1 0
