Profile Result: 
AT12 : 1 2645.33 0 1 0
AT15 : 1 12970.7 0 1 0
AT17 : 1 1621.33 0 1 0
AT20 : 1 25941.3 0 1 0
AT24 : 1 2048 0 1 0
AT27 : 2 47786.6 0 1 0
AT30 : 1 2304 0 1 0
AT32 : 1 1194.67 0 1 0
AT36 : 1 4778.67 0 1 0
NULL : 4 0 0 1 0
NULL->NULL : 3 0 3610.67 1 0
AT12->NULL : 2 5290.66 1653.34 1 0
AT30->NULL : 2 4608 2304 1 0
AT17->AT20 : 1 27562.6 810.667 1 0
AT17->AT27 : 1 27562.6 1216 1 0
AT20->NULL : 1 25941.3 1621.33 1 0
AT27->NULL : 1 25941.3 2432 1 0
AT27->AT24 : 1 23893.3 2048 1 0
NULL->AT27 : 1 21845.3 1024 1 0
AT15->AT12 : 1 15616 405.333 1 0
AT15->AT30 : 1 15274.7 405.333 1 0
AT17->AT15 : 1 14592 810.667 1 0
AT24->AT36 : 1 6826.67 256 1 0
AT36->AT32 : 1 5973.34 298.667 1 0
NULL->AT36 : 1 4778.67 1024 1 0
AT32->AT17 : 1 2816 1194.67 1 0
NULL->AT12 : 1 2645.33 1024 1 0
NULL->AT30 : 1 2304 1024 1 0
AT24->NULL : 1 2048 1024 1 0
NULL->AT24 : 1 2048 1024 1 0
NULL->AT17 : 1 1621.33 1024 1 0
AT32->AT17->AT20 : 1 28757.3 2005.34 1 0
AT32->AT17->AT27 : 1 28757.3 2410.67 1 0
AT27->AT24->AT36 : 1 28672 2304 1 0
AT17->AT15->AT12 : 1 17237.4 1216 1 0
AT17->AT15->AT30 : 1 16896 1216 1 0
AT32->AT17->AT15 : 1 15786.7 2005.34 1 0
AT24->AT36->AT32 : 1 8021.34 554.667 1 0
AT36->AT32->AT17 : 1 7594.67 1493.34 1 0
AT36->AT32->AT17->AT20 : 1 33536 2304 1 0
AT36->AT32->AT17->AT27 : 1 33536 2709.34 1 0
AT27->AT24->AT36->AT32 : 1 29866.6 2602.67 1 0
AT36->AT32->AT17->AT15 : 1 20565.4 2304 1 0
AT32->AT17->AT15->AT12 : 1 18432 2410.67 1 0
AT32->AT17->AT15->AT30 : 1 18090.7 2410.67 1 0
AT24->AT36->AT32->AT17 : 1 9642.67 1749.34 1 0
AT24->AT36->AT32->AT17->AT20 : 1 35584 2560 1 0
AT24->AT36->AT32->AT17->AT27 : 1 35584 2965.34 1 0
AT27->AT24->AT36->AT32->AT17 : 1 31488 3797.34 1 0
AT36->AT32->AT17->AT15->AT12 : 1 23210.7 2709.34 1 0
AT36->AT32->AT17->AT15->AT30 : 1 22869.4 2709.34 1 0
AT24->AT36->AT32->AT17->AT15 : 1 22613.4 2560 1 0
AT27->AT24->AT36->AT32->AT17->AT20 : 1 57429.3 4608 1 0
AT27->AT24->AT36->AT32->AT17->AT27 : 1 57429.3 5013.34 1 0
AT27->AT24->AT36->AT32->AT17->AT15 : 1 44458.7 4608 1 0
AT24->AT36->AT32->AT17->AT15->AT12 : 1 25258.7 2965.34 1 0
AT24->AT36->AT32->AT17->AT15->AT30 : 1 24917.4 2965.34 1 0
AT27->AT24->AT36->AT32->AT17->AT15->AT12 : 1 47104 5013.34 1 0
AT27->AT24->AT36->AT32->AT17->AT15->AT30 : 1 46762.7 5013.34 1 0
