Profile Result: 
AT18 : 1 4323.56 0 1 0
AT25 : 1 23665.8 0 1 0
AT26 : 1 2958.22 0 1 0
AT28 : 1 65536 0 1 0
AT30 : 1 4778.67 0 1 0
AT32 : 1 4096 0 1 0
AT33 : 1 2048 0 1 0
NULL : 4 0 0 1 0
NULL->NULL : 3 0 4956.45 1 0
NULL->AT25 : 2 47331.6 2048 1 0
AT28->AT30 : 1 70314.7 1024 1 0
AT28->AT32 : 1 69632 1024 1 0
AT33->AT28 : 1 67584 2048 1 0
AT30->AT25 : 1 28444.5 1792 1 0
AT25->AT26 : 1 26624 739.556 1 0
AT26->AT18 : 1 7281.78 1109.33 1 0
AT30->NULL : 1 4778.67 2389.33 1 0
NULL->AT30 : 1 4778.67 1024 1 0
AT18->NULL : 1 4323.56 1621.33 1 0
NULL->AT18 : 1 4323.56 1024 1 0
AT32->NULL : 1 4096 4096 1 0
AT26->NULL : 1 2958.22 1479.11 1 0
AT33->NULL : 1 2048 1024 1 0
NULL->AT33 : 1 2048 1024 1 0
AT28->AT30->AT25 : 1 93980.5 2816 1 0
AT33->AT28->AT30 : 1 72362.7 3072 1 0
AT33->AT28->AT32 : 1 71680 3072 1 0
AT30->AT25->AT26 : 1 31402.7 2531.56 1 0
AT25->AT26->AT18 : 1 30947.6 1848.89 1 0
AT28->AT30->AT25->AT26 : 1 96938.7 3555.56 1 0
AT33->AT28->AT30->AT25 : 1 96028.5 4864 1 0
AT30->AT25->AT26->AT18 : 1 35726.2 3640.89 1 0
AT28->AT30->AT25->AT26->AT18 : 1 101262 4664.89 1 0
AT33->AT28->AT30->AT25->AT26 : 1 98986.7 5603.56 1 0
AT33->AT28->AT30->AT25->AT26->AT18 : 1 103310 6712.89 1 0
