Profile Result: 
AT13 : 1 20480 0 1 0
AT18 : 3 12259.6 0 1 0
AT21 : 1 1365.33 0 1 0
AT22 : 1 10922.7 0 1 0
AT25 : 1 16156.4 0 1 0
AT26 : 1 2019.56 0 1 0
AT30 : 1 1962.67 0 1 0
AT45 : 1 10922.7 0 1 0
NULL : 5 0 0 1 0
NULL->NULL : 4 0 4516.45 1 0
NULL->AT18 : 3 12259.6 3072 1 0
NULL->AT25 : 2 32312.8 2048 1 0
NULL->AT21 : 2 2730.66 2048 1 0
AT45->AT13 : 1 31402.7 341.333 1 0
AT18->AT13 : 1 25258.7 1792 1 0
AT13->AT30 : 1 22442.7 320 1 0
AT22->AT45 : 1 21845.4 1024 1 0
AT13->NULL : 1 20480 1280 1 0
AT25->AT26 : 1 18176 504.889 1 0
AT30->AT25 : 1 18119.1 736 1 0
AT22->AT18 : 1 15018.7 1024 1 0
AT21->AT22 : 1 12288 682.667 1 0
AT45->NULL : 1 10922.7 1365.33 1 0
NULL->AT45 : 1 10922.7 1024 1 0
AT18->AT18 : 1 8874.67 1536 1 0
AT26->AT18 : 1 5404.45 757.333 1 0
AT18->NULL : 1 3384.89 1269.33 1 0
AT26->NULL : 1 2019.56 1009.78 1 0
AT30->NULL : 1 1962.67 981.333 1 0
NULL->AT30 : 1 1962.67 1024 1 0
AT22->AT45->AT13 : 1 42325.4 1365.33 1 0
AT13->AT30->AT25 : 1 38599.1 1056 1 0
AT45->AT13->AT30 : 1 33365.4 661.333 1 0
AT18->AT18->AT13 : 1 29354.7 3328 1 0
AT18->AT13->AT30 : 1 27221.3 2112 1 0
AT21->AT22->AT45 : 1 23210.7 1706.67 1 0
AT25->AT26->AT18 : 1 21560.8 1262.22 1 0
AT30->AT25->AT26 : 1 20138.6 1240.89 1 0
AT22->AT18->AT18 : 1 19797.4 2560 1 0
AT21->AT22->AT18 : 1 16384 1706.67 1 0
AT45->AT13->AT30->AT25 : 1 49521.8 1397.33 1 0
AT22->AT45->AT13->AT30 : 1 44288.1 1685.33 1 0
AT21->AT22->AT45->AT13 : 1 43690.7 2048 1 0
AT18->AT13->AT30->AT25 : 1 43377.7 2848 1 0
AT13->AT30->AT25->AT26 : 1 40618.6 1560.89 1 0
AT22->AT18->AT18->AT13 : 1 40277.4 4352 1 0
AT18->AT18->AT13->AT30 : 1 31317.3 3648 1 0
AT30->AT25->AT26->AT18 : 1 23523.5 1998.22 1 0
AT21->AT22->AT18->AT18 : 1 21162.7 3242.67 1 0
AT22->AT45->AT13->AT30->AT25 : 1 60444.5 2421.33 1 0
AT45->AT13->AT30->AT25->AT26 : 1 51541.3 1902.22 1 0
AT18->AT18->AT13->AT30->AT25 : 1 47473.7 4384 1 0
AT21->AT22->AT45->AT13->AT30 : 1 45653.4 2368 1 0
AT18->AT13->AT30->AT25->AT26 : 1 45397.3 3352.89 1 0
AT13->AT30->AT25->AT26->AT18 : 1 44003.5 2318.22 1 0
AT22->AT18->AT18->AT13->AT30 : 1 42240 4672 1 0
AT21->AT22->AT18->AT18->AT13 : 1 41642.7 5034.67 1 0
AT22->AT45->AT13->AT30->AT25->AT26 : 1 62464 2926.22 1 0
AT21->AT22->AT45->AT13->AT30->AT25 : 1 61809.8 3104 1 0
AT22->AT18->AT18->AT13->AT30->AT25 : 1 58396.4 5408 1 0
AT45->AT13->AT30->AT25->AT26->AT18 : 1 54926.2 2659.56 1 0
AT18->AT18->AT13->AT30->AT25->AT26 : 1 49493.3 4888.89 1 0
AT18->AT13->AT30->AT25->AT26->AT18 : 1 48782.2 4110.22 1 0
AT21->AT22->AT18->AT18->AT13->AT30 : 1 43605.4 5354.67 1 0
AT22->AT45->AT13->AT30->AT25->AT26->AT18 : 1 65848.9 3683.56 1 0
AT21->AT22->AT45->AT13->AT30->AT25->AT26 : 1 63829.4 3608.89 1 0
AT22->AT18->AT18->AT13->AT30->AT25->AT26 : 1 60416 5912.89 1 0
AT21->AT22->AT18->AT18->AT13->AT30->AT25 : 1 59761.8 6090.67 1 0
AT18->AT18->AT13->AT30->AT25->AT26->AT18 : 1 52878.2 5646.22 1 0
AT21->AT22->AT45->AT13->AT30->AT25->AT26->AT18 : 1 67214.2 4366.22 1 0
AT22->AT18->AT18->AT13->AT30->AT25->AT26->AT18 : 1 63800.9 6670.22 1 0
AT21->AT22->AT18->AT18->AT13->AT30->AT25->AT26 : 1 61781.3 6595.56 1 0
AT21->AT22->AT18->AT18->AT13->AT30->AT25->AT26->AT18 : 1 65166.2 7352.89 1 0
