Profile Result: 
AT18 : 3 12629.3 0 1 0
AT25 : 1 20024.9 0 1 0
AT26 : 1 2503.11 0 1 0
AT31 : 1 1315.56 0 1 0
AT32 : 1 2631.11 0 1 0
AT35 : 1 10524.4 0 1 0
NULL : 3 0 0 1 0
NULL->AT18 : 4 16725.3 4096 1 0
NULL->AT25 : 2 40049.8 2048 1 0
NULL->NULL : 2 0 3195.26 1 0
AT18->AT25 : 1 24120.9 1536 1 0
AT25->AT26 : 1 22528 625.778 1 0
AT35->AT32 : 1 13155.5 657.778 1 0
AT31->AT35 : 1 11840 2631.11 1 0
AT35->NULL : 1 10524.4 2631.11 1 0
AT18->AT18 : 1 8533.33 1450.67 1 0
AT26->AT18 : 1 6371.55 938.667 1 0
AT18->AT31 : 1 5980.45 1749.33 1 0
AT32->NULL : 1 2631.11 2631.11 1 0
AT26->NULL : 1 2503.11 1251.56 1 0
NULL->AT31 : 1 1315.56 1024 1 0
AT18->AT25->AT26 : 1 26624 2161.78 1 0
AT25->AT26->AT18 : 1 26396.5 1564.45 1 0
AT18->AT31->AT35 : 1 16504.8 4380.44 1 0
AT31->AT35->AT32 : 1 14471.1 3288.89 1 0
AT26->AT18->AT18 : 1 11036.4 2389.34 1 0
AT18->AT18->AT31 : 1 9848.89 3200 1 0
AT25->AT26->AT18->AT18 : 1 31061.3 3015.12 1 0
AT18->AT25->AT26->AT18 : 1 30492.5 3100.45 1 0
AT18->AT18->AT31->AT35 : 1 20373.3 5831.11 1 0
AT18->AT31->AT35->AT32 : 1 19136 5038.22 1 0
AT26->AT18->AT18->AT31 : 1 12352 4138.67 1 0
AT18->AT25->AT26->AT18->AT18 : 1 35157.3 4551.11 1 0
AT25->AT26->AT18->AT18->AT31 : 1 32376.9 4764.44 1 0
AT18->AT18->AT31->AT35->AT32 : 1 23004.4 6488.89 1 0
AT26->AT18->AT18->AT31->AT35 : 1 22876.4 6769.78 1 0
AT25->AT26->AT18->AT18->AT31->AT35 : 1 42901.3 7395.56 1 0
AT18->AT25->AT26->AT18->AT18->AT31 : 1 36472.9 6300.44 1 0
AT26->AT18->AT18->AT31->AT35->AT32 : 1 25507.5 7427.56 1 0
AT18->AT25->AT26->AT18->AT18->AT31->AT35 : 1 46997.3 8931.56 1 0
AT25->AT26->AT18->AT18->AT31->AT35->AT32 : 1 45532.4 8053.33 1 0
AT18->AT25->AT26->AT18->AT18->AT31->AT35->AT32 : 1 49628.4 9589.33 1 0
