Profile Result: 
AT12 : 1 2048 0 1 0
AT18 : 2 10922.7 0 1 0
AT22 : 1 16384 0 1 0
AT24 : 2 4096 0 1 0
AT25 : 1 15473.8 0 1 0
AT30 : 1 1706.67 0 1 0
NULL : 5 0 0 1 0
NULL->NULL : 4 0 3598.22 1 0
AT24->NULL : 3 6144 3072 1 0
AT22->AT18 : 2 43690.7 3072 1 0
NULL->AT25 : 2 30947.6 2048 1 0
AT18->AT24 : 2 15018.7 4096 1 0
NULL->AT18 : 2 10922.7 2048 1 0
NULL->AT24 : 2 4096 2048 1 0
AT30->AT25 : 1 17180.5 640 1 0
NULL->AT22 : 1 16384 1024 1 0
AT25->NULL : 1 15473.8 483.556 1 0
AT24->AT12 : 1 4096 256 1 0
AT12->AT30 : 1 3754.67 256 1 0
AT12->NULL : 1 2048 1024 1 0
NULL->AT12 : 1 2048 1024 1 0
AT30->NULL : 1 1706.67 853.333 1 0
NULL->AT30 : 1 1706.67 1024 1 0
AT22->AT18->AT24 : 2 47786.7 7168 1 0
AT12->AT30->AT25 : 1 19228.5 896 1 0
AT18->AT24->AT12 : 1 9557.33 2304 1 0
AT24->AT12->AT30 : 1 5802.67 512 1 0
AT22->AT18->AT24->AT12 : 1 25941.3 3840 1 0
AT24->AT12->AT30->AT25 : 1 21276.5 1152 1 0
AT18->AT24->AT12->AT30 : 1 11264 2560 1 0
AT22->AT18->AT24->AT12->AT30 : 1 27648 4096 1 0
AT18->AT24->AT12->AT30->AT25 : 1 26737.8 3200 1 0
AT22->AT18->AT24->AT12->AT30->AT25 : 1 43121.8 4736 1 0
