Profile Result: 
AT17 : 1 1536 0 1 0
AT24 : 1 2048 0 1 0
AT27 : 1 21845.3 0 1 0
AT28 : 2 32768 0 1 0
AT30 : 1 1706.67 0 1 0
AT31 : 1 426.667 0 1 0
AT32 : 1 1024 0 1 0
AT33 : 2 1024 0 1 0
NULL : 5 0 0 1 0
NULL->NULL : 4 0 3176 1 0
AT17->NULL : 3 4608 2304 1 0
AT33->AT28 : 2 33792 1024 1 0
AT30->NULL : 2 3413.34 1706.67 1 0
AT27->AT24 : 1 23893.3 2048 1 0
NULL->AT27 : 1 21845.3 1024 1 0
AT28->AT30 : 1 18090.7 256 1 0
AT28->AT32 : 1 17408 256 1 0
AT28->AT31 : 1 16810.7 256 1 0
AT28->NULL : 1 16384 256 1 0
AT24->AT33 : 1 2560 256 1 0
AT32->AT17 : 1 2560 1024 1 0
AT24->NULL : 1 2048 1024 1 0
NULL->AT24 : 1 2048 1024 1 0
NULL->AT30 : 1 1706.67 1024 1 0
NULL->AT17 : 1 1536 1024 1 0
AT33->AT33 : 1 1024 256 1 0
AT33->NULL : 1 512 256 1 0
AT31->NULL : 1 426.667 853.333 1 0
NULL->AT31 : 1 426.667 1024 1 0
AT27->AT24->AT33 : 1 24405.3 2304 1 0
AT24->AT33->AT28 : 1 18944 768 1 0
AT28->AT32->AT17 : 1 18944 1280 1 0
AT33->AT28->AT30 : 1 18602.7 768 1 0
AT33->AT28->AT32 : 1 17920 768 1 0
AT33->AT33->AT28 : 1 17408 768 1 0
AT33->AT28->AT31 : 1 17322.7 768 1 0
AT24->AT33->AT33 : 1 3072 512 1 0
AT27->AT24->AT33->AT28 : 1 40789.3 2816 1 0
AT27->AT24->AT33->AT33 : 1 24917.3 2560 1 0
AT24->AT33->AT28->AT32 : 1 19968 1024 1 0
AT24->AT33->AT33->AT28 : 1 19456 1024 1 0
AT33->AT28->AT32->AT17 : 1 19456 1792 1 0
AT24->AT33->AT28->AT31 : 1 19370.7 1024 1 0
AT33->AT33->AT28->AT30 : 1 19114.7 1024 1 0
AT27->AT24->AT33->AT28->AT32 : 1 41813.3 3072 1 0
AT27->AT24->AT33->AT33->AT28 : 1 41301.3 3072 1 0
AT27->AT24->AT33->AT28->AT31 : 1 41216 3072 1 0
AT24->AT33->AT28->AT32->AT17 : 1 21504 2048 1 0
AT24->AT33->AT33->AT28->AT30 : 1 21162.7 1280 1 0
AT27->AT24->AT33->AT28->AT32->AT17 : 1 43349.3 4096 1 0
AT27->AT24->AT33->AT33->AT28->AT30 : 1 43008 3328 1 0
