Profile Result: 
AT13 : 1 27306.7 0 1 0
AT17 : 2 3114.66 0 1 0
AT20 : 1 24917.3 0 1 0
AT21 : 1 1280 0 1 0
AT23 : 1 3114.67 0 1 0
AT27 : 2 49834.6 0 1 0
AT31 : 1 597.333 0 1 0
AT32 : 2 2901.34 0 1 0
AT35 : 2 11605.3 0 1 0
AT36 : 1 10922.7 0 1 0
NULL : 5 0 0 1 0
NULL->NULL : 4 0 5895.34 1 0
AT17->AT27 : 2 52949.3 2336 1 0
AT27->NULL : 2 49834.6 4672 1 0
NULL->AT36 : 2 21845.4 2048 1 0
AT35->AT32 : 2 14506.7 725.334 1 0
AT35->NULL : 2 11605.3 2901.34 1 0
AT17->AT23 : 2 9344 1557.33 1 0
AT23->NULL : 2 6229.34 4672 1 0
AT32->AT17 : 2 6016 2901.34 1 0
AT36->AT13 : 1 38229.4 682.667 1 0
AT13->AT35 : 1 34133.4 1706.67 1 0
AT23->AT20 : 1 28032 778.667 1 0
AT13->AT31 : 1 27904 426.667 1 0
NULL->AT13 : 1 27306.7 1024 1 0
AT20->NULL : 1 24917.3 1557.33 1 0
AT31->AT35 : 1 5376 1194.67 1 0
AT17->AT21 : 1 3157.33 938.667 1 0
AT21->AT17 : 1 2517.33 640 1 0
NULL->AT17 : 1 1877.33 1024 1 0
NULL->AT21 : 1 1280 1024 1 0
AT17->NULL : 1 1237.33 618.667 1 0
NULL->AT31 : 1 597.333 1024 1 0
AT17->AT23->AT20 : 2 59178.6 3114.67 1 0
AT32->AT17->AT27 : 2 55850.6 5237.34 1 0
AT35->AT32->AT17 : 2 17621.3 3626.67 1 0
AT32->AT17->AT23 : 2 12245.3 4458.67 1 0
AT36->AT13->AT35 : 1 45056.1 2389.34 1 0
AT36->AT13->AT31 : 1 38826.7 1109.33 1 0
AT13->AT35->AT32 : 1 35840 2133.34 1 0
AT13->AT31->AT35 : 1 32682.7 1621.34 1 0
AT21->AT17->AT27 : 1 22314.6 1568 1 0
AT31->AT35->AT32 : 1 6570.67 1493.34 1 0
AT21->AT17->AT23 : 1 5632 1258.67 1 0
AT32->AT17->AT21 : 1 4864 2645.34 1 0
AT17->AT21->AT17 : 1 4394.66 1578.67 1 0
AT35->AT32->AT17->AT27 : 2 67455.9 5962.67 1 0
AT32->AT17->AT23->AT20 : 2 62079.9 6016.01 1 0
AT35->AT32->AT17->AT23 : 2 23850.7 5184.01 1 0
AT36->AT13->AT35->AT32 : 1 46762.7 2816 1 0
AT36->AT13->AT31->AT35 : 1 43605.4 2304 1 0
AT13->AT35->AT32->AT17 : 1 37717.4 3840.01 1 0
AT13->AT31->AT35->AT32 : 1 33877.4 1920 1 0
AT21->AT17->AT23->AT20 : 1 30549.3 2037.33 1 0
AT17->AT21->AT17->AT27 : 1 24192 2506.67 1 0
AT35->AT32->AT17->AT21 : 1 11690.7 3072 1 0
AT31->AT35->AT32->AT17 : 1 7808 2688.01 1 0
AT17->AT21->AT17->AT23 : 1 7509.33 2197.33 1 0
AT32->AT17->AT21->AT17 : 1 6101.33 3285.34 1 0
AT35->AT32->AT17->AT23->AT20 : 2 73685.3 6741.34 1 0
AT13->AT35->AT32->AT17->AT27 : 1 67754.7 5248.01 1 0
AT36->AT13->AT35->AT32->AT17 : 1 48640.1 4522.67 1 0
AT36->AT13->AT31->AT35->AT32 : 1 44800.1 2602.67 1 0
AT13->AT35->AT32->AT17->AT23 : 1 40832 4778.67 1 0
AT13->AT35->AT32->AT17->AT21 : 1 38997.4 4778.67 1 0
AT13->AT31->AT35->AT32->AT17 : 1 35114.7 3114.67 1 0
AT17->AT21->AT17->AT23->AT20 : 1 32426.6 2976 1 0
AT31->AT35->AT32->AT17->AT27 : 1 27605.3 3616.01 1 0
AT32->AT17->AT21->AT17->AT27 : 1 25898.6 4213.34 1 0
AT35->AT32->AT17->AT21->AT17 : 1 12928 3712 1 0
AT31->AT35->AT32->AT17->AT23 : 1 10922.7 3306.67 1 0
AT32->AT17->AT21->AT17->AT23 : 1 9216 3904 1 0
AT36->AT13->AT35->AT32->AT17->AT27 : 1 78677.4 5930.67 1 0
AT13->AT35->AT32->AT17->AT23->AT20 : 1 65749.3 5557.34 1 0
AT13->AT31->AT35->AT32->AT17->AT27 : 1 54912 4042.67 1 0
AT36->AT13->AT35->AT32->AT17->AT23 : 1 51754.7 5461.34 1 0
AT36->AT13->AT35->AT32->AT17->AT21 : 1 49920.1 5461.34 1 0
AT36->AT13->AT31->AT35->AT32->AT17 : 1 46037.4 3797.34 1 0
AT13->AT35->AT32->AT17->AT21->AT17 : 1 40234.7 5418.67 1 0
AT13->AT31->AT35->AT32->AT17->AT23 : 1 38229.4 3733.34 1 0
AT31->AT35->AT32->AT17->AT23->AT20 : 1 35840 4085.34 1 0
AT32->AT17->AT21->AT17->AT23->AT20 : 1 34133.3 4682.67 1 0
AT35->AT32->AT17->AT21->AT17->AT27 : 1 32725.3 4640 1 0
AT35->AT32->AT17->AT21->AT17->AT23 : 1 16042.7 4330.67 1 0
AT36->AT13->AT35->AT32->AT17->AT23->AT20 : 1 76672 6240.01 1 0
AT36->AT13->AT31->AT35->AT32->AT17->AT27 : 1 65834.7 4725.34 1 0
AT13->AT31->AT35->AT32->AT17->AT23->AT20 : 1 63146.7 4512.01 1 0
AT13->AT35->AT32->AT17->AT21->AT17->AT27 : 1 60032 6346.67 1 0
AT36->AT13->AT35->AT32->AT17->AT21->AT17 : 1 51157.4 6101.34 1 0
AT36->AT13->AT31->AT35->AT32->AT17->AT23 : 1 49152.1 4416.01 1 0
AT13->AT35->AT32->AT17->AT21->AT17->AT23 : 1 43349.4 6037.34 1 0
AT35->AT32->AT17->AT21->AT17->AT23->AT20 : 1 40960 5109.34 1 0
AT36->AT13->AT31->AT35->AT32->AT17->AT23->AT20 : 1 74069.4 5194.68 1 0
AT36->AT13->AT35->AT32->AT17->AT21->AT17->AT27 : 1 70954.7 7029.34 1 0
AT13->AT35->AT32->AT17->AT21->AT17->AT23->AT20 : 1 68266.7 6816.01 1 0
AT36->AT13->AT35->AT32->AT17->AT21->AT17->AT23 : 1 54272.1 6720.01 1 0
AT36->AT13->AT35->AT32->AT17->AT21->AT17->AT23->AT20 : 1 79189.4 7498.68 1 0
