Profile Result: 
AT12 : 2 4394.66 0 1 0
AT17 : 1 1536 0 1 0
AT20 : 2 53248 0 1 0
AT23 : 1 3584 0 1 0
AT24 : 2 4693.34 0 1 0
AT27 : 1 24576 0 1 0
AT28 : 1 17749.3 0 1 0
AT33 : 1 554.667 0 1 0
NULL : 6 0 0 1 0
NULL->NULL : 5 0 5343 1 0
AT12->NULL : 4 8789.32 3594.68 1 0
AT20->NULL : 2 53248 3328 1 0
AT28->NULL : 2 35498.6 554.666 1 0
AT24->NULL : 2 4693.34 2346.66 1 0
NULL->AT24 : 2 4693.34 2048 1 0
NULL->AT12 : 2 4394.66 2048 1 0
NULL->AT17 : 2 3072 2048 1 0
AT23->AT20 : 1 32256 896 1 0
AT27->AT24 : 1 26794.7 2304 1 0
AT17->AT20 : 1 26112 768 1 0
AT17->AT27 : 1 26112 1152 1 0
AT33->AT28 : 1 18304 554.667 1 0
AT23->AT24 : 1 6058.67 2688 1 0
AT17->AT23 : 1 5120 768 1 0
AT24->AT12 : 1 4736 309.333 1 0
AT23->NULL : 1 3584 1792 1 0
NULL->AT23 : 1 3584 1024 1 0
AT24->AT33 : 1 2773.34 277.333 1 0
AT33->AT12 : 1 2688 277.333 1 0
AT17->AT23->AT20 : 1 33792 1664 1 0
AT17->AT27->AT24 : 1 28330.7 3456 1 0
AT27->AT24->AT33 : 1 27349.3 2581.33 1 0
AT24->AT33->AT28 : 1 20522.6 832 1 0
AT23->AT24->AT12 : 1 8320 2997.33 1 0
AT17->AT23->AT24 : 1 7594.67 3456 1 0
AT24->AT33->AT12 : 1 4906.67 554.666 1 0
AT27->AT24->AT33->AT28 : 1 45098.6 3136 1 0
AT27->AT24->AT33->AT12 : 1 29482.7 2858.67 1 0
AT17->AT27->AT24->AT33 : 1 28885.3 3733.33 1 0
AT17->AT23->AT24->AT12 : 1 9856 3765.33 1 0
AT17->AT27->AT24->AT33->AT28 : 1 46634.6 4288 1 0
AT17->AT27->AT24->AT33->AT12 : 1 31018.7 4010.67 1 0
