Profile Result: 
AT12 : 1 1877.33 0 1 0
AT18 : 1 4096 0 1 0
AT21 : 1 1365.33 0 1 0
AT24 : 1 1706.67 0 1 0
AT25 : 1 15246.2 0 1 0
AT26 : 1 2730.67 0 1 0
AT30 : 1 1621.33 0 1 0
NULL : 5 0 0 1 0
NULL->NULL : 4 0 3991.11 1 0
NULL->AT25 : 2 30492.4 2048 1 0
NULL->AT21 : 2 2730.66 2048 1 0
AT30->AT25 : 1 16867.5 608 1 0
AT25->NULL : 1 15246.2 476.444 1 0
AT26->AT18 : 1 6826.67 1024 1 0
AT18->AT24 : 1 5802.67 1536 1 0
AT21->AT26 : 1 4096 682.667 1 0
NULL->AT18 : 1 4096 1024 1 0
AT24->AT12 : 1 3584 213.333 1 0
AT12->AT30 : 1 3498.66 234.667 1 0
AT26->NULL : 1 2730.67 1365.33 1 0
AT12->NULL : 1 1877.33 938.667 1 0
NULL->AT12 : 1 1877.33 1024 1 0
AT24->NULL : 1 1706.67 853.333 1 0
NULL->AT24 : 1 1706.67 1024 1 0
AT30->NULL : 1 1621.33 810.667 1 0
NULL->AT30 : 1 1621.33 1024 1 0
AT12->AT30->AT25 : 1 18744.9 842.667 1 0
AT26->AT18->AT24 : 1 8533.34 2560 1 0
AT21->AT26->AT18 : 1 8192 1706.67 1 0
AT18->AT24->AT12 : 1 7680 1749.33 1 0
AT24->AT12->AT30 : 1 5205.33 448 1 0
AT24->AT12->AT30->AT25 : 1 20451.5 1056 1 0
AT26->AT18->AT24->AT12 : 1 10410.7 2773.33 1 0
AT21->AT26->AT18->AT24 : 1 9898.67 3242.67 1 0
AT18->AT24->AT12->AT30 : 1 9301.33 1984 1 0
AT18->AT24->AT12->AT30->AT25 : 1 24547.5 2592 1 0
AT26->AT18->AT24->AT12->AT30 : 1 12032 3008 1 0
AT21->AT26->AT18->AT24->AT12 : 1 11776 3456 1 0
AT26->AT18->AT24->AT12->AT30->AT25 : 1 27278.2 3616 1 0
AT21->AT26->AT18->AT24->AT12->AT30 : 1 13397.3 3690.67 1 0
AT21->AT26->AT18->AT24->AT12->AT30->AT25 : 1 28643.5 4298.67 1 0
