Profile Result: 
AT13 : 1 21845.3 0 1 0
AT17 : 1 1080.89 0 1 0
AT23 : 1 2161.78 0 1 0
AT25 : 1 18204.4 0 1 0
AT28 : 1 32768 0 1 0
AT30 : 1 2730.67 0 1 0
NULL : 4 0 0 1 0
AT23->NULL : 3 6485.34 4863.99 1 0
NULL->NULL : 3 0 3048 1 0
AT13->NULL : 2 43690.6 2730.66 1 0
NULL->AT25 : 2 36408.8 2048 1 0
AT17->AT23 : 2 6485.34 1080.89 1 0
AT28->AT13 : 1 54613.3 512 1 0
AT28->AT30 : 1 35498.7 512 1 0
NULL->AT28 : 1 32768 1024 1 0
NULL->AT13 : 1 21845.3 1024 1 0
AT30->AT25 : 1 20935.1 1024 1 0
AT25->AT17 : 1 19285.3 568.889 1 0
AT30->NULL : 1 2730.67 1365.33 1 0
NULL->AT30 : 1 2730.67 1024 1 0
AT17->NULL : 1 1080.89 810.667 1 0
NULL->AT17 : 1 1080.89 1024 1 0
AT25->AT17->AT23 : 2 42894.1 2218.67 1 0
AT28->AT30->AT25 : 1 53703.1 1536 1 0
AT30->AT25->AT17 : 1 22016 1592.89 1 0
AT30->AT25->AT17->AT23 : 2 48355.5 4266.67 1 0
AT28->AT30->AT25->AT17 : 1 54784 2104.89 1 0
AT28->AT30->AT25->AT17->AT23 : 2 113891 5290.67 1 0
