Profile Result: 
AT12 : 1 1842.57 0 1 0
AT18 : 3 11251.4 0 1 0
AT24 : 1 1637.14 0 1 0
AT25 : 4 72442.7 0 1 0
AT26 : 3 7155.36 0 1 0
AT30 : 1 1603.95 0 1 0
NULL : 7 0 0 1 0
NULL->AT25 : 9 163090 9216 1 0
NULL->NULL : 6 0 6019.39 1 0
AT25->AT26 : 3 64398.2 1788.84 1 0
AT26->AT18 : 3 18406.7 2683.26 1 0
NULL->AT18 : 3 11251.4 3072 1 0
AT26->NULL : 3 7155.36 3577.68 1 0
AT18->AT25 : 2 46471.9 2787.55 1 0
AT30->AT25 : 1 16803.8 601.481 1 0
AT25->NULL : 1 15199.9 474.996 1 0
AT18->AT24 : 1 5455.02 1431.7 1 0
AT24->AT12 : 1 3479.71 204.642 1 0
AT12->AT30 : 1 3446.52 230.321 1 0
AT12->NULL : 1 1842.57 921.284 1 0
NULL->AT12 : 1 1842.57 1024 1 0
AT24->NULL : 1 1637.14 818.568 1 0
NULL->AT24 : 1 1637.14 1024 1 0
AT30->NULL : 1 1603.95 801.975 1 0
NULL->AT30 : 1 1603.95 1024 1 0
AT25->AT26->AT18 : 3 75649.5 4472.1 1 0
AT18->AT25->AT26 : 2 51351.7 4007.5 1 0
AT26->AT18->AT25 : 2 51174.7 4551.1 1 0
AT12->AT30->AT25 : 1 18646.4 831.802 1 0
AT26->AT18->AT24 : 1 7907.56 2351.4 1 0
AT18->AT24->AT12 : 1 7297.59 1636.34 1 0
AT24->AT12->AT30 : 1 5083.66 434.963 1 0
AT25->AT26->AT18->AT25 : 2 88797.2 5726.81 1 0
AT18->AT25->AT26->AT18 : 2 58962.2 5837.43 1 0
AT26->AT18->AT25->AT26 : 2 56054.5 5771.06 1 0
AT25->AT26->AT18->AT24 : 1 27527.9 2964.54 1 0
AT24->AT12->AT30->AT25 : 1 20283.6 1036.44 1 0
AT26->AT18->AT24->AT12 : 1 9750.13 2556.05 1 0
AT18->AT24->AT12->AT30 : 1 8901.54 1866.66 1 0
AT25->AT26->AT18->AT25->AT26 : 2 93677 6946.76 1 0
AT26->AT18->AT25->AT26->AT18 : 2 63665 7600.98 1 0
AT18->AT25->AT26->AT18->AT25 : 1 48899.1 4304.59 1 0
AT18->AT25->AT26->AT18->AT24 : 1 31320.5 4386.76 1 0
AT25->AT26->AT18->AT24->AT12 : 1 29370.4 3169.18 1 0
AT18->AT24->AT12->AT30->AT25 : 1 24101.4 2468.14 1 0
AT26->AT18->AT24->AT12->AT30 : 1 11354.1 2786.37 1 0
AT25->AT26->AT18->AT25->AT26->AT18 : 2 101287 8776.69 1 0
AT18->AT25->AT26->AT18->AT25->AT26 : 1 51351.7 4917.72 1 0
AT26->AT18->AT25->AT26->AT18->AT25 : 1 51174.7 5157.92 1 0
AT26->AT18->AT25->AT26->AT18->AT24 : 1 33747.7 5296.98 1 0
AT18->AT25->AT26->AT18->AT24->AT12 : 1 33163 4591.4 1 0
AT25->AT26->AT18->AT24->AT12->AT30 : 1 30974.4 3399.5 1 0
AT26->AT18->AT24->AT12->AT30->AT25 : 1 26554 3387.85 1 0
AT25->AT26->AT18->AT25->AT26->AT18->AT25 : 1 69379.1 5726.81 1 0
AT18->AT25->AT26->AT18->AT25->AT26->AT18 : 1 55169.6 5837.43 1 0
AT26->AT18->AT25->AT26->AT18->AT25->AT26 : 1 53627.2 5771.06 1 0
AT25->AT26->AT18->AT25->AT26->AT18->AT24 : 1 53165.8 5903.8 1 0
AT25->AT26->AT18->AT24->AT12->AT30->AT25 : 1 46174.3 4000.98 1 0
AT26->AT18->AT25->AT26->AT18->AT24->AT12 : 1 35590.3 5501.62 1 0
AT18->AT25->AT26->AT18->AT24->AT12->AT30 : 1 34767 4821.72 1 0
AT25->AT26->AT18->AT25->AT26->AT18->AT25->AT26 : 1 71831.6 6339.94 1 0
AT26->AT18->AT25->AT26->AT18->AT25->AT26->AT18 : 1 57445.1 6690.76 1 0
AT18->AT25->AT26->AT18->AT25->AT26->AT18->AT24 : 1 56806.7 7269.13 1 0
AT25->AT26->AT18->AT25->AT26->AT18->AT24->AT12 : 1 55008.4 6108.44 1 0
AT18->AT25->AT26->AT18->AT24->AT12->AT30->AT25 : 1 49966.9 5423.2 1 0
AT26->AT18->AT25->AT26->AT18->AT24->AT12->AT30 : 1 37194.2 5731.94 1 0
AT25->AT26->AT18->AT25->AT26->AT18->AT25->AT26->AT18 : 1 75649.5 7259.65 1 0
AT26->AT18->AT25->AT26->AT18->AT25->AT26->AT18->AT24 : 1 59082.3 8122.46 1 0
AT18->AT25->AT26->AT18->AT25->AT26->AT18->AT24->AT12 : 1 58649.3 7473.77 1 0
AT25->AT26->AT18->AT25->AT26->AT18->AT24->AT12->AT30 : 1 56612.3 6338.76 1 0
AT26->AT18->AT25->AT26->AT18->AT24->AT12->AT30->AT25 : 1 52394.1 6333.43 1 0
AT25->AT26->AT18->AT25->AT26->AT18->AT25->AT26->AT18->AT24 : 1 77286.7 8691.35 1 0
AT25->AT26->AT18->AT25->AT26->AT18->AT24->AT12->AT30->AT25 : 1 71812.2 6940.24 1 0
AT26->AT18->AT25->AT26->AT18->AT25->AT26->AT18->AT24->AT12 : 1 60924.8 8327.1 1 0
AT18->AT25->AT26->AT18->AT25->AT26->AT18->AT24->AT12->AT30 : 1 60253.2 7704.09 1 0
AT25->AT26->AT18->AT25->AT26->AT18->AT25->AT26->AT18->AT24->AT12 : 1 79129.2 8895.99 1 0
AT18->AT25->AT26->AT18->AT25->AT26->AT18->AT24->AT12->AT30->AT25 : 1 75453.1 8305.57 1 0
AT26->AT18->AT25->AT26->AT18->AT25->AT26->AT18->AT24->AT12->AT30 : 1 62528.8 8557.42 1 0
AT25->AT26->AT18->AT25->AT26->AT18->AT25->AT26->AT18->AT24->AT12->AT30 : 1 80733.2 9126.31 1 0
AT26->AT18->AT25->AT26->AT18->AT25->AT26->AT18->AT24->AT12->AT30->AT25 : 1 77728.7 9158.9 1 0
AT25->AT26->AT18->AT25->AT26->AT18->AT25->AT26->AT18->AT24->AT12->AT30->AT25 : 1 95933.1 9727.79 1 0
