Profile Result: 
AT18 : 1 4096 0 1 0
AT21 : 1 1365.33 0 1 0
AT22 : 1 10922.7 0 1 0
AT23 : 3 12288 0 1 0
AT24 : 3 8192.01 0 1 0
AT33 : 1 682.667 0 1 0
AT37 : 1 4096 0 1 0
NULL : 7 0 0 1 0
NULL->NULL : 6 0 7170.66 1 0
AT24->NULL : 5 13653.4 6826.65 1 0
NULL->AT23 : 4 16384 4096 1 0
AT23->AT24 : 3 20480 9216 1 0
AT23->NULL : 3 12288 6144 1 0
NULL->AT24 : 3 8192.01 3072 1 0
AT23->AT23 : 2 16384 2048 1 0
AT22->AT18 : 1 15018.7 1024 1 0
AT21->AT22 : 1 12288 682.667 1 0
AT22->NULL : 1 10922.7 1024 1 0
AT23->AT37 : 1 8192 1024 1 0
AT37->AT21 : 1 5461.33 1024 1 0
AT33->AT37 : 1 4778.67 682.667 1 0
AT37->NULL : 1 4096 512 1 0
AT18->NULL : 1 4096 1536 1 0
NULL->AT18 : 1 4096 1024 1 0
AT24->AT33 : 1 3413.34 341.333 1 0
NULL->AT21 : 1 1365.33 1024 1 0
AT33->NULL : 1 682.667 341.333 1 0
AT23->AT23->AT24 : 2 21845.3 8192 1 0
AT37->AT21->AT22 : 1 16384 1706.67 1 0
AT21->AT22->AT18 : 1 16384 1706.67 1 0
AT23->AT23->AT23 : 1 12288 2048 1 0
AT23->AT23->AT37 : 1 12288 2048 1 0
AT23->AT37->AT21 : 1 9557.33 2048 1 0
AT23->AT24->AT33 : 1 7509.34 3413.33 1 0
AT24->AT33->AT37 : 1 7509.34 1024 1 0
AT33->AT37->AT21 : 1 6144 1706.67 1 0
AT23->AT37->AT21->AT22 : 1 20480 2730.67 1 0
AT37->AT21->AT22->AT18 : 1 20480 2730.67 1 0
AT33->AT37->AT21->AT22 : 1 17066.7 2389.33 1 0
AT23->AT23->AT23->AT37 : 1 16384 3072 1 0
AT23->AT23->AT23->AT24 : 1 15018.7 5120 1 0
AT23->AT23->AT37->AT21 : 1 13653.3 3072 1 0
AT23->AT24->AT33->AT37 : 1 11605.3 4096 1 0
AT24->AT33->AT37->AT21 : 1 8874.67 2048 1 0
AT23->AT23->AT37->AT21->AT22 : 1 24576 3754.67 1 0
AT23->AT37->AT21->AT22->AT18 : 1 24576 3754.67 1 0
AT33->AT37->AT21->AT22->AT18 : 1 21162.7 3413.33 1 0
AT24->AT33->AT37->AT21->AT22 : 1 19797.4 2730.67 1 0
AT23->AT23->AT23->AT37->AT21 : 1 17749.3 4096 1 0
AT23->AT24->AT33->AT37->AT21 : 1 12970.7 5120 1 0
AT23->AT23->AT23->AT37->AT21->AT22 : 1 28672 4778.67 1 0
AT23->AT23->AT37->AT21->AT22->AT18 : 1 28672 4778.67 1 0
AT23->AT24->AT33->AT37->AT21->AT22 : 1 23893.4 5802.67 1 0
AT24->AT33->AT37->AT21->AT22->AT18 : 1 23893.4 3754.67 1 0
AT23->AT23->AT23->AT37->AT21->AT22->AT18 : 1 32768 5802.67 1 0
AT23->AT24->AT33->AT37->AT21->AT22->AT18 : 1 27989.4 6826.67 1 0
