Profile Result: 
AT17 : 1 1877.33 0 1 0
AT18 : 1 5461.33 0 1 0
AT21 : 1 1280 0 1 0
AT22 : 1 16384 0 1 0
AT23 : 1 3754.67 0 1 0
AT24 : 1 2048 0 1 0
AT32 : 1 1706.67 0 1 0
AT45 : 1 13653.3 0 1 0
NULL : 4 0 0 1 0
NULL->NULL : 3 0 3249.78 1 0
AT17->AT23 : 2 11264 1877.33 1 0
AT24->NULL : 2 4096 2048 1 0
AT22->AT45 : 1 30037.3 1536 1 0
AT22->AT18 : 1 21845.3 1536 1 0
NULL->AT22 : 1 16384 1024 1 0
AT45->AT32 : 1 15360 426.667 1 0
AT45->NULL : 1 13653.3 1706.67 1 0
NULL->AT45 : 1 13653.3 1024 1 0
AT18->AT24 : 1 7509.33 2048 1 0
AT23->AT24 : 1 5802.67 2816 1 0
NULL->AT18 : 1 5461.33 1024 1 0
AT23->AT21 : 1 5034.67 938.667 1 0
AT23->NULL : 1 3754.67 1877.33 1 0
AT32->AT17 : 1 3584 1706.67 1 0
AT17->NULL : 1 1877.33 1408 1 0
NULL->AT17 : 1 1877.33 1024 1 0
AT21->NULL : 1 1280 640 1 0
NULL->AT21 : 1 1280 1024 1 0
AT17->AT23->AT24 : 2 15360 7509.33 1 0
AT32->AT17->AT23 : 2 14677.3 5290.67 1 0
AT17->AT23->AT21 : 2 13824 3754.67 1 0
AT22->AT45->AT32 : 1 31744 1962.67 1 0
AT22->AT18->AT24 : 1 23893.3 3584 1 0
AT45->AT32->AT17 : 1 17237.3 2133.34 1 0
AT45->AT32->AT17->AT23 : 2 41983.9 6144.01 1 0
AT32->AT17->AT23->AT24 : 2 18773.3 10922.7 1 0
AT32->AT17->AT23->AT21 : 2 17237.3 7168.01 1 0
AT22->AT45->AT32->AT17 : 1 33621.3 3669.34 1 0
AT22->AT45->AT32->AT17->AT23 : 2 74751.9 9216.01 1 0
AT45->AT32->AT17->AT23->AT24 : 2 46079.9 11776 1 0
AT45->AT32->AT17->AT23->AT21 : 2 44543.9 8021.34 1 0
AT22->AT45->AT32->AT17->AT23->AT24 : 2 78847.9 14848 1 0
AT22->AT45->AT32->AT17->AT23->AT21 : 2 77311.9 11093.3 1 0
