Profile Result: 
AT17 : 1 2048 0 1 0
AT20 : 1 32768 0 1 0
AT21 : 1 1365.33 0 1 0
AT23 : 1 4096 0 1 0
AT24 : 2 5461.34 0 1 0
AT26 : 1 2730.67 0 1 0
AT27 : 1 32768 0 1 0
AT32 : 1 2048 0 1 0
AT35 : 1 8192 0 1 0
NULL : 5 0 0 1 0
AT24->NULL : 4 10922.7 4437.32 1 0
NULL->NULL : 4 0 5056 1 0
AT26->NULL : 2 5461.34 2048 1 0
NULL->AT24 : 2 5461.34 2048 1 0
AT27->AT24 : 1 35498.7 3072 1 0
AT17->AT20 : 1 34816 1024 1 0
AT17->AT27 : 1 34816 1536 1 0
AT20->NULL : 1 32768 2048 1 0
AT23->AT35 : 1 12288 2048 1 0
AT35->AT32 : 1 10240 512 1 0
AT35->NULL : 1 8192 2048 1 0
AT23->AT24 : 1 6826.67 3072 1 0
AT17->AT23 : 1 6144 1024 1 0
AT23->AT21 : 1 5461.33 1024 1 0
AT32->AT17 : 1 4096 2048 1 0
AT21->AT26 : 1 4096 682.667 1 0
NULL->AT23 : 1 4096 1024 1 0
NULL->AT17 : 1 2048 1024 1 0
NULL->AT21 : 1 1365.33 1024 1 0
AT17->AT27->AT24 : 1 37546.7 4608 1 0
AT32->AT17->AT20 : 1 36864 3072 1 0
AT32->AT17->AT27 : 1 36864 3584 1 0
AT23->AT35->AT32 : 1 14336 2560 1 0
AT17->AT23->AT35 : 1 14336 3072 1 0
AT35->AT32->AT17 : 1 12288 2560 1 0
AT17->AT23->AT24 : 1 8874.67 4096 1 0
AT23->AT21->AT26 : 1 8192 1706.67 1 0
AT32->AT17->AT23 : 1 8192 3072 1 0
AT17->AT23->AT21 : 1 7509.33 2048 1 0
AT35->AT32->AT17->AT20 : 1 45056 3584 1 0
AT35->AT32->AT17->AT27 : 1 45056 4096 1 0
AT32->AT17->AT27->AT24 : 1 39594.7 6656 1 0
AT23->AT35->AT32->AT17 : 1 16384 4608 1 0
AT35->AT32->AT17->AT23 : 1 16384 3584 1 0
AT32->AT17->AT23->AT35 : 1 16384 5120 1 0
AT17->AT23->AT35->AT32 : 1 16384 3584 1 0
AT32->AT17->AT23->AT24 : 1 10922.7 6144 1 0
AT17->AT23->AT21->AT26 : 1 10240 2730.67 1 0
AT32->AT17->AT23->AT21 : 1 9557.33 4096 1 0
AT23->AT35->AT32->AT17->AT20 : 1 49152 5632 1 0
AT23->AT35->AT32->AT17->AT27 : 1 49152 6144 1 0
AT35->AT32->AT17->AT27->AT24 : 1 47786.7 7168 1 0
AT35->AT32->AT17->AT23->AT24 : 1 19114.7 6656 1 0
AT35->AT32->AT17->AT23->AT21 : 1 17749.3 4608 1 0
AT32->AT17->AT23->AT21->AT26 : 1 12288 4778.67 1 0
AT23->AT35->AT32->AT17->AT27->AT24 : 1 51882.7 9216 1 0
AT35->AT32->AT17->AT23->AT21->AT26 : 1 20480 5290.67 1 0
