Profile Result: 
AT11 : 1 1137.78 0 1 0
AT14 : 1 18204.4 0 1 0
AT18 : 1 3640.89 0 1 0
AT19 : 1 4551.11 0 1 0
AT24 : 1 1592.89 0 1 0
AT25 : 1 18204.4 0 1 0
AT26 : 1 2275.56 0 1 0
AT28 : 1 32768 0 1 0
AT30 : 1 2730.67 0 1 0
AT32 : 2 3413.33 0 1 0
AT35 : 1 5461.33 0 1 0
NULL : 5 0 0 1 0
NULL->NULL : 4 0 4430.22 1 0
NULL->AT25 : 2 36408.8 2048 1 0
AT26->NULL : 2 4551.12 1706.67 1 0
AT32->NULL : 2 3413.33 3413.33 1 0
AT24->NULL : 2 3185.78 1592.89 1 0
AT28->AT30 : 1 35498.7 512 1 0
AT28->AT32 : 1 34816 512 1 0
NULL->AT28 : 1 32768 1024 1 0
AT25->AT19 : 1 22755.5 568.889 1 0
AT19->AT14 : 1 22755.5 853.333 1 0
AT30->AT25 : 1 20935.1 1024 1 0
AT14->AT11 : 1 19342.2 284.444 1 0
AT14->NULL : 1 18204.4 853.333 1 0
AT30->AT35 : 1 8192 1365.33 1 0
AT19->AT18 : 1 8192 853.333 1 0
AT35->AT32 : 1 6826.66 341.333 1 0
AT35->NULL : 1 5461.33 1365.33 1 0
AT18->AT24 : 1 5233.78 1365.33 1 0
AT19->NULL : 1 4551.11 1137.78 1 0
NULL->AT18 : 1 3640.89 1024 1 0
AT11->AT26 : 1 3413.34 568.889 1 0
NULL->AT30 : 1 2730.67 1024 1 0
NULL->AT24 : 1 1592.89 1024 1 0
AT28->AT30->AT25 : 1 53703.1 1536 1 0
AT28->AT30->AT35 : 1 40960 1877.33 1 0
AT25->AT19->AT14 : 1 40959.9 1422.22 1 0
AT25->AT19->AT18 : 1 26396.4 1422.22 1 0
AT30->AT25->AT19 : 1 25486.2 1592.89 1 0
AT19->AT14->AT11 : 1 23893.3 1137.78 1 0
AT14->AT11->AT26 : 1 21617.7 853.333 1 0
AT19->AT18->AT24 : 1 9784.89 2218.66 1 0
AT30->AT35->AT32 : 1 9557.33 1706.66 1 0
AT28->AT30->AT25->AT19 : 1 58254.2 2104.89 1 0
AT30->AT25->AT19->AT14 : 1 43690.6 2446.22 1 0
AT28->AT30->AT35->AT32 : 1 42325.3 2218.66 1 0
AT25->AT19->AT14->AT11 : 1 42097.7 1706.67 1 0
AT30->AT25->AT19->AT18 : 1 29127.1 2446.22 1 0
AT25->AT19->AT18->AT24 : 1 27989.3 2787.55 1 0
AT19->AT14->AT11->AT26 : 1 26168.9 1706.67 1 0
AT28->AT30->AT25->AT19->AT14 : 1 76458.6 2958.22 1 0
AT28->AT30->AT25->AT19->AT18 : 1 61895.1 2958.22 1 0
AT30->AT25->AT19->AT14->AT11 : 1 44828.4 2730.67 1 0
AT25->AT19->AT14->AT11->AT26 : 1 44373.2 2275.55 1 0
AT30->AT25->AT19->AT18->AT24 : 1 30720 3811.55 1 0
AT28->AT30->AT25->AT19->AT14->AT11 : 1 77596.4 3242.67 1 0
AT28->AT30->AT25->AT19->AT18->AT24 : 1 63488 4323.55 1 0
AT30->AT25->AT19->AT14->AT11->AT26 : 1 47103.9 3299.56 1 0
AT28->AT30->AT25->AT19->AT14->AT11->AT26 : 1 79871.9 3811.56 1 0
