Profile Result: 
AT6 : 1 27306.7 0 1 0
AT18 : 3 12003.6 0 1 0
AT19 : 1 4778.67 0 1 0
AT20 : 1 32768 0 1 0
AT24 : 1 1806.22 0 1 0
AT25 : 1 20935.1 0 1 0
AT26 : 1 2616.89 0 1 0
AT29 : 1 4778.67 0 1 0
AT31 : 1 1258.67 0 1 0
AT34 : 1 853.333 0 1 0
NULL : 5 0 0 1 0
NULL->NULL : 4 0 4524 1 0
NULL->AT25 : 2 41870.2 2048 1 0
AT19->AT18 : 2 17066.7 1792 1 0
NULL->AT18 : 2 7509.34 2048 1 0
AT24->NULL : 2 3612.44 1806.22 1 0
AT20->AT6 : 1 60074.7 2048 1 0
NULL->AT20 : 1 32768 1024 1 0
AT6->AT34 : 1 28160 426.667 1 0
NULL->AT6 : 1 27306.7 1024 1 0
AT29->AT25 : 1 25713.8 1792 1 0
AT25->AT26 : 1 23552 654.222 1 0
AT29->AT19 : 1 9557.34 597.333 1 0
AT18->AT18 : 1 8248.89 1408 1 0
AT26->AT18 : 1 7111.11 981.333 1 0
AT18->AT24 : 1 6300.44 1685.33 1 0
AT34->AT29 : 1 5632 2560 1 0
AT18->AT31 : 1 5013.34 1408 1 0
AT19->NULL : 1 4778.67 1194.67 1 0
NULL->AT29 : 1 4778.67 1024 1 0
AT26->NULL : 1 2616.89 1308.44 1 0
NULL->AT24 : 1 1806.22 1024 1 0
AT31->NULL : 1 1258.67 2517.33 1 0
NULL->AT31 : 1 1258.67 1024 1 0
AT29->AT19->AT18 : 2 26624 2986.67 1 0
AT20->AT6->AT34 : 1 60928 2474.67 1 0
AT6->AT34->AT29 : 1 32938.7 2986.67 1 0
AT29->AT25->AT26 : 1 28330.7 2446.22 1 0
AT25->AT26->AT18 : 1 28046.2 1635.55 1 0
AT34->AT29->AT25 : 1 26567.1 4352 1 0
AT19->AT18->AT18 : 1 13027.6 2304 1 0
AT34->AT29->AT19 : 1 10410.7 3157.33 1 0
AT18->AT18->AT24 : 1 10055.1 3093.33 1 0
AT19->AT18->AT31 : 1 9792.01 2304 1 0
AT26->AT18->AT24 : 1 8917.33 2666.66 1 0
AT34->AT29->AT19->AT18 : 2 28330.7 8106.67 1 0
AT20->AT6->AT34->AT29 : 1 65706.7 5034.67 1 0
AT6->AT34->AT29->AT25 : 1 53873.8 4778.67 1 0
AT6->AT34->AT29->AT19 : 1 37717.4 3584 1 0
AT29->AT25->AT26->AT18 : 1 32824.9 3427.55 1 0
AT25->AT26->AT18->AT24 : 1 29852.4 3320.88 1 0
AT34->AT29->AT25->AT26 : 1 29184 5006.22 1 0
AT29->AT19->AT18->AT18 : 1 17806.2 2901.33 1 0
AT19->AT18->AT18->AT24 : 1 14833.8 3989.33 1 0
AT29->AT19->AT18->AT31 : 1 14570.7 2901.33 1 0
AT6->AT34->AT29->AT19->AT18 : 2 82944.1 8960 1 0
AT20->AT6->AT34->AT29->AT25 : 1 86641.8 6826.67 1 0
AT20->AT6->AT34->AT29->AT19 : 1 70485.4 5632 1 0
AT6->AT34->AT29->AT25->AT26 : 1 56490.7 5432.89 1 0
AT29->AT25->AT26->AT18->AT24 : 1 34631.1 5112.89 1 0
AT34->AT29->AT25->AT26->AT18 : 1 33678.2 5987.55 1 0
AT29->AT19->AT18->AT18->AT24 : 1 19612.5 4586.66 1 0
AT34->AT29->AT19->AT18->AT18 : 1 18659.6 5461.33 1 0
AT34->AT29->AT19->AT18->AT31 : 1 15424 5461.33 1 0
AT20->AT6->AT34->AT29->AT19->AT18 : 2 148480 13056 1 0
AT20->AT6->AT34->AT29->AT25->AT26 : 1 89258.7 7480.89 1 0
AT6->AT34->AT29->AT25->AT26->AT18 : 1 60984.9 6414.22 1 0
AT6->AT34->AT29->AT19->AT18->AT18 : 1 45966.3 5888 1 0
AT6->AT34->AT29->AT19->AT18->AT31 : 1 42730.7 5888 1 0
AT34->AT29->AT25->AT26->AT18->AT24 : 1 35484.4 7672.88 1 0
AT34->AT29->AT19->AT18->AT18->AT24 : 1 20465.8 7146.66 1 0
AT20->AT6->AT34->AT29->AT25->AT26->AT18 : 1 93752.9 8462.22 1 0
AT20->AT6->AT34->AT29->AT19->AT18->AT18 : 1 78734.3 7936 1 0
AT20->AT6->AT34->AT29->AT19->AT18->AT31 : 1 75498.7 7936 1 0
AT6->AT34->AT29->AT25->AT26->AT18->AT24 : 1 62791.1 8099.55 1 0
AT6->AT34->AT29->AT19->AT18->AT18->AT24 : 1 47772.5 7573.33 1 0
AT20->AT6->AT34->AT29->AT25->AT26->AT18->AT24 : 1 95559.1 10147.6 1 0
AT20->AT6->AT34->AT29->AT19->AT18->AT18->AT24 : 1 80540.5 9621.33 1 0
