Profile Result: 
AT15 : 1 13312 0 1 0
AT17 : 1 1536 0 1 0
AT23 : 2 6912 0 1 0
AT24 : 1 2218.67 0 1 0
AT27 : 1 24576 0 1 0
NULL : 4 0 0 1 0
AT23->NULL : 4 13824 10368 1 0
NULL->NULL : 3 0 4710.67 1 0
AT15->NULL : 2 26624 832 1 0
AT17->AT23 : 2 9984 1536 1 0
AT24->NULL : 2 4437.34 2218.66 1 0
NULL->AT17 : 2 3072 2048 1 0
AT27->AT24 : 1 26794.7 2304 1 0
AT17->AT27 : 1 26112 1152 1 0
AT23->AT15 : 1 16640 832 1 0
AT23->AT23 : 1 6912 896 1 0
NULL->AT23 : 1 3584 1024 1 0
NULL->AT24 : 1 2218.67 1024 1 0
AT17->AT27->AT24 : 1 28330.7 3456 1 0
AT23->AT23->AT15 : 1 20224 1728 1 0
AT17->AT23->AT15 : 1 18176 1600 1 0
AT17->AT23->AT23 : 1 8448 1664 1 0
AT17->AT23->AT23->AT15 : 1 21760 2496 1 0
