Profile Result: 
AT15 : 1 18432 0 1 0
AT17 : 1 2304 0 1 0
AT21 : 1 1493.33 0 1 0
AT32 : 1 2560 0 1 0
AT35 : 1 10240 0 1 0
AT38 : 1 1280 0 1 0
NULL : 3 0 0 1 0
AT15->NULL : 2 36864 1152 1 0
NULL->AT38 : 2 2560 2048 1 0
NULL->NULL : 2 0 3328 1 0
AT17->AT15 : 1 20736 1152 1 0
AT35->AT32 : 1 12800 640 1 0
AT38->AT35 : 1 11520 2560 1 0
AT35->NULL : 1 10240 2560 1 0
AT32->AT17 : 1 4864 2560 1 0
AT17->AT21 : 1 3797.33 1152 1 0
AT17->NULL : 1 2304 1728 1 0
NULL->AT17 : 1 2304 1024 1 0
AT21->NULL : 1 1493.33 746.667 1 0
NULL->AT21 : 1 1493.33 1024 1 0
AT38->NULL : 1 1280 2560 1 0
AT32->AT17->AT15 : 1 23296 3712 1 0
AT35->AT32->AT17 : 1 15104 3200 1 0
AT38->AT35->AT32 : 1 14080 3200 1 0
AT32->AT17->AT21 : 1 6357.33 3712 1 0
AT35->AT32->AT17->AT15 : 1 33536 4352 1 0
AT35->AT32->AT17->AT21 : 1 16597.3 4352 1 0
AT38->AT35->AT32->AT17 : 1 16384 5760 1 0
AT38->AT35->AT32->AT17->AT15 : 1 34816 6912 1 0
AT38->AT35->AT32->AT17->AT21 : 1 17877.3 6912 1 0
