Profile Result: 
AT17 : 1 2560 0 1 0
AT20 : 1 32768 0 1 0
AT23 : 1 5120 0 1 0
AT27 : 1 40960 0 1 0
AT32 : 1 3072 0 1 0
AT35 : 1 12288 0 1 0
AT38 : 1 1536 0 1 0
NULL : 3 0 0 1 0
AT23->NULL : 3 15360 6400 1 0
AT17->AT23 : 2 15360 2560 1 0
NULL->NULL : 2 0 6080 1 0
AT17->AT27 : 1 43520 1920 1 0
AT27->NULL : 1 40960 3840 1 0
AT20->AT38 : 1 34304 2048 1 0
NULL->AT20 : 1 32768 1024 1 0
AT35->AT32 : 1 15360 768 1 0
AT38->AT35 : 1 13824 3072 1 0
AT35->NULL : 1 12288 3072 1 0
AT32->AT17 : 1 5632 3072 1 0
NULL->AT17 : 1 2560 1024 1 0
AT38->NULL : 1 1536 3072 1 0
NULL->AT38 : 1 1536 1024 1 0
AT32->AT17->AT23 : 2 21504 8704 1 0
AT20->AT38->AT35 : 1 46592 5120 1 0
AT32->AT17->AT27 : 1 46592 4992 1 0
AT35->AT32->AT17 : 1 17920 3840 1 0
AT38->AT35->AT32 : 1 16896 3840 1 0
AT35->AT32->AT17->AT23 : 2 46080 10240 1 0
AT35->AT32->AT17->AT27 : 1 58880 5760 1 0
AT20->AT38->AT35->AT32 : 1 49664 5888 1 0
AT38->AT35->AT32->AT17 : 1 19456 6912 1 0
AT38->AT35->AT32->AT17->AT23 : 2 49152 16384 1 0
AT38->AT35->AT32->AT17->AT27 : 1 60416 8832 1 0
AT20->AT38->AT35->AT32->AT17 : 1 52224 8960 1 0
AT20->AT38->AT35->AT32->AT17->AT23 : 2 114688 20480 1 0
AT20->AT38->AT35->AT32->AT17->AT27 : 1 93184 10880 1 0
