Profile Result: 
AT6 : 1 35498.7 0 1 0
AT9 : 1 1557.33 0 1 0
AT10 : 1 13994.7 0 1 0
AT13 : 1 23210.7 0 1 0
AT17 : 1 1413.33 0 1 0
AT20 : 1 32768 0 1 0
AT21 : 1 1802.67 0 1 0
AT23 : 2 6605.33 0 1 0
AT24 : 2 4668 0 1 0
AT27 : 1 22613.3 0 1 0
AT35 : 1 12288 0 1 0
AT38 : 1 1536 0 1 0
NULL : 6 0 0 1 0
NULL->NULL : 5 0 6628.72 1 0
AT24->NULL : 4 9336 4668 1 0
AT23->AT24 : 2 11273.3 4954 1 0
AT17->AT23 : 2 9431.99 1413.33 1 0
AT23->NULL : 2 6605.33 3302.67 1 0
NULL->AT24 : 2 4668 2048 1 0
AT6->AT13 : 1 58709.4 554.667 1 0
AT13->AT10 : 1 37205.4 362.667 1 0
AT9->AT6 : 1 37056 1168 1 0
AT38->AT6 : 1 37034.7 3072 1 0
AT20->AT38 : 1 34304 2048 1 0
NULL->AT20 : 1 32768 1024 1 0
AT17->AT27 : 1 24026.6 1060 1 0
AT13->NULL : 1 23210.7 1450.67 1 0
NULL->AT13 : 1 23210.7 1024 1 0
AT27->NULL : 1 22613.3 2120 1 0
AT23->AT10 : 1 17138.7 786 1 0
AT10->AT9 : 1 15552 2624 1 0
AT38->AT35 : 1 13824 3072 1 0
AT35->AT38 : 1 13824 768 1 0
AT35->NULL : 1 12288 3072 1 0
AT23->AT23 : 1 6605.33 865.333 1 0
NULL->AT23 : 1 3461.33 1024 1 0
AT9->AT21 : 1 3360 2336 1 0
AT21->AT17 : 1 3216 901.333 1 0
NULL->AT21 : 1 1802.67 1024 1 0
NULL->AT9 : 1 1557.33 1024 1 0
NULL->AT17 : 1 1413.33 1024 1 0
AT17->AT23->AT24 : 2 14100 6367.33 1 0
AT21->AT17->AT23 : 2 13037.3 3216 1 0
AT6->AT13->AT10 : 1 72704.1 917.334 1 0
AT20->AT38->AT6 : 1 69802.7 5120 1 0
AT9->AT6->AT13 : 1 60266.7 1722.67 1 0
AT38->AT6->AT13 : 1 60245.4 3626.67 1 0
AT10->AT9->AT6 : 1 51050.7 3792 1 0
AT35->AT38->AT6 : 1 49322.7 3840 1 0
AT20->AT38->AT35 : 1 46592 5120 1 0
AT13->AT10->AT9 : 1 38762.7 2986.67 1 0
AT21->AT17->AT27 : 1 25829.3 1961.33 1 0
AT23->AT23->AT10 : 1 20600 1651.33 1 0
AT23->AT10->AT9 : 1 18696 3410 1 0
AT17->AT23->AT10 : 1 18552 1492.67 1 0
AT10->AT9->AT21 : 1 17354.7 4960 1 0
AT23->AT23->AT24 : 1 8860 3223.33 1 0
AT17->AT23->AT23 : 1 8018.66 1572 1 0
AT9->AT21->AT17 : 1 4773.33 3237.33 1 0
AT21->AT17->AT23->AT24 : 2 17705.3 8170 1 0
AT9->AT21->AT17->AT23 : 2 16152 7888 1 0
AT20->AT38->AT6->AT13 : 1 93013.4 5674.67 1 0
AT6->AT13->AT10->AT9 : 1 74261.4 3541.33 1 0
AT13->AT10->AT9->AT6 : 1 74261.4 4154.67 1 0
AT10->AT9->AT6->AT13 : 1 74261.4 4346.67 1 0
AT9->AT6->AT13->AT10 : 1 74261.4 2085.33 1 0
AT38->AT6->AT13->AT10 : 1 74240.1 3989.33 1 0
AT35->AT38->AT6->AT13 : 1 72533.4 4394.67 1 0
AT23->AT10->AT9->AT6 : 1 54194.7 4578 1 0
AT13->AT10->AT9->AT21 : 1 40565.4 5322.67 1 0
AT9->AT21->AT17->AT27 : 1 27386.6 4297.33 1 0
AT23->AT23->AT10->AT9 : 1 22157.4 4275.33 1 0
AT17->AT23->AT23->AT10 : 1 22013.4 2358 1 0
AT23->AT10->AT9->AT21 : 1 20498.7 5746 1 0
AT21->AT17->AT23->AT10 : 1 20354.7 2394 1 0
AT17->AT23->AT10->AT9 : 1 20109.4 4116.67 1 0
AT10->AT9->AT21->AT17 : 1 18768 5861.33 1 0
AT17->AT23->AT23->AT24 : 1 10273.3 3930 1 0
AT21->AT17->AT23->AT23 : 1 9821.33 2473.33 1 0
AT10->AT9->AT21->AT17->AT23 : 2 44141.4 13136 1 0
AT9->AT21->AT17->AT23->AT24 : 2 20820 12842 1 0
AT20->AT38->AT6->AT13->AT10 : 1 107008 6037.33 1 0
AT35->AT38->AT6->AT13->AT10 : 1 86528.1 4757.33 1 0
AT23->AT10->AT9->AT6->AT13 : 1 77405.4 5132.67 1 0
AT6->AT13->AT10->AT9->AT21 : 1 76064.1 5877.33 1 0
AT38->AT6->AT13->AT10->AT9 : 1 75797.4 6613.33 1 0
AT23->AT23->AT10->AT9->AT6 : 1 57656.1 5443.33 1 0
AT17->AT23->AT10->AT9->AT6 : 1 55608.1 5284.67 1 0
AT13->AT10->AT9->AT21->AT17 : 1 41978.7 6224 1 0
AT10->AT9->AT21->AT17->AT27 : 1 41381.3 6921.33 1 0
AT23->AT23->AT10->AT9->AT21 : 1 23960 6611.33 1 0
AT21->AT17->AT23->AT23->AT10 : 1 23816 3259.33 1 0
AT17->AT23->AT23->AT10->AT9 : 1 23570.7 4982 1 0
AT9->AT21->AT17->AT23->AT10 : 1 21912 4730 1 0
AT21->AT17->AT23->AT10->AT9 : 1 21912 5018 1 0
AT17->AT23->AT10->AT9->AT21 : 1 21912 6452.67 1 0
AT23->AT10->AT9->AT21->AT17 : 1 21912 6647.33 1 0
AT21->AT17->AT23->AT23->AT24 : 1 12076 4831.33 1 0
AT9->AT21->AT17->AT23->AT23 : 1 11378.7 4809.33 1 0
AT13->AT10->AT9->AT21->AT17->AT23 : 2 90562.8 13861.3 1 0
AT10->AT9->AT21->AT17->AT23->AT24 : 2 48809.4 18090 1 0
AT20->AT38->AT6->AT13->AT10->AT9 : 1 108565 8661.33 1 0
AT35->AT38->AT6->AT13->AT10->AT9 : 1 88085.4 7381.33 1 0
AT23->AT23->AT10->AT9->AT6->AT13 : 1 80866.8 5998 1 0
AT17->AT23->AT10->AT9->AT6->AT13 : 1 78818.8 5839.33 1 0
AT38->AT6->AT13->AT10->AT9->AT21 : 1 77600.1 8949.33 1 0
AT6->AT13->AT10->AT9->AT21->AT17 : 1 77477.4 6778.67 1 0
AT13->AT10->AT9->AT21->AT17->AT27 : 1 64592 7284 1 0
AT17->AT23->AT23->AT10->AT9->AT6 : 1 59069.4 6150 1 0
AT21->AT17->AT23->AT10->AT9->AT6 : 1 57410.7 6186 1 0
AT23->AT10->AT9->AT21->AT17->AT27 : 1 44525.3 7707.33 1 0
AT10->AT9->AT21->AT17->AT23->AT23 : 1 25373.4 7433.33 1 0
AT9->AT21->AT17->AT23->AT23->AT10 : 1 25373.4 5595.33 1 0
AT21->AT17->AT23->AT23->AT10->AT9 : 1 25373.4 5883.33 1 0
AT17->AT23->AT23->AT10->AT9->AT21 : 1 25373.4 7318 1 0
AT23->AT23->AT10->AT9->AT21->AT17 : 1 25373.4 7512.67 1 0
AT23->AT10->AT9->AT21->AT17->AT23 : 1 25373.4 7354 1 0
AT9->AT21->AT17->AT23->AT23->AT24 : 1 13633.3 7167.33 1 0
AT6->AT13->AT10->AT9->AT21->AT17->AT23 : 2 161560 14970.7 1 0
AT13->AT10->AT9->AT21->AT17->AT23->AT24 : 2 95230.8 18815.3 1 0
AT20->AT38->AT6->AT13->AT10->AT9->AT21 : 1 110368 10997.3 1 0
AT6->AT13->AT10->AT9->AT21->AT17->AT27 : 1 100091 7838.67 1 0
AT35->AT38->AT6->AT13->AT10->AT9->AT21 : 1 89888.1 9717.33 1 0
AT17->AT23->AT23->AT10->AT9->AT6->AT13 : 1 82280.1 6704.67 1 0
AT21->AT17->AT23->AT10->AT9->AT6->AT13 : 1 80621.4 6740.67 1 0
AT38->AT6->AT13->AT10->AT9->AT21->AT17 : 1 79013.4 9850.67 1 0
AT21->AT17->AT23->AT23->AT10->AT9->AT6 : 1 60872.1 7051.33 1 0
AT13->AT10->AT9->AT21->AT17->AT23->AT23 : 1 48584.1 7796 1 0
AT23->AT23->AT10->AT9->AT21->AT17->AT27 : 1 47986.7 8572.67 1 0
AT23->AT10->AT9->AT21->AT17->AT23->AT24 : 1 27786.7 9950 1 0
AT10->AT9->AT21->AT17->AT23->AT23->AT24 : 1 27628 9791.33 1 0
AT6->AT13->AT10->AT9->AT21->AT17->AT23->AT24 : 2 166228 19924.7 1 0
AT38->AT6->AT13->AT10->AT9->AT21->AT17->AT23 : 2 164632 21114.7 1 0
AT20->AT38->AT6->AT13->AT10->AT9->AT21->AT17 : 1 111781 11898.7 1 0
AT38->AT6->AT13->AT10->AT9->AT21->AT17->AT27 : 1 101627 10910.7 1 0
AT35->AT38->AT6->AT13->AT10->AT9->AT21->AT17 : 1 91301.4 10618.7 1 0
AT6->AT13->AT10->AT9->AT21->AT17->AT23->AT23 : 1 84082.8 8350.67 1 0
AT21->AT17->AT23->AT23->AT10->AT9->AT6->AT13 : 1 84082.8 7606 1 0
AT13->AT10->AT9->AT21->AT17->AT23->AT23->AT24 : 1 50838.7 10154 1 0
AT20->AT38->AT6->AT13->AT10->AT9->AT21->AT17->AT23 : 2 230168 25210.7 1 0
AT35->AT38->AT6->AT13->AT10->AT9->AT21->AT17->AT23 : 2 189208 22650.7 1 0
AT38->AT6->AT13->AT10->AT9->AT21->AT17->AT23->AT24 : 2 169300 26068.7 1 0
AT20->AT38->AT6->AT13->AT10->AT9->AT21->AT17->AT27 : 1 134395 12958.7 1 0
AT35->AT38->AT6->AT13->AT10->AT9->AT21->AT17->AT27 : 1 113915 11678.7 1 0
AT6->AT13->AT10->AT9->AT21->AT17->AT23->AT23->AT24 : 1 86337.4 10708.7 1 0
AT38->AT6->AT13->AT10->AT9->AT21->AT17->AT23->AT23 : 1 85618.8 11422.7 1 0
AT20->AT38->AT6->AT13->AT10->AT9->AT21->AT17->AT23->AT24 : 2 234836 30164.7 1 0
AT35->AT38->AT6->AT13->AT10->AT9->AT21->AT17->AT23->AT24 : 2 193876 27604.7 1 0
AT20->AT38->AT6->AT13->AT10->AT9->AT21->AT17->AT23->AT23 : 1 118387 13470.7 1 0
AT35->AT38->AT6->AT13->AT10->AT9->AT21->AT17->AT23->AT23 : 1 97906.8 12190.7 1 0
AT38->AT6->AT13->AT10->AT9->AT21->AT17->AT23->AT23->AT24 : 1 87873.4 13780.7 1 0
AT20->AT38->AT6->AT13->AT10->AT9->AT21->AT17->AT23->AT23->AT24 : 1 120641 15828.7 1 0
AT35->AT38->AT6->AT13->AT10->AT9->AT21->AT17->AT23->AT23->AT24 : 1 100161 14548.7 1 0
