Profile Result: 
AT24 : 1 1365.33 0 1 0
AT25 : 1 14563.6 0 1 0
AT26 : 1 1820.44 0 1 0
AT28 : 1 10922.7 0 1 0
AT30 : 1 1365.33 0 1 0
AT32 : 1 682.667 0 1 0
AT33 : 1 341.333 0 1 0
NULL : 4 0 0 1 0
NULL->NULL : 3 0 2232.89 1 0
NULL->AT25 : 2 29127.2 2048 1 0
AT26->NULL : 2 3640.88 1365.33 1 0
NULL->AT24 : 2 2730.66 2048 1 0
AT25->AT26 : 1 16384 455.111 1 0
AT30->AT25 : 1 15928.9 512 1 0
AT28->AT30 : 1 12288 170.667 1 0
AT28->AT32 : 1 11605.4 170.667 1 0
AT33->AT28 : 1 11264 341.333 1 0
AT24->AT33 : 1 1706.66 170.667 1 0
AT24->NULL : 1 1365.33 682.667 1 0
AT30->NULL : 1 1365.33 682.667 1 0
NULL->AT30 : 1 1365.33 1024 1 0
AT32->NULL : 1 682.667 682.667 1 0
AT33->NULL : 1 341.333 170.667 1 0
AT28->AT30->AT25 : 1 26851.6 682.667 1 0
AT30->AT25->AT26 : 1 17749.4 967.111 1 0
AT24->AT33->AT28 : 1 12629.4 512 1 0
AT33->AT28->AT30 : 1 12629.4 512 1 0
AT33->AT28->AT32 : 1 11946.7 512 1 0
AT28->AT30->AT25->AT26 : 1 28672.1 1137.78 1 0
AT33->AT28->AT30->AT25 : 1 27193 1024 1 0
AT24->AT33->AT28->AT30 : 1 13994.7 682.667 1 0
AT24->AT33->AT28->AT32 : 1 13312 682.667 1 0
AT33->AT28->AT30->AT25->AT26 : 1 29013.4 1479.11 1 0
AT24->AT33->AT28->AT30->AT25 : 1 28558.3 1194.67 1 0
AT24->AT33->AT28->AT30->AT25->AT26 : 1 30378.7 1649.78 1 0
