Profile Result: 
AT18 : 3 15018.7 0 1 0
AT22 : 1 16384 0 1 0
AT25 : 2 43690.6 0 1 0
AT26 : 2 5461.34 0 1 0
NULL : 4 0 0 1 0
NULL->AT25 : 4 87381.2 4096 1 0
NULL->AT18 : 3 15018.7 3072 1 0
AT26->NULL : 3 8192.01 3413.33 1 0
NULL->NULL : 3 0 3370.67 1 0
AT18->AT25 : 2 54613.3 4096 1 0
AT25->AT26 : 2 49151.9 1365.33 1 0
AT22->AT18 : 2 43690.7 3072 1 0
NULL->AT22 : 1 16384 1024 1 0
AT26->AT18 : 1 6826.67 1024 1 0
AT18->NULL : 1 4096 1536 1 0
AT22->AT18->AT25 : 2 87381.3 7168 1 0
AT18->AT25->AT26 : 2 60074.6 5461.33 1 0
AT25->AT26->AT18 : 1 28672 1706.67 1 0
AT22->AT18->AT25->AT26 : 2 92842.6 8533.33 1 0
AT18->AT25->AT26->AT18 : 1 34133.3 3754.67 1 0
AT22->AT18->AT25->AT26->AT18 : 1 50517.3 5290.67 1 0
