Profile Result: 
AT17 : 1 2048 0 1 0
AT19 : 1 4551.11 0 1 0
AT20 : 1 32768 0 1 0
AT23 : 1 4096 0 1 0
AT25 : 1 18204.4 0 1 0
AT27 : 1 32768 0 1 0
AT28 : 1 32768 0 1 0
AT30 : 1 2730.67 0 1 0
AT32 : 1 2048 0 1 0
NULL : 5 0 0 1 0
NULL->NULL : 4 0 6168.89 1 0
AT19->NULL : 3 13653.3 3128.89 1 0
AT23->NULL : 3 12288 8192 1 0
NULL->AT25 : 2 36408.8 2048 1 0
AT28->AT30 : 1 35498.7 512 1 0
AT28->AT32 : 1 34816 512 1 0
AT17->AT27 : 1 34816 1536 1 0
AT17->AT20 : 1 34816 1024 1 0
AT20->NULL : 1 32768 2048 1 0
AT27->NULL : 1 32768 3072 1 0
NULL->AT28 : 1 32768 1024 1 0
AT25->AT19 : 1 22755.5 568.889 1 0
AT30->AT25 : 1 20935.1 1024 1 0
AT17->AT23 : 1 6144 1024 1 0
AT32->AT17 : 1 4096 2048 1 0
NULL->AT23 : 1 4096 1024 1 0
AT30->NULL : 1 2730.67 1365.33 1 0
NULL->AT30 : 1 2730.67 1024 1 0
NULL->AT17 : 1 2048 1024 1 0
AT28->AT30->AT25 : 1 53703.1 1536 1 0
AT28->AT32->AT17 : 1 36864 2560 1 0
AT32->AT17->AT27 : 1 36864 3584 1 0
AT32->AT17->AT20 : 1 36864 3072 1 0
AT30->AT25->AT19 : 1 25486.2 1592.89 1 0
AT32->AT17->AT23 : 1 8192 3072 1 0
AT28->AT32->AT17->AT27 : 1 69632 4096 1 0
AT28->AT32->AT17->AT20 : 1 69632 3584 1 0
AT28->AT30->AT25->AT19 : 1 58254.2 2104.89 1 0
AT28->AT32->AT17->AT23 : 1 40960 3584 1 0
