Profile Result: 
AT14 : 1 10922.7 0 1 0
AT16 : 1 5461.33 0 1 0
AT21 : 1 1365.33 0 1 0
AT26 : 2 4096 0 1 0
AT29 : 1 2730.67 0 1 0
AT32 : 2 1365.33 0 1 0
AT35 : 2 5461.34 0 1 0
NULL : 4 0 0 1 0
AT26->NULL : 3 6826.67 2730.67 1 0
NULL->NULL : 3 0 2197.33 1 0
AT14->NULL : 2 21845.4 1024 1 0
AT35->AT32 : 2 6826.67 341.334 1 0
NULL->AT29 : 2 5461.34 2048 1 0
AT32->NULL : 2 1365.33 1365.33 1 0
AT26->AT14 : 1 12288 512 1 0
AT29->AT16 : 1 8192 1024 1 0
AT16->AT35 : 1 8192 682.667 1 0
AT16->AT21 : 1 6826.66 1024 1 0
AT35->AT35 : 1 5461.34 682.667 1 0
AT29->AT26 : 1 4096 341.333 1 0
AT21->AT26 : 1 4096 682.667 1 0
AT35->NULL : 1 2730.67 682.667 1 0
NULL->AT21 : 1 1365.33 1024 1 0
AT29->AT26->AT14 : 1 15018.7 853.333 1 0
AT29->AT16->AT35 : 1 10922.7 1706.67 1 0
AT16->AT35->AT35 : 1 10922.7 1365.33 1 0
AT29->AT16->AT21 : 1 9557.33 2048 1 0
AT16->AT21->AT26 : 1 9557.33 1706.67 1 0
AT16->AT35->AT32 : 1 8874.67 853.334 1 0
AT35->AT35->AT32 : 1 6144.01 853.334 1 0
AT29->AT16->AT35->AT35 : 1 13653.3 2389.33 1 0
AT29->AT16->AT21->AT26 : 1 12288 2730.67 1 0
AT29->AT16->AT35->AT32 : 1 11605.3 1877.33 1 0
AT16->AT35->AT35->AT32 : 1 11605.3 1536 1 0
AT29->AT16->AT35->AT35->AT32 : 1 14336 2560 1 0
