Profile Result: 
AT15 : 1 16384 0 1 0
AT23 : 3 12288 0 1 0
AT30 : 1 2730.67 0 1 0
NULL : 5 0 0 1 0
AT23->NULL : 6 24576 17408 1 0
NULL->AT23 : 4 16384 4096 1 0
NULL->NULL : 4 0 7573.34 1 0
AT23->AT23 : 2 16384 2048 1 0
AT30->NULL : 2 5461.34 2730.66 1 0
AT23->AT15 : 1 20480 1024 1 0
AT15->AT30 : 1 19114.7 512 1 0
AT15->NULL : 1 16384 512 1 0
NULL->AT30 : 1 2730.67 1024 1 0
AT23->AT23->AT15 : 1 24576 2048 1 0
AT23->AT15->AT30 : 1 23210.7 1536 1 0
AT23->AT23->AT23 : 1 12288 2048 1 0
AT23->AT23->AT23->AT15 : 1 28672 3072 1 0
AT23->AT23->AT15->AT30 : 1 27306.7 2560 1 0
AT23->AT23->AT23->AT15->AT30 : 1 31402.7 3584 1 0
