Profile Result: 
AT12 : 1 1848.89 0 1 0
AT13 : 1 12060.4 0 1 0
AT18 : 3 11832.9 0 1 0
AT22 : 1 10012.4 0 1 0
AT24 : 1 1649.78 0 1 0
AT25 : 1 20024.9 0 1 0
AT28 : 1 13198.2 0 1 0
AT31 : 1 448 0 1 0
AT33 : 1 412.444 0 1 0
NULL : 5 0 0 1 0
NULL->AT18 : 4 15928.9 4096 1 0
NULL->NULL : 4 0 3415.11 1 0
NULL->AT25 : 2 40049.8 2048 1 0
AT22->AT18 : 2 27761.7 1877.33 1 0
AT13->NULL : 2 24120.8 942.222 1 0
AT12->NULL : 2 3697.78 1848.89 1 0
AT25->AT22 : 1 30037.3 625.778 1 0
AT28->AT13 : 1 25258.6 206.222 1 0
AT18->AT25 : 1 24120.9 1536 1 0
AT28->AT31 : 1 13646.2 206.222 1 0
AT33->AT28 : 1 13610.6 412.444 1 0
NULL->AT13 : 1 12060.4 1024 1 0
AT18->AT24 : 1 5518.22 1450.67 1 0
AT18->AT31 : 1 4316.44 1450.67 1 0
AT33->AT12 : 1 2261.33 206.222 1 0
AT24->AT33 : 1 2062.22 206.222 1 0
NULL->AT12 : 1 1848.89 1024 1 0
AT24->NULL : 1 1649.78 824.889 1 0
NULL->AT24 : 1 1649.78 1024 1 0
AT31->NULL : 1 448 896 1 0
AT25->AT22->AT18 : 2 67811.5 3128.89 1 0
AT18->AT25->AT22 : 1 34133.3 2161.78 1 0
AT33->AT28->AT13 : 1 25671 618.666 1 0
AT22->AT18->AT24 : 1 15530.6 2389.34 1 0
AT24->AT33->AT28 : 1 15260.4 618.666 1 0
AT22->AT18->AT31 : 1 14328.8 2389.34 1 0
AT33->AT28->AT31 : 1 14058.6 618.666 1 0
AT18->AT24->AT33 : 1 5930.66 1656.89 1 0
AT24->AT33->AT12 : 1 3911.11 412.444 1 0
AT18->AT25->AT22->AT18 : 2 76003.5 6200.89 1 0
AT25->AT22->AT18->AT24 : 1 35555.5 3015.12 1 0
AT25->AT22->AT18->AT31 : 1 34353.7 3015.12 1 0
AT24->AT33->AT28->AT13 : 1 27320.8 824.888 1 0
AT18->AT24->AT33->AT28 : 1 19128.9 2069.34 1 0
AT22->AT18->AT24->AT33 : 1 15943.1 2595.56 1 0
AT24->AT33->AT28->AT31 : 1 15708.4 824.888 1 0
AT18->AT24->AT33->AT12 : 1 7779.55 1863.11 1 0
AT18->AT25->AT22->AT18->AT24 : 1 39651.5 4551.11 1 0
AT18->AT25->AT22->AT18->AT31 : 1 38449.7 4551.11 1 0
AT25->AT22->AT18->AT24->AT33 : 1 35968 3221.34 1 0
AT18->AT24->AT33->AT28->AT13 : 1 31189.3 2275.56 1 0
AT22->AT18->AT24->AT33->AT28 : 1 29141.3 3008 1 0
AT18->AT24->AT33->AT28->AT31 : 1 19576.9 2275.56 1 0
AT22->AT18->AT24->AT33->AT12 : 1 17792 2801.78 1 0
AT25->AT22->AT18->AT24->AT33->AT28 : 1 49166.2 3633.78 1 0
AT22->AT18->AT24->AT33->AT28->AT13 : 1 41201.7 3214.23 1 0
AT18->AT25->AT22->AT18->AT24->AT33 : 1 40064 4757.34 1 0
AT25->AT22->AT18->AT24->AT33->AT12 : 1 37816.9 3427.56 1 0
AT22->AT18->AT24->AT33->AT28->AT31 : 1 29589.3 3214.23 1 0
AT25->AT22->AT18->AT24->AT33->AT28->AT13 : 1 61226.6 3840 1 0
AT18->AT25->AT22->AT18->AT24->AT33->AT28 : 1 53262.2 5169.78 1 0
AT25->AT22->AT18->AT24->AT33->AT28->AT31 : 1 49614.2 3840 1 0
AT18->AT25->AT22->AT18->AT24->AT33->AT12 : 1 41912.9 4963.56 1 0
AT18->AT25->AT22->AT18->AT24->AT33->AT28->AT13 : 1 65322.6 5376 1 0
AT18->AT25->AT22->AT18->AT24->AT33->AT28->AT31 : 1 53710.2 5376 1 0
