Profile Result: 
AT18 : 5 27306.7 0 1 0
AT22 : 1 16384 0 1 0
AT24 : 1 2048 0 1 0
AT30 : 1 5461.33 0 1 0
AT33 : 1 512 0 1 0
NULL : 5 0 0 1 0
NULL->AT18 : 5 27306.7 5120 1 0
NULL->NULL : 4 0 4170.67 1 0
AT18->AT18 : 3 32768 6144 1 0
AT22->AT18 : 2 43690.7 3072 1 0
AT30->NULL : 2 10922.7 5461.34 1 0
AT33->NULL : 2 1024 768 1 0
NULL->AT22 : 1 16384 1024 1 0
AT18->AT30 : 1 10922.7 2048 1 0
AT18->AT24 : 1 7509.33 2048 1 0
NULL->AT30 : 1 5461.33 1024 1 0
AT24->AT33 : 1 2560 256 1 0
AT24->NULL : 1 2048 1024 1 0
NULL->AT24 : 1 2048 1024 1 0
AT18->AT18->AT18 : 2 32768 8192 1 0
AT22->AT18->AT18 : 1 27306.7 3584 1 0
AT22->AT18->AT24 : 1 23893.3 3584 1 0
AT18->AT18->AT30 : 1 16384 4096 1 0
AT18->AT24->AT33 : 1 8021.33 2304 1 0
AT22->AT18->AT18->AT18 : 1 32768 5632 1 0
AT22->AT18->AT24->AT33 : 1 24405.3 3840 1 0
AT18->AT18->AT18->AT18 : 1 21845.3 6144 1 0
AT18->AT18->AT18->AT30 : 1 21845.3 6144 1 0
AT22->AT18->AT18->AT18->AT18 : 1 38229.3 7680 1 0
AT18->AT18->AT18->AT18->AT30 : 1 27306.7 8192 1 0
AT22->AT18->AT18->AT18->AT18->AT30 : 1 43690.7 9728 1 0
