Profile Result: 
AT10 : 1 16384 0 1 0
AT13 : 1 21845.3 0 1 0
AT24 : 1 2730.67 0 1 0
AT25 : 1 16384 0 1 0
AT28 : 2 54613.3 0 1 0
AT30 : 1 2048 0 1 0
AT31 : 1 512 0 1 0
AT32 : 1 1365.33 0 1 0
AT33 : 1 682.667 0 1 0
AT34 : 1 682.667 0 1 0
AT35 : 1 5461.33 0 1 0
NULL : 6 0 0 1 0
NULL->NULL : 5 0 5589.33 1 0
NULL->AT25 : 2 32768 2048 1 0
AT28->AT13 : 1 54613.3 512 1 0
AT28->AT10 : 1 49152 512 1 0
NULL->AT28 : 1 32768 1024 1 0
AT13->AT35 : 1 27306.6 1365.33 1 0
AT28->AT30 : 1 23893.3 341.333 1 0
AT33->AT28 : 1 22528 682.667 1 0
AT28->AT34 : 1 22528 341.333 1 0
AT13->AT31 : 1 22357.3 341.333 1 0
NULL->AT13 : 1 21845.3 1024 1 0
AT10->AT24 : 1 19114.7 3072 1 0
AT30->AT25 : 1 18432 768 1 0
AT25->NULL : 1 16384 512 1 0
NULL->AT10 : 1 16384 1024 1 0
AT35->AT32 : 1 6826.66 341.333 1 0
AT35->NULL : 1 5461.33 1365.33 1 0
AT24->AT33 : 1 3413.34 341.333 1 0
AT24->NULL : 1 2730.67 1365.33 1 0
NULL->AT24 : 1 2730.67 1024 1 0
AT30->NULL : 1 2048 1024 1 0
NULL->AT30 : 1 2048 1024 1 0
AT32->NULL : 1 1365.33 1365.33 1 0
AT33->NULL : 1 682.667 341.333 1 0
AT34->NULL : 1 682.667 2048 1 0
AT31->NULL : 1 512 1024 1 0
NULL->AT31 : 1 512 1024 1 0
AT28->AT13->AT35 : 1 60074.6 1877.33 1 0
AT28->AT13->AT31 : 1 55125.3 853.333 1 0
AT28->AT10->AT24 : 1 51882.7 3584 1 0
AT28->AT30->AT25 : 1 40277.3 1109.33 1 0
AT13->AT35->AT32 : 1 28672 1706.66 1 0
AT24->AT33->AT28 : 1 25258.6 1024 1 0
AT33->AT28->AT30 : 1 24576 1024 1 0
AT33->AT28->AT34 : 1 23210.6 1024 1 0
AT10->AT24->AT33 : 1 19797.3 3413.33 1 0
AT28->AT13->AT35->AT32 : 1 61440 2218.66 1 0
AT28->AT10->AT24->AT33 : 1 52565.3 3925.33 1 0
AT10->AT24->AT33->AT28 : 1 41642.6 4096 1 0
AT33->AT28->AT30->AT25 : 1 40960 1792 1 0
AT24->AT33->AT28->AT30 : 1 27306.6 1365.33 1 0
AT24->AT33->AT28->AT34 : 1 25941.3 1365.33 1 0
AT28->AT10->AT24->AT33->AT28 : 1 74410.6 4608 1 0
AT10->AT24->AT33->AT28->AT30 : 1 43690.6 4437.33 1 0
AT24->AT33->AT28->AT30->AT25 : 1 43690.6 2133.33 1 0
AT10->AT24->AT33->AT28->AT34 : 1 42325.3 4437.33 1 0
AT28->AT10->AT24->AT33->AT28->AT30 : 1 76458.6 4949.33 1 0
AT28->AT10->AT24->AT33->AT28->AT34 : 1 75093.3 4949.33 1 0
AT10->AT24->AT33->AT28->AT30->AT25 : 1 60074.6 5205.33 1 0
AT28->AT10->AT24->AT33->AT28->AT30->AT25 : 1 92842.6 5717.33 1 0
