Profile Result: 
AT14 : 1 10922.7 0 1 0
AT18 : 1 2730.67 0 1 0
AT19 : 1 2730.67 0 1 0
AT22 : 1 5461.33 0 1 0
AT24 : 1 1365.33 0 1 0
AT26 : 1 1365.33 0 1 0
AT29 : 3 8192.01 0 1 0
AT31 : 1 1194.67 0 1 0
NULL : 5 0 0 1 0
NULL->AT29 : 4 10922.7 4096 1 0
NULL->NULL : 4 0 3160 1 0
AT19->NULL : 3 8192.01 1706.67 1 0
AT14->NULL : 2 21845.4 682.667 1 0
AT29->AT29 : 2 10922.7 2048 1 0
AT26->NULL : 2 2730.66 1024 1 0
AT24->NULL : 2 2730.66 1365.33 1 0
AT22->AT14 : 1 16384 512 1 0
AT29->AT22 : 1 8192 341.333 1 0
AT22->AT18 : 1 8192 512 1 0
AT29->AT19 : 1 5461.34 341.333 1 0
AT29->AT26 : 1 4096 341.333 1 0
AT18->AT24 : 1 4096 1024 1 0
AT29->AT31 : 1 3925.34 1024 1 0
NULL->AT18 : 1 2730.67 1024 1 0
NULL->AT24 : 1 1365.33 1024 1 0
AT31->NULL : 1 1194.67 2389.33 1 0
NULL->AT31 : 1 1194.67 1024 1 0
AT29->AT22->AT14 : 1 19114.7 853.333 1 0
AT29->AT22->AT18 : 1 10922.7 853.333 1 0
AT22->AT18->AT24 : 1 9557.33 1536 1 0
AT29->AT29->AT29 : 1 8192.01 2048 1 0
AT29->AT29->AT19 : 1 8192.01 1365.33 1 0
AT29->AT29->AT26 : 1 6826.67 1365.33 1 0
AT29->AT29->AT31 : 1 6656.01 2048 1 0
AT29->AT22->AT18->AT24 : 1 12288 1877.33 1 0
AT29->AT29->AT29->AT19 : 1 10922.7 2389.33 1 0
AT29->AT29->AT29->AT31 : 1 9386.68 3072 1 0
