Profile Result: 
AT9 : 1 1365.33 0 1 0
AT18 : 1 4096 0 1 0
AT21 : 1 1706.67 0 1 0
AT25 : 1 20024.9 0 1 0
AT26 : 2 5916.44 0 1 0
AT27 : 1 21845.3 0 1 0
AT35 : 1 9216 0 1 0
AT38 : 1 1152 0 1 0
NULL : 3 0 0 1 0
NULL->AT25 : 2 40049.8 2048 1 0
AT26->NULL : 2 5006.22 1877.33 1 0
NULL->NULL : 2 0 2723.56 1 0
AT18->AT25 : 1 24120.9 1536 1 0
AT27->AT9 : 1 23210.6 2048 1 0
AT25->AT26 : 1 22528 625.778 1 0
NULL->AT27 : 1 21845.3 1024 1 0
AT38->AT35 : 1 10368 2304 1 0
AT35->AT38 : 1 10368 576 1 0
AT35->NULL : 1 9216 2304 1 0
AT9->AT18 : 1 5461.33 1024 1 0
AT21->AT26 : 1 5120 853.333 1 0
AT26->AT9 : 1 4778.66 1280 1 0
AT26->AT38 : 1 4565.33 1706.67 1 0
NULL->AT18 : 1 4096 1024 1 0
AT9->AT21 : 1 3072 2048 1 0
NULL->AT21 : 1 1706.67 1024 1 0
AT38->NULL : 1 1152 2304 1 0
AT27->AT9->AT18 : 1 27306.6 3072 1 0
AT18->AT25->AT26 : 1 26624 2161.78 1 0
AT9->AT18->AT25 : 1 25486.2 2560 1 0
AT27->AT9->AT21 : 1 24917.3 4096 1 0
AT26->AT38->AT35 : 1 13781.3 4010.67 1 0
AT26->AT9->AT18 : 1 8874.66 2304 1 0
AT9->AT21->AT26 : 1 6485.33 2901.33 1 0
AT21->AT26->AT9 : 1 6485.33 2133.33 1 0
AT26->AT9->AT21 : 1 6485.33 3328 1 0
AT21->AT26->AT38 : 1 6272 2560 1 0
AT27->AT9->AT18->AT25 : 1 47331.5 4608 1 0
AT26->AT9->AT18->AT25 : 1 28899.6 3840 1 0
AT27->AT9->AT21->AT26 : 1 28330.6 4949.33 1 0
AT9->AT18->AT25->AT26 : 1 27989.3 3185.78 1 0
AT21->AT26->AT38->AT35 : 1 15488 4864 1 0
AT21->AT26->AT9->AT18 : 1 10581.3 3157.33 1 0
AT9->AT21->AT26->AT38 : 1 7637.33 4608 1 0
AT27->AT9->AT18->AT25->AT26 : 1 49834.6 5233.78 1 0
AT26->AT9->AT18->AT25->AT26 : 1 31402.7 4465.78 1 0
AT21->AT26->AT9->AT18->AT25 : 1 30606.2 4693.33 1 0
AT27->AT9->AT21->AT26->AT38 : 1 29482.6 6656 1 0
AT9->AT21->AT26->AT38->AT35 : 1 16853.3 6912 1 0
AT27->AT9->AT21->AT26->AT38->AT35 : 1 38698.6 8960 1 0
AT21->AT26->AT9->AT18->AT25->AT26 : 1 33109.3 5319.11 1 0
