Profile Result: 
AT13 : 1 21845.3 0 1 0
AT16 : 1 7281.78 0 1 0
AT18 : 1 3640.89 0 1 0
AT25 : 1 18204.4 0 1 0
AT26 : 1 2275.56 0 1 0
AT28 : 1 32768 0 1 0
AT30 : 1 2730.67 0 1 0
AT35 : 1 5461.33 0 1 0
NULL : 4 0 0 1 0
NULL->NULL : 3 0 2929.77 1 0
NULL->AT25 : 2 36408.8 2048 1 0
AT16->NULL : 2 14563.6 2730.66 1 0
AT35->NULL : 2 10922.7 1706.66 1 0
AT28->AT13 : 1 54613.3 512 1 0
AT28->AT30 : 1 35498.7 512 1 0
NULL->AT28 : 1 32768 1024 1 0
AT13->AT35 : 1 27306.6 1365.33 1 0
AT13->NULL : 1 21845.3 341.333 1 0
NULL->AT13 : 1 21845.3 1024 1 0
AT30->AT25 : 1 20935.1 1024 1 0
AT25->AT26 : 1 20480 568.889 1 0
AT18->AT16 : 1 10922.7 1365.33 1 0
AT26->AT18 : 1 5916.45 853.333 1 0
NULL->AT18 : 1 3640.89 1024 1 0
AT30->NULL : 1 2730.67 1365.33 1 0
NULL->AT30 : 1 2730.67 1024 1 0
AT26->NULL : 1 2275.56 1137.78 1 0
AT28->AT13->AT35 : 1 60074.6 1877.33 1 0
AT28->AT30->AT25 : 1 53703.1 1536 1 0
AT25->AT26->AT18 : 1 24120.9 1422.22 1 0
AT30->AT25->AT26 : 1 23210.6 1592.89 1 0
AT26->AT18->AT16 : 1 13198.2 2218.66 1 0
AT28->AT30->AT25->AT26 : 1 55978.6 2104.89 1 0
AT25->AT26->AT18->AT16 : 1 31402.6 2787.55 1 0
AT30->AT25->AT26->AT18 : 1 26851.5 2446.22 1 0
AT28->AT30->AT25->AT26->AT18 : 1 59619.5 2958.22 1 0
AT30->AT25->AT26->AT18->AT16 : 1 34133.3 3811.55 1 0
AT28->AT30->AT25->AT26->AT18->AT16 : 1 66901.3 4323.55 1 0
