Profile Result: 
AT12 : 1 1820.44 0 1 0
AT13 : 1 11832.9 0 1 0
AT18 : 1 3640.89 0 1 0
AT22 : 1 7585.19 0 1 0
AT24 : 1 1592.89 0 1 0
AT25 : 2 33374.8 0 1 0
AT26 : 1 2275.56 0 1 0
AT28 : 1 12743.1 0 1 0
AT30 : 1 1592.89 0 1 0
AT31 : 1 369.778 0 1 0
AT33 : 1 398.222 0 1 0
NULL : 7 0 0 1 0
NULL->NULL : 6 0 5394.67 1 0
NULL->AT25 : 5 84954 5120 1 0
AT13->NULL : 2 23665.8 1479.11 1 0
AT22->NULL : 2 15170.4 1422.22 1 0
AT28->AT13 : 1 24576 199.111 1 0
AT25->AT22 : 1 22755.6 474.074 1 0
AT25->AT26 : 1 20480 568.889 1 0
AT30->AT25 : 1 16763.3 597.333 1 0
AT33->AT28 : 1 13141.3 398.222 1 0
AT28->AT31 : 1 13112.9 199.111 1 0
NULL->AT13 : 1 11832.9 1024 1 0
AT26->AT18 : 1 5916.45 853.333 1 0
AT18->AT24 : 1 5233.78 1365.33 1 0
NULL->AT18 : 1 3640.89 1024 1 0
AT12->AT30 : 1 3413.33 227.556 1 0
AT26->NULL : 1 2275.56 1137.78 1 0
AT33->AT12 : 1 2218.66 199.111 1 0
AT24->AT33 : 1 1991.11 199.111 1 0
AT12->NULL : 1 1820.44 910.222 1 0
NULL->AT12 : 1 1820.44 1024 1 0
AT24->NULL : 1 1592.89 796.444 1 0
AT30->NULL : 1 1592.89 796.444 1 0
NULL->AT24 : 1 1592.89 1024 1 0
NULL->AT30 : 1 1592.89 1024 1 0
AT31->NULL : 1 369.778 739.556 1 0
NULL->AT31 : 1 369.778 1024 1 0
AT33->AT28->AT13 : 1 24974.2 597.333 1 0
AT30->AT25->AT22 : 1 24348.5 1071.41 1 0
AT25->AT26->AT18 : 1 24120.9 1422.22 1 0
AT12->AT30->AT25 : 1 18583.7 824.889 1 0
AT24->AT33->AT28 : 1 14734.2 597.333 1 0
AT33->AT28->AT31 : 1 13511.1 597.333 1 0
AT26->AT18->AT24 : 1 7509.34 2218.66 1 0
AT18->AT24->AT33 : 1 5632 1564.44 1 0
AT33->AT12->AT30 : 1 3811.55 426.667 1 0
AT24->AT33->AT12 : 1 3811.55 398.222 1 0
AT24->AT33->AT28->AT13 : 1 26567.1 796.444 1 0
AT12->AT30->AT25->AT22 : 1 26168.9 1298.96 1 0
AT25->AT26->AT18->AT24 : 1 25713.7 2787.55 1 0
AT33->AT12->AT30->AT25 : 1 18982 1024 1 0
AT18->AT24->AT33->AT28 : 1 18375.1 1962.66 1 0
AT24->AT33->AT28->AT31 : 1 15104 796.444 1 0
AT26->AT18->AT24->AT33 : 1 7907.56 2417.77 1 0
AT18->AT24->AT33->AT12 : 1 7452.44 1763.55 1 0
AT24->AT33->AT12->AT30 : 1 5404.44 625.778 1 0
AT18->AT24->AT33->AT28->AT13 : 1 30208 2161.77 1 0
AT33->AT12->AT30->AT25->AT22 : 1 26567.1 1498.07 1 0
AT25->AT26->AT18->AT24->AT33 : 1 26112 2986.66 1 0
AT26->AT18->AT24->AT33->AT28 : 1 20650.7 2816 1 0
AT24->AT33->AT12->AT30->AT25 : 1 20574.8 1223.11 1 0
AT18->AT24->AT33->AT28->AT31 : 1 18744.9 2161.77 1 0
AT26->AT18->AT24->AT33->AT12 : 1 9728 2616.88 1 0
AT18->AT24->AT33->AT12->AT30 : 1 9045.33 1991.11 1 0
AT25->AT26->AT18->AT24->AT33->AT28 : 1 38855.1 3384.88 1 0
AT26->AT18->AT24->AT33->AT28->AT13 : 1 32483.6 3015.11 1 0
AT24->AT33->AT12->AT30->AT25->AT22 : 1 28160 1697.18 1 0
AT25->AT26->AT18->AT24->AT33->AT12 : 1 27932.4 3185.77 1 0
AT18->AT24->AT33->AT12->AT30->AT25 : 1 24215.7 2588.44 1 0
AT26->AT18->AT24->AT33->AT28->AT31 : 1 21020.4 3015.11 1 0
AT26->AT18->AT24->AT33->AT12->AT30 : 1 11320.9 2844.44 1 0
AT25->AT26->AT18->AT24->AT33->AT28->AT13 : 1 50688 3584 1 0
AT25->AT26->AT18->AT24->AT33->AT28->AT31 : 1 39224.8 3584 1 0
AT18->AT24->AT33->AT12->AT30->AT25->AT22 : 1 31800.9 3062.51 1 0
AT25->AT26->AT18->AT24->AT33->AT12->AT30 : 1 29525.3 3413.33 1 0
AT26->AT18->AT24->AT33->AT12->AT30->AT25 : 1 26491.3 3441.77 1 0
AT25->AT26->AT18->AT24->AT33->AT12->AT30->AT25 : 1 44695.7 4010.66 1 0
AT26->AT18->AT24->AT33->AT12->AT30->AT25->AT22 : 1 34076.5 3915.85 1 0
AT25->AT26->AT18->AT24->AT33->AT12->AT30->AT25->AT22 : 1 52280.9 4484.74 1 0
