Profile Result: 
AT16 : 1 5461.33 0 1 0
AT18 : 3 12629.3 0 1 0
AT21 : 1 1365.33 0 1 0
AT25 : 2 40808.3 0 1 0
AT26 : 2 5233.78 0 1 0
AT32 : 1 682.667 0 1 0
AT35 : 1 2730.67 0 1 0
NULL : 5 0 0 1 0
NULL->AT25 : 4 81616.6 4096 1 0
NULL->NULL : 4 0 3973.93 1 0
NULL->AT18 : 3 12629.3 3072 1 0
AT18->AT25 : 2 49569.2 3285.33 1 0
AT26->AT18 : 2 13198.2 1962.67 1 0
AT26->NULL : 2 5233.78 2616.89 1 0
AT25->AT26 : 1 22528 625.778 1 0
AT25->NULL : 1 20783.4 649.481 1 0
AT18->AT18 : 1 8533.33 1450.67 1 0
AT16->AT35 : 1 8192 682.667 1 0
AT16->AT21 : 1 6826.66 1024 1 0
NULL->AT16 : 1 5461.33 1024 1 0
AT21->AT26 : 1 4096 682.667 1 0
AT35->AT32 : 1 3413.34 170.667 1 0
AT35->NULL : 1 2730.67 682.667 1 0
NULL->AT21 : 1 1365.33 1024 1 0
AT32->NULL : 1 682.667 682.667 1 0
AT18->AT18->AT25 : 1 29316.7 3200 1 0
AT26->AT18->AT25 : 1 26851.6 2560 1 0
AT18->AT25->AT26 : 1 26624 2161.78 1 0
AT25->AT26->AT18 : 1 26396.5 1564.45 1 0
AT26->AT18->AT18 : 1 11036.4 2389.34 1 0
AT16->AT21->AT26 : 1 9557.33 1706.67 1 0
AT16->AT35->AT32 : 1 8874.67 853.334 1 0
AT21->AT26->AT18 : 1 8192 1706.67 1 0
AT26->AT18->AT18->AT25 : 1 31819.8 4138.67 1 0
AT25->AT26->AT18->AT18 : 1 31061.3 3015.12 1 0
AT18->AT25->AT26->AT18 : 1 30492.5 3100.45 1 0
AT26->AT18->AT25->AT26 : 1 29354.7 3185.78 1 0
AT21->AT26->AT18->AT25 : 1 28216.9 3242.67 1 0
AT16->AT21->AT26->AT18 : 1 13653.3 2730.67 1 0
AT25->AT26->AT18->AT18->AT25 : 1 51844.7 4764.44 1 0
AT18->AT25->AT26->AT18->AT18 : 1 35157.3 4551.11 1 0
AT16->AT21->AT26->AT18->AT25 : 1 33678.2 4266.67 1 0
AT26->AT18->AT25->AT26->AT18 : 1 33223.1 4124.45 1 0
AT21->AT26->AT18->AT25->AT26 : 1 30720 3868.44 1 0
AT18->AT25->AT26->AT18->AT18->AT25 : 1 55940.7 6300.44 1 0
AT26->AT18->AT25->AT26->AT18->AT18 : 1 37888 5575.12 1 0
AT16->AT21->AT26->AT18->AT25->AT26 : 1 36181.3 4892.44 1 0
AT21->AT26->AT18->AT25->AT26->AT18 : 1 34588.5 4807.11 1 0
AT26->AT18->AT25->AT26->AT18->AT18->AT25 : 1 58671.4 7324.45 1 0
AT16->AT21->AT26->AT18->AT25->AT26->AT18 : 1 40049.8 5831.11 1 0
AT21->AT26->AT18->AT25->AT26->AT18->AT18 : 1 39253.3 6257.78 1 0
AT21->AT26->AT18->AT25->AT26->AT18->AT18->AT25 : 1 60036.7 8007.11 1 0
AT16->AT21->AT26->AT18->AT25->AT26->AT18->AT18 : 1 44714.7 7281.78 1 0
AT16->AT21->AT26->AT18->AT25->AT26->AT18->AT18->AT25 : 1 65498.1 9031.11 1 0
