Profile Result: 
AT10 : 1 12970.7 0 1 0
AT12 : 1 2389.33 0 1 0
AT20 : 1 32768 0 1 0
AT23 : 1 4096 0 1 0
AT24 : 1 2730.67 0 1 0
NULL : 4 0 0 1 0
NULL->NULL : 3 0 4576 1 0
NULL->AT23 : 2 8192 2048 1 0
AT23->AT20 : 1 36864 1024 1 0
AT20->NULL : 1 32768 2048 1 0
AT12->AT10 : 1 15360 298.667 1 0
AT10->NULL : 1 12970.7 2432 1 0
NULL->AT10 : 1 12970.7 1024 1 0
AT23->AT24 : 1 6826.67 3072 1 0
AT24->AT12 : 1 5120 341.333 1 0
AT23->NULL : 1 4096 2048 1 0
AT24->NULL : 1 2730.67 1365.33 1 0
NULL->AT24 : 1 2730.67 1024 1 0
AT12->NULL : 1 2389.33 1194.67 1 0
NULL->AT12 : 1 2389.33 1024 1 0
AT24->AT12->AT10 : 1 18090.7 640 1 0
AT23->AT24->AT12 : 1 9216 3413.33 1 0
AT23->AT24->AT12->AT10 : 1 22186.7 3712 1 0
