Profile Result: 
AT14 : 1 12743.1 0 1 0
AT18 : 3 10998.5 0 1 0
AT19 : 1 4702.81 0 1 0
AT22 : 2 15473.8 0 1 0
AT25 : 2 37015.7 0 1 0
AT26 : 1 1592.89 0 1 0
AT29 : 2 6371.56 0 1 0
AT31 : 1 1223.11 0 1 0
NULL : 7 0 0 1 0
NULL->NULL : 6 0 5981.03 1 0
NULL->AT25 : 5 92235.8 5120 1 0
NULL->AT18 : 3 10998.5 3072 1 0
AT22->AT18 : 2 25486.2 1706.67 1 0
AT14->NULL : 2 25486.2 1194.67 1 0
AT18->AT29 : 2 13653.3 2730.66 1 0
AT22->NULL : 2 12743.1 1194.67 1 0
AT19->NULL : 2 9405.62 2351.4 1 0
NULL->AT29 : 2 6371.56 2048 1 0
AT25->AT22 : 1 27306.6 568.889 1 0
AT25->AT19 : 1 23514.1 587.852 1 0
AT29->AT25 : 1 21997.1 1194.67 1 0
AT26->AT14 : 1 14336 597.333 1 0
AT29->AT22 : 1 9557.34 398.222 1 0
AT19->AT18 : 1 8419.55 881.778 1 0
AT29->AT26 : 1 4778.67 398.222 1 0
AT29->AT31 : 1 4408.89 1194.67 1 0
AT18->NULL : 1 3716.74 1393.78 1 0
AT26->NULL : 1 1592.89 796.444 1 0
AT31->NULL : 1 1223.11 2446.22 1 0
NULL->AT31 : 1 1223.11 1024 1 0
AT25->AT22->AT18 : 2 61895 2844.44 1 0
AT22->AT18->AT29 : 2 31857.8 4437.33 1 0
AT25->AT19->AT18 : 1 27230.8 1469.63 1 0
AT29->AT25->AT19 : 1 26699.9 1782.52 1 0
AT18->AT29->AT25 : 1 25638 2560 1 0
AT29->AT26->AT14 : 1 17521.8 995.555 1 0
AT18->AT29->AT22 : 1 13198.2 1763.55 1 0
AT18->AT29->AT26 : 1 8419.56 1763.55 1 0
AT18->AT29->AT31 : 1 8049.78 2560 1 0
AT25->AT22->AT18->AT29 : 2 68266.6 5575.1 1 0
AT22->AT18->AT29->AT25 : 1 34740.2 3413.33 1 0
AT29->AT25->AT19->AT18 : 1 30416.6 2664.3 1 0
AT18->AT29->AT25->AT19 : 1 30340.8 3147.85 1 0
AT22->AT18->AT29->AT22 : 1 22300.5 2616.89 1 0
AT18->AT29->AT26->AT14 : 1 21162.7 2360.88 1 0
AT22->AT18->AT29->AT26 : 1 17521.8 2616.89 1 0
AT22->AT18->AT29->AT31 : 1 17152 3413.33 1 0
AT25->AT22->AT18->AT29->AT25 : 1 52944.6 3982.22 1 0
AT25->AT22->AT18->AT29->AT22 : 1 40504.8 3185.77 1 0
AT22->AT18->AT29->AT25->AT19 : 1 39443 4001.18 1 0
AT25->AT22->AT18->AT29->AT26 : 1 35726.2 3185.77 1 0
AT25->AT22->AT18->AT29->AT31 : 1 35356.4 3982.22 1 0
AT18->AT29->AT25->AT19->AT18 : 1 34057.5 4029.63 1 0
AT22->AT18->AT29->AT26->AT14 : 1 30264.9 3214.22 1 0
AT25->AT22->AT18->AT29->AT25->AT19 : 1 57647.4 4570.07 1 0
AT25->AT22->AT18->AT29->AT26->AT14 : 1 48469.3 3783.11 1 0
AT22->AT18->AT29->AT25->AT19->AT18 : 1 43159.7 4882.96 1 0
AT25->AT22->AT18->AT29->AT25->AT19->AT18 : 1 61364.1 5451.85 1 0
