Profile Result: 
AT15 : 1 12970.7 0 1 0
AT16 : 1 5461.33 0 1 0
AT17 : 1 1194.67 0 1 0
AT21 : 2 2304 0 1 0
AT23 : 1 3242.67 0 1 0
AT24 : 2 4181.33 0 1 0
AT26 : 1 1877.33 0 1 0
AT27 : 1 19114.7 0 1 0
AT29 : 1 2730.67 0 1 0
AT34 : 1 341.333 0 1 0
AT35 : 2 9216 0 1 0
NULL : 6 0 0 1 0
NULL->NULL : 5 0 3716.33 1 0
AT24->NULL : 4 8362.66 4181.33 1 0
AT35->NULL : 3 15701.3 1493.33 1 0
AT15->NULL : 2 25941.4 810.666 1 0
AT26->NULL : 2 3754.66 1408 1 0
NULL->AT21 : 2 2304 2048 1 0
AT27->AT24 : 1 20992 1792 1 0
AT17->AT27 : 1 20309.4 896 1 0
AT23->AT15 : 1 16213.4 810.667 1 0
AT23->AT35 : 1 9728 1621.33 1 0
AT16->AT35 : 1 8192 682.667 1 0
AT16->AT21 : 1 6826.66 1024 1 0
AT23->AT24 : 1 5546.67 2432 1 0
NULL->AT16 : 1 5461.33 1024 1 0
AT29->AT24 : 1 4608 1024 1 0
AT17->AT23 : 1 4437.34 597.333 1 0
NULL->AT23 : 1 3242.67 1024 1 0
AT35->AT34 : 1 3072 170.667 1 0
AT34->AT29 : 1 3072 1024 1 0
AT21->AT26 : 1 2816 469.333 1 0
AT29->NULL : 1 2730.67 341.333 1 0
NULL->AT29 : 1 2730.67 1024 1 0
AT21->AT17 : 1 2560 682.667 1 0
NULL->AT24 : 1 2304 1024 1 0
AT17->AT21 : 1 2133.34 597.333 1 0
NULL->AT17 : 1 1194.67 1024 1 0
AT17->AT27->AT24 : 1 22186.7 2688 1 0
AT21->AT17->AT27 : 1 21674.7 1578.67 1 0
AT17->AT23->AT15 : 1 17408 1408 1 0
AT17->AT23->AT35 : 1 10922.7 2218.66 1 0
AT16->AT35->AT34 : 1 8533.33 853.334 1 0
AT16->AT21->AT17 : 1 8021.33 1706.67 1 0
AT17->AT23->AT24 : 1 6741.34 3029.33 1 0
AT35->AT34->AT29 : 1 5802.67 1194.67 1 0
AT21->AT17->AT23 : 1 5802.67 1280 1 0
AT34->AT29->AT24 : 1 4949.33 2048 1 0
AT17->AT21->AT26 : 1 4010.67 1066.67 1 0
AT21->AT17->AT21 : 1 3498.67 1280 1 0
AT16->AT21->AT17->AT27 : 1 27136 2602.67 1 0
AT21->AT17->AT27->AT24 : 1 23552 3370.67 1 0
AT21->AT17->AT23->AT15 : 1 18773.4 2090.67 1 0
AT21->AT17->AT23->AT35 : 1 12288 2901.33 1 0
AT16->AT35->AT34->AT29 : 1 11264 1877.33 1 0
AT16->AT21->AT17->AT23 : 1 11264 2304 1 0
AT16->AT21->AT17->AT21 : 1 8960 2304 1 0
AT21->AT17->AT23->AT24 : 1 8106.67 3712 1 0
AT35->AT34->AT29->AT24 : 1 7680 2218.67 1 0
AT21->AT17->AT21->AT26 : 1 5376 1749.33 1 0
AT16->AT21->AT17->AT27->AT24 : 1 29013.4 4394.67 1 0
AT16->AT21->AT17->AT23->AT15 : 1 24234.7 3114.67 1 0
AT16->AT21->AT17->AT23->AT35 : 1 17749.3 3925.33 1 0
AT16->AT21->AT17->AT23->AT24 : 1 13568 4736 1 0
AT16->AT35->AT34->AT29->AT24 : 1 13141.3 2901.33 1 0
AT16->AT21->AT17->AT21->AT26 : 1 10837.3 2773.33 1 0
