Profile Result: 
AT18 : 1 3640.89 0 1 0
AT19 : 1 4551.11 0 1 0
AT24 : 1 1592.89 0 1 0
AT25 : 2 33071.4 0 1 0
AT28 : 1 12743.1 0 1 0
AT30 : 1 1479.11 0 1 0
AT32 : 1 1137.78 0 1 0
AT33 : 1 398.222 0 1 0
AT35 : 1 4551.11 0 1 0
NULL : 6 0 0 1 0
NULL->AT25 : 5 84347.2 5120 1 0
NULL->NULL : 5 0 4372.15 1 0
AT25->AT19 : 1 22755.5 568.889 1 0
AT30->AT25 : 1 16346.1 554.667 1 0
AT25->NULL : 1 14867 464.593 1 0
AT28->AT30 : 1 14222.2 199.111 1 0
AT33->AT28 : 1 13141.3 398.222 1 0
AT28->NULL : 1 12743.1 199.111 1 0
AT19->AT35 : 1 9102.22 1137.78 1 0
AT19->AT18 : 1 8192 853.333 1 0
AT35->AT32 : 1 5688.89 284.444 1 0
AT18->AT24 : 1 5233.78 1365.33 1 0
AT19->NULL : 1 4551.11 853.333 1 0
AT35->NULL : 1 4551.11 1137.78 1 0
NULL->AT18 : 1 3640.89 1024 1 0
AT24->AT33 : 1 1991.11 199.111 1 0
AT24->NULL : 1 1592.89 796.444 1 0
NULL->AT24 : 1 1592.89 1024 1 0
AT30->NULL : 1 1479.11 739.556 1 0
NULL->AT30 : 1 1479.11 1024 1 0
AT32->NULL : 1 1137.78 1137.78 1 0
AT33->NULL : 1 398.222 199.111 1 0
AT28->AT30->AT25 : 1 29089.2 753.778 1 0
AT25->AT19->AT35 : 1 27306.6 1706.67 1 0
AT25->AT19->AT18 : 1 26396.4 1422.22 1 0
AT24->AT33->AT28 : 1 14734.2 597.333 1 0
AT33->AT28->AT30 : 1 14620.4 597.333 1 0
AT19->AT35->AT32 : 1 10240 1422.22 1 0
AT19->AT18->AT24 : 1 9784.89 2218.66 1 0
AT18->AT24->AT33 : 1 5632 1564.44 1 0
AT33->AT28->AT30->AT25 : 1 29487.4 1152 1 0
AT25->AT19->AT35->AT32 : 1 28444.4 1991.11 1 0
AT25->AT19->AT18->AT24 : 1 27989.3 2787.55 1 0
AT18->AT24->AT33->AT28 : 1 18375.1 1962.66 1 0
AT24->AT33->AT28->AT30 : 1 16213.3 796.444 1 0
AT19->AT18->AT24->AT33 : 1 10183.1 2417.77 1 0
AT24->AT33->AT28->AT30->AT25 : 1 31080.3 1351.11 1 0
AT25->AT19->AT18->AT24->AT33 : 1 28387.5 2986.66 1 0
AT19->AT18->AT24->AT33->AT28 : 1 22926.2 2816 1 0
AT18->AT24->AT33->AT28->AT30 : 1 19854.2 2161.77 1 0
AT25->AT19->AT18->AT24->AT33->AT28 : 1 41130.6 3384.88 1 0
AT18->AT24->AT33->AT28->AT30->AT25 : 1 34721.2 2716.44 1 0
AT19->AT18->AT24->AT33->AT28->AT30 : 1 24405.3 3015.11 1 0
AT25->AT19->AT18->AT24->AT33->AT28->AT30 : 1 42609.7 3584 1 0
AT19->AT18->AT24->AT33->AT28->AT30->AT25 : 1 39272.3 3569.77 1 0
AT25->AT19->AT18->AT24->AT33->AT28->AT30->AT25 : 1 57476.7 4138.66 1 0
