Profile Result: 
AT17 : 1 1536 0 1 0
AT18 : 1 3584 0 1 0
AT21 : 2 2346.66 0 1 0
AT23 : 1 3584 0 1 0
AT24 : 2 4693.34 0 1 0
AT26 : 2 4693.34 0 1 0
AT27 : 1 24576 0 1 0
AT33 : 1 554.667 0 1 0
NULL : 6 0 0 1 0
NULL->NULL : 5 0 5084.5 1 0
AT26->NULL : 3 7168.01 2965.33 1 0
AT24->NULL : 3 7168.01 3583.99 1 0
AT21->AT26 : 2 7040 1173.33 1 0
NULL->AT24 : 2 4693.34 2048 1 0
NULL->AT17 : 2 3072 2048 1 0
NULL->AT21 : 2 2346.66 2048 1 0
AT33->NULL : 2 1109.33 554.666 1 0
AT27->AT24 : 1 26794.7 2304 1 0
AT17->AT27 : 1 26112 1152 1 0
AT23->AT24 : 1 6058.67 2688 1 0
AT26->AT18 : 1 5802.67 832 1 0
AT17->AT23 : 1 5120 768 1 0
AT23->AT21 : 1 4821.33 896 1 0
AT23->NULL : 1 3584 1792 1 0
AT18->NULL : 1 3584 1344 1 0
NULL->AT23 : 1 3584 1024 1 0
NULL->AT18 : 1 3584 1024 1 0
AT24->AT33 : 1 2773.34 277.333 1 0
AT17->AT21 : 1 2645.33 768 1 0
AT17->AT27->AT24 : 1 28330.7 3456 1 0
AT27->AT24->AT33 : 1 27349.3 2581.33 1 0
AT17->AT23->AT24 : 1 7594.67 3456 1 0
AT23->AT21->AT26 : 1 7296 1514.67 1 0
AT21->AT26->AT18 : 1 6912 1386.67 1 0
AT17->AT23->AT21 : 1 6357.33 1664 1 0
AT17->AT21->AT26 : 1 4864 1322.67 1 0
AT17->AT27->AT24->AT33 : 1 28885.3 3733.33 1 0
AT17->AT23->AT21->AT26 : 1 8832 2282.67 1 0
AT17->AT21->AT26->AT18 : 1 8448 2154.67 1 0
