Profile Result: 
AT16 : 1 8192 0 1 0
AT18 : 1 5461.33 0 1 0
AT22 : 1 8192 0 1 0
AT26 : 1 4096 0 1 0
AT29 : 1 4096 0 1 0
NULL : 3 0 0 1 0
AT22->NULL : 2 16384 1536 1 0
AT16->NULL : 2 16384 3072 1 0
NULL->NULL : 2 0 2592 1 0
AT29->AT16 : 1 12288 1536 1 0
AT29->AT22 : 1 12288 512 1 0
AT26->AT18 : 1 9557.33 1536 1 0
AT18->AT29 : 1 9557.33 2048 1 0
NULL->AT18 : 1 5461.33 1024 1 0
AT26->NULL : 1 4096 2048 1 0
NULL->AT26 : 1 4096 1024 1 0
NULL->AT29 : 1 4096 1024 1 0
AT18->AT29->AT16 : 1 17749.3 3584 1 0
AT18->AT29->AT22 : 1 17749.3 2560 1 0
AT26->AT18->AT29 : 1 13653.3 3584 1 0
AT26->AT18->AT29->AT16 : 1 21845.3 5120 1 0
AT26->AT18->AT29->AT22 : 1 21845.3 4096 1 0
