Profile Result: 
AT13 : 1 25941.3 0 1 0
AT18 : 1 3498.67 0 1 0
AT19 : 1 4266.67 0 1 0
AT24 : 1 1557.33 0 1 0
AT25 : 1 17066.7 0 1 0
AT30 : 1 2304 0 1 0
AT35 : 1 10240 0 1 0
AT38 : 1 1280 0 1 0
NULL : 6 0 0 1 0
NULL->NULL : 5 0 7051.33 1 0
NULL->AT25 : 2 34133.4 2048 1 0
AT19->NULL : 2 8533.34 1866.67 1 0
AT24->NULL : 2 3114.66 1557.33 1 0
NULL->AT38 : 2 2560 2048 1 0
AT35->AT13 : 1 36181.3 640 1 0
AT13->AT30 : 1 28245.3 405.333 1 0
AT13->NULL : 1 25941.3 1621.33 1 0
NULL->AT13 : 1 25941.3 1024 1 0
AT25->AT19 : 1 21333.4 533.333 1 0
AT30->AT25 : 1 19370.7 864 1 0
AT38->AT35 : 1 11520 2560 1 0
AT35->NULL : 1 10240 2560 1 0
AT19->AT18 : 1 7765.34 800 1 0
AT18->AT24 : 1 5056 1312 1 0
NULL->AT18 : 1 3498.67 1024 1 0
AT30->NULL : 1 2304 1152 1 0
NULL->AT30 : 1 2304 1024 1 0
NULL->AT24 : 1 1557.33 1024 1 0
AT38->NULL : 1 1280 2560 1 0
AT13->AT30->AT25 : 1 45312 1269.33 1 0
AT35->AT13->AT30 : 1 38485.3 1045.33 1 0
AT38->AT35->AT13 : 1 37461.3 3200 1 0
AT25->AT19->AT18 : 1 24832 1333.33 1 0
AT30->AT25->AT19 : 1 23637.4 1397.33 1 0
AT19->AT18->AT24 : 1 9322.67 2112 1 0
AT35->AT13->AT30->AT25 : 1 55552 1909.33 1 0
AT13->AT30->AT25->AT19 : 1 49578.7 1802.67 1 0
AT38->AT35->AT13->AT30 : 1 39765.3 3605.33 1 0
AT30->AT25->AT19->AT18 : 1 27136 2197.33 1 0
AT25->AT19->AT18->AT24 : 1 26389.4 2645.33 1 0
AT35->AT13->AT30->AT25->AT19 : 1 59818.7 2442.67 1 0
AT38->AT35->AT13->AT30->AT25 : 1 56832 4469.33 1 0
AT13->AT30->AT25->AT19->AT18 : 1 53077.3 2602.67 1 0
AT30->AT25->AT19->AT18->AT24 : 1 28693.4 3509.33 1 0
AT35->AT13->AT30->AT25->AT19->AT18 : 1 63317.3 3242.67 1 0
AT38->AT35->AT13->AT30->AT25->AT19 : 1 61098.7 5002.67 1 0
AT13->AT30->AT25->AT19->AT18->AT24 : 1 54634.7 3914.67 1 0
AT35->AT13->AT30->AT25->AT19->AT18->AT24 : 1 64874.7 4554.67 1 0
AT38->AT35->AT13->AT30->AT25->AT19->AT18 : 1 64597.3 5802.67 1 0
AT38->AT35->AT13->AT30->AT25->AT19->AT18->AT24 : 1 66154.7 7114.67 1 0
