Profile Result: 
AT16 : 1 10922.7 0 1 0
AT18 : 3 16384 0 1 0
AT22 : 1 16384 0 1 0
AT24 : 1 2048 0 1 0
AT35 : 1 5461.33 0 1 0
NULL : 4 0 0 1 0
NULL->AT18 : 3 16384 3072 1 0
NULL->NULL : 3 0 3178.67 1 0
AT22->AT18 : 2 43690.7 3072 1 0
AT35->NULL : 2 10922.7 1706.66 1 0
AT24->NULL : 2 4096 2048 1 0
AT18->AT16 : 1 16384 2048 1 0
AT16->AT35 : 1 16384 1365.33 1 0
NULL->AT22 : 1 16384 1024 1 0
AT16->NULL : 1 10922.7 2048 1 0
AT18->AT18 : 1 10922.7 2048 1 0
AT18->AT24 : 1 7509.33 2048 1 0
NULL->AT24 : 1 2048 1024 1 0
AT22->AT18->AT16 : 1 32768 3584 1 0
AT22->AT18->AT18 : 1 27306.7 3584 1 0
AT18->AT16->AT35 : 1 21845.4 3413.33 1 0
AT18->AT18->AT24 : 1 12970.7 4096 1 0
AT22->AT18->AT16->AT35 : 1 38229.4 4949.33 1 0
AT22->AT18->AT18->AT24 : 1 29354.7 5632 1 0
