Profile Result: 
AT10 : 1 22528 0 1 0
AT17 : 1 1536 0 1 0
AT20 : 1 24576 0 1 0
AT24 : 2 5717.34 0 1 0
AT27 : 1 24576 0 1 0
AT28 : 1 17749.3 0 1 0
AT31 : 1 448 0 1 0
AT33 : 1 554.667 0 1 0
NULL : 4 0 0 1 0
AT24->NULL : 3 9216.01 4607.99 1 0
NULL->NULL : 3 0 2896.67 1 0
NULL->AT24 : 2 5717.34 2048 1 0
NULL->AT17 : 2 3072 2048 1 0
AT27->AT24 : 1 26794.7 2304 1 0
AT17->AT27 : 1 26112 1152 1 0
AT17->AT20 : 1 26112 768 1 0
AT10->AT24 : 1 26026.7 4224 1 0
AT20->NULL : 1 24576 1536 1 0
AT17->AT10 : 1 24064 768 1 0
NULL->AT10 : 1 22528 1024 1 0
AT33->AT28 : 1 18304 554.667 1 0
AT28->AT31 : 1 18197.3 277.333 1 0
AT28->NULL : 1 17749.3 277.333 1 0
AT24->AT33 : 1 2773.34 277.333 1 0
AT33->NULL : 1 554.667 277.333 1 0
AT31->NULL : 1 448 896 1 0
NULL->AT31 : 1 448 1024 1 0
AT17->AT27->AT24 : 1 28330.7 3456 1 0
AT17->AT10->AT24 : 1 27562.7 4992 1 0
AT27->AT24->AT33 : 1 27349.3 2581.33 1 0
AT24->AT33->AT28 : 1 20522.6 832 1 0
AT33->AT28->AT31 : 1 18752 832 1 0
AT27->AT24->AT33->AT28 : 1 45098.6 3136 1 0
AT17->AT27->AT24->AT33 : 1 28885.3 3733.33 1 0
AT24->AT33->AT28->AT31 : 1 20970.6 1109.33 1 0
AT17->AT27->AT24->AT33->AT28 : 1 46634.6 4288 1 0
AT27->AT24->AT33->AT28->AT31 : 1 45546.6 3413.33 1 0
AT17->AT27->AT24->AT33->AT28->AT31 : 1 47082.6 4565.33 1 0
