Profile Result: 
AT6 : 1 20024.9 0 1 0
AT18 : 2 8192 0 1 0
AT21 : 1 1365.33 0 1 0
AT22 : 1 10922.7 0 1 0
AT24 : 1 1706.67 0 1 0
AT25 : 1 20024.9 0 1 0
AT26 : 1 2503.11 0 1 0
AT28 : 1 13653.3 0 1 0
AT33 : 1 426.667 0 1 0
NULL : 4 0 0 1 0
NULL->NULL : 3 0 1875.55 1 0
AT26->AT6 : 2 45056 1877.33 1 0
NULL->AT25 : 2 40049.8 2048 1 0
AT22->AT18 : 2 30037.4 2048 1 0
AT28->NULL : 2 27306.6 426.666 1 0
NULL->AT18 : 2 8192 2048 1 0
NULL->AT21 : 2 2730.66 2048 1 0
AT18->AT25 : 1 24120.9 1536 1 0
AT25->AT26 : 1 22528 625.778 1 0
AT6->NULL : 1 20024.9 312.889 1 0
AT33->AT28 : 1 14080 426.667 1 0
AT21->AT22 : 1 12288 682.667 1 0
AT18->AT24 : 1 5802.67 1536 1 0
AT24->AT33 : 1 2133.34 213.333 1 0
AT24->NULL : 1 1706.67 853.333 1 0
NULL->AT24 : 1 1706.67 1024 1 0
AT33->NULL : 1 426.667 213.333 1 0
AT25->AT26->AT6 : 2 85105.8 3128.89 1 0
AT21->AT22->AT18 : 2 32768.1 3413.33 1 0
AT22->AT18->AT25 : 1 35043.6 2560 1 0
AT18->AT25->AT26 : 1 26624 2161.78 1 0
AT22->AT18->AT24 : 1 16725.4 2560 1 0
AT24->AT33->AT28 : 1 15786.6 640 1 0
AT18->AT24->AT33 : 1 6229.34 1749.33 1 0
AT18->AT25->AT26->AT6 : 2 93297.8 6200.89 1 0
AT22->AT18->AT25->AT26 : 1 37546.7 3185.78 1 0
AT21->AT22->AT18->AT25 : 1 36408.9 3242.67 1 0
AT18->AT24->AT33->AT28 : 1 19882.6 2176 1 0
AT21->AT22->AT18->AT24 : 1 18090.7 3242.67 1 0
AT22->AT18->AT24->AT33 : 1 17152 2773.33 1 0
AT22->AT18->AT25->AT26->AT6 : 2 115143 8248.89 1 0
AT21->AT22->AT18->AT25->AT26 : 1 38912 3868.44 1 0
AT22->AT18->AT24->AT33->AT28 : 1 30805.3 3200 1 0
AT21->AT22->AT18->AT24->AT33 : 1 18517.4 3456 1 0
AT21->AT22->AT18->AT25->AT26->AT6 : 2 117874 9614.22 1 0
AT21->AT22->AT18->AT24->AT33->AT28 : 1 32170.7 3882.67 1 0
