Profile Result: 
AT16 : 1 5461.33 0 1 0
AT18 : 1 2730.67 0 1 0
AT22 : 2 14563.5 0 1 0
AT25 : 1 18204.4 0 1 0
AT29 : 2 5461.34 0 1 0
NULL : 4 0 0 1 0
AT22->NULL : 3 23665.8 2218.67 1 0
NULL->AT29 : 3 8192.01 3072 1 0
NULL->NULL : 3 0 2460.45 1 0
NULL->AT25 : 2 36408.8 2048 1 0
AT16->NULL : 2 10922.7 2048 1 0
AT25->AT22 : 1 27306.6 568.889 1 0
AT29->AT25 : 1 20935.1 1024 1 0
AT29->AT22 : 1 8192 341.333 1 0
AT22->AT18 : 1 8192 512 1 0
AT29->AT16 : 1 8192 1024 1 0
AT18->AT29 : 1 5461.34 1024 1 0
AT29->NULL : 1 2730.67 341.333 1 0
NULL->AT18 : 1 2730.67 1024 1 0
AT29->AT25->AT22 : 1 30037.3 1592.89 1 0
AT29->AT22->AT18 : 1 10922.7 853.333 1 0
AT22->AT18->AT29 : 1 10922.7 1536 1 0
AT18->AT29->AT16 : 1 10922.7 2048 1 0
AT22->AT18->AT29->AT16 : 1 16384 2560 1 0
AT29->AT22->AT18->AT29 : 1 13653.3 1877.33 1 0
AT29->AT22->AT18->AT29->AT16 : 1 19114.7 2901.33 1 0
