Profile Result: 
AT18 : 2 10922.7 0 1 0
AT22 : 2 24576 0 1 0
AT24 : 1 2048 0 1 0
AT29 : 1 4096 0 1 0
AT36 : 1 4778.67 0 1 0
NULL : 3 0 0 1 0
AT22->AT18 : 2 43690.7 3072 1 0
AT22->NULL : 2 16384 1536 1 0
NULL->NULL : 2 0 1738.67 1 0
NULL->AT22 : 1 16384 1024 1 0
AT29->AT22 : 1 12288 512 1 0
AT18->AT29 : 1 9557.33 2048 1 0
AT29->AT18 : 1 9557.33 1536 1 0
AT18->AT24 : 1 7509.33 2048 1 0
AT24->AT36 : 1 6826.67 256 1 0
NULL->AT18 : 1 5461.33 1024 1 0
AT36->NULL : 1 4778.67 298.667 1 0
NULL->AT36 : 1 4778.67 1024 1 0
NULL->AT29 : 1 4096 1024 1 0
AT24->NULL : 1 2048 1024 1 0
NULL->AT24 : 1 2048 1024 1 0
AT22->AT18->AT29 : 1 25941.3 3584 1 0
AT22->AT18->AT24 : 1 23893.3 3584 1 0
AT18->AT29->AT22 : 1 17749.3 2560 1 0
AT18->AT29->AT18 : 1 15018.7 3584 1 0
AT18->AT24->AT36 : 1 12288 2304 1 0
AT29->AT18->AT24 : 1 11605.3 3584 1 0
AT22->AT18->AT29->AT22 : 1 34133.3 4096 1 0
AT22->AT18->AT29->AT18 : 1 31402.7 5120 1 0
AT22->AT18->AT24->AT36 : 1 28672 3840 1 0
AT18->AT29->AT18->AT24 : 1 17066.7 5632 1 0
AT29->AT18->AT24->AT36 : 1 16384 3840 1 0
AT22->AT18->AT29->AT18->AT24 : 1 33450.7 7168 1 0
AT18->AT29->AT18->AT24->AT36 : 1 21845.3 5888 1 0
AT22->AT18->AT29->AT18->AT24->AT36 : 1 38229.3 7424 1 0
