Profile Result: 
AT18 : 1 5461.33 0 1 0
AT19 : 1 4096 0 1 0
AT26 : 1 4096 0 1 0
AT29 : 1 4096 0 1 0
AT32 : 1 3072 0 1 0
AT35 : 1 12288 0 1 0
AT38 : 1 1536 0 1 0
NULL : 3 0 0 1 0
AT19->NULL : 3 12288 3072 1 0
NULL->NULL : 2 0 4480 1 0
AT35->AT32 : 1 15360 768 1 0
AT38->AT35 : 1 13824 3072 1 0
AT35->NULL : 1 12288 3072 1 0
AT26->AT18 : 1 9557.33 1536 1 0
AT18->AT29 : 1 9557.33 2048 1 0
AT29->AT18 : 1 9557.33 1536 1 0
AT29->AT19 : 1 8192 512 1 0
AT26->AT38 : 1 5632 2048 1 0
NULL->AT26 : 1 4096 1024 1 0
NULL->AT29 : 1 4096 1024 1 0
AT32->NULL : 1 3072 3072 1 0
AT38->NULL : 1 1536 3072 1 0
NULL->AT38 : 1 1536 1024 1 0
AT26->AT38->AT35 : 1 17920 5120 1 0
AT38->AT35->AT32 : 1 16896 3840 1 0
AT26->AT18->AT29 : 1 13653.3 3584 1 0
AT18->AT29->AT19 : 1 13653.3 2560 1 0
AT26->AT38->AT35->AT32 : 1 20992 5888 1 0
AT26->AT18->AT29->AT19 : 1 17749.3 4096 1 0
