Profile Result: 
AT18 : 1 4323.56 0 1 0
AT24 : 1 1564.44 0 1 0
AT25 : 1 23665.8 0 1 0
AT26 : 1 2958.22 0 1 0
AT29 : 1 3527.11 0 1 0
AT30 : 1 4778.67 0 1 0
NULL : 4 0 0 1 0
NULL->NULL : 3 0 3796.44 1 0
NULL->AT25 : 2 47331.6 2048 1 0
NULL->AT30 : 2 9557.34 2048 1 0
AT24->NULL : 2 3128.88 1564.44 1 0
AT30->AT25 : 1 28444.5 1792 1 0
AT25->AT26 : 1 26624 739.556 1 0
AT18->AT29 : 1 7850.67 1621.33 1 0
AT26->AT18 : 1 7281.78 1109.33 1 0
AT29->AT24 : 1 5091.55 1322.67 1 0
AT30->NULL : 1 4778.67 2389.33 1 0
NULL->AT18 : 1 4323.56 1024 1 0
AT29->NULL : 1 3527.11 440.889 1 0
NULL->AT29 : 1 3527.11 1024 1 0
AT26->NULL : 1 2958.22 1479.11 1 0
NULL->AT24 : 1 1564.44 1024 1 0
AT30->AT25->AT26 : 1 31402.7 2531.56 1 0
AT25->AT26->AT18 : 1 30947.6 1848.89 1 0
AT26->AT18->AT29 : 1 10808.9 2730.66 1 0
AT18->AT29->AT24 : 1 9415.11 2944 1 0
AT30->AT25->AT26->AT18 : 1 35726.2 3640.89 1 0
AT25->AT26->AT18->AT29 : 1 34474.7 3470.22 1 0
AT26->AT18->AT29->AT24 : 1 12373.3 4053.33 1 0
AT30->AT25->AT26->AT18->AT29 : 1 39253.4 5262.22 1 0
AT25->AT26->AT18->AT29->AT24 : 1 36039.1 4792.89 1 0
AT30->AT25->AT26->AT18->AT29->AT24 : 1 40817.8 6584.89 1 0
