Profile Result: 
AT18 : 2 9557.33 0 1 0
AT25 : 2 41870.2 0 1 0
AT26 : 3 9329.78 0 1 0
AT38 : 1 1536 0 1 0
NULL : 5 0 0 1 0
NULL->AT25 : 4 83740.4 4096 1 0
NULL->NULL : 4 0 6776.89 1 0
AT26->NULL : 3 7736.89 3242.66 1 0
AT18->AT25 : 2 51427.5 3584 1 0
AT25->AT26 : 2 47104 1308.45 1 0
AT26->AT18 : 2 16384 2560 1 0
NULL->AT18 : 2 9557.33 2048 1 0
AT38->NULL : 2 3072 6144 1 0
AT26->AT38 : 1 5632 2048 1 0
NULL->AT26 : 1 4096 1024 1 0
NULL->AT38 : 1 1536 1024 1 0
AT26->AT18->AT25 : 2 58254.2 6144 1 0
AT18->AT25->AT26 : 2 56661.3 4892.44 1 0
AT25->AT26->AT18 : 1 28672 1706.67 1 0
AT26->AT18->AT25->AT26 : 2 63488 7452.45 1 0
AT25->AT26->AT18->AT25 : 1 48696.9 3242.67 1 0
AT18->AT25->AT26->AT18 : 1 34133.3 3754.67 1 0
AT18->AT25->AT26->AT18->AT25 : 1 54158.2 5290.67 1 0
AT25->AT26->AT18->AT25->AT26 : 1 51200 3868.44 1 0
AT26->AT18->AT25->AT26->AT18 : 1 38229.3 5290.67 1 0
AT26->AT18->AT25->AT26->AT18->AT25 : 1 58254.2 6826.67 1 0
AT18->AT25->AT26->AT18->AT25->AT26 : 1 56661.3 5916.44 1 0
AT26->AT18->AT25->AT26->AT18->AT25->AT26 : 1 60757.3 7452.45 1 0
