Profile Result: 
AT12 : 1 1777.78 0 1 0
AT18 : 4 14279.1 0 1 0
AT19 : 1 3299.56 0 1 0
AT24 : 1 1507.56 0 1 0
AT25 : 1 20024.9 0 1 0
AT26 : 1 2503.11 0 1 0
AT29 : 1 3299.56 0 1 0
AT30 : 1 1571.56 0 1 0
AT38 : 1 1336.89 0 1 0
NULL : 5 0 0 1 0
NULL->AT18 : 4 15075.6 4096 1 0
NULL->NULL : 4 0 4917.78 1 0
AT19->AT18 : 2 12913.8 1237.33 1 0
AT38->NULL : 2 2673.78 5347.56 1 0
AT18->AT25 : 1 24120.9 1536 1 0
AT25->AT26 : 1 22528 625.778 1 0
AT30->AT25 : 1 21596.5 589.333 1 0
NULL->AT25 : 1 20024.9 1024 1 0
AT18->AT29 : 1 7168 1450.67 1 0
AT29->AT18 : 1 6599.12 1237.33 1 0
AT29->AT19 : 1 6599.12 412.444 1 0
AT26->AT18 : 1 6371.55 938.667 1 0
AT18->AT24 : 1 4807.12 1237.33 1 0
AT26->AT38 : 1 3840 1251.56 1 0
AT12->AT30 : 1 3349.34 222.222 1 0
AT19->NULL : 1 3299.56 824.889 1 0
NULL->AT29 : 1 3299.56 1024 1 0
AT24->AT12 : 1 3285.34 188.444 1 0
AT18->NULL : 1 3015.11 1130.67 1 0
AT12->NULL : 1 1777.78 888.889 1 0
NULL->AT12 : 1 1777.78 1024 1 0
AT30->NULL : 1 1571.56 785.778 1 0
NULL->AT30 : 1 1571.56 1024 1 0
AT24->NULL : 1 1507.56 753.778 1 0
NULL->AT24 : 1 1507.56 1024 1 0
NULL->AT38 : 1 1336.89 1024 1 0
AT29->AT19->AT18 : 2 19512.9 2062.22 1 0
AT18->AT25->AT26 : 1 26624 2161.78 1 0
AT25->AT26->AT18 : 1 26396.5 1564.45 1 0
AT30->AT25->AT26 : 1 24099.6 1215.11 1 0
AT25->AT26->AT38 : 1 23864.9 1877.34 1 0
AT12->AT30->AT25 : 1 23374.2 811.555 1 0
AT18->AT29->AT18 : 1 10467.6 2688 1 0
AT18->AT29->AT19 : 1 10467.6 1863.11 1 0
AT26->AT18->AT29 : 1 9671.11 2389.34 1 0
AT29->AT18->AT24 : 1 8106.68 2474.66 1 0
AT19->AT18->AT24 : 1 8106.68 1856 1 0
AT18->AT24->AT12 : 1 6584.9 1425.77 1 0
AT24->AT12->AT30 : 1 4856.9 410.666 1 0
AT18->AT29->AT19->AT18 : 2 27249.8 4963.56 1 0
AT18->AT25->AT26->AT18 : 1 30492.5 3100.45 1 0
AT25->AT26->AT18->AT29 : 1 29696 3015.12 1 0
AT30->AT25->AT26->AT18 : 1 27968 2153.78 1 0
AT18->AT25->AT26->AT38 : 1 27960.9 3413.34 1 0
AT12->AT30->AT25->AT26 : 1 25877.4 1437.33 1 0
AT30->AT25->AT26->AT38 : 1 25436.5 2466.67 1 0
AT24->AT12->AT30->AT25 : 1 24881.8 999.999 1 0
AT26->AT18->AT29->AT18 : 1 12970.7 3626.67 1 0
AT26->AT18->AT29->AT19 : 1 12970.7 2801.78 1 0
AT18->AT29->AT18->AT24 : 1 11975.1 3925.33 1 0
AT29->AT19->AT18->AT24 : 1 11406.2 2268.44 1 0
AT29->AT18->AT24->AT12 : 1 9884.46 2663.1 1 0
AT19->AT18->AT24->AT12 : 1 9884.46 2044.44 1 0
AT18->AT24->AT12->AT30 : 1 8156.46 1648 1 0
AT26->AT18->AT29->AT19->AT18 : 2 32256 6840.9 1 0
AT18->AT25->AT26->AT18->AT29 : 1 33792 4551.11 1 0
AT25->AT26->AT18->AT29->AT18 : 1 32995.6 4252.44 1 0
AT25->AT26->AT18->AT29->AT19 : 1 32995.6 3427.56 1 0
AT30->AT25->AT26->AT18->AT29 : 1 31267.6 3604.45 1 0
AT12->AT30->AT25->AT26->AT18 : 1 29745.8 2376 1 0
AT18->AT24->AT12->AT30->AT25 : 1 28181.4 2237.33 1 0
AT24->AT12->AT30->AT25->AT26 : 1 27384.9 1625.78 1 0
AT12->AT30->AT25->AT26->AT38 : 1 27214.2 2688.89 1 0
AT18->AT29->AT19->AT18->AT24 : 1 15274.7 3719.11 1 0
AT26->AT18->AT29->AT18->AT24 : 1 14478.2 4864 1 0
AT18->AT29->AT18->AT24->AT12 : 1 13752.9 4113.77 1 0
AT29->AT19->AT18->AT24->AT12 : 1 13184 2456.88 1 0
AT29->AT18->AT24->AT12->AT30 : 1 11456 2885.33 1 0
AT19->AT18->AT24->AT12->AT30 : 1 11456 2266.66 1 0
AT25->AT26->AT18->AT29->AT19->AT18 : 2 72305.8 8092.45 1 0
AT18->AT25->AT26->AT18->AT29->AT18 : 1 37091.6 5788.44 1 0
AT18->AT25->AT26->AT18->AT29->AT19 : 1 37091.6 4963.56 1 0
AT30->AT25->AT26->AT18->AT29->AT18 : 1 34567.1 4841.78 1 0
AT30->AT25->AT26->AT18->AT29->AT19 : 1 34567.1 4016.89 1 0
AT25->AT26->AT18->AT29->AT18->AT24 : 1 34503.1 5489.77 1 0
AT12->AT30->AT25->AT26->AT18->AT29 : 1 33045.3 3826.67 1 0
AT29->AT18->AT24->AT12->AT30->AT25 : 1 31480.9 3474.66 1 0
AT19->AT18->AT24->AT12->AT30->AT25 : 1 31480.9 2856 1 0
AT24->AT12->AT30->AT25->AT26->AT18 : 1 31253.4 2564.44 1 0
AT18->AT24->AT12->AT30->AT25->AT26 : 1 30684.5 2863.11 1 0
AT24->AT12->AT30->AT25->AT26->AT38 : 1 28721.8 2877.34 1 0
AT26->AT18->AT29->AT19->AT18->AT24 : 1 17777.8 4657.78 1 0
AT18->AT29->AT19->AT18->AT24->AT12 : 1 17052.5 3907.55 1 0
AT26->AT18->AT29->AT18->AT24->AT12 : 1 16256 5052.44 1 0
AT18->AT29->AT18->AT24->AT12->AT30 : 1 15324.5 4336 1 0
AT29->AT19->AT18->AT24->AT12->AT30 : 1 14755.6 2679.11 1 0
AT18->AT25->AT26->AT18->AT29->AT19->AT18 : 2 80497.8 11164.5 1 0
AT30->AT25->AT26->AT18->AT29->AT19->AT18 : 2 75448.9 9271.12 1 0
AT18->AT25->AT26->AT18->AT29->AT18->AT24 : 1 38599.1 7025.77 1 0
AT25->AT26->AT18->AT29->AT19->AT18->AT24 : 1 37802.7 5283.56 1 0
AT12->AT30->AT25->AT26->AT18->AT29->AT18 : 1 36344.9 5064 1 0
AT12->AT30->AT25->AT26->AT18->AT29->AT19 : 1 36344.9 4239.11 1 0
AT25->AT26->AT18->AT29->AT18->AT24->AT12 : 1 36280.9 5678.22 1 0
AT30->AT25->AT26->AT18->AT29->AT18->AT24 : 1 36074.7 6079.11 1 0
AT18->AT29->AT18->AT24->AT12->AT30->AT25 : 1 35349.4 4925.33 1 0
AT29->AT19->AT18->AT24->AT12->AT30->AT25 : 1 34780.5 3268.44 1 0
AT18->AT24->AT12->AT30->AT25->AT26->AT18 : 1 34552.9 3801.77 1 0
AT24->AT12->AT30->AT25->AT26->AT18->AT29 : 1 34552.9 4015.11 1 0
AT29->AT18->AT24->AT12->AT30->AT25->AT26 : 1 33984 4100.44 1 0
AT19->AT18->AT24->AT12->AT30->AT25->AT26 : 1 33984 3481.77 1 0
AT18->AT24->AT12->AT30->AT25->AT26->AT38 : 1 32021.4 4114.67 1 0
AT26->AT18->AT29->AT19->AT18->AT24->AT12 : 1 19555.6 4846.22 1 0
AT18->AT29->AT19->AT18->AT24->AT12->AT30 : 1 18624 4129.78 1 0
AT26->AT18->AT29->AT18->AT24->AT12->AT30 : 1 17827.6 5274.66 1 0
AT12->AT30->AT25->AT26->AT18->AT29->AT19->AT18 : 2 79004.5 9715.56 1 0
AT18->AT25->AT26->AT18->AT29->AT19->AT18->AT24 : 1 41898.7 6819.56 1 0
AT18->AT25->AT26->AT18->AT29->AT18->AT24->AT12 : 1 40376.9 7214.22 1 0
AT25->AT26->AT18->AT29->AT19->AT18->AT24->AT12 : 1 39580.5 5472 1 0
AT30->AT25->AT26->AT18->AT29->AT19->AT18->AT24 : 1 39374.2 5872.89 1 0
AT18->AT29->AT19->AT18->AT24->AT12->AT30->AT25 : 1 38648.9 4719.11 1 0
AT26->AT18->AT29->AT18->AT24->AT12->AT30->AT25 : 1 37852.5 5864 1 0
AT18->AT29->AT18->AT24->AT12->AT30->AT25->AT26 : 1 37852.5 5551.11 1 0
AT29->AT18->AT24->AT12->AT30->AT25->AT26->AT18 : 1 37852.5 5039.1 1 0
AT18->AT24->AT12->AT30->AT25->AT26->AT18->AT29 : 1 37852.5 5252.44 1 0
AT24->AT12->AT30->AT25->AT26->AT18->AT29->AT18 : 1 37852.5 5252.44 1 0
AT24->AT12->AT30->AT25->AT26->AT18->AT29->AT19 : 1 37852.5 4427.56 1 0
AT30->AT25->AT26->AT18->AT29->AT18->AT24->AT12 : 1 37852.5 6267.55 1 0
AT19->AT18->AT24->AT12->AT30->AT25->AT26->AT18 : 1 37852.5 4420.44 1 0
AT25->AT26->AT18->AT29->AT18->AT24->AT12->AT30 : 1 37852.5 5900.44 1 0
AT12->AT30->AT25->AT26->AT18->AT29->AT18->AT24 : 1 37852.5 6301.33 1 0
AT29->AT19->AT18->AT24->AT12->AT30->AT25->AT26 : 1 37283.6 3894.22 1 0
AT29->AT18->AT24->AT12->AT30->AT25->AT26->AT38 : 1 35320.9 5352 1 0
AT19->AT18->AT24->AT12->AT30->AT25->AT26->AT38 : 1 35320.9 4733.33 1 0
AT26->AT18->AT29->AT19->AT18->AT24->AT12->AT30 : 1 21127.1 5068.44 1 0
AT24->AT12->AT30->AT25->AT26->AT18->AT29->AT19->AT18 : 2 82019.6 10092.5 1 0
AT18->AT25->AT26->AT18->AT29->AT19->AT18->AT24->AT12 : 1 43676.5 7008 1 0
AT18->AT25->AT26->AT18->AT29->AT18->AT24->AT12->AT30 : 1 41948.5 7436.44 1 0
AT29->AT19->AT18->AT24->AT12->AT30->AT25->AT26->AT18 : 1 41152 4832.89 1 0
AT26->AT18->AT29->AT19->AT18->AT24->AT12->AT30->AT25 : 1 41152 5657.78 1 0
AT18->AT29->AT19->AT18->AT24->AT12->AT30->AT25->AT26 : 1 41152 5344.89 1 0
AT18->AT24->AT12->AT30->AT25->AT26->AT18->AT29->AT19 : 1 41152 5664.89 1 0
AT30->AT25->AT26->AT18->AT29->AT19->AT18->AT24->AT12 : 1 41152 6061.33 1 0
AT19->AT18->AT24->AT12->AT30->AT25->AT26->AT18->AT29 : 1 41152 5871.11 1 0
AT25->AT26->AT18->AT29->AT19->AT18->AT24->AT12->AT30 : 1 41152 5694.22 1 0
AT12->AT30->AT25->AT26->AT18->AT29->AT19->AT18->AT24 : 1 41152 6095.11 1 0
AT18->AT29->AT18->AT24->AT12->AT30->AT25->AT26->AT38 : 1 39189.4 6802.67 1 0
AT29->AT19->AT18->AT24->AT12->AT30->AT25->AT26->AT38 : 1 38620.5 5145.78 1 0
AT18->AT25->AT26->AT18->AT29->AT19->AT18->AT24->AT12->AT30 : 1 45248 7230.22 1 0
AT18->AT24->AT12->AT30->AT25->AT26->AT18->AT29->AT19->AT18 : 1 44167.1 6283.56 1 0
AT18->AT29->AT19->AT18->AT24->AT12->AT30->AT25->AT26->AT38 : 1 42488.9 6596.45 1 0
