Profile Result: 
AT16 : 2 13653.3 0 1 0
AT18 : 4 15125.3 0 1 0
AT19 : 1 3221.33 0 1 0
AT21 : 1 1365.33 0 1 0
AT22 : 1 10922.7 0 1 0
AT29 : 1 3221.33 0 1 0
AT31 : 1 1225.33 0 1 0
AT34 : 1 341.333 0 1 0
AT35 : 1 2730.67 0 1 0
NULL : 4 0 0 1 0
NULL->NULL : 3 0 3206.67 1 0
AT22->AT18 : 2 30037.4 2048 1 0
AT16->NULL : 2 16384 3072 1 0
AT19->AT18 : 2 13376 1208 1 0
NULL->AT18 : 2 8192 2048 1 0
AT21->AT22 : 1 12288 682.667 1 0
AT18->AT16 : 1 12288 1536 1 0
AT16->AT35 : 1 8192 682.667 1 0
AT18->AT18 : 1 7808 1536 1 0
AT18->AT29 : 1 6933.33 1392 1 0
AT16->AT21 : 1 6826.66 1024 1 0
AT29->AT18 : 1 6442.66 1208 1 0
AT29->AT19 : 1 6442.66 402.667 1 0
NULL->AT16 : 1 5461.33 1024 1 0
AT18->AT31 : 1 4446.66 1208 1 0
AT34->AT29 : 1 3562.66 1024 1 0
AT19->NULL : 1 3221.33 805.333 1 0
AT35->AT34 : 1 3072 170.667 1 0
AT35->NULL : 1 2730.67 682.667 1 0
NULL->AT21 : 1 1365.33 1024 1 0
AT31->NULL : 1 1225.33 2450.67 1 0
NULL->AT31 : 1 1225.33 1024 1 0
AT21->AT22->AT18 : 2 32768.1 3413.33 1 0
AT29->AT19->AT18 : 2 19818.7 2013.33 1 0
AT22->AT18->AT16 : 1 23210.7 2560 1 0
AT22->AT18->AT18 : 1 18730.7 2560 1 0
AT16->AT21->AT22 : 1 17749.4 1706.67 1 0
AT18->AT18->AT29 : 1 11029.3 2928 1 0
AT18->AT29->AT18 : 1 10154.7 2600 1 0
AT18->AT29->AT19 : 1 10154.7 1794.67 1 0
AT19->AT18->AT29 : 1 10154.7 1996 1 0
AT16->AT35->AT34 : 1 8533.33 853.334 1 0
AT29->AT18->AT31 : 1 7667.99 2416 1 0
AT19->AT18->AT31 : 1 7667.99 1812 1 0
AT34->AT29->AT18 : 1 6783.99 2232 1 0
AT34->AT29->AT19 : 1 6783.99 1426.67 1 0
AT35->AT34->AT29 : 1 6293.33 1194.67 1 0
AT16->AT21->AT22->AT18 : 2 43690.7 5461.33 1 0
AT34->AT29->AT19->AT18 : 2 20501.3 4061.33 1 0
AT21->AT22->AT18->AT16 : 1 24576 3242.67 1 0
AT22->AT18->AT18->AT29 : 1 21952 3952 1 0
AT21->AT22->AT18->AT18 : 1 20096 3242.67 1 0
AT18->AT18->AT29->AT18 : 1 14250.7 4136 1 0
AT18->AT18->AT29->AT19 : 1 14250.7 3330.67 1 0
AT18->AT29->AT19->AT18 : 1 13376 2398.67 1 0
AT19->AT18->AT29->AT18 : 1 13376 3204 1 0
AT16->AT35->AT34->AT29 : 1 11754.7 1877.33 1 0
AT18->AT29->AT18->AT31 : 1 11380 3808 1 0
AT29->AT19->AT18->AT31 : 1 10889.3 2214.67 1 0
AT35->AT34->AT29->AT18 : 1 9514.66 2402.67 1 0
AT35->AT34->AT29->AT19 : 1 9514.66 1597.33 1 0
AT34->AT29->AT18->AT31 : 1 8009.32 3440 1 0
AT35->AT34->AT29->AT19->AT18 : 2 25962.7 4402.67 1 0
AT16->AT21->AT22->AT18->AT16 : 1 30037.4 4266.67 1 0
AT16->AT21->AT22->AT18->AT18 : 1 25557.4 4266.67 1 0
AT22->AT18->AT18->AT29->AT18 : 1 25173.4 5160 1 0
AT22->AT18->AT18->AT29->AT19 : 1 25173.4 4354.67 1 0
AT21->AT22->AT18->AT18->AT29 : 1 23317.4 4634.67 1 0
AT18->AT18->AT29->AT19->AT18 : 1 17472 3934.67 1 0
AT18->AT18->AT29->AT18->AT31 : 1 15476 5344 1 0
AT16->AT35->AT34->AT29->AT18 : 1 14976 3085.33 1 0
AT16->AT35->AT34->AT29->AT19 : 1 14976 2280 1 0
AT18->AT29->AT19->AT18->AT31 : 1 14601.3 3606.67 1 0
AT19->AT18->AT29->AT18->AT31 : 1 14601.3 4412 1 0
AT34->AT29->AT19->AT18->AT31 : 1 11230.7 3238.67 1 0
AT35->AT34->AT29->AT18->AT31 : 1 10740 3610.67 1 0
AT16->AT35->AT34->AT29->AT19->AT18 : 2 36885.3 5768 1 0
AT16->AT21->AT22->AT18->AT18->AT29 : 1 28778.7 5658.67 1 0
AT22->AT18->AT18->AT29->AT19->AT18 : 1 28394.7 4958.67 1 0
AT21->AT22->AT18->AT18->AT29->AT18 : 1 26538.7 5842.67 1 0
AT21->AT22->AT18->AT18->AT29->AT19 : 1 26538.7 5037.33 1 0
AT22->AT18->AT18->AT29->AT18->AT31 : 1 26398.7 6368 1 0
AT18->AT18->AT29->AT19->AT18->AT31 : 1 18697.3 5142.67 1 0
AT16->AT35->AT34->AT29->AT18->AT31 : 1 16201.3 4293.33 1 0
AT35->AT34->AT29->AT19->AT18->AT31 : 1 13961.3 3409.33 1 0
AT16->AT21->AT22->AT18->AT18->AT29->AT18 : 1 32000 6866.67 1 0
AT16->AT21->AT22->AT18->AT18->AT29->AT19 : 1 32000 6061.33 1 0
AT21->AT22->AT18->AT18->AT29->AT19->AT18 : 1 29760 5641.33 1 0
AT22->AT18->AT18->AT29->AT19->AT18->AT31 : 1 29620 6166.67 1 0
AT21->AT22->AT18->AT18->AT29->AT18->AT31 : 1 27764 7050.67 1 0
AT16->AT35->AT34->AT29->AT19->AT18->AT31 : 1 19422.7 4092 1 0
AT16->AT21->AT22->AT18->AT18->AT29->AT19->AT18 : 1 35221.4 6665.33 1 0
AT16->AT21->AT22->AT18->AT18->AT29->AT18->AT31 : 1 33225.4 8074.67 1 0
AT21->AT22->AT18->AT18->AT29->AT19->AT18->AT31 : 1 30985.4 6849.33 1 0
AT16->AT21->AT22->AT18->AT18->AT29->AT19->AT18->AT31 : 1 36446.7 7873.33 1 0
