Profile Result: 
AT13 : 1 10922.7 0 1 0
AT18 : 1 3185.78 0 1 0
AT19 : 1 3640.89 0 1 0
AT24 : 1 1365.33 0 1 0
AT25 : 2 33374.9 0 1 0
AT28 : 1 10922.7 0 1 0
AT30 : 1 1365.33 0 1 0
AT33 : 1 341.333 0 1 0
NULL : 6 0 0 1 0
NULL->NULL : 5 0 3633.19 1 0
NULL->AT25 : 4 66749.8 4096 1 0
AT13->NULL : 2 21845.4 1365.33 1 0
AT19->NULL : 2 7281.78 1820.44 1 0
NULL->AT24 : 2 2730.66 2048 1 0
AT18->AT25 : 1 21997.1 1194.67 1 0
AT28->AT13 : 1 21845.4 170.667 1 0
AT25->NULL : 1 18811.3 587.852 1 0
AT25->AT19 : 1 18204.5 455.111 1 0
AT30->AT25 : 1 15928.9 512 1 0
AT28->AT30 : 1 12288 170.667 1 0
AT33->AT28 : 1 11264 341.333 1 0
NULL->AT13 : 1 10922.7 1024 1 0
AT19->AT18 : 1 6826.67 682.667 1 0
NULL->AT18 : 1 3185.78 1024 1 0
AT24->AT33 : 1 1706.66 170.667 1 0
AT24->NULL : 1 1365.33 682.667 1 0
AT30->NULL : 1 1365.33 682.667 1 0
NULL->AT30 : 1 1365.33 1024 1 0
AT33->NULL : 1 341.333 170.667 1 0
AT28->AT30->AT25 : 1 26851.6 682.667 1 0
AT19->AT18->AT25 : 1 25638 1877.34 1 0
AT33->AT28->AT13 : 1 22186.7 512 1 0
AT25->AT19->AT18 : 1 21390.3 1137.78 1 0
AT30->AT25->AT19 : 1 19569.8 967.111 1 0
AT24->AT33->AT28 : 1 12629.4 512 1 0
AT33->AT28->AT30 : 1 12629.4 512 1 0
AT25->AT19->AT18->AT25 : 1 40201.6 2332.45 1 0
AT28->AT30->AT25->AT19 : 1 30492.5 1137.78 1 0
AT33->AT28->AT30->AT25 : 1 27193 1024 1 0
AT24->AT33->AT28->AT13 : 1 23552.1 682.667 1 0
AT30->AT25->AT19->AT18 : 1 22755.6 1649.78 1 0
AT24->AT33->AT28->AT30 : 1 13994.7 682.667 1 0
AT30->AT25->AT19->AT18->AT25 : 1 41566.9 2844.45 1 0
AT28->AT30->AT25->AT19->AT18 : 1 33678.3 1820.45 1 0
AT33->AT28->AT30->AT25->AT19 : 1 30833.9 1479.11 1 0
AT24->AT33->AT28->AT30->AT25 : 1 28558.3 1194.67 1 0
AT28->AT30->AT25->AT19->AT18->AT25 : 1 52489.6 3015.12 1 0
AT33->AT28->AT30->AT25->AT19->AT18 : 1 34019.6 2161.78 1 0
AT24->AT33->AT28->AT30->AT25->AT19 : 1 32199.2 1649.78 1 0
AT33->AT28->AT30->AT25->AT19->AT18->AT25 : 1 52830.9 3356.45 1 0
AT24->AT33->AT28->AT30->AT25->AT19->AT18 : 1 35385 2332.44 1 0
AT24->AT33->AT28->AT30->AT25->AT19->AT18->AT25 : 1 54196.3 3527.11 1 0
