Profile Result: 
AT13 : 1 16384 0 1 0
AT14 : 1 21845.3 0 1 0
AT18 : 3 10695.1 0 1 0
AT22 : 1 7736.89 0 1 0
AT24 : 2 3214.23 0 1 0
AT25 : 2 34436.8 0 1 0
AT30 : 1 1706.67 0 1 0
AT33 : 1 426.667 0 1 0
NULL : 7 0 0 1 0
NULL->NULL : 6 0 5154.37 1 0
NULL->AT25 : 4 68873.6 4096 1 0
NULL->AT18 : 3 10695.1 3072 1 0
AT24->NULL : 3 4721.79 2360.89 1 0
AT22->AT18 : 2 22072.9 1450.67 1 0
AT18->AT24 : 2 10609.8 2773.33 1 0
NULL->AT24 : 2 3214.23 2048 1 0
AT33->NULL : 2 853.334 426.666 1 0
AT14->AT13 : 1 38229.3 341.333 1 0
AT14->AT18 : 1 25941.3 1024 1 0
AT25->AT22 : 1 23210.7 483.556 1 0
AT18->AT25 : 1 22262.6 1237.33 1 0
NULL->AT14 : 1 21845.3 1024 1 0
AT25->NULL : 1 18963 592.593 1 0
AT13->AT30 : 1 18090.7 256 1 0
AT30->AT25 : 1 17180.5 640 1 0
AT13->NULL : 1 16384 1024 1 0
NULL->AT13 : 1 16384 1024 1 0
AT24->AT33 : 1 2133.34 213.333 1 0
AT30->NULL : 1 1706.67 853.333 1 0
NULL->AT30 : 1 1706.67 1024 1 0
AT25->AT22->AT18 : 2 53020.5 2417.78 1 0
AT14->AT13->AT30 : 1 39936 597.333 1 0
AT13->AT30->AT25 : 1 33564.5 896 1 0
AT22->AT18->AT25 : 1 29999.5 1962.66 1 0
AT14->AT18->AT24 : 1 27648 2560 1 0
AT30->AT25->AT22 : 1 24917.4 1123.56 1 0
AT22->AT18->AT24 : 1 12544 1962.66 1 0
AT18->AT24->AT33 : 1 6229.34 1749.33 1 0
AT30->AT25->AT22->AT18 : 2 56433.8 3697.78 1 0
AT14->AT13->AT30->AT25 : 1 55409.8 1237.33 1 0
AT25->AT22->AT18->AT25 : 1 45473.2 2446.22 1 0
AT13->AT30->AT25->AT22 : 1 41301.4 1379.56 1 0
AT14->AT18->AT24->AT33 : 1 28074.6 2773.33 1 0
AT25->AT22->AT18->AT24 : 1 28017.8 2446.22 1 0
AT13->AT30->AT25->AT22->AT18 : 2 89201.8 4209.78 1 0
AT14->AT13->AT30->AT25->AT22 : 1 63146.7 1720.89 1 0
AT30->AT25->AT22->AT18->AT25 : 1 47179.9 3086.22 1 0
AT30->AT25->AT22->AT18->AT24 : 1 29724.5 3086.22 1 0
AT14->AT13->AT30->AT25->AT22->AT18 : 2 132892 4892.44 1 0
AT13->AT30->AT25->AT22->AT18->AT25 : 1 63563.9 3342.22 1 0
AT13->AT30->AT25->AT22->AT18->AT24 : 1 46108.5 3342.22 1 0
AT14->AT13->AT30->AT25->AT22->AT18->AT25 : 1 85409.2 3683.55 1 0
AT14->AT13->AT30->AT25->AT22->AT18->AT24 : 1 67953.8 3683.55 1 0
