Profile Result: 
AT17 : 1 1536 0 1 0
AT23 : 2 6336 0 1 0
AT24 : 1 2282.67 0 1 0
AT35 : 1 6400 0 1 0
NULL : 3 0 0 1 0
AT35->NULL : 2 12800 2000 1 0
AT23->AT23 : 2 12672 1584 1 0
AT17->AT23 : 2 9408 1536 1 0
AT23->NULL : 2 6272 4704 1 0
AT24->NULL : 2 4565.34 2282.66 1 0
NULL->AT17 : 2 3072 2048 1 0
NULL->NULL : 2 0 2466.67 1 0
AT23->AT35 : 1 9600 1600 1 0
AT23->AT24 : 1 5482.67 2400 1 0
NULL->AT24 : 1 2282.67 1024 1 0
AT17->NULL : 1 1536 1152 1 0
AT17->AT23->AT23 : 2 15744 3120 1 0
AT23->AT23->AT35 : 1 12736 2384 1 0
AT17->AT23->AT35 : 1 11136 2368 1 0
AT23->AT23->AT24 : 1 8618.67 3184 1 0
AT17->AT23->AT24 : 1 7018.67 3168 1 0
AT17->AT23->AT23->AT35 : 1 14272 3152 1 0
AT17->AT23->AT23->AT24 : 1 10154.7 3952 1 0
