Profile Result: 
AT17 : 2 3754.67 0 1 0
AT20 : 1 32768 0 1 0
AT25 : 1 18204.4 0 1 0
AT26 : 1 2275.56 0 1 0
AT27 : 2 60074.7 0 1 0
AT28 : 1 32768 0 1 0
AT30 : 1 2730.67 0 1 0
AT32 : 2 3413.33 0 1 0
AT35 : 1 5461.33 0 1 0
NULL : 5 0 0 1 0
NULL->NULL : 4 0 5404.44 1 0
AT17->NULL : 3 5461.34 2730.67 1 0
AT17->AT27 : 2 63829.4 2816 1 0
AT27->NULL : 2 60074.7 5632 1 0
NULL->AT25 : 2 36408.8 2048 1 0
AT32->AT17 : 2 7168 3413.33 1 0
AT26->NULL : 2 4551.12 1706.67 1 0
NULL->AT17 : 2 3754.67 2048 1 0
AT28->AT30 : 1 35498.7 512 1 0
AT28->AT32 : 1 34816 512 1 0
AT17->AT20 : 1 34816 1024 1 0
AT20->NULL : 1 32768 2048 1 0
NULL->AT28 : 1 32768 1024 1 0
AT30->AT25 : 1 20935.1 1024 1 0
AT25->AT26 : 1 20480 568.889 1 0
AT30->AT35 : 1 8192 1365.33 1 0
AT35->AT32 : 1 6826.66 341.333 1 0
AT35->NULL : 1 5461.33 1365.33 1 0
NULL->AT30 : 1 2730.67 1024 1 0
AT32->AT17->AT27 : 2 67242.7 6229.33 1 0
AT28->AT30->AT25 : 1 53703.1 1536 1 0
AT28->AT30->AT35 : 1 40960 1877.33 1 0
AT28->AT32->AT17 : 1 36864 2560 1 0
AT32->AT17->AT20 : 1 36864 3072 1 0
AT30->AT25->AT26 : 1 23210.6 1592.89 1 0
AT30->AT35->AT32 : 1 9557.33 1706.66 1 0
AT35->AT32->AT17 : 1 8533.33 1706.66 1 0
AT28->AT32->AT17->AT20 : 1 69632 3584 1 0
AT28->AT32->AT17->AT27 : 1 69632 4096 1 0
AT28->AT30->AT25->AT26 : 1 55978.6 2104.89 1 0
AT28->AT30->AT35->AT32 : 1 42325.3 2218.66 1 0
AT35->AT32->AT17->AT27 : 1 35840 2986.66 1 0
AT30->AT35->AT32->AT17 : 1 11264 3071.99 1 0
AT28->AT30->AT35->AT32->AT17 : 1 44032 3583.99 1 0
AT30->AT35->AT32->AT17->AT27 : 1 38570.7 4351.99 1 0
AT28->AT30->AT35->AT32->AT17->AT27 : 1 71338.7 4863.99 1 0
