Profile Result: 
AT18 : 1 4096 0 1 0
AT20 : 1 30378.7 0 1 0
AT21 : 1 1365.33 0 1 0
AT23 : 2 7296 0 1 0
AT24 : 1 1706.67 0 1 0
AT26 : 1 2730.67 0 1 0
AT33 : 2 853.334 0 1 0
AT37 : 1 2901.33 0 1 0
NULL : 5 0 0 1 0
NULL->NULL : 4 0 4561.33 1 0
AT23->NULL : 3 11093.3 7445.33 1 0
NULL->AT23 : 2 7296 2048 1 0
NULL->AT21 : 2 2730.66 2048 1 0
AT33->NULL : 2 853.334 426.666 1 0
AT23->AT20 : 1 34176 949.333 1 0
AT20->NULL : 1 30378.7 1898.67 1 0
AT23->AT23 : 1 7296 874.667 1 0
AT26->AT18 : 1 6826.67 1024 1 0
AT37->AT23 : 1 6400 725.333 1 0
AT18->AT24 : 1 5802.67 1536 1 0
AT23->AT24 : 1 5205.34 2624 1 0
AT21->AT26 : 1 4096 682.667 1 0
NULL->AT18 : 1 4096 1024 1 0
AT33->AT37 : 1 3328 426.667 1 0
AT37->NULL : 1 2901.33 362.667 1 0
NULL->AT37 : 1 2901.33 1024 1 0
AT26->NULL : 1 2730.67 1365.33 1 0
AT24->AT33 : 1 2133.34 213.333 1 0
AT24->NULL : 1 1706.67 853.333 1 0
AT33->AT33 : 1 853.334 213.333 1 0
AT23->AT23->AT20 : 1 37674.7 1824 1 0
AT37->AT23->AT23 : 1 10197.3 1600 1 0
AT26->AT18->AT24 : 1 8533.34 2560 1 0
AT21->AT26->AT18 : 1 8192 1706.67 1 0
AT37->AT23->AT24 : 1 8106.67 3349.33 1 0
AT33->AT37->AT23 : 1 6826.67 1152 1 0
AT18->AT24->AT33 : 1 6229.34 1749.33 1 0
AT23->AT24->AT33 : 1 5632.01 2837.33 1 0
AT24->AT33->AT37 : 1 5034.67 640 1 0
AT24->AT33->AT33 : 1 2560 426.666 1 0
AT37->AT23->AT23->AT20 : 1 40576 2549.33 1 0
AT33->AT37->AT23->AT23 : 1 10624 2026.67 1 0
AT21->AT26->AT18->AT24 : 1 9898.67 3242.67 1 0
AT18->AT24->AT33->AT37 : 1 9130.67 2176 1 0
AT26->AT18->AT24->AT33 : 1 8960.01 2773.33 1 0
AT24->AT33->AT37->AT23 : 1 8533.34 1365.33 1 0
AT33->AT37->AT23->AT24 : 1 8533.34 3776 1 0
AT37->AT23->AT24->AT33 : 1 8533.34 3562.67 1 0
AT23->AT24->AT33->AT37 : 1 8533.34 3264 1 0
AT18->AT24->AT33->AT33 : 1 6656 1962.67 1 0
AT23->AT24->AT33->AT33 : 1 6058.67 3050.67 1 0
AT33->AT37->AT23->AT23->AT20 : 1 41002.7 2976 1 0
AT18->AT24->AT33->AT37->AT23 : 1 12629.3 2901.33 1 0
AT24->AT33->AT37->AT23->AT23 : 1 12330.7 2240 1 0
AT26->AT18->AT24->AT33->AT37 : 1 11861.3 3200 1 0
AT21->AT26->AT18->AT24->AT33 : 1 10325.3 3456 1 0
AT26->AT18->AT24->AT33->AT33 : 1 9386.67 2986.67 1 0
AT37->AT23->AT24->AT33->AT33 : 1 8960 3776 1 0
AT24->AT33->AT37->AT23->AT23->AT20 : 1 42709.4 3189.33 1 0
AT18->AT24->AT33->AT37->AT23->AT23 : 1 16426.7 3776 1 0
AT26->AT18->AT24->AT33->AT37->AT23 : 1 15360 3925.33 1 0
AT21->AT26->AT18->AT24->AT33->AT37 : 1 13226.7 3882.67 1 0
AT21->AT26->AT18->AT24->AT33->AT33 : 1 10752 3669.33 1 0
AT18->AT24->AT33->AT37->AT23->AT23->AT20 : 1 46805.4 4725.33 1 0
AT26->AT18->AT24->AT33->AT37->AT23->AT23 : 1 19157.3 4800 1 0
AT21->AT26->AT18->AT24->AT33->AT37->AT23 : 1 16725.3 4608 1 0
AT26->AT18->AT24->AT33->AT37->AT23->AT23->AT20 : 1 49536 5749.33 1 0
AT21->AT26->AT18->AT24->AT33->AT37->AT23->AT23 : 1 20522.7 5482.67 1 0
AT21->AT26->AT18->AT24->AT33->AT37->AT23->AT23->AT20 : 1 50901.4 6432 1 0
