Profile Result: 
AT12 : 1 2389.33 0 1 0
AT13 : 1 21845.3 0 1 0
AT20 : 1 32768 0 1 0
AT23 : 1 4096 0 1 0
AT24 : 1 2730.67 0 1 0
AT33 : 1 682.667 0 1 0
AT35 : 1 8192 0 1 0
NULL : 5 0 0 1 0
NULL->NULL : 4 0 5216 1 0
AT13->NULL : 2 43690.6 2730.66 1 0
NULL->AT23 : 2 8192 2048 1 0
AT12->NULL : 2 4778.66 2389.34 1 0
AT23->AT20 : 1 36864 1024 1 0
AT20->NULL : 1 32768 2048 1 0
AT35->AT13 : 1 30037.3 512 1 0
NULL->AT13 : 1 21845.3 1024 1 0
AT23->AT35 : 1 12288 2048 1 0
AT35->NULL : 1 8192 2048 1 0
AT23->AT24 : 1 6826.67 3072 1 0
AT24->AT33 : 1 3413.34 341.333 1 0
AT33->AT12 : 1 3072 341.333 1 0
AT24->NULL : 1 2730.67 1365.33 1 0
NULL->AT24 : 1 2730.67 1024 1 0
NULL->AT12 : 1 2389.33 1024 1 0
AT33->NULL : 1 682.667 682.667 1 0
AT23->AT35->AT13 : 1 34133.3 2560 1 0
AT23->AT24->AT33 : 1 7509.34 3413.33 1 0
AT24->AT33->AT12 : 1 5802.67 682.666 1 0
AT23->AT24->AT33->AT12 : 1 9898.67 3754.67 1 0
