Profile Result: 
AT14 : 1 32768 0 1 0
AT16 : 1 8192 0 1 0
AT18 : 2 8874.66 0 1 0
AT19 : 1 8192 0 1 0
AT21 : 1 1536 0 1 0
AT26 : 2 5120 0 1 0
AT29 : 1 4096 0 1 0
NULL : 5 0 0 1 0
NULL->NULL : 4 0 5032 1 0
AT26->NULL : 3 8192 3328 1 0
AT14->NULL : 2 65536 3072 1 0
NULL->AT18 : 2 8874.66 2048 1 0
AT19->AT14 : 1 40960 1536 1 0
AT19->AT18 : 1 13653.3 1536 1 0
AT29->AT16 : 1 12288 1536 1 0
AT16->AT21 : 1 9728 1536 1 0
AT18->AT29 : 1 9557.33 2048 1 0
AT19->NULL : 1 8192 2048 1 0
AT16->NULL : 1 8192 1024 1 0
NULL->AT19 : 1 8192 1024 1 0
AT29->AT26 : 1 6144 512 1 0
AT26->AT18 : 1 5461.33 768 1 0
AT21->AT26 : 1 4608 768 1 0
NULL->AT29 : 1 4096 1024 1 0
AT18->NULL : 1 3413.33 1280 1 0
NULL->AT21 : 1 1536 1024 1 0
AT19->AT18->AT29 : 1 17749.3 3584 1 0
AT18->AT29->AT16 : 1 17749.3 3584 1 0
AT29->AT16->AT21 : 1 13824 3072 1 0
AT16->AT21->AT26 : 1 12800 2304 1 0
AT18->AT29->AT26 : 1 11605.3 2560 1 0
AT29->AT26->AT18 : 1 9557.33 1280 1 0
AT19->AT18->AT29->AT16 : 1 25941.3 5120 1 0
AT19->AT18->AT29->AT26 : 1 19797.3 4096 1 0
AT18->AT29->AT16->AT21 : 1 19285.3 5120 1 0
AT29->AT16->AT21->AT26 : 1 16896 3840 1 0
AT18->AT29->AT26->AT18 : 1 15018.7 3328 1 0
AT19->AT18->AT29->AT16->AT21 : 1 27477.3 6656 1 0
AT19->AT18->AT29->AT26->AT18 : 1 23210.7 4864 1 0
AT18->AT29->AT16->AT21->AT26 : 1 22357.3 5888 1 0
AT19->AT18->AT29->AT16->AT21->AT26 : 1 30549.3 7424 1 0
