Profile Result: 
AT18 : 1 4323.56 0 1 0
AT19 : 1 5916.44 0 1 0
AT24 : 1 1763.56 0 1 0
AT25 : 1 23665.8 0 1 0
AT30 : 1 4778.67 0 1 0
NULL : 4 0 0 1 0
NULL->NULL : 3 0 3994.66 1 0
NULL->AT25 : 2 47331.6 2048 1 0
AT19->NULL : 2 11832.9 2588.44 1 0
NULL->AT30 : 2 9557.34 2048 1 0
AT24->NULL : 2 3527.12 1763.56 1 0
AT25->AT19 : 1 29582.2 739.556 1 0
AT30->AT25 : 1 28444.5 1792 1 0
AT19->AT18 : 1 10240 1109.33 1 0
AT18->AT24 : 1 6087.12 1621.33 1 0
AT30->NULL : 1 4778.67 2389.33 1 0
NULL->AT18 : 1 4323.56 1024 1 0
NULL->AT24 : 1 1763.56 1024 1 0
AT30->AT25->AT19 : 1 34360.9 2531.56 1 0
AT25->AT19->AT18 : 1 33905.8 1848.89 1 0
AT19->AT18->AT24 : 1 12003.6 2730.66 1 0
AT30->AT25->AT19->AT18 : 1 38684.5 3640.89 1 0
AT25->AT19->AT18->AT24 : 1 35669.4 3470.22 1 0
AT30->AT25->AT19->AT18->AT24 : 1 40448 5262.22 1 0
