Profile Result: 
AT17 : 1 2048 0 1 0
AT20 : 1 32768 0 1 0
AT23 : 2 8192 0 1 0
AT24 : 1 2730.67 0 1 0
AT27 : 1 32768 0 1 0
AT28 : 1 21845.3 0 1 0
AT32 : 1 2048 0 1 0
AT33 : 1 682.667 0 1 0
AT35 : 1 8192 0 1 0
NULL : 4 0 0 1 0
NULL->NULL : 3 0 5248 1 0
AT28->NULL : 2 43690.6 682.666 1 0
AT17->AT23 : 2 12288 2048 1 0
AT23->NULL : 2 8192 6144 1 0
AT23->AT20 : 1 36864 1024 1 0
AT17->AT27 : 1 34816 1536 1 0
AT20->NULL : 1 32768 2048 1 0
AT27->NULL : 1 32768 3072 1 0
AT33->AT28 : 1 22528 682.667 1 0
AT23->AT35 : 1 12288 2048 1 0
AT35->AT32 : 1 10240 512 1 0
AT23->AT23 : 1 8192 1024 1 0
AT35->NULL : 1 8192 2048 1 0
AT23->AT24 : 1 6826.67 3072 1 0
AT32->AT17 : 1 4096 2048 1 0
NULL->AT23 : 1 4096 1024 1 0
AT24->AT33 : 1 3413.34 341.333 1 0
AT24->NULL : 1 2730.67 1365.33 1 0
NULL->AT24 : 1 2730.67 1024 1 0
NULL->AT17 : 1 2048 1024 1 0
AT33->NULL : 1 682.667 341.333 1 0
AT32->AT17->AT23 : 2 16384 6144 1 0
AT23->AT23->AT20 : 1 40960 2048 1 0
AT17->AT23->AT20 : 1 38912 2048 1 0
AT32->AT17->AT27 : 1 36864 3584 1 0
AT24->AT33->AT28 : 1 25258.6 1024 1 0
AT23->AT35->AT32 : 1 14336 2560 1 0
AT17->AT23->AT35 : 1 14336 3072 1 0
AT35->AT32->AT17 : 1 12288 2560 1 0
AT17->AT23->AT23 : 1 10240 2048 1 0
AT17->AT23->AT24 : 1 8874.67 4096 1 0
AT23->AT24->AT33 : 1 7509.34 3413.33 1 0
AT35->AT32->AT17->AT23 : 2 32768 7168 1 0
AT35->AT32->AT17->AT27 : 1 45056 4096 1 0
AT17->AT23->AT23->AT20 : 1 43008 3072 1 0
AT32->AT17->AT23->AT20 : 1 40960 4096 1 0
AT23->AT24->AT33->AT28 : 1 29354.6 4096 1 0
AT23->AT35->AT32->AT17 : 1 16384 4608 1 0
AT32->AT17->AT23->AT35 : 1 16384 5120 1 0
AT17->AT23->AT35->AT32 : 1 16384 3584 1 0
AT32->AT17->AT23->AT23 : 1 12288 4096 1 0
AT32->AT17->AT23->AT24 : 1 10922.7 6144 1 0
AT17->AT23->AT24->AT33 : 1 9557.34 4437.33 1 0
AT23->AT35->AT32->AT17->AT27 : 1 49152 6144 1 0
AT35->AT32->AT17->AT23->AT20 : 1 49152 4608 1 0
AT32->AT17->AT23->AT23->AT20 : 1 45056 5120 1 0
AT17->AT23->AT24->AT33->AT28 : 1 31402.6 5120 1 0
AT23->AT35->AT32->AT17->AT23 : 1 20480 5632 1 0
AT35->AT32->AT17->AT23->AT23 : 1 20480 4608 1 0
AT35->AT32->AT17->AT23->AT24 : 1 19114.7 6656 1 0
AT32->AT17->AT23->AT24->AT33 : 1 11605.3 6485.33 1 0
AT23->AT35->AT32->AT17->AT23->AT20 : 1 53248 6656 1 0
AT35->AT32->AT17->AT23->AT23->AT20 : 1 53248 5632 1 0
AT32->AT17->AT23->AT24->AT33->AT28 : 1 33450.6 7168 1 0
AT35->AT32->AT17->AT23->AT24->AT33 : 1 19797.3 6997.33 1 0
AT35->AT32->AT17->AT23->AT24->AT33->AT28 : 1 41642.6 7680 1 0
