Profile Result: 
AT18 : 1 2730.67 0 1 0
AT25 : 1 18204.4 0 1 0
AT26 : 2 3640.89 0 1 0
AT29 : 1 2730.67 0 1 0
AT31 : 1 1194.67 0 1 0
AT32 : 1 2389.33 0 1 0
AT35 : 1 9557.33 0 1 0
NULL : 4 0 0 1 0
AT26->NULL : 3 5916.45 2389.33 1 0
NULL->NULL : 3 0 4039.11 1 0
NULL->AT25 : 2 36408.8 2048 1 0
NULL->AT29 : 2 5461.34 2048 1 0
AT18->AT25 : 1 20935.1 1024 1 0
AT25->AT26 : 1 20480 568.889 1 0
AT35->AT32 : 1 11946.7 597.333 1 0
AT31->AT35 : 1 10752 2389.33 1 0
AT35->NULL : 1 9557.33 2389.33 1 0
AT29->AT26 : 1 4096 341.333 1 0
AT26->AT18 : 1 4096 512 1 0
AT29->AT31 : 1 3925.34 1024 1 0
NULL->AT18 : 1 2730.67 1024 1 0
AT32->NULL : 1 2389.33 2389.33 1 0
NULL->AT31 : 1 1194.67 1024 1 0
AT18->AT25->AT26 : 1 23210.6 1592.89 1 0
AT26->AT18->AT25 : 1 22300.4 1536 1 0
AT29->AT31->AT35 : 1 13482.7 3413.33 1 0
AT31->AT35->AT32 : 1 13141.3 2986.66 1 0
AT29->AT26->AT18 : 1 6826.67 853.333 1 0
AT29->AT26->AT18->AT25 : 1 25031.1 1877.33 1 0
AT26->AT18->AT25->AT26 : 1 24576 2104.89 1 0
AT29->AT31->AT35->AT32 : 1 15872 4010.66 1 0
AT29->AT26->AT18->AT25->AT26 : 1 27306.6 2446.22 1 0
