Profile Result: 
AT12 : 1 2389.33 0 1 0
AT15 : 1 8078.22 0 1 0
AT17 : 1 1009.78 0 1 0
AT20 : 2 48924.4 0 1 0
AT23 : 1 4096 0 1 0
AT24 : 1 2730.67 0 1 0
AT25 : 1 15928.9 0 1 0
AT30 : 1 1877.33 0 1 0
AT31 : 1 423.111 0 1 0
AT33 : 1 504.889 0 1 0
NULL : 6 0 0 1 0
NULL->NULL : 5 0 5468.23 1 0
AT20->NULL : 2 48924.4 3057.78 1 0
NULL->AT25 : 2 31857.8 2048 1 0
NULL->AT23 : 2 8192 2048 1 0
AT33->NULL : 2 1009.78 504.888 1 0
AT23->AT20 : 1 36864 1024 1 0
AT30->AT25 : 1 17806.2 704 1 0
AT17->AT20 : 1 17166.2 504.889 1 0
AT25->AT17 : 1 16938.7 497.778 1 0
AT17->AT15 : 1 9088 504.889 1 0
AT15->AT33 : 1 8583.11 252.444 1 0
AT15->AT31 : 1 8501.33 252.444 1 0
AT23->AT24 : 1 6826.67 3072 1 0
AT24->AT12 : 1 5120 341.333 1 0
AT12->AT30 : 1 4266.66 298.667 1 0
AT23->NULL : 1 4096 2048 1 0
AT24->NULL : 1 2730.67 1365.33 1 0
NULL->AT24 : 1 2730.67 1024 1 0
AT12->NULL : 1 2389.33 1194.67 1 0
NULL->AT12 : 1 2389.33 1024 1 0
AT30->NULL : 1 1877.33 938.667 1 0
NULL->AT30 : 1 1877.33 1024 1 0
AT17->NULL : 1 1009.78 757.333 1 0
NULL->AT17 : 1 1009.78 1024 1 0
AT31->NULL : 1 423.111 846.222 1 0
NULL->AT31 : 1 423.111 1024 1 0
AT25->AT17->AT20 : 1 33095.1 1002.67 1 0
AT25->AT17->AT15 : 1 25016.9 1002.67 1 0
AT12->AT30->AT25 : 1 20195.6 1002.67 1 0
AT30->AT25->AT17 : 1 18816 1201.78 1 0
AT17->AT15->AT33 : 1 9592.89 757.333 1 0
AT17->AT15->AT31 : 1 9511.11 757.333 1 0
AT23->AT24->AT12 : 1 9216 3413.33 1 0
AT24->AT12->AT30 : 1 6997.33 640 1 0
AT30->AT25->AT17->AT20 : 1 34972.4 1706.67 1 0
AT30->AT25->AT17->AT15 : 1 26894.2 1706.67 1 0
AT25->AT17->AT15->AT33 : 1 25521.8 1255.11 1 0
AT25->AT17->AT15->AT31 : 1 25440 1255.11 1 0
AT24->AT12->AT30->AT25 : 1 22926.2 1344 1 0
AT12->AT30->AT25->AT17 : 1 21205.3 1500.44 1 0
AT23->AT24->AT12->AT30 : 1 11093.3 3712 1 0
AT12->AT30->AT25->AT17->AT20 : 1 37361.7 2005.33 1 0
AT12->AT30->AT25->AT17->AT15 : 1 29283.6 2005.33 1 0
AT30->AT25->AT17->AT15->AT33 : 1 27399.1 1959.11 1 0
AT30->AT25->AT17->AT15->AT31 : 1 27317.3 1959.11 1 0
AT23->AT24->AT12->AT30->AT25 : 1 27022.2 4416 1 0
AT24->AT12->AT30->AT25->AT17 : 1 23936 1841.78 1 0
AT24->AT12->AT30->AT25->AT17->AT20 : 1 40092.4 2346.67 1 0
AT24->AT12->AT30->AT25->AT17->AT15 : 1 32014.2 2346.67 1 0
AT12->AT30->AT25->AT17->AT15->AT33 : 1 29788.4 2257.78 1 0
AT12->AT30->AT25->AT17->AT15->AT31 : 1 29706.7 2257.78 1 0
AT23->AT24->AT12->AT30->AT25->AT17 : 1 28032 4913.78 1 0
AT23->AT24->AT12->AT30->AT25->AT17->AT20 : 1 44188.4 5418.67 1 0
AT23->AT24->AT12->AT30->AT25->AT17->AT15 : 1 36110.2 5418.67 1 0
AT24->AT12->AT30->AT25->AT17->AT15->AT33 : 1 32519.1 2599.11 1 0
AT24->AT12->AT30->AT25->AT17->AT15->AT31 : 1 32437.3 2599.11 1 0
AT23->AT24->AT12->AT30->AT25->AT17->AT15->AT33 : 1 36615.1 5671.11 1 0
AT23->AT24->AT12->AT30->AT25->AT17->AT15->AT31 : 1 36533.3 5671.11 1 0
