Profile Result: 
AT24 : 1 1365.33 0 1 0
AT28 : 1 10922.7 0 1 0
AT29 : 1 2730.67 0 1 0
AT33 : 3 1024 0 1 0
AT34 : 1 341.333 0 1 0
NULL : 3 0 0 1 0
AT33->NULL : 3 1024 853.333 1 0
AT33->AT33 : 2 1365.33 341.334 1 0
NULL->NULL : 2 0 711.111 1 0
AT33->AT28 : 1 11264 341.333 1 0
AT28->AT34 : 1 11264 170.667 1 0
AT28->NULL : 1 10922.7 170.667 1 0
AT29->AT24 : 1 4096 1024 1 0
AT34->AT29 : 1 3072 1024 1 0
AT29->NULL : 1 2730.67 341.333 1 0
NULL->AT29 : 1 2730.67 1024 1 0
AT24->AT33 : 1 1706.66 170.667 1 0
AT24->NULL : 1 1365.33 682.667 1 0
NULL->AT24 : 1 1365.33 1024 1 0
AT28->AT34->AT29 : 1 13994.7 1194.67 1 0
AT24->AT33->AT28 : 1 12629.4 512 1 0
AT33->AT28->AT34 : 1 11605.4 512 1 0
AT34->AT29->AT24 : 1 4437.33 2048 1 0
AT29->AT24->AT33 : 1 4437.33 1194.67 1 0
AT24->AT33->AT33 : 1 2048 341.334 1 0
AT33->AT33->AT33 : 1 1024 341.334 1 0
AT28->AT34->AT29->AT24 : 1 15360 2218.67 1 0
AT29->AT24->AT33->AT28 : 1 15360 1536 1 0
AT33->AT28->AT34->AT29 : 1 14336 1536 1 0
AT24->AT33->AT28->AT34 : 1 12970.7 682.667 1 0
AT34->AT29->AT24->AT33 : 1 4778.67 2218.67 1 0
AT29->AT24->AT33->AT33 : 1 4778.67 1365.33 1 0
AT24->AT33->AT33->AT33 : 1 2389.33 512.001 1 0
AT24->AT33->AT28->AT34->AT29 : 1 15701.4 1706.67 1 0
AT33->AT28->AT34->AT29->AT24 : 1 15701.4 2560 1 0
AT28->AT34->AT29->AT24->AT33 : 1 15701.4 2389.33 1 0
AT34->AT29->AT24->AT33->AT28 : 1 15701.4 2560 1 0
AT29->AT24->AT33->AT28->AT34 : 1 15701.4 1706.67 1 0
AT34->AT29->AT24->AT33->AT33 : 1 5120 2389.33 1 0
AT29->AT24->AT33->AT33->AT33 : 1 5120 1536 1 0
AT28->AT34->AT29->AT24->AT33->AT33 : 1 16042.7 2560 1 0
AT34->AT29->AT24->AT33->AT33->AT33 : 1 5461.33 2560 1 0
AT28->AT34->AT29->AT24->AT33->AT33->AT33 : 1 16384 2730.67 1 0
