Profile Result: 
AT12 : 1 2048 0 1 0
AT18 : 1 5461.33 0 1 0
AT24 : 1 2048 0 1 0
AT25 : 1 15473.8 0 1 0
AT26 : 2 6030.22 0 1 0
AT30 : 1 1706.67 0 1 0
AT35 : 1 3413.33 0 1 0
NULL : 4 0 0 1 0
AT26->NULL : 3 7964.44 3740.44 1 0
NULL->NULL : 3 0 3039.11 1 0
NULL->AT25 : 2 30947.6 2048 1 0
AT35->NULL : 2 6826.66 426.666 1 0
AT25->AT26 : 1 17408 483.556 1 0
AT30->AT25 : 1 17180.5 640 1 0
AT26->AT18 : 1 9557.33 1536 1 0
AT18->AT24 : 1 7509.33 2048 1 0
NULL->AT18 : 1 5461.33 1024 1 0
AT30->AT35 : 1 5120 853.333 1 0
AT24->AT12 : 1 4096 256 1 0
NULL->AT26 : 1 4096 1024 1 0
AT12->AT30 : 1 3754.67 256 1 0
AT24->NULL : 1 2048 1024 1 0
AT12->NULL : 1 2048 1024 1 0
NULL->AT24 : 1 2048 1024 1 0
NULL->AT12 : 1 2048 1024 1 0
NULL->AT30 : 1 1706.67 1024 1 0
AT12->AT30->AT25 : 1 19228.5 896 1 0
AT30->AT25->AT26 : 1 19114.7 1123.56 1 0
AT26->AT18->AT24 : 1 11605.3 3584 1 0
AT18->AT24->AT12 : 1 9557.33 2304 1 0
AT12->AT30->AT35 : 1 7168 1109.33 1 0
AT24->AT12->AT30 : 1 5802.67 512 1 0
AT24->AT12->AT30->AT25 : 1 21276.5 1152 1 0
AT12->AT30->AT25->AT26 : 1 21162.7 1379.56 1 0
AT26->AT18->AT24->AT12 : 1 13653.3 3840 1 0
AT18->AT24->AT12->AT30 : 1 11264 2560 1 0
AT24->AT12->AT30->AT35 : 1 9216 1365.33 1 0
AT18->AT24->AT12->AT30->AT25 : 1 26737.8 3200 1 0
AT24->AT12->AT30->AT25->AT26 : 1 23210.7 1635.56 1 0
AT26->AT18->AT24->AT12->AT30 : 1 15360 4096 1 0
AT18->AT24->AT12->AT30->AT35 : 1 14677.3 3413.33 1 0
AT26->AT18->AT24->AT12->AT30->AT25 : 1 30833.8 4736 1 0
AT18->AT24->AT12->AT30->AT25->AT26 : 1 28672 3683.56 1 0
AT26->AT18->AT24->AT12->AT30->AT35 : 1 18773.3 4949.33 1 0
AT26->AT18->AT24->AT12->AT30->AT25->AT26 : 1 32768 5219.56 1 0
