Profile Result: 
AT6 : 1 27306.7 0 1 0
AT17 : 1 1877.33 0 1 0
AT18 : 1 3925.33 0 1 0
AT20 : 1 32768 0 1 0
AT21 : 1 1280 0 1 0
AT26 : 1 2560 0 1 0
AT27 : 1 30037.3 0 1 0
AT32 : 1 1706.67 0 1 0
NULL : 3 0 0 1 0
NULL->NULL : 2 0 2650.67 1 0
AT20->AT6 : 1 60074.7 2048 1 0
NULL->AT20 : 1 32768 1024 1 0
AT17->AT27 : 1 31914.6 1408 1 0
AT27->NULL : 1 30037.3 2816 1 0
AT6->AT32 : 1 29013.4 426.667 1 0
NULL->AT6 : 1 27306.7 1024 1 0
AT26->AT18 : 1 6485.33 960 1 0
AT18->NULL : 1 3925.33 1472 1 0
NULL->AT18 : 1 3925.33 1024 1 0
AT21->AT26 : 1 3840 640 1 0
AT32->AT17 : 1 3584 1706.67 1 0
AT17->AT21 : 1 3157.33 938.667 1 0
AT26->NULL : 1 2560 1280 1 0
AT17->NULL : 1 1877.33 938.667 1 0
NULL->AT17 : 1 1877.33 1024 1 0
NULL->AT21 : 1 1280 1024 1 0
AT20->AT6->AT32 : 1 61781.4 2474.67 1 0
AT32->AT17->AT27 : 1 33621.3 3114.67 1 0
AT6->AT32->AT17 : 1 30890.7 2133.34 1 0
AT21->AT26->AT18 : 1 7765.33 1600 1 0
AT17->AT21->AT26 : 1 5717.33 1578.67 1 0
AT32->AT17->AT21 : 1 4864 2645.34 1 0
AT20->AT6->AT32->AT17 : 1 63658.7 4181.34 1 0
AT6->AT32->AT17->AT27 : 1 60928 3541.34 1 0
AT6->AT32->AT17->AT21 : 1 32170.7 3072 1 0
AT17->AT21->AT26->AT18 : 1 9642.66 2538.67 1 0
AT32->AT17->AT21->AT26 : 1 7424 3285.34 1 0
AT20->AT6->AT32->AT17->AT27 : 1 93696 5589.34 1 0
AT20->AT6->AT32->AT17->AT21 : 1 64938.7 5120 1 0
AT6->AT32->AT17->AT21->AT26 : 1 34730.7 3712 1 0
AT32->AT17->AT21->AT26->AT18 : 1 11349.3 4245.34 1 0
AT20->AT6->AT32->AT17->AT21->AT26 : 1 67498.7 5760 1 0
AT6->AT32->AT17->AT21->AT26->AT18 : 1 38656 4672 1 0
AT20->AT6->AT32->AT17->AT21->AT26->AT18 : 1 71424 6720 1 0
