Profile Result: 
AT18 : 5 23893.3 0 1 0
AT19 : 1 8192 0 1 0
AT22 : 1 10922.7 0 1 0
AT24 : 2 3754.67 0 1 0
AT25 : 2 42780.4 0 1 0
NULL : 6 0 0 1 0
NULL->AT18 : 5 23893.3 5120 1 0
NULL->NULL : 5 0 4888.89 1 0
NULL->AT25 : 4 85560.8 4096 1 0
AT24->NULL : 4 7509.34 3754.67 1 0
AT18->AT25 : 2 53020.4 3840 1 0
AT22->AT18 : 2 30037.4 2048 1 0
AT19->AT18 : 2 27306.7 3072 1 0
AT18->AT24 : 2 13312 3584 1 0
NULL->AT24 : 2 3754.67 2048 1 0
AT25->AT22 : 1 32768 682.667 1 0
AT25->NULL : 1 20935.1 654.222 1 0
AT18->AT18 : 1 8874.67 1536 1 0
AT19->NULL : 1 8192 2048 1 0
NULL->AT19 : 1 8192 1024 1 0
AT25->AT22->AT18 : 2 73728 3413.33 1 0
AT18->AT25->AT22 : 1 38229.3 2730.67 1 0
AT19->AT18->AT25 : 1 35498.6 3584 1 0
AT18->AT18->AT25 : 1 29809.8 3328 1 0
AT22->AT18->AT18 : 1 19797.4 2560 1 0
AT22->AT18->AT24 : 1 16725.4 2560 1 0
AT19->AT18->AT24 : 1 15701.3 3584 1 0
AT18->AT25->AT22->AT18 : 2 84650.7 7509.33 1 0
AT19->AT18->AT25->AT22 : 1 46421.3 4266.67 1 0
AT25->AT22->AT18->AT18 : 1 41642.7 3242.67 1 0
AT22->AT18->AT18->AT25 : 1 40732.5 4352 1 0
AT25->AT22->AT18->AT24 : 1 38570.7 3242.67 1 0
AT19->AT18->AT25->AT22->AT18 : 2 101035 10581.3 1 0
AT25->AT22->AT18->AT18->AT25 : 1 62577.8 5034.67 1 0
AT18->AT25->AT22->AT18->AT18 : 1 47104 5290.67 1 0
AT18->AT25->AT22->AT18->AT24 : 1 44032 5290.67 1 0
AT18->AT25->AT22->AT18->AT18->AT25 : 1 68039.1 7082.67 1 0
AT19->AT18->AT25->AT22->AT18->AT18 : 1 55296 6826.67 1 0
AT19->AT18->AT25->AT22->AT18->AT24 : 1 52224 6826.67 1 0
AT19->AT18->AT25->AT22->AT18->AT18->AT25 : 1 76231.1 8618.67 1 0
