Profile Result: 
AT16 : 1 8192 0 1 0
AT18 : 1 4096 0 1 0
AT19 : 1 6144 0 1 0
AT21 : 1 1536 0 1 0
AT35 : 1 4096 0 1 0
NULL : 3 0 0 1 0
AT19->NULL : 3 18432 4608 1 0
AT35->NULL : 2 8192 512 1 0
NULL->AT18 : 2 8192 2048 1 0
NULL->NULL : 2 0 1760 1 0
AT18->AT16 : 1 12288 1536 1 0
AT16->AT35 : 1 12288 1024 1 0
AT16->AT21 : 1 9728 1536 1 0
AT21->AT19 : 1 7680 768 1 0
NULL->AT21 : 1 1536 1024 1 0
AT18->AT16->AT35 : 1 16384 2560 1 0
AT16->AT21->AT19 : 1 15872 2304 1 0
AT18->AT16->AT21 : 1 13824 3072 1 0
AT18->AT16->AT21->AT19 : 1 19968 3840 1 0
