Profile Result: 
AT13 : 1 40960 0 1 0
AT18 : 2 8192 0 1 0
AT21 : 1 1365.33 0 1 0
AT22 : 2 20707.6 0 1 0
AT25 : 2 39594.7 0 1 0
AT26 : 1 2503.11 0 1 0
AT30 : 1 3242.67 0 1 0
AT32 : 1 2560 0 1 0
AT35 : 1 10240 0 1 0
NULL : 5 0 0 1 0
NULL->AT25 : 4 79189.4 4096 1 0
NULL->NULL : 4 0 5137.78 1 0
AT22->AT18 : 2 30037.4 2048 1 0
AT22->NULL : 2 19569.8 1834.67 1 0
NULL->AT18 : 2 8192 2048 1 0
AT26->NULL : 2 5006.22 1877.33 1 0
NULL->AT21 : 2 2730.66 2048 1 0
AT13->AT35 : 1 51200 2560 1 0
AT18->AT13 : 1 45056 1536 1 0
AT13->AT30 : 1 44202.7 640 1 0
NULL->AT13 : 1 40960 1024 1 0
AT25->AT22 : 1 29354.7 611.556 1 0
AT18->AT25 : 1 24120.9 1536 1 0
AT30->AT25 : 1 22812.5 1216 1 0
AT25->AT26 : 1 22528 625.778 1 0
AT35->AT32 : 1 12800 640 1 0
AT21->AT22 : 1 12288 682.667 1 0
AT35->NULL : 1 10240 2560 1 0
AT30->NULL : 1 3242.67 1621.33 1 0
NULL->AT30 : 1 3242.67 1024 1 0
AT32->NULL : 1 2560 2560 1 0
AT21->AT22->AT18 : 2 32768.1 3413.33 1 0
AT13->AT30->AT25 : 1 63772.5 1856 1 0
AT22->AT18->AT13 : 1 55978.7 2560 1 0
AT18->AT13->AT35 : 1 55296 4096 1 0
AT13->AT35->AT32 : 1 53760 3200 1 0
AT18->AT13->AT30 : 1 48298.7 2176 1 0
AT22->AT18->AT25 : 1 35043.6 2560 1 0
AT30->AT25->AT22 : 1 32597.4 1827.56 1 0
AT18->AT25->AT26 : 1 26624 2161.78 1 0
AT13->AT30->AT25->AT22 : 1 73557.4 2467.56 1 0
AT18->AT13->AT30->AT25 : 1 67868.5 3392 1 0
AT22->AT18->AT13->AT35 : 1 66218.7 5120 1 0
AT22->AT18->AT13->AT30 : 1 59221.4 3200 1 0
AT18->AT13->AT35->AT32 : 1 57856 4736 1 0
AT21->AT22->AT18->AT13 : 1 57344 3242.67 1 0
AT22->AT18->AT25->AT26 : 1 37546.7 3185.78 1 0
AT21->AT22->AT18->AT25 : 1 36408.9 3242.67 1 0
AT22->AT18->AT13->AT30->AT25 : 1 78791.2 4416 1 0
AT18->AT13->AT30->AT25->AT22 : 1 77653.4 4003.56 1 0
AT22->AT18->AT13->AT35->AT32 : 1 68778.7 5760 1 0
AT21->AT22->AT18->AT13->AT35 : 1 67584 5802.67 1 0
AT21->AT22->AT18->AT13->AT30 : 1 60586.7 3882.67 1 0
AT21->AT22->AT18->AT25->AT26 : 1 38912 3868.44 1 0
AT22->AT18->AT13->AT30->AT25->AT22 : 1 88576.1 5027.56 1 0
AT21->AT22->AT18->AT13->AT30->AT25 : 1 80156.5 5098.67 1 0
AT21->AT22->AT18->AT13->AT35->AT32 : 1 70144 6442.67 1 0
AT21->AT22->AT18->AT13->AT30->AT25->AT22 : 1 89941.4 5710.22 1 0
