Profile Result: 
AT18 : 3 15018.7 0 1 0
AT22 : 2 27306.7 0 1 0
AT25 : 1 21845.3 0 1 0
AT26 : 1 1706.67 0 1 0
AT29 : 1 3413.33 0 1 0
AT31 : 1 1365.33 0 1 0
AT35 : 1 10922.7 0 1 0
NULL : 4 0 0 1 0
AT22->AT18 : 3 58709.4 4096 1 0
NULL->NULL : 3 0 3130.67 1 0
NULL->AT25 : 2 43690.6 2048 1 0
AT35->NULL : 2 21845.4 1365.33 1 0
NULL->AT18 : 2 9557.33 2048 1 0
AT26->NULL : 2 3413.34 1493.33 1 0
AT25->AT22 : 1 32768 682.667 1 0
AT18->AT25 : 1 27306.6 2048 1 0
NULL->AT22 : 1 16384 1024 1 0
AT31->AT35 : 1 12288 2730.67 1 0
AT22->NULL : 1 10922.7 1024 1 0
AT29->AT18 : 1 8874.66 1280 1 0
AT18->AT29 : 1 7509.33 1536 1 0
AT18->AT31 : 1 6826.66 2048 1 0
AT29->AT26 : 1 5120 426.667 1 0
NULL->AT29 : 1 3413.33 1024 1 0
NULL->AT31 : 1 1365.33 1024 1 0
AT22->AT18->AT25 : 1 43690.6 3584 1 0
AT18->AT25->AT22 : 1 38229.3 2730.67 1 0
AT25->AT22->AT18 : 1 36864 1706.67 1 0
AT22->AT18->AT31 : 1 23210.7 3584 1 0
AT22->AT18->AT29 : 1 18432 2560 1 0
AT18->AT31->AT35 : 1 17749.4 4778.67 1 0
AT18->AT29->AT18 : 1 12970.7 2816 1 0
AT29->AT18->AT31 : 1 10240 3328 1 0
AT18->AT29->AT26 : 1 9216 1962.67 1 0
AT22->AT18->AT25->AT22 : 1 54613.3 4266.67 1 0
AT18->AT25->AT22->AT18 : 1 42325.3 3754.67 1 0
AT25->AT22->AT18->AT29 : 1 40277.3 3242.67 1 0
AT22->AT18->AT31->AT35 : 1 34133.4 6314.67 1 0
AT22->AT18->AT29->AT18 : 1 23893.4 3840 1 0
AT29->AT18->AT31->AT35 : 1 21162.7 6058.67 1 0
AT22->AT18->AT29->AT26 : 1 20138.7 2986.67 1 0
AT18->AT29->AT18->AT31 : 1 14336 4864 1 0
AT22->AT18->AT25->AT22->AT18 : 1 58709.3 5290.67 1 0
AT18->AT25->AT22->AT18->AT29 : 1 45738.7 5290.67 1 0
AT25->AT22->AT18->AT29->AT18 : 1 45738.7 4522.67 1 0
AT25->AT22->AT18->AT29->AT26 : 1 41984 3669.33 1 0
AT22->AT18->AT29->AT18->AT31 : 1 25258.7 5888 1 0
AT18->AT29->AT18->AT31->AT35 : 1 25258.7 7594.67 1 0
AT22->AT18->AT25->AT22->AT18->AT29 : 1 62122.7 6826.67 1 0
AT18->AT25->AT22->AT18->AT29->AT18 : 1 51200 6570.67 1 0
AT18->AT25->AT22->AT18->AT29->AT26 : 1 47445.3 5717.33 1 0
AT25->AT22->AT18->AT29->AT18->AT31 : 1 47104 6570.67 1 0
AT22->AT18->AT29->AT18->AT31->AT35 : 1 36181.4 8618.67 1 0
AT22->AT18->AT25->AT22->AT18->AT29->AT18 : 1 67584 8106.67 1 0
AT22->AT18->AT25->AT22->AT18->AT29->AT26 : 1 63829.3 7253.33 1 0
AT25->AT22->AT18->AT29->AT18->AT31->AT35 : 1 58026.7 9301.34 1 0
AT18->AT25->AT22->AT18->AT29->AT18->AT31 : 1 52565.3 8618.67 1 0
AT22->AT18->AT25->AT22->AT18->AT29->AT18->AT31 : 1 68949.3 10154.7 1 0
AT18->AT25->AT22->AT18->AT29->AT18->AT31->AT35 : 1 63488 11349.3 1 0
AT22->AT18->AT25->AT22->AT18->AT29->AT18->AT31->AT35 : 1 79872 12885.3 1 0
