Profile Result: 
AT15 : 1 15872 0 1 0
AT17 : 1 1536 0 1 0
AT20 : 1 24576 0 1 0
AT23 : 3 11392 0 1 0
AT24 : 3 7296.01 0 1 0
AT27 : 1 24576 0 1 0
AT28 : 1 17749.3 0 1 0
AT33 : 1 554.667 0 1 0
NULL : 8 0 0 1 0
NULL->NULL : 7 0 7760.42 1 0
AT24->NULL : 5 12373.4 6186.65 1 0
AT23->NULL : 4 15360 9664 1 0
NULL->AT23 : 3 11392 3072 1 0
NULL->AT24 : 3 7296.01 3072 1 0
AT28->NULL : 2 35498.6 554.666 1 0
AT15->NULL : 2 31744 992 1 0
AT23->AT23 : 2 15232 1856 1 0
AT23->AT24 : 2 12501.3 5568 1 0
NULL->AT17 : 2 3072 2048 1 0
AT27->AT24 : 1 26794.7 2304 1 0
AT17->AT20 : 1 26112 768 1 0
AT17->AT27 : 1 26112 1152 1 0
AT20->NULL : 1 24576 1536 1 0
AT23->AT15 : 1 19840 992 1 0
AT33->AT28 : 1 18304 554.667 1 0
AT17->AT23 : 1 5120 768 1 0
AT24->AT33 : 1 2773.34 277.333 1 0
AT33->NULL : 1 554.667 277.333 1 0
AT17->AT27->AT24 : 1 28330.7 3456 1 0
AT27->AT24->AT33 : 1 27349.3 2581.33 1 0
AT23->AT23->AT15 : 1 23680 1952 1 0
AT24->AT33->AT28 : 1 20522.6 832 1 0
AT23->AT23->AT23 : 1 11392 1856 1 0
AT23->AT23->AT24 : 1 10026.7 3776 1 0
AT17->AT23->AT23 : 1 8960 1664 1 0
AT17->AT23->AT24 : 1 7594.67 3456 1 0
AT27->AT24->AT33->AT28 : 1 45098.6 3136 1 0
AT17->AT27->AT24->AT33 : 1 28885.3 3733.33 1 0
AT23->AT23->AT23->AT15 : 1 27264 2848 1 0
AT17->AT23->AT23->AT23 : 1 12928 2624 1 0
AT17->AT23->AT23->AT24 : 1 11562.7 4544 1 0
AT17->AT27->AT24->AT33->AT28 : 1 46634.6 4288 1 0
AT17->AT23->AT23->AT23->AT15 : 1 28800 3616 1 0
