Profile Result: 
AT12 : 1 2048 0 1 0
AT24 : 1 2048 0 1 0
AT27 : 1 21845.3 0 1 0
AT28 : 1 16384 0 1 0
AT32 : 1 1024 0 1 0
AT33 : 1 512 0 1 0
NULL : 3 0 0 1 0
AT12->NULL : 2 4096 1280 1 0
NULL->NULL : 2 0 1664 1 0
AT27->AT24 : 1 23893.3 2048 1 0
NULL->AT27 : 1 21845.3 1024 1 0
AT28->AT32 : 1 17408 256 1 0
AT33->AT28 : 1 16896 512 1 0
AT28->NULL : 1 16384 256 1 0
AT24->AT33 : 1 2560 256 1 0
AT33->AT12 : 1 2560 256 1 0
AT24->NULL : 1 2048 1024 1 0
NULL->AT24 : 1 2048 1024 1 0
NULL->AT12 : 1 2048 1024 1 0
AT32->NULL : 1 1024 1024 1 0
AT27->AT24->AT33 : 1 24405.3 2304 1 0
AT24->AT33->AT28 : 1 18944 768 1 0
AT33->AT28->AT32 : 1 17920 768 1 0
AT24->AT33->AT12 : 1 4608 512 1 0
AT27->AT24->AT33->AT28 : 1 40789.3 2816 1 0
AT27->AT24->AT33->AT12 : 1 26453.3 2560 1 0
AT24->AT33->AT28->AT32 : 1 19968 1024 1 0
AT27->AT24->AT33->AT28->AT32 : 1 41813.3 3072 1 0
