Profile Result: 
AT13 : 1 21845.3 0 1 0
AT22 : 1 8192 0 1 0
AT25 : 1 16384 0 1 0
AT28 : 1 32768 0 1 0
AT30 : 1 2048 0 1 0
AT31 : 1 682.667 0 1 0
AT32 : 1 1365.33 0 1 0
AT35 : 2 10922.7 0 1 0
NULL : 4 0 0 1 0
AT35->NULL : 3 16384 3071.99 1 0
NULL->NULL : 3 0 3029.33 1 0
NULL->AT25 : 2 32768 2048 1 0
AT22->NULL : 2 16384 1536 1 0
AT28->AT13 : 1 54613.3 512 1 0
AT28->AT31 : 1 33450.7 512 1 0
NULL->AT28 : 1 32768 1024 1 0
AT13->AT35 : 1 27306.6 1365.33 1 0
AT25->AT22 : 1 24576 512 1 0
AT13->AT30 : 1 23893.3 341.333 1 0
NULL->AT13 : 1 21845.3 1024 1 0
AT30->AT25 : 1 18432 768 1 0
AT35->AT32 : 1 6826.66 341.333 1 0
AT31->AT35 : 1 6144 1365.33 1 0
AT30->NULL : 1 2048 1024 1 0
NULL->AT30 : 1 2048 1024 1 0
AT32->NULL : 1 1365.33 1365.33 1 0
NULL->AT31 : 1 682.667 1024 1 0
AT28->AT13->AT35 : 1 60074.6 1877.33 1 0
AT28->AT13->AT30 : 1 56661.3 853.333 1 0
AT13->AT30->AT25 : 1 40277.3 1109.33 1 0
AT28->AT31->AT35 : 1 38912 1877.33 1 0
AT13->AT35->AT32 : 1 28672 1706.66 1 0
AT30->AT25->AT22 : 1 26624 1280 1 0
AT28->AT13->AT30->AT25 : 1 73045.3 1621.33 1 0
AT28->AT13->AT35->AT32 : 1 61440 2218.66 1 0
AT13->AT30->AT25->AT22 : 1 48469.3 1621.33 1 0
AT28->AT13->AT30->AT25->AT22 : 1 81237.3 2133.33 1 0
