Profile Result: 
AT6 : 1 35498.7 0 1 0
AT17 : 1 2133.33 0 1 0
AT20 : 2 66901.3 0 1 0
AT23 : 1 4181.33 0 1 0
AT24 : 1 2816 0 1 0
AT27 : 1 34133.3 0 1 0
AT32 : 1 2218.67 0 1 0
AT35 : 1 12288 0 1 0
AT38 : 1 1536 0 1 0
NULL : 4 0 0 1 0
AT23->NULL : 3 12544 9408 1 0
NULL->NULL : 3 0 4768.66 1 0
AT24->NULL : 2 5632 2816 1 0
AT6->AT32 : 1 37717.4 554.667 1 0
AT38->AT6 : 1 37034.7 3072 1 0
AT27->AT24 : 1 36949.3 3200 1 0
AT17->AT20 : 1 36266.6 1066.67 1 0
AT17->AT27 : 1 36266.6 1600 1 0
NULL->AT6 : 1 35498.7 1024 1 0
AT20->AT38 : 1 34304 2048 1 0
AT20->NULL : 1 34133.3 2133.33 1 0
NULL->AT20 : 1 32768 1024 1 0
AT38->AT35 : 1 13824 3072 1 0
AT35->AT38 : 1 13824 768 1 0
AT35->NULL : 1 12288 3072 1 0
AT17->AT23 : 1 6314.66 1066.67 1 0
AT32->AT17 : 1 4352 2218.67 1 0
NULL->AT23 : 1 4181.33 1024 1 0
NULL->AT24 : 1 2816 1024 1 0
NULL->AT17 : 1 2133.33 1024 1 0
AT20->AT38->AT6 : 1 69802.7 5120 1 0
AT35->AT38->AT6 : 1 49322.7 3840 1 0
AT20->AT38->AT35 : 1 46592 5120 1 0
AT6->AT32->AT17 : 1 39850.7 2773.34 1 0
AT38->AT6->AT32 : 1 39253.4 3626.67 1 0
AT17->AT27->AT24 : 1 39082.6 4800 1 0
AT32->AT17->AT20 : 1 38485.3 3285.34 1 0
AT32->AT17->AT27 : 1 38485.3 3818.67 1 0
AT32->AT17->AT23 : 1 8533.33 3285.34 1 0
AT6->AT32->AT17->AT20 : 1 73984 3840.01 1 0
AT6->AT32->AT17->AT27 : 1 73984 4373.34 1 0
AT20->AT38->AT6->AT32 : 1 72021.4 5674.67 1 0
AT35->AT38->AT6->AT32 : 1 51541.4 4394.67 1 0
AT6->AT32->AT17->AT23 : 1 44032 3840.01 1 0
AT38->AT6->AT32->AT17 : 1 41386.7 5845.34 1 0
AT32->AT17->AT27->AT24 : 1 41301.3 7018.67 1 0
AT6->AT32->AT17->AT27->AT24 : 1 76800 7573.34 1 0
AT38->AT6->AT32->AT17->AT20 : 1 75520 6912.01 1 0
AT38->AT6->AT32->AT17->AT27 : 1 75520 7445.34 1 0
AT20->AT38->AT6->AT32->AT17 : 1 74154.7 7893.34 1 0
AT35->AT38->AT6->AT32->AT17 : 1 53674.7 6613.34 1 0
AT38->AT6->AT32->AT17->AT23 : 1 45568 6912.01 1 0
AT20->AT38->AT6->AT32->AT17->AT20 : 1 108288 8960.01 1 0
AT20->AT38->AT6->AT32->AT17->AT27 : 1 108288 9493.34 1 0
AT35->AT38->AT6->AT32->AT17->AT20 : 1 87808 7680.01 1 0
AT35->AT38->AT6->AT32->AT17->AT27 : 1 87808 8213.34 1 0
AT20->AT38->AT6->AT32->AT17->AT23 : 1 78336 8960.01 1 0
AT38->AT6->AT32->AT17->AT27->AT24 : 1 78336 10645.3 1 0
AT35->AT38->AT6->AT32->AT17->AT23 : 1 57856 7680.01 1 0
AT20->AT38->AT6->AT32->AT17->AT27->AT24 : 1 111104 12693.3 1 0
AT35->AT38->AT6->AT32->AT17->AT27->AT24 : 1 90624 11413.3 1 0
