Profile Result: 
AT12 : 1 1706.67 0 1 0
AT13 : 1 11605.3 0 1 0
AT18 : 1 3242.67 0 1 0
AT24 : 2 2858.66 0 1 0
AT25 : 1 15018.7 0 1 0
AT26 : 1 1877.33 0 1 0
AT28 : 1 11946.7 0 1 0
AT30 : 1 1536 0 1 0
AT31 : 1 352 0 1 0
AT33 : 1 373.333 0 1 0
AT35 : 1 3072 0 1 0
NULL : 6 0 0 1 0
NULL->NULL : 5 0 3928.67 1 0
NULL->AT24 : 3 4223.99 3072 1 0
NULL->AT25 : 2 30037.4 2048 1 0
AT28->NULL : 2 23893.4 373.334 1 0
AT24->NULL : 2 2858.66 1429.33 1 0
AT25->AT26 : 1 16896 469.333 1 0
AT30->AT25 : 1 16554.7 576 1 0
AT35->AT13 : 1 14677.3 192 1 0
AT33->AT28 : 1 12320 373.333 1 0
AT13->AT31 : 1 11957.3 181.333 1 0
AT13->NULL : 1 11605.3 725.333 1 0
NULL->AT13 : 1 11605.3 1024 1 0
AT26->AT18 : 1 5120 704 1 0
AT18->AT24 : 1 4736 1216 1 0
AT30->AT35 : 1 4608 768 1 0
AT12->AT30 : 1 3242.67 213.333 1 0
NULL->AT18 : 1 3242.67 1024 1 0
AT24->AT12 : 1 3072 170.667 1 0
AT35->NULL : 1 3072 768 1 0
AT26->NULL : 1 1877.33 938.667 1 0
AT24->AT33 : 1 1866.66 186.667 1 0
AT12->NULL : 1 1706.67 853.333 1 0
NULL->AT12 : 1 1706.67 1024 1 0
NULL->AT30 : 1 1536 1024 1 0
AT33->NULL : 1 373.333 186.667 1 0
AT31->NULL : 1 352 704 1 0
NULL->AT31 : 1 352 1024 1 0
AT25->AT26->AT18 : 1 20138.7 1173.33 1 0
AT30->AT25->AT26 : 1 18432 1045.33 1 0
AT12->AT30->AT25 : 1 18261.4 789.333 1 0
AT30->AT35->AT13 : 1 16213.3 960 1 0
AT35->AT13->AT31 : 1 15029.3 373.333 1 0
AT24->AT33->AT28 : 1 13813.4 560 1 0
AT26->AT18->AT24 : 1 6613.33 1920 1 0
AT12->AT30->AT35 : 1 6314.67 981.333 1 0
AT18->AT24->AT33 : 1 5109.33 1402.67 1 0
AT24->AT12->AT30 : 1 4608 384 1 0
AT30->AT25->AT26->AT18 : 1 21674.7 1749.33 1 0
AT25->AT26->AT18->AT24 : 1 21632 2389.33 1 0
AT12->AT30->AT25->AT26 : 1 20138.7 1258.67 1 0
AT24->AT12->AT30->AT25 : 1 19626.7 960 1 0
AT12->AT30->AT35->AT13 : 1 17920 1173.33 1 0
AT18->AT24->AT33->AT28 : 1 17056 1776 1 0
AT30->AT35->AT13->AT31 : 1 16565.3 1141.33 1 0
AT24->AT12->AT30->AT35 : 1 7680 1152 1 0
AT26->AT18->AT24->AT33 : 1 6986.66 2106.67 1 0
AT12->AT30->AT25->AT26->AT18 : 1 23381.4 1962.67 1 0
AT30->AT25->AT26->AT18->AT24 : 1 23168 2965.33 1 0
AT25->AT26->AT18->AT24->AT33 : 1 22005.4 2576 1 0
AT24->AT12->AT30->AT25->AT26 : 1 21504 1429.33 1 0
AT24->AT12->AT30->AT35->AT13 : 1 19285.3 1344 1 0
AT26->AT18->AT24->AT33->AT28 : 1 18933.4 2480 1 0
AT12->AT30->AT35->AT13->AT31 : 1 18272 1354.67 1 0
AT25->AT26->AT18->AT24->AT33->AT28 : 1 33952.1 2949.33 1 0
AT12->AT30->AT25->AT26->AT18->AT24 : 1 24874.7 3178.67 1 0
AT24->AT12->AT30->AT25->AT26->AT18 : 1 24746.7 2133.33 1 0
AT30->AT25->AT26->AT18->AT24->AT33 : 1 23541.4 3152 1 0
AT24->AT12->AT30->AT35->AT13->AT31 : 1 19637.3 1525.33 1 0
AT30->AT25->AT26->AT18->AT24->AT33->AT28 : 1 35488.1 3525.33 1 0
AT24->AT12->AT30->AT25->AT26->AT18->AT24 : 1 26240 3349.33 1 0
AT12->AT30->AT25->AT26->AT18->AT24->AT33 : 1 25248 3365.33 1 0
AT12->AT30->AT25->AT26->AT18->AT24->AT33->AT28 : 1 37194.7 3738.67 1 0
AT24->AT12->AT30->AT25->AT26->AT18->AT24->AT33 : 1 26613.4 3536 1 0
AT24->AT12->AT30->AT25->AT26->AT18->AT24->AT33->AT28 : 1 38560.1 3909.33 1 0
