Profile Result: 
AT9 : 1 1450.67 0 1 0
AT17 : 1 1536 0 1 0
AT18 : 1 4266.67 0 1 0
AT20 : 2 53248 0 1 0
AT21 : 1 1749.33 0 1 0
AT23 : 1 3584 0 1 0
AT27 : 1 24576 0 1 0
NULL : 4 0 0 1 0
NULL->NULL : 3 0 4597.33 1 0
AT20->NULL : 2 53248 3328 1 0
AT23->NULL : 2 7168 5376 1 0
NULL->AT17 : 2 3072 2048 1 0
AT23->AT20 : 1 32256 896 1 0
AT17->AT20 : 1 26112 768 1 0
AT17->AT27 : 1 26112 1152 1 0
AT27->AT9 : 1 26026.7 2304 1 0
AT9->AT18 : 1 5717.34 1088 1 0
AT17->AT23 : 1 5120 768 1 0
AT18->NULL : 1 4266.67 1600 1 0
NULL->AT18 : 1 4266.67 1024 1 0
NULL->AT23 : 1 3584 1024 1 0
AT9->AT21 : 1 3200 2176 1 0
AT21->NULL : 1 1749.33 874.667 1 0
NULL->AT21 : 1 1749.33 1024 1 0
NULL->AT9 : 1 1450.67 1024 1 0
AT17->AT23->AT20 : 1 33792 1664 1 0
AT27->AT9->AT18 : 1 30293.3 3392 1 0
AT27->AT9->AT21 : 1 27776 4480 1 0
AT17->AT27->AT9 : 1 27562.7 3456 1 0
AT17->AT27->AT9->AT18 : 1 31829.3 4544 1 0
AT17->AT27->AT9->AT21 : 1 29312 5632 1 0
