Profile Result: 
AT18 : 1 4096 0 1 0
AT21 : 1 1365.33 0 1 0
AT22 : 2 18432 0 1 0
AT24 : 1 1706.67 0 1 0
AT25 : 1 15018.7 0 1 0
AT28 : 1 13653.3 0 1 0
AT30 : 1 1536 0 1 0
AT32 : 1 853.333 0 1 0
AT33 : 1 426.667 0 1 0
NULL : 4 0 0 1 0
AT22->NULL : 3 25941.4 2432 1 0
NULL->NULL : 3 0 2482.67 1 0
NULL->AT25 : 2 30037.4 2048 1 0
NULL->AT21 : 2 2730.66 2048 1 0
AT25->AT22 : 1 22528 469.333 1 0
AT30->AT25 : 1 16554.7 576 1 0
AT28->AT30 : 1 15189.3 213.333 1 0
AT22->AT18 : 1 15018.7 1024 1 0
AT28->AT32 : 1 14506.6 213.333 1 0
AT33->AT28 : 1 14080 426.667 1 0
AT21->AT22 : 1 12288 682.667 1 0
AT18->AT24 : 1 5802.67 1536 1 0
NULL->AT18 : 1 4096 1024 1 0
AT24->AT33 : 1 2133.34 213.333 1 0
AT24->NULL : 1 1706.67 853.333 1 0
NULL->AT24 : 1 1706.67 1024 1 0
AT30->NULL : 1 1536 768 1 0
NULL->AT30 : 1 1536 1024 1 0
AT32->NULL : 1 853.333 853.333 1 0
AT33->NULL : 1 426.667 213.333 1 0
AT28->AT30->AT25 : 1 30208 789.333 1 0
AT30->AT25->AT22 : 1 24064 1045.33 1 0
AT22->AT18->AT24 : 1 16725.4 2560 1 0
AT21->AT22->AT18 : 1 16384 1706.67 1 0
AT24->AT33->AT28 : 1 15786.6 640 1 0
AT33->AT28->AT30 : 1 15616 640 1 0
AT33->AT28->AT32 : 1 14933.3 640 1 0
AT18->AT24->AT33 : 1 6229.34 1749.33 1 0
AT28->AT30->AT25->AT22 : 1 37717.3 1258.67 1 0
AT33->AT28->AT30->AT25 : 1 30634.7 1216 1 0
AT18->AT24->AT33->AT28 : 1 19882.6 2176 1 0
AT21->AT22->AT18->AT24 : 1 18090.7 3242.67 1 0
AT24->AT33->AT28->AT30 : 1 17322.6 853.333 1 0
AT22->AT18->AT24->AT33 : 1 17152 2773.33 1 0
AT24->AT33->AT28->AT32 : 1 16640 853.333 1 0
AT33->AT28->AT30->AT25->AT22 : 1 38144 1685.33 1 0
AT24->AT33->AT28->AT30->AT25 : 1 32341.3 1429.33 1 0
AT22->AT18->AT24->AT33->AT28 : 1 30805.3 3200 1 0
AT18->AT24->AT33->AT28->AT30 : 1 21418.6 2389.33 1 0
AT18->AT24->AT33->AT28->AT32 : 1 20736 2389.33 1 0
AT21->AT22->AT18->AT24->AT33 : 1 18517.4 3456 1 0
AT24->AT33->AT28->AT30->AT25->AT22 : 1 39850.7 1898.67 1 0
AT18->AT24->AT33->AT28->AT30->AT25 : 1 36437.3 2965.33 1 0
AT22->AT18->AT24->AT33->AT28->AT30 : 1 32341.3 3413.33 1 0
AT21->AT22->AT18->AT24->AT33->AT28 : 1 32170.7 3882.67 1 0
AT22->AT18->AT24->AT33->AT28->AT32 : 1 31658.7 3413.33 1 0
AT22->AT18->AT24->AT33->AT28->AT30->AT25 : 1 47360 3989.33 1 0
AT18->AT24->AT33->AT28->AT30->AT25->AT22 : 1 43946.7 3434.67 1 0
AT21->AT22->AT18->AT24->AT33->AT28->AT30 : 1 33706.7 4096 1 0
AT21->AT22->AT18->AT24->AT33->AT28->AT32 : 1 33024 4096 1 0
AT22->AT18->AT24->AT33->AT28->AT30->AT25->AT22 : 1 54869.4 4458.67 1 0
AT21->AT22->AT18->AT24->AT33->AT28->AT30->AT25 : 1 48725.4 4672 1 0
AT21->AT22->AT18->AT24->AT33->AT28->AT30->AT25->AT22 : 1 56234.7 5141.33 1 0
