Profile Result: 
AT17 : 1 1649.78 0 1 0
AT18 : 2 7433.48 0 1 0
AT21 : 1 1166.22 0 1 0
AT22 : 2 18811.3 0 1 0
AT25 : 2 37622.5 0 1 0
AT30 : 1 5044.15 0 1 0
AT32 : 1 1251.56 0 1 0
AT45 : 1 10012.4 0 1 0
NULL : 5 0 0 1 0
NULL->AT25 : 4 75245 4096 1 0
NULL->NULL : 4 0 5067.85 1 0
AT25->AT22 : 2 56433.8 1175.7 1 0
AT22->AT45 : 2 38836.1 1763.55 1 0
AT22->AT18 : 2 26244.7 1763.55 1 0
NULL->AT18 : 2 7433.48 2048 1 0
AT17->NULL : 2 3299.56 2474.66 1 0
AT30->AT25 : 1 23248.6 1891.56 1 0
AT18->AT25 : 1 23059 1365.33 1 0
AT45->AT32 : 1 11264 312.889 1 0
AT45->NULL : 1 10012.4 1251.56 1 0
AT18->AT30 : 1 8836.74 1422.22 1 0
AT30->NULL : 1 5044.15 2522.07 1 0
NULL->AT30 : 1 5044.15 1024 1 0
AT32->AT17 : 1 2901.34 1251.56 1 0
AT17->AT21 : 1 2816 824.889 1 0
NULL->AT17 : 1 1649.78 1024 1 0
AT21->NULL : 1 1166.22 583.111 1 0
NULL->AT21 : 1 1166.22 1024 1 0
AT25->AT22->AT45 : 2 76458.6 2939.26 1 0
AT25->AT22->AT18 : 2 63867.2 2939.26 1 0
AT22->AT45->AT32 : 2 41339.2 2389.33 1 0
AT18->AT25->AT22 : 1 32768 1972.14 1 0
AT30->AT25->AT22 : 1 32350.8 2460.45 1 0
AT22->AT18->AT25 : 1 32161.2 2218.66 1 0
AT18->AT30->AT25 : 1 27041.1 3313.78 1 0
AT22->AT18->AT30 : 1 18545.8 2332.44 1 0
AT45->AT32->AT17 : 1 12913.7 1564.45 1 0
AT32->AT17->AT21 : 1 4067.56 2076.45 1 0
AT25->AT22->AT45->AT32 : 2 78961.7 3565.04 1 0
AT22->AT45->AT32->AT17 : 2 44638.7 4892.45 1 0
AT25->AT22->AT18->AT25 : 1 50365.6 2787.55 1 0
AT18->AT25->AT22->AT45 : 1 42780.4 2882.37 1 0
AT30->AT25->AT22->AT45 : 1 42363.2 3313.78 1 0
AT22->AT18->AT25->AT22 : 1 41870.2 2825.48 1 0
AT25->AT22->AT18->AT30 : 1 37963.9 2939.26 1 0
AT22->AT18->AT30->AT25 : 1 36750.2 4224 1 0
AT18->AT25->AT22->AT18 : 1 36560.6 2882.37 1 0
AT18->AT30->AT25->AT22 : 1 36143.4 3882.67 1 0
AT30->AT25->AT22->AT18 : 1 35991.7 3313.78 1 0
AT45->AT32->AT17->AT21 : 1 14080 2389.34 1 0
AT25->AT22->AT45->AT32->AT17 : 2 82261.2 6068.16 1 0
AT22->AT45->AT32->AT17->AT21 : 2 46971.2 6542.23 1 0
AT25->AT22->AT18->AT25->AT22 : 1 60074.7 3394.37 1 0
AT25->AT22->AT18->AT30->AT25 : 1 56168.3 4830.82 1 0
AT30->AT25->AT22->AT18->AT25 : 1 55409.8 4679.11 1 0
AT22->AT18->AT25->AT22->AT45 : 1 51882.7 3735.7 1 0
AT18->AT30->AT25->AT22->AT45 : 1 46155.8 4736 1 0
AT22->AT18->AT30->AT25->AT22 : 1 45852.4 4792.89 1 0
AT22->AT18->AT25->AT22->AT18 : 1 45662.8 3735.7 1 0
AT18->AT25->AT22->AT45->AT32 : 1 44032 3195.26 1 0
AT30->AT25->AT22->AT45->AT32 : 1 43614.7 3626.67 1 0
AT18->AT25->AT22->AT18->AT30 : 1 41604.8 4304.59 1 0
AT18->AT30->AT25->AT22->AT18 : 1 39784.2 4736 1 0
AT25->AT22->AT45->AT32->AT17->AT21 : 2 84593.7 7717.93 1 0
AT25->AT22->AT18->AT25->AT22->AT45 : 1 70087.1 4304.59 1 0
AT25->AT22->AT18->AT30->AT25->AT22 : 1 65270.5 5399.71 1 0
AT30->AT25->AT22->AT18->AT25->AT22 : 1 65118.8 5285.93 1 0
AT25->AT22->AT18->AT25->AT22->AT18 : 1 63867.2 4304.59 1 0
AT18->AT25->AT22->AT18->AT30->AT25 : 1 59809.2 6196.15 1 0
AT18->AT30->AT25->AT22->AT18->AT25 : 1 59202.3 6101.33 1 0
AT22->AT18->AT30->AT25->AT22->AT45 : 1 55864.8 5646.22 1 0
AT22->AT18->AT25->AT22->AT45->AT32 : 1 53134.2 4048.59 1 0
AT22->AT18->AT25->AT22->AT18->AT30 : 1 50707 5157.92 1 0
AT22->AT18->AT30->AT25->AT22->AT18 : 1 49493.3 5646.22 1 0
AT18->AT30->AT25->AT22->AT45->AT32 : 1 47407.3 5048.89 1 0
AT18->AT25->AT22->AT45->AT32->AT17 : 1 45681.8 4446.82 1 0
AT30->AT25->AT22->AT45->AT32->AT17 : 1 45264.5 4878.23 1 0
AT25->AT22->AT18->AT30->AT25->AT22->AT45 : 1 75282.9 6253.04 1 0
AT30->AT25->AT22->AT18->AT25->AT22->AT45 : 1 75131.2 6196.15 1 0
AT25->AT22->AT18->AT25->AT22->AT45->AT32 : 1 71338.6 4617.48 1 0
AT25->AT22->AT18->AT25->AT22->AT18->AT30 : 1 68911.4 5726.81 1 0
AT22->AT18->AT25->AT22->AT18->AT30->AT25 : 1 68911.4 7049.48 1 0
AT18->AT25->AT22->AT18->AT30->AT25->AT22 : 1 68911.4 6765.04 1 0
AT25->AT22->AT18->AT30->AT25->AT22->AT18 : 1 68911.4 6253.04 1 0
AT22->AT18->AT30->AT25->AT22->AT18->AT25 : 1 68911.4 7011.55 1 0
AT18->AT30->AT25->AT22->AT18->AT25->AT22 : 1 68911.4 6708.15 1 0
AT30->AT25->AT22->AT18->AT25->AT22->AT18 : 1 68911.4 6196.15 1 0
AT22->AT18->AT30->AT25->AT22->AT45->AT32 : 1 57116.4 5959.11 1 0
AT22->AT18->AT25->AT22->AT45->AT32->AT17 : 1 54784 5300.15 1 0
AT18->AT30->AT25->AT22->AT45->AT32->AT17 : 1 49057.1 6300.45 1 0
AT18->AT25->AT22->AT45->AT32->AT17->AT21 : 1 46848 5271.71 1 0
AT30->AT25->AT22->AT45->AT32->AT17->AT21 : 1 46430.7 5703.12 1 0
AT18->AT25->AT22->AT18->AT30->AT25->AT22->AT45 : 1 78923.8 7618.37 1 0
AT18->AT30->AT25->AT22->AT18->AT25->AT22->AT45 : 1 78923.8 7618.37 1 0
AT25->AT22->AT18->AT30->AT25->AT22->AT45->AT32 : 1 76534.5 6565.93 1 0
AT30->AT25->AT22->AT18->AT25->AT22->AT45->AT32 : 1 76382.8 6509.04 1 0
AT25->AT22->AT18->AT25->AT22->AT45->AT32->AT17 : 1 72988.4 5869.04 1 0
AT22->AT18->AT30->AT25->AT22->AT45->AT32->AT17 : 1 58766.1 7210.67 1 0
AT22->AT18->AT25->AT22->AT45->AT32->AT17->AT21 : 1 55950.2 6125.04 1 0
AT18->AT30->AT25->AT22->AT45->AT32->AT17->AT21 : 1 50223.3 7125.34 1 0
AT18->AT25->AT22->AT18->AT30->AT25->AT22->AT45->AT32 : 1 80175.3 7931.26 1 0
AT18->AT30->AT25->AT22->AT18->AT25->AT22->AT45->AT32 : 1 80175.3 7931.26 1 0
AT25->AT22->AT18->AT30->AT25->AT22->AT45->AT32->AT17 : 1 78184.2 7817.49 1 0
AT30->AT25->AT22->AT18->AT25->AT22->AT45->AT32->AT17 : 1 78032.5 7760.6 1 0
AT25->AT22->AT18->AT25->AT22->AT45->AT32->AT17->AT21 : 1 74154.6 6693.93 1 0
AT22->AT18->AT30->AT25->AT22->AT45->AT32->AT17->AT21 : 1 59932.4 8035.56 1 0
AT18->AT25->AT22->AT18->AT30->AT25->AT22->AT45->AT32->AT17 : 1 81825.1 9182.82 1 0
AT18->AT30->AT25->AT22->AT18->AT25->AT22->AT45->AT32->AT17 : 1 81825.1 9182.82 1 0
AT25->AT22->AT18->AT30->AT25->AT22->AT45->AT32->AT17->AT21 : 1 79350.5 8642.38 1 0
AT30->AT25->AT22->AT18->AT25->AT22->AT45->AT32->AT17->AT21 : 1 79198.8 8585.49 1 0
AT18->AT25->AT22->AT18->AT30->AT25->AT22->AT45->AT32->AT17->AT21 : 1 82991.3 10007.7 1 0
AT18->AT30->AT25->AT22->AT18->AT25->AT22->AT45->AT32->AT17->AT21 : 1 82991.3 10007.7 1 0
