Profile Result: 
AT15 : 1 16384 0 1 0
AT18 : 1 3640.89 0 1 0
AT22 : 1 9102.22 0 1 0
AT23 : 2 8192 0 1 0
AT24 : 3 7054.23 0 1 0
AT25 : 1 18204.4 0 1 0
AT30 : 1 2730.67 0 1 0
NULL : 7 0 0 1 0
AT24->NULL : 6 14108.5 7054.21 1 0
NULL->NULL : 6 0 6918.23 1 0
NULL->AT23 : 3 12288 3072 1 0
NULL->AT24 : 3 7054.23 3072 1 0
NULL->AT25 : 2 36408.8 2048 1 0
AT23->AT24 : 2 13653.3 6144 1 0
AT23->NULL : 2 8192 4096 1 0
AT25->AT22 : 1 27306.6 568.889 1 0
AT30->AT25 : 1 20935.1 1024 1 0
AT23->AT15 : 1 20480 1024 1 0
AT15->AT30 : 1 19114.7 512 1 0
AT15->NULL : 1 16384 512 1 0
AT22->AT18 : 1 12743.1 853.333 1 0
AT22->NULL : 1 9102.22 853.333 1 0
AT23->AT23 : 1 8192 1024 1 0
AT18->AT24 : 1 5233.78 1365.33 1 0
NULL->AT18 : 1 3640.89 1024 1 0
AT30->NULL : 1 2730.67 1365.33 1 0
NULL->AT30 : 1 2730.67 1024 1 0
AT15->AT30->AT25 : 1 37319.1 1536 1 0
AT25->AT22->AT18 : 1 30947.5 1422.22 1 0
AT30->AT25->AT22 : 1 30037.3 1592.89 1 0
AT23->AT23->AT15 : 1 24576 2048 1 0
AT23->AT15->AT30 : 1 23210.7 1536 1 0
AT22->AT18->AT24 : 1 14336 2218.66 1 0
AT23->AT23->AT24 : 1 10922.7 4096 1 0
AT15->AT30->AT25->AT22 : 1 46421.3 2104.89 1 0
AT23->AT15->AT30->AT25 : 1 41415.1 2560 1 0
AT30->AT25->AT22->AT18 : 1 33678.2 2446.22 1 0
AT25->AT22->AT18->AT24 : 1 32540.4 2787.55 1 0
AT23->AT23->AT15->AT30 : 1 27306.7 2560 1 0
AT23->AT15->AT30->AT25->AT22 : 1 50517.3 3128.89 1 0
AT15->AT30->AT25->AT22->AT18 : 1 50062.2 2958.22 1 0
AT23->AT23->AT15->AT30->AT25 : 1 45511.1 3584 1 0
AT30->AT25->AT22->AT18->AT24 : 1 35271.1 3811.55 1 0
AT23->AT23->AT15->AT30->AT25->AT22 : 1 54613.3 4152.89 1 0
AT23->AT15->AT30->AT25->AT22->AT18 : 1 54158.2 3982.22 1 0
AT15->AT30->AT25->AT22->AT18->AT24 : 1 51655.1 4323.55 1 0
AT23->AT23->AT15->AT30->AT25->AT22->AT18 : 1 58254.2 5006.22 1 0
AT23->AT15->AT30->AT25->AT22->AT18->AT24 : 1 55751.1 5347.55 1 0
AT23->AT23->AT15->AT30->AT25->AT22->AT18->AT24 : 1 59847.1 6371.55 1 0
