Profile Result: 
AT13 : 1 43690.7 0 1 0
AT16 : 1 10922.7 0 1 0
AT18 : 3 15701.3 0 1 0
AT21 : 1 1706.67 0 1 0
AT22 : 1 16384 0 1 0
AT24 : 1 1877.33 0 1 0
AT26 : 1 3413.33 0 1 0
AT38 : 1 1450.67 0 1 0
NULL : 5 0 0 1 0
NULL->NULL : 4 0 5466.67 1 0
NULL->AT18 : 3 15701.3 3072 1 0
AT13->NULL : 2 87381.4 5461.34 1 0
AT22->AT18 : 2 43690.7 3072 1 0
AT24->NULL : 2 3754.66 1877.33 1 0
AT38->NULL : 2 2901.34 5802.66 1 0
AT18->AT13 : 1 49152 2048 1 0
NULL->AT13 : 1 43690.7 1024 1 0
AT18->AT16 : 1 16384 2048 1 0
NULL->AT22 : 1 16384 1024 1 0
AT16->AT21 : 1 12629.4 2048 1 0
AT16->NULL : 1 10922.7 1365.33 1 0
AT26->AT18 : 1 8192 1280 1 0
AT18->AT24 : 1 6656 1792 1 0
AT21->AT26 : 1 5120 853.333 1 0
AT26->AT38 : 1 4864 1706.67 1 0
NULL->AT24 : 1 1877.33 1024 1 0
NULL->AT21 : 1 1706.67 1024 1 0
NULL->AT38 : 1 1450.67 1024 1 0
AT22->AT18->AT13 : 1 65536 3584 1 0
AT22->AT18->AT16 : 1 32768 3584 1 0
AT18->AT16->AT21 : 1 18090.7 4096 1 0
AT16->AT21->AT26 : 1 16042.7 2901.33 1 0
AT26->AT18->AT24 : 1 10069.3 3072 1 0
AT21->AT26->AT18 : 1 9898.67 2133.33 1 0
AT21->AT26->AT38 : 1 6570.67 2560 1 0
AT22->AT18->AT16->AT21 : 1 34474.7 5632 1 0
AT18->AT16->AT21->AT26 : 1 21504 4949.33 1 0
AT16->AT21->AT26->AT18 : 1 20821.4 4181.33 1 0
AT16->AT21->AT26->AT38 : 1 17493.4 4608 1 0
AT21->AT26->AT18->AT24 : 1 11776 3925.33 1 0
AT22->AT18->AT16->AT21->AT26 : 1 37888 6485.33 1 0
AT18->AT16->AT21->AT26->AT18 : 1 26282.7 6229.33 1 0
AT18->AT16->AT21->AT26->AT38 : 1 22954.7 6656 1 0
AT16->AT21->AT26->AT18->AT24 : 1 22698.7 5973.33 1 0
AT22->AT18->AT16->AT21->AT26->AT18 : 1 42666.7 7765.33 1 0
AT22->AT18->AT16->AT21->AT26->AT38 : 1 39338.7 8192 1 0
AT18->AT16->AT21->AT26->AT18->AT24 : 1 28160 8021.33 1 0
AT22->AT18->AT16->AT21->AT26->AT18->AT24 : 1 44544 9557.33 1 0
