AT6: 6 181134 3498.67
AT9: 4 6080 7936
AT10: 7 106240 7018.67
AT11: 1 1137.78 853.333
AT12: 24 50326.1 3306.67
AT13: 22 504035 9297.79
AT14: 6 107406 1991.11
AT15: 12 172430 1621.33
AT16: 14 103367 3640.88
AT17: 35 60584.9 13843.6
AT18: 115 493700 10837.3
AT19: 20 101848 3413.34
AT20: 32 1.0149e+06 9216
AT21: 29 40373.3 2602.67
AT22: 34 367275 2730.67
AT23: 47 179668 7168
AT24: 91 193262 7978.66
AT25: 69 1.28232e+06 3367.11
AT26: 56 142361 7040
AT27: 30 828842 6912
AT28: 31 704626 1109.33
AT29: 22 72184.9 4124.44
AT30: 51 130701 3253.34
AT31: 20 17275.1 5802.67
AT32: 36 66460.4 5120
AT33: 36 19395.6 1109.33
AT34: 5 2560 2986.67
AT35: 41 296932 6144.01
AT36: 4 30720 1578.67
AT37: 2 6997.33 3242.67
AT38: 12 17251.6 7623.12
AT45: 3 34588.4 3754.66
NULL: 478 0 29052.9
