Profile Result: 
AT6 : 6 181134 0 6 0.06
AT9 : 4 6080 0 4 0.04
AT10 : 7 106240 0 6 0.06
AT11 : 1 1137.78 0 1 0.01
AT12 : 24 50326.1 0 22 0.22
AT13 : 22 504035 0 21 0.21
AT14 : 6 107406 0 6 0.06
AT15 : 12 172430 0 12 0.12
AT16 : 14 103367 0 13 0.13
AT17 : 35 60584.9 0 32 0.32
AT18 : 115 493700 0 61 0.61
AT19 : 20 101848 0 20 0.2
AT20 : 32 1.0149e+06 0 26 0.26
AT21 : 29 40373.3 0 27 0.27
AT22 : 34 367275 0 27 0.27
AT23 : 47 179668 0 28 0.28
AT24 : 91 193262 0 65 0.65
AT25 : 69 1.28232e+06 0 53 0.53
AT26 : 56 142361 0 42 0.42
AT27 : 30 828842 0 27 0.27
AT28 : 31 704626 0 29 0.29
AT29 : 22 72184.9 0 18 0.18
AT30 : 51 130701 0 48 0.48
AT31 : 20 17275.1 0 20 0.2
AT32 : 36 66460.4 0 32 0.32
AT33 : 36 19395.6 0 31 0.31
AT34 : 5 2560 0 5 0.05
AT35 : 41 296932 0 37 0.37
AT36 : 4 30720 0 4 0.04
AT37 : 2 6997.33 0 2 0.02
AT38 : 12 17251.6 0 12 0.12
AT45 : 3 34588.4 0 3 0.03
NULL : 478 0 0 100 1
NULL->NULL : 378 0 435063 100 1
NULL->AT25 : 141 2.61743e+06 144384 53 0.53
AT24->NULL : 135 290580 139706 65 0.65
NULL->AT18 : 112 478973 114688 60 0.6
NULL->AT24 : 94 195822 96256 63 0.63
AT26->NULL : 67 160992 71287.3 38 0.38
AT23->NULL : 65 249592 155953 25 0.25
NULL->AT30 : 54 145038 55296 48 0.48
AT30->NULL : 53 135238 67405.8 42 0.42
AT35->NULL : 51 360334 69555.5 37 0.37
NULL->AT23 : 45 177797 46080 23 0.23
NULL->AT17 : 43 73171.6 44032 32 0.32
AT30->AT25 : 41 829815 39055.7 39 0.39
AT22->AT18 : 40 664083 45710.2 24 0.24
AT33->NULL : 38 20981.3 11884.4 26 0.26
AT18->AT24 : 36 218445 58160.6 32 0.32
AT26->AT18 : 35 237960 35561.5 29 0.29
NULL->AT21 : 35 48565.3 35840 27 0.27
AT19->NULL : 34 165317 39782.5 20 0.2
AT25->AT26 : 31 670691 18630.3 27 0.27
AT12->NULL : 31 65700.3 30290.2 22 0.22
AT17->AT23 : 29 154733 24744.9 19 0.19
AT24->AT33 : 29 74115.6 7411.55 29 0.29
AT23->AT24 : 28 178505 80314 19 0.19
AT20->NULL : 25 785522 49095.1 21 0.21
AT17->AT27 : 25 764592 33732 23 0.23
NULL->AT29 : 25 79886.3 25600 17 0.17
AT13->NULL : 24 508814 30211.6 16 0.16
NULL->AT12 : 24 50326.1 24576 22 0.22
AT17->NULL : 24 37795.6 22016 14 0.14
AT19->AT18 : 23 217067 23049.8 15 0.15
AT22->NULL : 23 195394 18318.2 13 0.13
AT18->AT25 : 22 540040 35299.5 17 0.17
AT33->AT28 : 21 388725 11779.6 20 0.2
AT35->AT32 : 21 198898 9944.89 19 0.19
NULL->AT13 : 20 460345 20480 19 0.19
AT32->AT17 : 20 79829.3 39822.2 18 0.18
NULL->AT31 : 20 18021.8 20480 19 0.19
AT28->NULL : 19 338375 5287.11 13 0.13
AT23->AT23 : 19 145485 18172 12 0.12
AT27->AT24 : 16 467883 40320 16 0.16
AT24->AT12 : 16 65218.4 4069.53 15 0.15
AT32->NULL : 16 26638.2 26638.2 14 0.14
AT28->AT30 : 15 427065 6129.78 15 0.15
AT25->AT22 : 15 410965 8561.78 14 0.14
AT17->AT20 : 14 475577 13987.6 13 0.13
AT15->NULL : 14 206507 6453.33 9 0.09
AT16->NULL : 14 109341 18851.6 9 0.09
AT18->AT29 : 13 101184 20858.7 12 0.12
AT21->AT26 : 13 53461.3 8910.22 12 0.12
AT12->AT30 : 13 49462.5 3382.32 13 0.13
AT38->NULL : 13 18503.1 37006.2 10 0.1
AT31->NULL : 13 9559.56 19119.1 13 0.13
AT27->NULL : 12 352341 33032 10 0.1
AT18->AT18 : 12 114702 20778.7 10 0.1
AT23->AT20 : 11 380160 10560 11 0.11
AT18->NULL : 11 41462.5 15548.4 11 0.11
NULL->AT38 : 11 15587.6 11264 9 0.09
AT28->AT13 : 10 437589 3989.33 10 0.1
NULL->AT28 : 10 327680 10240 10 0.1
AT13->AT30 : 10 282695 4056.89 9 0.09
AT25->NULL : 10 176044 5501.37 10 0.1
AT28->AT32 : 9 246613 3626.67 9 0.09
AT25->AT19 : 9 211247 5281.19 9 0.09
AT14->NULL : 9 152917 6826.67 5 0.05
NULL->AT22 : 8 131072 8192 8 0.08
AT38->AT35 : 8 102528 22784 8 0.08
AT16->AT21 : 8 68152.9 10581.3 8 0.08
NULL->AT20 : 7 229376 7168 7 0.07
AT18->AT16 : 7 89514.7 11189.3 7 0.07
AT31->AT35 : 7 69440 15431.1 7 0.07
AT30->AT35 : 7 59904 9983.99 7 0.07
AT18->AT31 : 7 39028 11533.3 7 0.07
AT17->AT21 : 7 21376 6328.89 7 0.07
AT13->AT35 : 6 194560 9727.99 6 0.06
AT23->AT15 : 6 111573 5578.67 6 0.06
AT15->AT30 : 6 108544 2901.33 6 0.06
AT21->AT22 : 6 73728.2 4096 6 0.06
AT16->AT35 : 6 61440 5120 6 0.06
AT29->AT26 : 6 28330.7 2360.89 6 0.06
AT29->NULL : 6 18332.5 2291.56 6 0.06
AT33->AT12 : 6 14848 1450.67 6 0.06
AT20->AT38 : 5 171520 10240 5 0.05
NULL->AT27 : 5 109226 5120 5 0.05
AT28->AT31 : 5 95217.7 1450.67 5 0.05
AT10->AT24 : 5 92597.3 14864 4 0.04
NULL->AT10 : 5 75861.3 5120 4 0.04
AT23->AT35 : 5 56192 9365.33 5 0.05
AT29->AT22 : 5 50517.3 2104.89 5 0.05
NULL->AT36 : 5 41642.7 5120 4 0.04
AT29->AT18 : 5 41031.1 6797.33 5 0.05
AT29->AT19 : 5 36252.5 2265.78 5 0.05
AT26->AT38 : 5 24533.3 8760.9 5 0.05
NULL->AT26 : 5 20480 5120 5 0.05
AT33->AT33 : 5 4039.11 1009.78 4 0.04
AT18->AT13 : 4 162816 6698.67 4 0.04
NULL->AT6 : 4 125611 4096 4 0.04
AT35->AT13 : 4 119125 2026.67 4 0.04
AT22->AT45 : 4 90718.8 4323.56 3 0.03
AT25->AT17 : 4 71274.7 2097.78 4 0.04
AT17->AT15 : 4 56704.1 3150.22 4 0.04
AT29->AT16 : 4 40960 5120 4 0.04
AT23->AT21 : 4 20138.7 3754.67 4 0.04
AT34->AT29 : 4 15338.7 5632 4 0.04
AT21->NULL : 4 5688.88 2844.44 4 0.04
AT38->AT6 : 3 111104 9216 3 0.03
AT29->AT25 : 3 68645.9 4010.67 3 0.03
AT13->AT31 : 3 62218.6 949.333 3 0.03
AT12->AT10 : 3 43136 773.333 2 0.02
AT35->AT38 : 3 38016 2112 3 0.03
AT45->NULL : 3 34588.4 4323.56 3 0.03
AT18->AT30 : 3 29188.7 5070.22 3 0.03
NULL->AT19 : 3 24576 3072 3 0.03
AT21->AT19 : 3 21120 2112 3 0.03
NULL->AT16 : 3 16384 3072 3 0.03
AT29->AT24 : 3 13795.5 3370.67 3 0.03
AT29->AT31 : 3 12259.6 3242.67 3 0.03
AT9->AT21 : 3 9632 6560 3 0.03
AT21->AT17 : 3 8293.33 2224 3 0.03
NULL->AT9 : 3 4714.67 3072 3 0.03
AT20->AT6 : 2 120149 4096 2 0.02
AT6->AT13 : 2 117419 1109.33 2 0.02
AT28->AT10 : 2 98304 1024 2 0.02
AT6->AT32 : 2 66730.7 981.334 2 0.02
AT19->AT14 : 2 63715.5 2389.33 2 0.02
AT27->AT9 : 2 49237.3 4352 2 0.02
AT26->AT6 : 2 45056 1877.33 1 0.01
AT17->AT10 : 2 41472 1280 2 0.02
AT15->AT12 : 2 35072 917.333 2 0.02
AT28->AT34 : 2 33792 512 2 0.02
NULL->AT15 : 2 32768 2048 2 0.02
AT26->AT14 : 2 26624 1109.33 2 0.02
AT45->AT32 : 2 26623.9 739.556 2 0.02
NULL->AT45 : 2 24576 2048 2 0.02
AT36->NULL : 2 15018.7 938.667 2 0.02
AT24->AT36 : 2 13653.3 512 2 0.02
AT9->AT18 : 2 11178.7 2112 2 0.02
AT29->AT29 : 2 10922.7 2048 1 0.01
AT33->AT37 : 2 8106.66 1109.33 2 0.02
AT37->NULL : 2 6997.33 874.667 2 0.02
AT35->AT34 : 2 6144.01 341.334 2 0.02
AT9->NULL : 2 3413.34 3840 1 0.01
AT36->AT13 : 1 38229.4 682.667 1 0.01
AT14->AT13 : 1 38229.3 341.333 1 0.01
AT13->AT10 : 1 37205.4 362.667 1 0.01
AT9->AT6 : 1 37056 1168 1 0.01
AT45->AT13 : 1 31402.7 341.333 1 0.01
AT6->AT34 : 1 28160 426.667 1 0.01
AT29->AT13 : 1 26296.9 1157.33 1 0.01
AT14->AT18 : 1 25941.3 1024 1 0.01
NULL->AT14 : 1 21845.3 1024 1 0.01
AT6->NULL : 1 20024.9 312.889 1 0.01
AT14->AT11 : 1 19342.2 284.444 1 0.01
AT23->AT10 : 1 17138.7 786 1 0.01
AT22->AT14 : 1 16384 512 1 0.01
AT10->AT9 : 1 15552 2624 1 0.01
AT10->NULL : 1 12970.7 2432 1 0.01
AT30->AT36 : 1 12288 768 1 0.01
AT19->AT35 : 1 9102.22 1137.78 1 0.01
AT15->AT33 : 1 8583.11 252.444 1 0.01
AT15->AT31 : 1 8501.33 252.444 1 0.01
AT29->AT30 : 1 8305.78 1322.67 1 0.01
AT23->AT37 : 1 8192 1024 1 0.01
AT37->AT23 : 1 6400 725.333 1 0.01
AT36->AT32 : 1 5973.34 298.667 1 0.01
AT23->AT9 : 1 5802.67 3072 1 0.01
AT35->AT35 : 1 5461.34 682.667 1 0.01
AT37->AT21 : 1 5461.33 1024 1 0.01
AT26->AT9 : 1 4778.66 1280 1 0.01
NULL->AT32 : 1 4096 1024 1 0.01
AT11->AT26 : 1 3413.34 568.889 1 0.01
NULL->AT37 : 1 2901.33 1024 1 0.01
AT12->AT31 : 1 2090.67 213.333 1 0.01
NULL->AT33 : 1 2048 1024 1 0.01
AT34->NULL : 1 682.667 2048 1 0.01
AT25->AT26->AT18 : 21 545134 32246.9 19 0.19
AT24->AT33->AT28 : 19 341123 13829.3 19 0.19
AT32->AT17->AT27 : 14 524160 52000 12 0.12
AT25->AT22->AT18 : 14 450029 20717 9 0.09
AT18->AT25->AT26 : 14 378235 31181.4 11 0.11
AT30->AT25->AT26 : 14 326862 22040 14 0.14
AT22->AT18->AT24 : 14 250283 38144 13 0.13
AT17->AT23->AT24 : 14 106537 49002 11 0.11
AT28->AT30->AT25 : 13 623180 17585.8 13 0.13
AT17->AT27->AT24 : 12 393728 48192 12 0.12
AT32->AT17->AT23 : 12 99968 38378.7 8 0.08
AT12->AT30->AT25 : 11 219666 10062.9 11 0.11
AT18->AT24->AT33 : 11 68896 19358.2 11 0.11
AT24->AT12->AT30 : 11 62562.8 5496.3 11 0.11
AT30->AT25->AT22 : 10 284539 14987.9 9 0.09
AT25->AT19->AT18 : 10 276376 14927.4 8 0.08
AT35->AT32->AT17 : 10 130005 27306.7 9 0.09
AT23->AT23->AT24 : 10 102940 38407.3 8 0.08
AT26->AT18->AT24 : 10 85304.9 25569.2 10 0.1
AT13->AT30->AT25 : 9 413122 11592.9 8 0.08
AT32->AT17->AT20 : 9 377173 33621.3 8 0.08
AT21->AT22->AT18 : 9 147456 15360 6 0.06
AT19->AT18->AT24 : 9 107925 24576 8 0.08
AT33->AT28->AT30 : 8 183666 7637.33 8 0.08
AT22->AT18->AT25 : 7 263320 20053.3 6 0.06
AT27->AT24->AT33 : 7 197333 18624 7 0.07
AT30->AT25->AT19 : 7 185799 11932.4 7 0.07
AT17->AT23->AT23 : 7 60370.7 11732 6 0.06
AT21->AT26->AT18 : 7 57912.9 12088.9 7 0.07
AT18->AT24->AT12 : 7 57288.7 13287.9 7 0.07
AT17->AT23->AT20 : 6 199467 10154.7 5 0.05
AT26->AT18->AT25 : 6 158581 14791.1 4 0.04
AT33->AT28->AT32 : 6 146347 6272 6 0.06
AT23->AT23->AT23 : 6 71552 11904 6 0.06
AT29->AT19->AT18 : 6 65955.6 7062.22 3 0.03
AT23->AT24->AT33 : 6 43178.7 19904 6 0.06
AT24->AT33->AT12 : 6 26453.3 2901.33 6 0.06
AT23->AT23->AT15 : 5 114816 9632 5 0.05
AT22->AT18->AT18 : 5 112939 14848 5 0.05
AT22->AT18->AT29 : 5 87153.8 12117.3 4 0.04
AT16->AT21->AT26 : 5 59676.5 10723.6 5 0.05
AT26->AT18->AT29 : 5 58595.6 15018.7 5 0.05
AT17->AT23->AT21 : 5 34048 9130.67 4 0.04
AT32->AT17->AT21 : 5 26211.6 14577.8 5 0.05
AT28->AT13->AT35 : 4 240299 7509.32 4 0.04
AT20->AT38->AT35 : 4 186368 20480 4 0.04
AT23->AT23->AT20 : 4 160555 7968 4 0.04
AT13->AT35->AT32 : 4 146944 8746.66 4 0.04
AT18->AT25->AT22 : 4 143360 9595.26 4 0.04
AT33->AT28->AT13 : 4 111744 2752 4 0.04
AT28->AT32->AT17 : 4 105643 7253.33 4 0.04
AT30->AT25->AT17 : 4 80064 5393.78 4 0.04
AT38->AT35->AT32 : 4 64768 14720 4 0.04
AT33->AT28->AT31 : 4 63644.4 2816 4 0.04
AT17->AT23->AT35 : 4 50730.7 10730.7 4 0.04
AT26->AT18->AT18 : 4 49265.8 11093.3 4 0.04
AT18->AT29->AT18 : 4 48611.5 11688 4 0.04
AT31->AT35->AT32 : 4 47324.4 10755.6 4 0.04
AT21->AT17->AT23 : 4 24472 5754.67 3 0.03
AT24->AT33->AT33 : 4 10069.3 1678.22 4 0.04
AT20->AT38->AT6 : 3 209408 15360 3 0.03
AT28->AT13->AT30 : 3 169984 2560 3 0.03
AT18->AT13->AT30 : 3 122041 6232.89 3 0.03
AT15->AT30->AT25 : 3 111957 4608 3 0.03
AT19->AT18->AT25 : 3 91704.9 8192 3 0.03
AT22->AT18->AT16 : 3 88746.8 9728 3 0.03
AT22->AT45->AT32 : 3 73083.2 4352 2 0.02
AT21->AT17->AT27 : 3 69818.6 5108 3 0.03
AT23->AT15->AT30 : 3 66816 4416 3 0.03
AT17->AT23->AT15 : 3 55040 4672 3 0.03
AT32->AT17->AT15 : 3 52053.4 7082.67 3 0.03
AT18->AT31->AT35 : 3 52003.6 13937.8 3 0.03
AT24->AT12->AT10 : 3 49365.3 1552 2 0.02
AT18->AT29->AT22 : 3 48696.9 6883.55 3 0.03
AT18->AT29->AT16 : 3 46421.3 9216 3 0.03
AT18->AT16->AT21 : 3 44316.5 9898.66 3 0.03
AT19->AT18->AT29 : 3 38584.9 7649.34 3 0.03
AT30->AT35->AT32 : 3 35840 6399.99 3 0.03
AT18->AT29->AT19 : 3 34275.6 6217.78 3 0.03
AT18->AT18->AT24 : 3 34147.6 10645.3 3 0.03
AT18->AT29->AT26 : 3 29240.9 6286.22 3 0.03
AT19->AT18->AT31 : 3 28994.2 6846.66 3 0.03
AT23->AT24->AT12 : 3 26752 9824 3 0.03
AT12->AT30->AT35 : 3 20650.7 3200 3 0.03
AT17->AT21->AT26 : 3 14592 3968 3 0.03
AT22->AT18->AT13 : 2 121515 6144 2 0.02
AT38->AT6->AT13 : 2 120491 7253.33 2 0.02
AT28->AT10->AT24 : 2 103765 7168 2 0.02
AT35->AT38->AT6 : 2 98645.4 7680 2 0.02
AT25->AT26->AT6 : 2 85105.8 3128.89 1 0.01
AT28->AT30->AT35 : 2 81920 3754.66 2 0.02
AT27->AT24->AT12 : 2 81749.3 7381.33 2 0.02
AT35->AT13->AT30 : 2 79104 2154.67 2 0.02
AT25->AT22->AT45 : 2 76458.6 2939.26 1 0.01
AT6->AT32->AT17 : 2 70741.4 4906.67 2 0.02
AT18->AT18->AT25 : 2 59126.5 6528 2 0.02
AT27->AT9->AT18 : 2 57600 6464 2 0.02
AT27->AT9->AT21 : 2 52693.3 8576 2 0.02
AT17->AT10->AT24 : 2 47701.3 8576 2 0.02
AT25->AT17->AT23 : 2 42894.1 2218.67 1 0.01
AT10->AT24->AT33 : 2 39594.7 6826.67 2 0.02
AT18->AT16->AT35 : 2 38229.4 5973.33 2 0.02
AT22->AT18->AT31 : 2 37539.5 5973.34 2 0.02
AT33->AT28->AT34 : 2 34816 1536 2 0.02
AT18->AT18->AT18 : 2 32768 8192 1 0.01
AT29->AT26->AT14 : 2 32540.5 1848.89 2 0.02
AT12->AT10->AT24 : 2 32138.6 4970.67 1 0.01
AT26->AT38->AT35 : 2 31701.3 9130.67 2 0.02
AT45->AT32->AT17 : 2 30151 3697.79 2 0.02
AT23->AT35->AT32 : 2 28672 5120 2 0.02
AT26->AT18->AT16 : 2 26396.5 4437.33 2 0.02
AT29->AT16->AT21 : 2 23381.3 5120 2 0.02
AT21->AT19->AT18 : 2 23040 3626.67 1 0.01
AT18->AT18->AT31 : 2 22136.9 7296 2 0.02
AT29->AT22->AT18 : 2 21845.3 1706.67 2 0.02
AT29->AT18->AT24 : 2 19712 6058.66 2 0.02
AT29->AT18->AT31 : 2 17908 5744 2 0.02
AT16->AT35->AT32 : 2 17749.3 1706.67 2 0.02
AT34->AT29->AT19 : 2 17194.7 4584 2 0.02
AT16->AT35->AT34 : 2 17066.7 1706.67 2 0.02
AT29->AT26->AT18 : 2 16384 2133.33 2 0.02
AT23->AT21->AT26 : 2 15488 3221.33 2 0.02
AT21->AT26->AT38 : 2 12842.7 5120.01 2 0.02
AT24->AT33->AT37 : 2 12544 1664 2 0.02
AT35->AT34->AT29 : 2 12096 2389.33 2 0.02
AT34->AT29->AT24 : 2 9386.67 4096 2 0.02
AT6->AT13->AT10 : 1 72704.1 917.334 1 0.01
AT20->AT6->AT32 : 1 61781.4 2474.67 1 0.01
AT20->AT6->AT34 : 1 60928 2474.67 1 0.01
AT6->AT13->AT30 : 1 60842.7 917.334 1 0.01
AT9->AT6->AT13 : 1 60266.7 1722.67 1 0.01
AT18->AT13->AT35 : 1 55296 4096 1 0.01
AT28->AT13->AT31 : 1 55125.3 853.333 1 0.01
AT10->AT9->AT6 : 1 51050.7 3792 1 0.01
AT26->AT18->AT13 : 1 45511.1 2133.34 1 0.01
AT36->AT13->AT35 : 1 45056.1 2389.34 1 0.01
AT22->AT45->AT13 : 1 42325.4 1365.33 1 0.01
AT25->AT19->AT14 : 1 40959.9 1422.22 1 0.01
AT14->AT13->AT30 : 1 39936 597.333 1 0.01
AT31->AT35->AT13 : 1 39594.7 3413.34 1 0.01
AT38->AT6->AT32 : 1 39253.4 3626.67 1 0.01
AT28->AT31->AT35 : 1 38912 1877.33 1 0.01
AT36->AT13->AT31 : 1 38826.7 1109.33 1 0.01
AT13->AT10->AT9 : 1 38762.7 2986.67 1 0.01
AT38->AT35->AT13 : 1 37461.3 3200 1 0.01
AT23->AT35->AT13 : 1 34133.3 2560 1 0.01
AT13->AT30->AT36 : 1 34133.3 1109.33 1 0.01
AT25->AT17->AT10 : 1 33792 1024 1 0.01
AT25->AT17->AT27 : 1 33792 1280 1 0.01
AT45->AT13->AT30 : 1 33365.4 661.333 1 0.01
AT25->AT17->AT20 : 1 33095.1 1002.67 1 0.01
AT6->AT34->AT29 : 1 32938.7 2986.67 1 0.01
AT13->AT31->AT35 : 1 32682.7 1621.34 1 0.01
AT29->AT30->AT25 : 1 31971.6 3114.67 1 0.01
AT29->AT25->AT22 : 1 30037.3 1592.89 1 0.01
AT18->AT29->AT13 : 1 29738.7 2448 1 0.01
AT18->AT18->AT13 : 1 29354.7 3328 1 0.01
AT27->AT24->AT36 : 1 28672 2304 1 0.01
AT29->AT13->AT30 : 1 28430.2 1520 1 0.01
AT29->AT25->AT26 : 1 28330.7 2446.22 1 0.01
AT14->AT18->AT24 : 1 27648 2560 1 0.01
AT17->AT27->AT9 : 1 27562.7 3456 1 0.01
AT25->AT19->AT35 : 1 27306.6 1706.67 1 0.01
AT18->AT30->AT25 : 1 27041.1 3313.78 1 0.01
AT29->AT25->AT19 : 1 26699.9 1782.52 1 0.01
AT34->AT29->AT25 : 1 26567.1 4352 1 0.01
AT18->AT29->AT25 : 1 25638 2560 1 0.01
AT9->AT18->AT25 : 1 25486.2 2560 1 0.01
AT25->AT17->AT15 : 1 25016.9 1002.67 1 0.01
AT19->AT14->AT11 : 1 23893.3 1137.78 1 0.01
AT25->AT26->AT38 : 1 23864.9 1877.34 1 0.01
AT21->AT22->AT45 : 1 23210.7 1706.67 1 0.01
AT15->AT12->AT30 : 1 21674.7 896 1 0.01
AT14->AT11->AT26 : 1 21617.7 853.333 1 0.01
AT23->AT23->AT10 : 1 20600 1651.33 1 0.01
AT29->AT22->AT14 : 1 19114.7 853.333 1 0.01
AT23->AT10->AT9 : 1 18696 3410 1 0.01
AT17->AT23->AT10 : 1 18552 1492.67 1 0.01
AT22->AT18->AT30 : 1 18545.8 2332.44 1 0.01
AT29->AT30->AT35 : 1 17863.1 3712 1 0.01
AT16->AT21->AT22 : 1 17749.4 1706.67 1 0.01
AT33->AT33->AT28 : 1 17408 768 1 0.01
AT10->AT9->AT21 : 1 17354.7 4960 1 0.01
AT17->AT15->AT12 : 1 17237.4 1216 1 0.01
AT17->AT15->AT30 : 1 16896 1216 1 0.01
AT37->AT21->AT22 : 1 16384 1706.67 1 0.01
AT18->AT18->AT30 : 1 16384 4096 1 0.01
AT30->AT35->AT13 : 1 16213.3 960 1 0.01
AT16->AT21->AT19 : 1 15872 2304 1 0.01
AT10->AT24->AT12 : 1 15829.3 2442.67 1 0.01
AT19->AT18->AT30 : 1 15232 2688 1 0.01
AT35->AT13->AT31 : 1 15029.3 373.333 1 0.01
AT19->AT18->AT16 : 1 14478.2 2069.34 1 0.01
AT28->AT34->AT29 : 1 13994.7 1194.67 1 0.01
AT29->AT31->AT35 : 1 13482.7 3413.33 1 0.01
AT19->AT18->AT18 : 1 13027.6 2304 1 0.01
AT23->AT23->AT35 : 1 12736 2384 1 0.01
AT18->AT29->AT30 : 1 12629.3 2944 1 0.01
AT23->AT23->AT37 : 1 12288 2048 1 0.01
AT18->AT24->AT36 : 1 12288 2304 1 0.01
AT18->AT18->AT29 : 1 11029.3 2928 1 0.01
AT29->AT16->AT35 : 1 10922.7 1706.67 1 0.01
AT16->AT35->AT35 : 1 10922.7 1365.33 1 0.01
AT19->AT35->AT32 : 1 10240 1422.22 1 0.01
AT37->AT23->AT23 : 1 10197.3 1600 1 0.01
AT23->AT23->AT9 : 1 9898.67 4096 1 0.01
AT23->AT21->AT19 : 1 9770.66 1514.67 1 0.01
AT17->AT15->AT33 : 1 9592.89 757.333 1 0.01
AT23->AT37->AT21 : 1 9557.33 2048 1 0.01
AT17->AT15->AT31 : 1 9511.11 757.333 1 0.01
AT17->AT21->AT19 : 1 9472.01 1834.66 1 0.01
AT18->AT29->AT24 : 1 9415.11 2944 1 0.01
AT26->AT9->AT18 : 1 8874.66 2304 1 0.01
AT29->AT29->AT29 : 1 8192.01 2048 1 0.01
AT29->AT29->AT19 : 1 8192.01 1365.33 1 0.01
AT37->AT23->AT24 : 1 8106.67 3349.33 1 0.01
AT18->AT29->AT31 : 1 8049.78 2560 1 0.01
AT24->AT36->AT32 : 1 8021.34 554.667 1 0.01
AT16->AT21->AT17 : 1 8021.33 1706.67 1 0.01
AT36->AT32->AT17 : 1 7594.67 1493.34 1 0.01
AT29->AT29->AT26 : 1 6826.67 1365.33 1 0.01
AT33->AT37->AT23 : 1 6826.67 1152 1 0.01
AT34->AT29->AT18 : 1 6783.99 2232 1 0.01
AT29->AT29->AT31 : 1 6656.01 2048 1 0.01
AT9->AT21->AT26 : 1 6485.33 2901.33 1 0.01
AT21->AT26->AT9 : 1 6485.33 2133.33 1 0.01
AT26->AT9->AT21 : 1 6485.33 3328 1 0.01
AT35->AT35->AT32 : 1 6144.01 853.334 1 0.01
AT33->AT37->AT21 : 1 6144 1706.67 1 0.01
AT9->AT21->AT17 : 1 4773.33 3237.33 1 0.01
AT29->AT24->AT33 : 1 4437.33 1194.67 1 0.01
AT17->AT21->AT17 : 1 4394.66 1578.67 1 0.01
AT33->AT12->AT30 : 1 3811.55 426.667 1 0.01
AT21->AT17->AT21 : 1 3498.67 1280 1 0.01
AT33->AT12->AT31 : 1 2432 384 1 0.01
AT33->AT33->AT33 : 1 1024 341.334 1 0.01
AT30->AT25->AT26->AT18 : 10 286272 26409.8 10 0.1
AT24->AT12->AT30->AT25 : 9 195750 10292.4 9 0.09
AT35->AT32->AT17->AT27 : 8 360832 33312 7 0.07
AT18->AT25->AT26->AT18 : 8 249805 25857.6 7 0.07
AT30->AT25->AT19->AT18 : 8 247751 21411.5 6 0.06
AT35->AT32->AT17->AT23 : 8 141611 31296 5 0.05
AT30->AT25->AT22->AT18 : 7 226626 16604.4 5 0.05
AT33->AT28->AT30->AT25 : 6 251496 11072 6 0.06
AT18->AT25->AT22->AT18 : 6 239540 20347.3 4 0.04
AT25->AT22->AT18->AT24 : 6 199765 17066.7 6 0.06
AT26->AT18->AT25->AT26 : 6 173473 18514.2 4 0.04
AT25->AT26->AT18->AT24 : 6 158875 17302.9 6 0.06
AT18->AT24->AT33->AT28 : 6 112700 12122.7 6 0.06
AT24->AT33->AT28->AT30 : 6 102827 5063.11 6 0.06
AT18->AT24->AT12->AT30 : 6 57534.4 12410.7 6 0.06
AT28->AT30->AT25->AT26 : 5 293547 11008 5 0.05
AT27->AT24->AT33->AT28 : 5 216875 15040 5 0.05
AT17->AT27->AT24->AT33 : 5 156885 20288 5 0.05
AT22->AT18->AT24->AT33 : 5 89386.7 14400 5 0.05
AT24->AT33->AT28->AT32 : 5 83200 4266.67 5 0.05
AT32->AT17->AT27->AT24 : 4 183979 32064 4 0.04
AT22->AT18->AT25->AT26 : 4 167936 14904.9 3 0.03
AT24->AT33->AT28->AT13 : 4 119083 3669.33 4 0.04
AT25->AT19->AT18->AT24 : 4 118037 11690.7 4 0.04
AT12->AT30->AT25->AT26 : 4 87317.4 5334.22 4 0.04
AT24->AT33->AT28->AT31 : 4 71153.7 3754.66 4 0.04
AT23->AT23->AT23->AT24 : 4 58538.7 19904 4 0.04
AT34->AT29->AT19->AT18 : 4 48832 12168 2 0.02
AT26->AT18->AT24->AT12 : 4 43143.9 11587.2 4 0.04
AT32->AT17->AT23->AT24 : 4 40618.7 23210.7 3 0.03
AT18->AT13->AT30->AT25 : 3 177147 9374.22 3 0.03
AT13->AT30->AT25->AT22 : 3 163328 5468.44 3 0.03
AT35->AT32->AT17->AT20 : 3 153600 12800 3 0.03
AT28->AT30->AT25->AT19 : 3 147001 5347.56 3 0.03
AT25->AT26->AT18->AT25 : 3 137494 8969.48 2 0.02
AT25->AT22->AT18->AT29 : 3 108544 8817.77 2 0.02
AT32->AT17->AT23->AT20 : 3 103040 10112 2 0.02
AT25->AT26->AT18->AT29 : 3 98645.4 9955.55 3 0.03
AT23->AT24->AT33->AT28 : 3 88063.9 12288 3 0.03
AT23->AT23->AT23->AT15 : 3 81280 8672 3 0.03
AT23->AT23->AT15->AT30 : 3 78848 7424 3 0.03
AT22->AT45->AT32->AT17 : 3 78260 8561.79 2 0.02
AT38->AT35->AT32->AT17 : 3 55296 19584 3 0.03
AT16->AT21->AT26->AT18 : 3 50517.4 10126.2 3 0.03
AT35->AT32->AT17->AT21 : 3 43904 11520 3 0.03
AT18->AT29->AT19->AT18 : 3 40625.8 7362.23 2 0.02
AT17->AT23->AT23->AT24 : 3 31990.7 12426 3 0.03
AT21->AT26->AT18->AT24 : 3 31573.3 10410.7 3 0.03
AT32->AT17->AT23->AT21 : 3 26794.7 11264 2 0.02
AT24->AT12->AT30->AT35 : 3 26112 3882.67 3 0.03
AT21->AT17->AT23->AT24 : 3 25812 11882 2 0.02
AT26->AT18->AT24->AT33 : 3 23854.2 7297.77 3 0.03
AT20->AT38->AT6->AT13 : 2 186027 11349.3 2 0.02
AT28->AT13->AT30->AT25 : 2 146091 3242.67 2 0.02
AT28->AT32->AT17->AT27 : 2 139264 8192 2 0.02
AT28->AT32->AT17->AT20 : 2 139264 7168 2 0.02
AT6->AT32->AT17->AT27 : 2 134912 7914.67 2 0.02
AT28->AT13->AT35->AT32 : 2 122880 4437.33 2 0.02
AT35->AT13->AT30->AT25 : 2 113465 3914.67 2 0.02
AT28->AT10->AT24->AT33 : 2 105131 7850.67 2 0.02
AT28->AT30->AT25->AT22 : 2 100523 3363.56 2 0.02
AT20->AT38->AT35->AT32 : 2 99328 11776 2 0.02
AT22->AT18->AT25->AT22 : 2 96483.6 7092.15 2 0.02
AT25->AT22->AT18->AT25 : 2 95838.9 5233.77 2 0.02
AT13->AT30->AT25->AT19 : 2 95687.2 3484.44 2 0.02
AT25->AT19->AT18->AT25 : 2 94435.7 5802.66 2 0.02
AT18->AT25->AT26->AT6 : 2 93297.8 6200.89 1 0.01
AT15->AT30->AT25->AT22 : 2 92842.6 4209.78 2 0.02
AT23->AT23->AT23->AT20 : 2 90112 6144 2 0.02
AT13->AT30->AT25->AT26 : 2 89770.6 3424 2 0.02
AT27->AT24->AT12->AT30 : 2 85589.3 8000 2 0.02
AT28->AT30->AT35->AT32 : 2 84650.7 4437.33 2 0.02
AT25->AT22->AT45->AT32 : 2 78961.7 3565.04 1 0.01
AT21->AT22->AT18->AT25 : 2 72817.9 6485.33 2 0.02
AT25->AT26->AT18->AT16 : 2 62805.3 5575.1 2 0.02
AT25->AT26->AT18->AT18 : 2 62122.7 6030.23 2 0.02
AT12->AT30->AT25->AT22 : 2 58766.2 3083.85 2 0.02
AT22->AT18->AT29->AT22 : 2 56433.8 6712.89 2 0.02
AT27->AT24->AT33->AT12 : 2 55936 5418.67 2 0.02
AT22->AT18->AT29->AT18 : 2 55296 8960 2 0.02
AT30->AT25->AT17->AT23 : 2 48355.5 4266.67 1 0.01
AT12->AT30->AT25->AT17 : 2 43882.7 3182.22 2 0.02
AT16->AT21->AT22->AT18 : 2 43690.7 5461.33 1 0.01
AT18->AT18->AT31->AT35 : 2 43584 12657.8 2 0.02
AT45->AT32->AT17->AT23 : 2 41983.9 6144.01 1 0.01
AT21->AT22->AT18->AT18 : 2 41258.7 6485.33 2 0.02
AT24->AT33->AT28->AT34 : 2 38912 2048 2 0.02
AT22->AT18->AT29->AT26 : 2 37660.5 5603.55 2 0.02
AT18->AT16->AT21->AT26 : 2 36864 8419.55 2 0.02
AT21->AT22->AT18->AT24 : 2 36181.4 6485.33 2 0.02
AT24->AT12->AT10->AT24 : 2 35637.3 5408 1 0.01
AT33->AT28->AT32->AT17 : 2 32768 2986.67 2 0.02
AT23->AT35->AT32->AT17 : 2 32768 9216 2 0.02
AT32->AT17->AT23->AT35 : 2 32768 10240 2 0.02
AT17->AT23->AT35->AT32 : 2 32768 7168 2 0.02
AT26->AT18->AT29->AT19 : 2 30720 6897.78 2 0.02
AT30->AT35->AT32->AT17 : 2 30208 8447.99 2 0.02
AT29->AT16->AT21->AT26 : 2 29184 6570.67 2 0.02
AT18->AT29->AT18->AT24 : 2 29041.8 9557.33 2 0.02
AT26->AT18->AT18->AT31 : 2 28736 9770.67 2 0.02
AT19->AT18->AT24->AT12 : 2 27633.8 5884.44 2 0.02
AT17->AT21->AT19->AT18 : 2 27477.4 5845.33 1 0.01
AT19->AT18->AT24->AT33 : 2 26396.4 6257.77 2 0.02
AT18->AT29->AT18->AT31 : 2 25716 8672 2 0.02
AT17->AT23->AT23->AT23 : 2 25472 5248 2 0.02
AT29->AT19->AT18->AT31 : 2 25460 5116 2 0.02
AT31->AT35->AT32->AT17 : 2 23168 8064 2 0.02
AT16->AT35->AT34->AT29 : 2 23018.7 3754.67 2 0.02
AT23->AT24->AT33->AT37 : 2 20138.7 7360 2 0.02
AT17->AT23->AT21->AT26 : 2 19072 5013.33 2 0.02
AT17->AT21->AT26->AT18 : 2 18090.7 4693.33 2 0.02
AT9->AT21->AT17->AT23 : 2 16152 7888 1 0.01
AT18->AT24->AT33->AT12 : 2 15232 3626.67 2 0.02
AT18->AT24->AT33->AT33 : 2 12686.2 3726.22 2 0.02
AT6->AT13->AT30->AT25 : 1 77454.3 1717.33 1 0.01
AT6->AT13->AT10->AT9 : 1 74261.4 3541.33 1 0.01
AT13->AT10->AT9->AT6 : 1 74261.4 4154.67 1 0.01
AT10->AT9->AT6->AT13 : 1 74261.4 4346.67 1 0.01
AT9->AT6->AT13->AT10 : 1 74261.4 2085.33 1 0.01
AT38->AT6->AT13->AT10 : 1 74240.1 3989.33 1 0.01
AT6->AT32->AT17->AT20 : 1 73984 3840.01 1 0.01
AT35->AT38->AT6->AT13 : 1 72533.4 4394.67 1 0.01
AT20->AT38->AT6->AT32 : 1 72021.4 5674.67 1 0.01
AT28->AT13->AT30->AT36 : 1 66901.3 1621.33 1 0.01
AT22->AT18->AT13->AT35 : 1 66218.7 5120 1 0.01
AT20->AT6->AT34->AT29 : 1 65706.7 5034.67 1 0.01
AT20->AT6->AT32->AT17 : 1 63658.7 4181.34 1 0.01
AT25->AT26->AT18->AT13 : 1 62805.3 2673.78 1 0.01
AT38->AT6->AT13->AT30 : 1 62378.7 3989.33 1 0.01
AT22->AT18->AT13->AT30 : 1 59221.4 3200 1 0.01
AT17->AT27->AT24->AT12 : 1 58880 7381.33 1 0.01
AT18->AT13->AT35->AT32 : 1 57856 4736 1 0.01
AT21->AT22->AT18->AT13 : 1 57344 3242.67 1 0.01
AT14->AT13->AT30->AT25 : 1 55409.8 1237.33 1 0.01
AT28->AT30->AT25->AT17 : 1 54784 2104.89 1 0.01
AT23->AT10->AT9->AT6 : 1 54194.7 4578 1 0.01
AT6->AT34->AT29->AT25 : 1 53873.8 4778.67 1 0.01
AT35->AT38->AT6->AT32 : 1 51541.4 4394.67 1 0.01
AT45->AT13->AT30->AT25 : 1 49521.8 1397.33 1 0.01
AT26->AT18->AT13->AT30 : 1 48682.6 2755.56 1 0.01
AT27->AT9->AT18->AT25 : 1 47331.5 4608 1 0.01
AT36->AT13->AT35->AT32 : 1 46762.7 2816 1 0.01
AT19->AT18->AT25->AT22 : 1 46421.3 4266.67 1 0.01
AT18->AT31->AT35->AT13 : 1 45056.1 5461.34 1 0.01
AT29->AT13->AT30->AT25 : 1 45041.8 2320 1 0.01
AT22->AT45->AT13->AT30 : 1 44288.1 1685.33 1 0.01
AT6->AT32->AT17->AT23 : 1 44032 3840.01 1 0.01
AT21->AT22->AT45->AT13 : 1 43690.7 2048 1 0.01
AT30->AT25->AT19->AT14 : 1 43690.6 2446.22 1 0.01
AT36->AT13->AT31->AT35 : 1 43605.4 2304 1 0.01
AT17->AT23->AT23->AT20 : 1 43008 3072 1 0.01
AT18->AT25->AT22->AT45 : 1 42780.4 2882.37 1 0.01
AT30->AT25->AT22->AT45 : 1 42363.2 3313.78 1 0.01
AT25->AT19->AT14->AT11 : 1 42097.7 1706.67 1 0.01
AT31->AT35->AT13->AT30 : 1 41984.1 3840 1 0.01
AT25->AT22->AT18->AT18 : 1 41642.7 3242.67 1 0.01
AT10->AT24->AT33->AT28 : 1 41642.6 4096 1 0.01
AT23->AT15->AT30->AT25 : 1 41415.1 2560 1 0.01
AT38->AT6->AT32->AT17 : 1 41386.7 5845.34 1 0.01
AT13->AT30->AT25->AT17 : 1 41301.3 1621.33 1 0.01
AT28->AT32->AT17->AT23 : 1 40960 3584 1 0.01
AT22->AT18->AT18->AT25 : 1 40732.5 4352 1 0.01
AT37->AT23->AT23->AT20 : 1 40576 2549.33 1 0.01
AT13->AT10->AT9->AT21 : 1 40565.4 5322.67 1 0.01
AT22->AT18->AT18->AT13 : 1 40277.4 4352 1 0.01
AT15->AT12->AT30->AT25 : 1 39879.1 1728 1 0.01
AT38->AT35->AT13->AT30 : 1 39765.3 3605.33 1 0.01
AT15->AT30->AT25->AT26 : 1 39594.6 2104.89 1 0.01
AT22->AT18->AT16->AT35 : 1 38229.4 4949.33 1 0.01
AT25->AT22->AT18->AT30 : 1 37963.9 2939.26 1 0.01
AT6->AT34->AT29->AT19 : 1 37717.4 3584 1 0.01
AT13->AT35->AT32->AT17 : 1 37717.4 3840.01 1 0.01
AT22->AT18->AT30->AT25 : 1 36750.2 4224 1 0.01
AT25->AT17->AT10->AT24 : 1 36522.7 4096 1 0.01
AT18->AT29->AT30->AT25 : 1 36295.1 4736 1 0.01
AT18->AT30->AT25->AT22 : 1 36143.4 3882.67 1 0.01
AT30->AT25->AT17->AT10 : 1 35840 1792 1 0.01
AT30->AT25->AT17->AT27 : 1 35840 2048 1 0.01
AT25->AT19->AT18->AT31 : 1 35200 3470.22 1 0.01
AT30->AT25->AT17->AT20 : 1 34972.4 1706.67 1 0.01
AT29->AT30->AT25->AT26 : 1 34929.8 3854.23 1 0.01
AT22->AT18->AT29->AT25 : 1 34740.2 3413.33 1 0.01
AT22->AT18->AT16->AT21 : 1 34474.7 5632 1 0.01
AT25->AT22->AT18->AT31 : 1 34353.7 3015.12 1 0.01
AT22->AT18->AT31->AT35 : 1 34133.4 6314.67 1 0.01
AT19->AT18->AT29->AT13 : 1 33891.6 3226.67 1 0.01
AT13->AT31->AT35->AT32 : 1 33877.4 1920 1 0.01
AT35->AT32->AT17->AT15 : 1 33536 4352 1 0.01
AT36->AT32->AT17->AT20 : 1 33536 2304 1 0.01
AT36->AT32->AT17->AT27 : 1 33536 2709.34 1 0.01
AT19->AT18->AT25->AT26 : 1 33109.3 3365.92 1 0.01
AT29->AT25->AT26->AT18 : 1 32824.9 3427.55 1 0.01
AT22->AT18->AT18->AT18 : 1 32768 5632 1 0.01
AT6->AT32->AT17->AT21 : 1 32170.7 3072 1 0.01
AT18->AT29->AT13->AT30 : 1 31872 2810.67 1 0.01
AT17->AT27->AT9->AT18 : 1 31829.3 4544 1 0.01
AT26->AT18->AT18->AT25 : 1 31819.8 4138.67 1 0.01
AT18->AT18->AT13->AT30 : 1 31317.3 3648 1 0.01
AT25->AT19->AT18->AT16 : 1 31089.8 2588.45 1 0.01
AT21->AT17->AT23->AT20 : 1 30549.3 2037.33 1 0.01
AT29->AT25->AT19->AT18 : 1 30416.6 2664.3 1 0.01
AT18->AT29->AT25->AT19 : 1 30340.8 3147.85 1 0.01
AT27->AT24->AT36->AT32 : 1 29866.6 2602.67 1 0.01
AT22->AT18->AT18->AT24 : 1 29354.7 5632 1 0.01
AT17->AT27->AT9->AT21 : 1 29312 5632 1 0.01
AT34->AT29->AT25->AT26 : 1 29184 5006.22 1 0.01
AT26->AT9->AT18->AT25 : 1 28899.6 3840 1 0.01
AT22->AT18->AT24->AT36 : 1 28672 3840 1 0.01
AT25->AT19->AT35->AT32 : 1 28444.4 1991.11 1 0.01
AT27->AT9->AT21->AT26 : 1 28330.6 4949.33 1 0.01
AT21->AT26->AT18->AT25 : 1 28216.9 3242.67 1 0.01
AT10->AT24->AT12->AT10 : 1 28202.6 2704 1 0.01
AT14->AT18->AT24->AT33 : 1 28074.6 2773.33 1 0.01
AT9->AT18->AT25->AT26 : 1 27989.3 3185.78 1 0.01
AT18->AT25->AT26->AT38 : 1 27960.9 3413.34 1 0.01
AT9->AT21->AT17->AT27 : 1 27386.6 4297.33 1 0.01
AT25->AT19->AT18->AT29 : 1 27292.5 2588.45 1 0.01
AT16->AT21->AT17->AT27 : 1 27136 2602.67 1 0.01
AT30->AT25->AT17->AT15 : 1 26894.2 1706.67 1 0.01
AT19->AT14->AT11->AT26 : 1 26168.9 1706.67 1 0.01
AT22->AT18->AT24->AT12 : 1 25941.3 3840 1 0.01
AT19->AT18->AT29->AT16 : 1 25941.3 5120 1 0.01
AT25->AT17->AT15->AT33 : 1 25521.8 1255.11 1 0.01
AT25->AT17->AT15->AT31 : 1 25440 1255.11 1 0.01
AT30->AT25->AT26->AT38 : 1 25436.5 2466.67 1 0.01
AT29->AT26->AT18->AT25 : 1 25031.1 1877.33 1 0.01
AT27->AT24->AT33->AT33 : 1 24917.3 2560 1 0.01
AT21->AT22->AT18->AT16 : 1 24576 3242.67 1 0.01
AT17->AT21->AT17->AT27 : 1 24192 2506.67 1 0.01
AT28->AT32->AT17->AT15 : 1 23893.4 1536 1 0.01
AT21->AT17->AT27->AT24 : 1 23552 3370.67 1 0.01
AT23->AT24->AT12->AT10 : 1 22186.7 3712 1 0.01
AT18->AT29->AT30->AT35 : 1 22186.7 5333.33 1 0.01
AT23->AT23->AT10->AT9 : 1 22157.4 4275.33 1 0.01
AT17->AT23->AT23->AT10 : 1 22013.4 2358 1 0.01
AT22->AT18->AT18->AT29 : 1 21952 3952 1 0.01
AT17->AT23->AT15->AT30 : 1 21930.7 2112 1 0.01
AT26->AT18->AT29->AT16 : 1 21845.3 5120 1 0.01
AT26->AT18->AT29->AT22 : 1 21845.3 4096 1 0.01
AT18->AT18->AT18->AT18 : 1 21845.3 6144 1 0.01
AT18->AT18->AT18->AT30 : 1 21845.3 6144 1 0.01
AT17->AT23->AT23->AT15 : 1 21760 2496 1 0.01
AT29->AT18->AT31->AT35 : 1 21162.7 6058.67 1 0.01
AT18->AT29->AT26->AT14 : 1 21162.7 2360.88 1 0.01
AT26->AT38->AT35->AT32 : 1 20992 5888 1 0.01
AT17->AT10->AT24->AT33 : 1 20821.3 3925.33 1 0.01
AT36->AT32->AT17->AT15 : 1 20565.4 2304 1 0.01
AT23->AT10->AT9->AT21 : 1 20498.7 5746 1 0.01
AT23->AT37->AT21->AT22 : 1 20480 2730.67 1 0.01
AT37->AT21->AT22->AT18 : 1 20480 2730.67 1 0.01
AT21->AT17->AT23->AT10 : 1 20354.7 2394 1 0.01
AT17->AT23->AT10->AT9 : 1 20109.4 4116.67 1 0.01
AT18->AT16->AT21->AT19 : 1 19968 3840 1 0.01
AT19->AT18->AT29->AT26 : 1 19797.3 4096 1 0.01
AT24->AT33->AT33->AT28 : 1 19456 1024 1 0.01
AT18->AT29->AT16->AT21 : 1 19285.3 5120 1 0.01
AT18->AT31->AT35->AT32 : 1 19136 5038.22 1 0.01
AT33->AT33->AT28->AT30 : 1 19114.7 1024 1 0.01
AT33->AT12->AT30->AT25 : 1 18982 1024 1 0.01
AT21->AT17->AT23->AT15 : 1 18773.4 2090.67 1 0.01
AT10->AT9->AT21->AT17 : 1 18768 5861.33 1 0.01
AT32->AT17->AT15->AT12 : 1 18432 2410.67 1 0.01
AT32->AT17->AT15->AT30 : 1 18090.7 2410.67 1 0.01
AT12->AT30->AT35->AT13 : 1 17920 1173.33 1 0.01
AT29->AT19->AT18->AT18 : 1 17806.2 2901.33 1 0.01
AT12->AT10->AT24->AT12 : 1 17536 2656 1 0.01
AT16->AT21->AT26->AT38 : 1 17493.4 4608 1 0.01
AT22->AT18->AT29->AT31 : 1 17152 3413.33 1 0.01
AT33->AT37->AT21->AT22 : 1 17066.7 2389.33 1 0.01
AT21->AT19->AT18->AT30 : 1 16682.7 3413.33 1 0.01
AT30->AT35->AT13->AT31 : 1 16565.3 1141.33 1 0.01
AT23->AT23->AT23->AT37 : 1 16384 3072 1 0.01
AT29->AT18->AT24->AT36 : 1 16384 3840 1 0.01
AT22->AT18->AT29->AT16 : 1 16384 2560 1 0.01
AT29->AT31->AT35->AT32 : 1 15872 4010.66 1 0.01
AT26->AT18->AT29->AT30 : 1 15587.6 4053.33 1 0.01
AT21->AT26->AT38->AT35 : 1 15488 4864 1 0.01
AT28->AT34->AT29->AT24 : 1 15360 2218.67 1 0.01
AT29->AT24->AT33->AT28 : 1 15360 1536 1 0.01
AT18->AT29->AT26->AT18 : 1 15018.7 3328 1 0.01
AT19->AT18->AT18->AT24 : 1 14833.8 3989.33 1 0.01
AT26->AT18->AT16->AT21 : 1 14677.3 3583.99 1 0.01
AT33->AT28->AT34->AT29 : 1 14336 1536 1 0.01
AT17->AT23->AT23->AT35 : 1 14272 3152 1 0.01
AT18->AT18->AT29->AT18 : 1 14250.7 4136 1 0.01
AT18->AT18->AT29->AT19 : 1 14250.7 3330.67 1 0.01
AT26->AT18->AT18->AT24 : 1 14080 4565.33 1 0.01
AT45->AT32->AT17->AT21 : 1 14080 2389.34 1 0.01
AT29->AT16->AT35->AT35 : 1 13653.3 2389.33 1 0.01
AT29->AT22->AT18->AT29 : 1 13653.3 1877.33 1 0.01
AT23->AT23->AT37->AT21 : 1 13653.3 3072 1 0.01
AT21->AT26->AT18->AT18 : 1 13653.3 3470.22 1 0.01
AT19->AT18->AT29->AT18 : 1 13376 3204 1 0.01
AT21->AT19->AT18->AT24 : 1 13269.3 3413.33 1 0.01
AT26->AT18->AT29->AT18 : 1 12970.7 3626.67 1 0.01
AT26->AT18->AT29->AT24 : 1 12373.3 4053.33 1 0.01
AT29->AT22->AT18->AT24 : 1 12288 1877.33 1 0.01
AT21->AT17->AT23->AT35 : 1 12288 2901.33 1 0.01
AT32->AT17->AT23->AT23 : 1 12288 4096 1 0.01
AT32->AT17->AT21->AT19 : 1 11861.3 4223.99 1 0.01
AT29->AT16->AT35->AT32 : 1 11605.3 1877.33 1 0.01
AT16->AT35->AT35->AT32 : 1 11605.3 1536 1 0.01
AT29->AT19->AT18->AT24 : 1 11406.2 2268.44 1 0.01
AT17->AT23->AT21->AT19 : 1 11306.7 2282.67 1 0.01
AT16->AT21->AT17->AT23 : 1 11264 2304 1 0.01
AT23->AT24->AT12->AT30 : 1 11093.3 3712 1 0.01
AT29->AT29->AT29->AT19 : 1 10922.7 2389.33 1 0.01
AT33->AT37->AT23->AT23 : 1 10624 2026.67 1 0.01
AT21->AT26->AT9->AT18 : 1 10581.3 3157.33 1 0.01
AT23->AT24->AT33->AT12 : 1 9898.67 3754.67 1 0.01
AT29->AT18->AT24->AT12 : 1 9884.46 2663.1 1 0.01
AT17->AT23->AT24->AT12 : 1 9856 3765.33 1 0.01
AT21->AT17->AT23->AT23 : 1 9821.33 2473.33 1 0.01
AT24->AT36->AT32->AT17 : 1 9642.67 1749.34 1 0.01
AT17->AT23->AT24->AT33 : 1 9557.34 4437.33 1 0.01
AT35->AT34->AT29->AT18 : 1 9514.66 2402.67 1 0.01
AT35->AT34->AT29->AT19 : 1 9514.66 1597.33 1 0.01
AT29->AT29->AT29->AT31 : 1 9386.68 3072 1 0.01
AT18->AT24->AT33->AT37 : 1 9130.67 2176 1 0.01
AT16->AT21->AT17->AT21 : 1 8960 2304 1 0.01
AT24->AT33->AT37->AT21 : 1 8874.67 2048 1 0.01
AT24->AT33->AT37->AT23 : 1 8533.34 1365.33 1 0.01
AT33->AT37->AT23->AT24 : 1 8533.34 3776 1 0.01
AT37->AT23->AT24->AT33 : 1 8533.34 3562.67 1 0.01
AT34->AT29->AT18->AT31 : 1 8009.32 3440 1 0.01
AT35->AT34->AT29->AT24 : 1 7680 2218.67 1 0.01
AT9->AT21->AT26->AT38 : 1 7637.33 4608 1 0.01
AT17->AT21->AT17->AT23 : 1 7509.33 2197.33 1 0.01
AT32->AT17->AT21->AT26 : 1 7424 3285.34 1 0.01
AT32->AT17->AT21->AT17 : 1 6101.33 3285.34 1 0.01
AT23->AT24->AT33->AT33 : 1 6058.67 3050.67 1 0.01
AT24->AT33->AT12->AT30 : 1 5404.44 625.778 1 0.01
AT21->AT17->AT21->AT26 : 1 5376 1749.33 1 0.01
AT34->AT29->AT24->AT33 : 1 4778.67 2218.67 1 0.01
AT29->AT24->AT33->AT33 : 1 4778.67 1365.33 1 0.01
AT24->AT33->AT12->AT31 : 1 3797.33 554.667 1 0.01
AT24->AT33->AT33->AT33 : 1 2389.33 512.001 1 0.01
AT30->AT25->AT22->AT18->AT24 : 5 170297 18140.4 4 0.04
AT24->AT33->AT28->AT30->AT25 : 5 164229 7303.11 5 0.05
AT18->AT24->AT12->AT30->AT25 : 5 130306 13697.5 5 0.05
AT26->AT18->AT25->AT26->AT18 : 4 135117 17016.1 3 0.03
AT24->AT12->AT30->AT25->AT26 : 4 93603.7 6120 4 0.04
AT26->AT18->AT24->AT12->AT30 : 4 49668.8 12535.7 4 0.04
AT28->AT30->AT25->AT26->AT18 : 3 220501 10581.3 3 0.03
AT13->AT30->AT25->AT19->AT18 : 3 152178 7523.56 2 0.02
AT25->AT26->AT18->AT25->AT26 : 3 144877 10815.2 2 0.02
AT17->AT27->AT24->AT33->AT28 : 3 139904 12864 3 0.03
AT35->AT32->AT17->AT23->AT20 : 3 122837 11349.3 2 0.02
AT30->AT25->AT26->AT18->AT29 : 3 109774 14128.9 3 0.03
AT30->AT25->AT19->AT18->AT24 : 3 99861.4 12583.1 3 0.03
AT22->AT18->AT24->AT33->AT28 : 3 90751.9 9408 3 0.03
AT38->AT35->AT32->AT17->AT23 : 3 73216 24576 2 0.02
AT33->AT28->AT30->AT25->AT26 : 2 128000 7082.67 2 0.02
AT38->AT35->AT32->AT17->AT27 : 2 120832 17664 2 0.02
AT22->AT18->AT25->AT26->AT6 : 2 115143 8248.89 1 0.01
AT28->AT30->AT25->AT17->AT23 : 2 113891 5290.67 1 0.01
AT20->AT38->AT35->AT32->AT17 : 2 104448 17920 2 0.02
AT22->AT18->AT25->AT22->AT18 : 2 104372 9026.37 2 0.02
AT18->AT25->AT26->AT18->AT25 : 2 103057 9595.25 2 0.02
AT30->AT25->AT22->AT18->AT25 : 2 102590 7765.33 2 0.02
AT19->AT18->AT25->AT22->AT18 : 2 101035 10581.3 1 0.01
AT30->AT25->AT19->AT18->AT25 : 2 100580 8106.66 2 0.02
AT35->AT32->AT17->AT27->AT24 : 2 100352 15146.7 2 0.02
AT15->AT30->AT25->AT22->AT18 : 2 100124 5916.44 2 0.02
AT23->AT35->AT32->AT17->AT27 : 2 98304 12288 2 0.02
AT13->AT30->AT25->AT26->AT18 : 2 96682.6 4992 2 0.02
AT28->AT30->AT25->AT19->AT18 : 2 95573.4 4778.67 2 0.02
AT13->AT30->AT25->AT22->AT18 : 2 89201.8 4209.78 1 0.01
AT27->AT24->AT33->AT28->AT31 : 2 86762.6 6485.33 2 0.02
AT18->AT25->AT22->AT18->AT24 : 2 83683.5 9841.78 2 0.02
AT27->AT24->AT33->AT28->AT32 : 2 83626.6 6144 2 0.02
AT6->AT34->AT29->AT19->AT18 : 2 82944.1 8960 1 0.01
AT25->AT22->AT45->AT32->AT17 : 2 82261.2 6068.16 1 0.01
AT31->AT35->AT32->AT17->AT27 : 2 78464 10656 2 0.02
AT21->AT22->AT18->AT25->AT26 : 2 77824.1 7736.89 2 0.02
AT25->AT22->AT18->AT29->AT26 : 2 77710.2 6855.11 2 0.02
AT22->AT45->AT32->AT17->AT23 : 2 74751.9 9216.01 1 0.01
AT18->AT25->AT26->AT18->AT18 : 2 70314.7 9102.23 2 0.02
AT25->AT22->AT18->AT24->AT33 : 2 68906.6 6208 2 0.02
AT30->AT25->AT26->AT18->AT16 : 2 68266.6 7623.1 2 0.02
AT18->AT25->AT26->AT18->AT24 : 2 64079 9061.13 2 0.02
AT18->AT24->AT33->AT28->AT13 : 2 61397.3 4437.33 2 0.02
AT23->AT23->AT23->AT15->AT30 : 2 59221.3 6784 2 0.02
AT25->AT26->AT18->AT24->AT12 : 2 56904.6 6155.84 2 0.02
AT17->AT23->AT23->AT23->AT15 : 2 55680 7136 2 0.02
AT12->AT30->AT25->AT26->AT18 : 2 53127.2 4338.67 2 0.02
AT24->AT12->AT30->AT25->AT17 : 2 50368.1 3992.89 2 0.02
AT26->AT18->AT18->AT31->AT35 : 2 50183.1 15132.4 2 0.02
AT25->AT26->AT18->AT24->AT33 : 2 48117.3 5562.66 2 0.02
AT22->AT45->AT32->AT17->AT21 : 2 46971.2 6542.23 1 0.01
AT45->AT32->AT17->AT23->AT24 : 2 46079.9 11776 1 0.01
AT18->AT16->AT21->AT26->AT18 : 2 45966.3 10808.9 2 0.02
AT45->AT32->AT17->AT23->AT21 : 2 44543.9 8021.34 1 0.01
AT10->AT9->AT21->AT17->AT23 : 2 44141.4 13136 1 0.01
AT18->AT24->AT33->AT28->AT30 : 2 41272.8 4551.11 2 0.02
AT26->AT18->AT24->AT33->AT28 : 2 39584 5296 2 0.02
AT18->AT24->AT33->AT28->AT31 : 2 38321.7 4437.33 2 0.02
AT35->AT32->AT17->AT23->AT24 : 2 38229.3 13312 2 0.02
AT21->AT22->AT18->AT24->AT33 : 2 37034.7 6912 2 0.02
AT24->AT33->AT28->AT32->AT17 : 2 36181.4 3413.33 2 0.02
AT32->AT17->AT21->AT19->AT18 : 2 32256 10624 1 0.01
AT26->AT18->AT29->AT19->AT18 : 2 32256 6840.9 1 0.01
AT34->AT29->AT19->AT18->AT31 : 2 26654.7 8700 2 0.02
AT35->AT34->AT29->AT19->AT18 : 2 25962.7 4402.67 1 0.01
AT9->AT21->AT17->AT23->AT24 : 2 20820 12842 1 0.01
AT20->AT38->AT6->AT13->AT10 : 1 107008 6037.33 1 0.01
AT20->AT38->AT6->AT13->AT30 : 1 95146.7 6037.33 1 0.01
AT20->AT6->AT32->AT17->AT27 : 1 93696 5589.34 1 0.01
AT20->AT6->AT34->AT29->AT25 : 1 86641.8 6826.67 1 0.01
AT35->AT38->AT6->AT13->AT10 : 1 86528.1 4757.33 1 0.01
AT6->AT13->AT30->AT25->AT19 : 1 81607.2 2236.45 1 0.01
AT28->AT13->AT30->AT25->AT22 : 1 81237.3 2133.33 1 0.01
AT38->AT6->AT13->AT30->AT25 : 1 78990.3 4789.33 1 0.01
AT22->AT18->AT13->AT30->AT25 : 1 78791.2 4416 1 0.01
AT18->AT13->AT30->AT25->AT22 : 1 77653.4 4003.56 1 0.01
AT23->AT10->AT9->AT6->AT13 : 1 77405.4 5132.67 1 0.01
AT6->AT32->AT17->AT27->AT24 : 1 76800 7573.34 1 0.01
AT28->AT30->AT25->AT19->AT14 : 1 76458.6 2958.22 1 0.01
AT6->AT13->AT10->AT9->AT21 : 1 76064.1 5877.33 1 0.01
AT38->AT6->AT13->AT10->AT9 : 1 75797.4 6613.33 1 0.01
AT38->AT6->AT32->AT17->AT20 : 1 75520 6912.01 1 0.01
AT38->AT6->AT32->AT17->AT27 : 1 75520 7445.34 1 0.01
AT27->AT24->AT12->AT30->AT25 : 1 74552.9 6240 1 0.01
AT28->AT10->AT24->AT33->AT28 : 1 74410.6 4608 1 0.01
AT20->AT38->AT6->AT32->AT17 : 1 74154.7 7893.34 1 0.01
AT28->AT13->AT30->AT25->AT17 : 1 74069.3 2133.33 1 0.01
AT20->AT6->AT34->AT29->AT19 : 1 70485.4 5632 1 0.01
AT22->AT18->AT13->AT35->AT32 : 1 68778.7 5760 1 0.01
AT26->AT18->AT13->AT30->AT25 : 1 68062.8 3944.89 1 0.01
AT13->AT35->AT32->AT17->AT27 : 1 67754.7 5248.01 1 0.01
AT21->AT22->AT18->AT13->AT35 : 1 67584 5802.67 1 0.01
AT28->AT30->AT25->AT22->AT18 : 1 66446.2 2958.22 1 0.01
AT25->AT26->AT18->AT13->AT30 : 1 65976.8 3296 1 0.01
AT30->AT25->AT26->AT18->AT13 : 1 65194.6 3569.78 1 0.01
AT20->AT6->AT32->AT17->AT21 : 1 64938.7 5120 1 0.01
AT14->AT13->AT30->AT25->AT22 : 1 63146.7 1720.89 1 0.01
AT32->AT17->AT27->AT24->AT12 : 1 62976 11477.3 1 0.01
AT25->AT22->AT18->AT18->AT25 : 1 62577.8 5034.67 1 0.01
AT17->AT27->AT24->AT12->AT30 : 1 61013.3 7744 1 0.01
AT21->AT22->AT18->AT13->AT30 : 1 60586.7 3882.67 1 0.01
AT22->AT45->AT13->AT30->AT25 : 1 60444.5 2421.33 1 0.01
AT38->AT35->AT32->AT17->AT20 : 1 60416 8192 1 0.01
AT35->AT13->AT30->AT25->AT26 : 1 60074.7 2545.78 1 0.01
AT25->AT22->AT18->AT25->AT22 : 1 60074.7 3394.37 1 0.01
AT35->AT13->AT30->AT25->AT19 : 1 59818.7 2442.67 1 0.01
AT31->AT35->AT13->AT30->AT25 : 1 59278.3 4736 1 0.01
AT13->AT30->AT25->AT17->AT10 : 1 57685.3 2133.33 1 0.01
AT13->AT30->AT25->AT17->AT27 : 1 57685.3 2389.33 1 0.01
AT23->AT23->AT10->AT9->AT6 : 1 57656.1 5443.33 1 0.01
AT38->AT35->AT13->AT30->AT25 : 1 56832 4469.33 1 0.01
AT25->AT19->AT18->AT25->AT26 : 1 56775.1 4105.48 1 0.01
AT6->AT34->AT29->AT25->AT26 : 1 56490.7 5432.89 1 0.01
AT25->AT22->AT18->AT30->AT25 : 1 56168.3 4830.82 1 0.01
AT17->AT23->AT10->AT9->AT6 : 1 55608.1 5284.67 1 0.01
AT35->AT38->AT6->AT32->AT17 : 1 53674.7 6613.34 1 0.01
AT25->AT22->AT18->AT29->AT25 : 1 52944.6 3982.22 1 0.01
AT22->AT18->AT25->AT22->AT45 : 1 51882.7 3735.7 1 0.01
AT25->AT26->AT18->AT18->AT25 : 1 51844.7 4764.44 1 0.01
AT45->AT13->AT30->AT25->AT26 : 1 51541.3 1902.22 1 0.01
AT31->AT35->AT32->AT17->AT20 : 1 50858.7 6485.32 1 0.01
AT18->AT18->AT31->AT35->AT13 : 1 50517.4 7509.34 1 0.01
AT22->AT18->AT25->AT26->AT18 : 1 50517.3 5290.67 1 0.01
AT23->AT15->AT30->AT25->AT22 : 1 50517.3 3128.89 1 0.01
AT25->AT19->AT18->AT29->AT13 : 1 50503.2 3745.78 1 0.01
AT27->AT9->AT18->AT25->AT26 : 1 49834.6 5233.78 1 0.01
AT29->AT13->AT30->AT25->AT19 : 1 49194.7 2839.11 1 0.01
AT23->AT35->AT32->AT17->AT20 : 1 49152 5632 1 0.01
AT15->AT12->AT30->AT25->AT22 : 1 48981.3 2296.89 1 0.01
AT36->AT13->AT35->AT32->AT17 : 1 48640.1 4522.67 1 0.01
AT18->AT29->AT13->AT30->AT25 : 1 48483.6 3610.67 1 0.01
AT18->AT18->AT13->AT30->AT25 : 1 47473.7 4384 1 0.01
AT18->AT31->AT35->AT13->AT30 : 1 47445.4 5888 1 0.01
AT18->AT25->AT22->AT18->AT18 : 1 47104 5290.67 1 0.01
AT18->AT30->AT25->AT22->AT45 : 1 46155.8 4736 1 0.01
AT22->AT18->AT30->AT25->AT22 : 1 45852.4 4792.89 1 0.01
AT18->AT25->AT22->AT18->AT29 : 1 45738.7 5290.67 1 0.01
AT25->AT22->AT18->AT29->AT18 : 1 45738.7 4522.67 1 0.01
AT23->AT24->AT33->AT28->AT13 : 1 45738.6 4437.33 1 0.01
AT21->AT22->AT45->AT13->AT30 : 1 45653.4 2368 1 0.01
AT38->AT6->AT32->AT17->AT23 : 1 45568 6912.01 1 0.01
AT23->AT23->AT15->AT30->AT25 : 1 45511.1 3584 1 0.01
AT18->AT13->AT30->AT25->AT26 : 1 45397.3 3352.89 1 0.01
AT32->AT17->AT23->AT23->AT20 : 1 45056 5120 1 0.01
AT30->AT25->AT19->AT14->AT11 : 1 44828.4 2730.67 1 0.01
AT36->AT13->AT31->AT35->AT32 : 1 44800.1 2602.67 1 0.01
AT25->AT19->AT14->AT11->AT26 : 1 44373.2 2275.55 1 0.01
AT28->AT30->AT35->AT32->AT17 : 1 44032 3583.99 1 0.01
AT18->AT25->AT22->AT45->AT32 : 1 44032 3195.26 1 0.01
AT32->AT17->AT27->AT24->AT33 : 1 43733.4 7744 1 0.01
AT10->AT24->AT33->AT28->AT30 : 1 43690.6 4437.33 1 0.01
AT30->AT25->AT22->AT45->AT32 : 1 43614.7 3626.67 1 0.01
AT15->AT30->AT25->AT26->AT18 : 1 43235.5 2958.22 1 0.01
AT10->AT24->AT33->AT28->AT34 : 1 42325.3 4437.33 1 0.01
AT22->AT18->AT18->AT13->AT30 : 1 42240 4672 1 0.01
AT13->AT10->AT9->AT21->AT17 : 1 41978.7 6224 1 0.01
AT21->AT22->AT18->AT18->AT13 : 1 41642.7 5034.67 1 0.01
AT18->AT25->AT22->AT18->AT30 : 1 41604.8 4304.59 1 0.01
AT10->AT9->AT21->AT17->AT27 : 1 41381.3 6921.33 1 0.01
AT27->AT24->AT33->AT33->AT28 : 1 41301.3 3072 1 0.01
AT33->AT37->AT23->AT23->AT20 : 1 41002.7 2976 1 0.01
AT13->AT35->AT32->AT17->AT23 : 1 40832 4778.67 1 0.01
AT25->AT22->AT18->AT29->AT22 : 1 40504.8 3185.77 1 0.01
AT30->AT25->AT19->AT18->AT31 : 1 39978.7 5262.22 1 0.01
AT18->AT30->AT25->AT22->AT18 : 1 39784.2 4736 1 0.01
AT22->AT18->AT29->AT25->AT19 : 1 39443 4001.18 1 0.01
AT25->AT26->AT18->AT29->AT30 : 1 39253.4 4792.89 1 0.01
AT26->AT18->AT29->AT30->AT25 : 1 39253.4 5845.33 1 0.01
AT18->AT29->AT30->AT25->AT26 : 1 39253.4 5475.56 1 0.01
AT29->AT30->AT25->AT26->AT18 : 1 39253.4 4963.56 1 0.01
AT13->AT35->AT32->AT17->AT21 : 1 38997.4 4778.67 1 0.01
AT30->AT35->AT32->AT17->AT27 : 1 38570.7 4351.99 1 0.01
AT30->AT25->AT17->AT10->AT24 : 1 38570.7 4864 1 0.01
AT18->AT25->AT22->AT18->AT31 : 1 38449.7 4551.11 1 0.01
AT22->AT18->AT18->AT18->AT18 : 1 38229.3 7680 1 0.01
AT33->AT28->AT30->AT25->AT22 : 1 38144 1685.33 1 0.01
AT22->AT18->AT16->AT21->AT26 : 1 37888 6485.33 1 0.01
AT12->AT30->AT25->AT17->AT20 : 1 37361.7 2005.33 1 0.01
AT25->AT17->AT10->AT24->AT33 : 1 37205.3 4437.33 1 0.01
AT19->AT18->AT25->AT26->AT18 : 1 37015.7 4318.81 1 0.01
AT12->AT30->AT25->AT22->AT18 : 1 36238.2 2638.22 1 0.01
AT25->AT26->AT18->AT29->AT24 : 1 36039.1 4792.89 1 0.01
AT19->AT18->AT29->AT13->AT30 : 1 36024.9 3589.33 1 0.01
AT24->AT36->AT32->AT17->AT20 : 1 35584 2560 1 0.01
AT24->AT36->AT32->AT17->AT27 : 1 35584 2965.34 1 0.01
AT25->AT22->AT18->AT29->AT31 : 1 35356.4 3982.22 1 0.01
AT13->AT31->AT35->AT32->AT17 : 1 35114.7 3114.67 1 0.01
AT38->AT35->AT32->AT17->AT15 : 1 34816 6912 1 0.01
AT6->AT32->AT17->AT21->AT26 : 1 34730.7 3712 1 0.01
AT29->AT25->AT26->AT18->AT24 : 1 34631.1 5112.89 1 0.01
AT18->AT29->AT25->AT19->AT18 : 1 34057.5 4029.63 1 0.01
AT18->AT25->AT26->AT18->AT29 : 1 33792 4551.11 1 0.01
AT16->AT21->AT26->AT18->AT25 : 1 33678.2 4266.67 1 0.01
AT34->AT29->AT25->AT26->AT18 : 1 33678.2 5987.55 1 0.01
AT22->AT18->AT29->AT18->AT24 : 1 33450.7 7168 1 0.01
AT30->AT25->AT19->AT18->AT16 : 1 33223.2 3388.45 1 0.01
AT25->AT26->AT18->AT29->AT18 : 1 32995.6 4252.44 1 0.01
AT25->AT26->AT18->AT29->AT19 : 1 32995.6 3427.56 1 0.01
AT25->AT26->AT18->AT16->AT21 : 1 32881.7 4152.88 1 0.01
AT17->AT21->AT17->AT23->AT20 : 1 32426.6 2976 1 0.01
AT25->AT26->AT18->AT18->AT31 : 1 32376.9 4764.44 1 0.01
AT27->AT24->AT36->AT32->AT17 : 1 31488 3797.34 1 0.01
AT26->AT9->AT18->AT25->AT26 : 1 31402.7 4465.78 1 0.01
AT17->AT23->AT24->AT33->AT28 : 1 31402.6 5120 1 0.01
AT27->AT24->AT12->AT30->AT35 : 1 31061.3 3413.33 1 0.01
AT17->AT27->AT24->AT33->AT12 : 1 31018.7 4010.67 1 0.01
AT33->AT28->AT30->AT25->AT19 : 1 30833.9 1479.11 1 0.01
AT21->AT26->AT18->AT25->AT26 : 1 30720 3868.44 1 0.01
AT21->AT26->AT9->AT18->AT25 : 1 30606.2 4693.33 1 0.01
AT10->AT24->AT12->AT10->AT24 : 1 30431.9 5024 1 0.01
AT22->AT18->AT29->AT26->AT14 : 1 30264.9 3214.22 1 0.01
AT16->AT21->AT22->AT18->AT16 : 1 30037.4 4266.67 1 0.01
AT12->AT10->AT24->AT12->AT10 : 1 29909.3 2917.33 1 0.01
AT27->AT9->AT21->AT26->AT38 : 1 29482.6 6656 1 0.01
AT30->AT25->AT19->AT18->AT29 : 1 29425.8 3388.45 1 0.01
AT12->AT30->AT25->AT17->AT15 : 1 29283.6 2005.33 1 0.01
AT16->AT21->AT17->AT27->AT24 : 1 29013.4 4394.67 1 0.01
AT25->AT19->AT18->AT24->AT33 : 1 28387.5 2986.66 1 0.01
AT22->AT18->AT24->AT12->AT30 : 1 27648 4096 1 0.01
AT19->AT18->AT29->AT16->AT21 : 1 27477.3 6656 1 0.01
AT30->AT25->AT17->AT15->AT33 : 1 27399.1 1959.11 1 0.01
AT30->AT25->AT17->AT15->AT31 : 1 27317.3 1959.11 1 0.01
AT18->AT18->AT18->AT18->AT30 : 1 27306.7 8192 1 0.01
AT29->AT26->AT18->AT25->AT26 : 1 27306.6 2446.22 1 0.01
AT12->AT30->AT25->AT26->AT38 : 1 27214.2 2688.89 1 0.01
AT23->AT24->AT12->AT30->AT25 : 1 27022.2 4416 1 0.01
AT33->AT12->AT30->AT25->AT22 : 1 26567.1 1498.07 1 0.01
AT32->AT17->AT21->AT17->AT27 : 1 25898.6 4213.34 1 0.01
AT16->AT21->AT22->AT18->AT18 : 1 25557.4 4266.67 1 0.01
AT22->AT18->AT29->AT18->AT31 : 1 25258.7 5888 1 0.01
AT18->AT29->AT18->AT31->AT35 : 1 25258.7 7594.67 1 0.01
AT22->AT18->AT18->AT29->AT18 : 1 25173.4 5160 1 0.01
AT22->AT18->AT18->AT29->AT19 : 1 25173.4 4354.67 1 0.01
AT26->AT18->AT29->AT30->AT35 : 1 25144.9 6442.66 1 0.01
AT23->AT23->AT37->AT21->AT22 : 1 24576 3754.67 1 0.01
AT23->AT37->AT21->AT22->AT18 : 1 24576 3754.67 1 0.01
AT33->AT28->AT32->AT17->AT15 : 1 24234.7 1877.33 1 0.01
AT16->AT21->AT17->AT23->AT15 : 1 24234.7 3114.67 1 0.01
AT23->AT23->AT10->AT9->AT21 : 1 23960 6611.33 1 0.01
AT21->AT17->AT23->AT23->AT10 : 1 23816 3259.33 1 0.01
AT17->AT23->AT23->AT10->AT9 : 1 23570.7 4982 1 0.01
AT21->AT22->AT18->AT18->AT29 : 1 23317.4 4634.67 1 0.01
AT36->AT32->AT17->AT15->AT12 : 1 23210.7 2709.34 1 0.01
AT19->AT18->AT29->AT26->AT18 : 1 23210.7 4864 1 0.01
AT30->AT25->AT26->AT18->AT24 : 1 23168 2965.33 1 0.01
AT18->AT18->AT31->AT35->AT32 : 1 23004.4 6488.89 1 0.01
AT18->AT16->AT21->AT26->AT38 : 1 22954.7 6656 1 0.01
AT19->AT18->AT24->AT33->AT28 : 1 22926.2 2816 1 0.01
AT36->AT32->AT17->AT15->AT30 : 1 22869.4 2709.34 1 0.01
AT16->AT21->AT26->AT18->AT24 : 1 22698.7 5973.33 1 0.01
AT24->AT36->AT32->AT17->AT15 : 1 22613.4 2560 1 0.01
AT18->AT29->AT16->AT21->AT26 : 1 22357.3 5888 1 0.01
AT9->AT21->AT17->AT23->AT10 : 1 21912 4730 1 0.01
AT21->AT17->AT23->AT10->AT9 : 1 21912 5018 1 0.01
AT17->AT23->AT10->AT9->AT21 : 1 21912 6452.67 1 0.01
AT23->AT10->AT9->AT21->AT17 : 1 21912 6647.33 1 0.01
AT18->AT29->AT18->AT24->AT36 : 1 21845.3 5888 1 0.01
AT35->AT32->AT17->AT21->AT19 : 1 21418.7 4821.33 1 0.01
AT33->AT37->AT21->AT22->AT18 : 1 21162.7 3413.33 1 0.01
AT24->AT33->AT33->AT28->AT30 : 1 21162.7 1280 1 0.01
AT16->AT21->AT26->AT18->AT18 : 1 20935.1 4835.55 1 0.01
AT18->AT24->AT33->AT28->AT32 : 1 20736 2389.33 1 0.01
AT24->AT33->AT12->AT30->AT25 : 1 20574.8 1223.11 1 0.01
AT23->AT35->AT32->AT17->AT23 : 1 20480 5632 1 0.01
AT35->AT32->AT17->AT23->AT23 : 1 20480 4608 1 0.01
AT24->AT33->AT37->AT21->AT22 : 1 19797.4 2730.67 1 0.01
AT29->AT19->AT18->AT18->AT24 : 1 19612.5 4586.66 1 0.01
AT24->AT12->AT30->AT35->AT13 : 1 19285.3 1344 1 0.01
AT29->AT22->AT18->AT29->AT16 : 1 19114.7 2901.33 1 0.01
AT17->AT21->AT19->AT18->AT30 : 1 18901.3 4522.66 1 0.01
AT24->AT12->AT10->AT24->AT12 : 1 18901.3 2826.67 1 0.01
AT34->AT29->AT19->AT18->AT18 : 1 18659.6 5461.33 1 0.01
AT12->AT30->AT35->AT13->AT31 : 1 18272 1354.67 1 0.01
AT38->AT35->AT32->AT17->AT21 : 1 17877.3 6912 1 0.01
AT22->AT18->AT24->AT33->AT12 : 1 17792 2801.78 1 0.01
AT23->AT23->AT23->AT37->AT21 : 1 17749.3 4096 1 0.01
AT35->AT32->AT17->AT23->AT21 : 1 17749.3 4608 1 0.01
AT16->AT21->AT17->AT23->AT35 : 1 17749.3 3925.33 1 0.01
AT26->AT18->AT16->AT21->AT26 : 1 17635.6 4323.55 1 0.01
AT18->AT18->AT29->AT19->AT18 : 1 17472 3934.67 1 0.01
AT9->AT21->AT26->AT38->AT35 : 1 16853.3 6912 1 0.01
AT31->AT35->AT32->AT17->AT21 : 1 16810.7 6485.32 1 0.01
AT24->AT33->AT28->AT34->AT29 : 1 15701.4 1706.67 1 0.01
AT33->AT28->AT34->AT29->AT24 : 1 15701.4 2560 1 0.01
AT28->AT34->AT29->AT24->AT33 : 1 15701.4 2389.33 1 0.01
AT34->AT29->AT24->AT33->AT28 : 1 15701.4 2560 1 0.01
AT29->AT24->AT33->AT28->AT34 : 1 15701.4 1706.67 1 0.01
AT21->AT26->AT18->AT18->AT24 : 1 15559.1 5304.89 1 0.01
AT17->AT21->AT19->AT18->AT24 : 1 15488 4522.66 1 0.01
AT18->AT18->AT29->AT18->AT31 : 1 15476 5344 1 0.01
AT18->AT29->AT19->AT18->AT24 : 1 15274.7 3719.11 1 0.01
AT22->AT18->AT24->AT33->AT33 : 1 15132.4 2616.88 1 0.01
AT17->AT23->AT23->AT23->AT24 : 1 15018.7 5312 1 0.01
AT16->AT35->AT34->AT29->AT18 : 1 14976 3085.33 1 0.01
AT16->AT35->AT34->AT29->AT19 : 1 14976 2280 1 0.01
AT18->AT24->AT12->AT30->AT35 : 1 14677.3 3413.33 1 0.01
AT18->AT29->AT19->AT18->AT31 : 1 14601.3 3606.67 1 0.01
AT19->AT18->AT29->AT18->AT31 : 1 14601.3 4412 1 0.01
AT26->AT18->AT29->AT18->AT24 : 1 14478.2 4864 1 0.01
AT29->AT16->AT35->AT35->AT32 : 1 14336 2560 1 0.01
AT18->AT29->AT18->AT24->AT12 : 1 13752.9 4113.77 1 0.01
AT16->AT21->AT17->AT23->AT24 : 1 13568 4736 1 0.01
AT29->AT19->AT18->AT24->AT12 : 1 13184 2456.88 1 0.01
AT16->AT35->AT34->AT29->AT24 : 1 13141.3 2901.33 1 0.01
AT23->AT24->AT33->AT37->AT21 : 1 12970.7 5120 1 0.01
AT35->AT32->AT17->AT21->AT17 : 1 12928 3712 1 0.01
AT18->AT24->AT33->AT37->AT23 : 1 12629.3 2901.33 1 0.01
AT24->AT33->AT37->AT23->AT23 : 1 12330.7 2240 1 0.01
AT32->AT17->AT23->AT21->AT26 : 1 12288 4778.67 1 0.01
AT21->AT17->AT23->AT23->AT24 : 1 12076 4831.33 1 0.01
AT26->AT18->AT24->AT33->AT37 : 1 11861.3 3200 1 0.01
AT21->AT26->AT18->AT24->AT12 : 1 11776 3456 1 0.01
AT32->AT17->AT23->AT24->AT33 : 1 11605.3 6485.33 1 0.01
AT29->AT18->AT24->AT12->AT30 : 1 11456 2885.33 1 0.01
AT19->AT18->AT24->AT12->AT30 : 1 11456 2266.66 1 0.01
AT9->AT21->AT17->AT23->AT23 : 1 11378.7 4809.33 1 0.01
AT32->AT17->AT21->AT26->AT18 : 1 11349.3 4245.34 1 0.01
AT31->AT35->AT32->AT17->AT23 : 1 10922.7 3306.67 1 0.01
AT16->AT21->AT17->AT21->AT26 : 1 10837.3 2773.33 1 0.01
AT35->AT34->AT29->AT18->AT31 : 1 10740 3610.67 1 0.01
AT21->AT26->AT18->AT24->AT33 : 1 10325.3 3456 1 0.01
AT26->AT18->AT24->AT33->AT12 : 1 9728 2616.88 1 0.01
AT26->AT18->AT24->AT33->AT33 : 1 9386.67 2986.67 1 0.01
AT32->AT17->AT21->AT17->AT23 : 1 9216 3904 1 0.01
AT18->AT24->AT33->AT12->AT30 : 1 9045.33 1991.11 1 0.01
AT37->AT23->AT24->AT33->AT33 : 1 8960 3776 1 0.01
AT34->AT29->AT24->AT33->AT33 : 1 5120 2389.33 1 0.01
AT29->AT24->AT33->AT33->AT33 : 1 5120 1536 1 0.01
AT20->AT38->AT35->AT32->AT17->AT23 : 3 171520 30720 2 0.02
AT26->AT18->AT24->AT12->AT30->AT25 : 3 84666 11739.8 3 0.03
AT20->AT38->AT35->AT32->AT17->AT27 : 2 186368 21760 2 0.02
AT6->AT13->AT30->AT25->AT19->AT18 : 2 170098 6030.22 1 0.01
AT20->AT6->AT34->AT29->AT19->AT18 : 2 148480 13056 1 0.01
AT28->AT30->AT25->AT26->AT18->AT16 : 2 133803 8647.1 2 0.02
AT14->AT13->AT30->AT25->AT22->AT18 : 2 132892 4892.44 1 0.01
AT21->AT22->AT18->AT25->AT26->AT6 : 2 117874 9614.22 1 0.01
AT26->AT18->AT25->AT26->AT18->AT25 : 2 109429 11984.6 2 0.02
AT18->AT25->AT26->AT18->AT25->AT26 : 2 108013 10834.2 2 0.02
AT29->AT13->AT30->AT25->AT19->AT18 : 2 105273 7235.55 1 0.01
AT15->AT30->AT25->AT22->AT18->AT24 : 2 103310 8647.1 2 0.02
AT25->AT26->AT18->AT25->AT26->AT18 : 2 101287 8776.69 1 0.01
AT13->AT10->AT9->AT21->AT17->AT23 : 2 90562.8 13861.3 1 0.01
AT25->AT22->AT45->AT32->AT17->AT21 : 2 84593.7 7717.93 1 0.01
AT22->AT45->AT32->AT17->AT23->AT24 : 2 78847.9 14848 1 0.01
AT22->AT45->AT32->AT17->AT23->AT21 : 2 77311.9 11093.3 1 0.01
AT25->AT26->AT18->AT24->AT33->AT28 : 2 72807.1 6334.22 2 0.02
AT25->AT26->AT18->AT29->AT19->AT18 : 2 72305.8 8092.45 1 0.01
AT18->AT24->AT33->AT28->AT30->AT25 : 2 71158.5 5681.77 2 0.02
AT30->AT25->AT22->AT18->AT24->AT33 : 2 70826.6 7829.33 1 0.01
AT21->AT22->AT18->AT24->AT33->AT28 : 2 64341.3 7765.33 2 0.02
AT25->AT26->AT18->AT24->AT12->AT30 : 2 60101.4 6613.72 2 0.02
AT18->AT24->AT12->AT30->AT25->AT26 : 2 59356.5 6546.66 2 0.02
AT24->AT12->AT30->AT25->AT26->AT18 : 2 56000.1 4697.78 2 0.02
AT35->AT32->AT17->AT21->AT19->AT18 : 2 51370.7 11818.7 1 0.01
AT10->AT9->AT21->AT17->AT23->AT24 : 2 48809.4 18090 1 0.01
AT16->AT35->AT34->AT29->AT19->AT18 : 2 36885.3 5768 1 0.01
AT20->AT38->AT6->AT13->AT30->AT25 : 1 111758 6837.33 1 0.01
AT20->AT38->AT6->AT13->AT10->AT9 : 1 108565 8661.33 1 0.01
AT20->AT38->AT6->AT32->AT17->AT20 : 1 108288 8960.01 1 0.01
AT20->AT38->AT6->AT32->AT17->AT27 : 1 108288 9493.34 1 0.01
AT33->AT28->AT30->AT25->AT26->AT18 : 1 103310 6712.89 1 0.01
AT20->AT38->AT35->AT32->AT17->AT20 : 1 93184 10240 1 0.01
AT13->AT30->AT25->AT26->AT18->AT13 : 1 92501.3 3996.45 1 0.01
AT28->AT13->AT30->AT25->AT17->AT10 : 1 90453.3 2645.33 1 0.01
AT28->AT13->AT30->AT25->AT17->AT27 : 1 90453.3 2901.33 1 0.01
AT20->AT6->AT34->AT29->AT25->AT26 : 1 89258.7 7480.89 1 0.01
AT22->AT18->AT13->AT30->AT25->AT22 : 1 88576.1 5027.56 1 0.01
AT35->AT38->AT6->AT13->AT10->AT9 : 1 88085.4 7381.33 1 0.01
AT35->AT38->AT6->AT32->AT17->AT20 : 1 87808 7680.01 1 0.01
AT35->AT38->AT6->AT32->AT17->AT27 : 1 87808 8213.34 1 0.01
AT25->AT26->AT18->AT13->AT30->AT25 : 1 85356.9 4485.33 1 0.01
AT38->AT6->AT13->AT30->AT25->AT19 : 1 83143.2 5308.44 1 0.01
AT23->AT23->AT10->AT9->AT6->AT13 : 1 80866.8 5998 1 0.01
AT21->AT22->AT18->AT13->AT30->AT25 : 1 80156.5 5098.67 1 0.01
AT17->AT23->AT10->AT9->AT6->AT13 : 1 78818.8 5839.33 1 0.01
AT36->AT13->AT35->AT32->AT17->AT27 : 1 78677.4 5930.67 1 0.01
AT20->AT38->AT6->AT32->AT17->AT23 : 1 78336 8960.01 1 0.01
AT38->AT6->AT32->AT17->AT27->AT24 : 1 78336 10645.3 1 0.01
AT17->AT27->AT24->AT12->AT30->AT25 : 1 77624.9 8544 1 0.01
AT38->AT6->AT13->AT10->AT9->AT21 : 1 77600.1 8949.33 1 0.01
AT28->AT30->AT25->AT19->AT14->AT11 : 1 77596.4 3242.67 1 0.01
AT6->AT13->AT10->AT9->AT21->AT17 : 1 77477.4 6778.67 1 0.01
AT28->AT10->AT24->AT33->AT28->AT30 : 1 76458.6 4949.33 1 0.01
AT27->AT24->AT12->AT30->AT25->AT17 : 1 75584 6759.11 1 0.01
AT28->AT10->AT24->AT33->AT28->AT34 : 1 75093.3 4949.33 1 0.01
AT28->AT30->AT35->AT32->AT17->AT27 : 1 71338.7 4863.99 1 0.01
AT21->AT22->AT18->AT13->AT35->AT32 : 1 70144 6442.67 1 0.01
AT25->AT22->AT18->AT25->AT22->AT45 : 1 70087.1 4304.59 1 0.01
AT30->AT25->AT26->AT18->AT13->AT30 : 1 68366.2 4192 1 0.01
AT18->AT25->AT22->AT18->AT18->AT25 : 1 68039.1 7082.67 1 0.01
AT28->AT30->AT25->AT22->AT18->AT24 : 1 68039.1 4323.55 1 0.01
AT20->AT6->AT32->AT17->AT21->AT26 : 1 67498.7 5760 1 0.01
AT13->AT35->AT32->AT17->AT23->AT20 : 1 65749.3 5557.34 1 0.01
AT25->AT22->AT18->AT30->AT25->AT22 : 1 65270.5 5399.71 1 0.01
AT30->AT25->AT22->AT18->AT25->AT22 : 1 65118.8 5285.93 1 0.01
AT32->AT17->AT27->AT24->AT12->AT30 : 1 65109.3 11840 1 0.01
AT18->AT31->AT35->AT13->AT30->AT25 : 1 64739.6 6784 1 0.01
AT13->AT10->AT9->AT21->AT17->AT27 : 1 64592 7284 1 0.01
AT25->AT22->AT18->AT25->AT22->AT18 : 1 63867.2 4304.59 1 0.01
AT35->AT13->AT30->AT25->AT26->AT18 : 1 63601.8 3356.45 1 0.01
AT13->AT30->AT25->AT22->AT18->AT25 : 1 63563.9 3342.22 1 0.01
AT28->AT30->AT25->AT19->AT18->AT24 : 1 63488 4323.55 1 0.01
AT35->AT13->AT30->AT25->AT19->AT18 : 1 63317.3 3242.67 1 0.01
AT22->AT45->AT13->AT30->AT25->AT26 : 1 62464 2926.22 1 0.01
AT22->AT18->AT25->AT22->AT18->AT29 : 1 62122.7 6826.67 1 0.01
AT21->AT22->AT45->AT13->AT30->AT25 : 1 61809.8 3104 1 0.01
AT30->AT25->AT19->AT18->AT25->AT26 : 1 61553.8 5897.48 1 0.01
AT31->AT35->AT13->AT30->AT25->AT26 : 1 61440 5276.45 1 0.01
AT38->AT35->AT13->AT30->AT25->AT19 : 1 61098.7 5002.67 1 0.01
AT6->AT34->AT29->AT25->AT26->AT18 : 1 60984.9 6414.22 1 0.01
AT25->AT19->AT18->AT25->AT26->AT18 : 1 60681.5 5058.36 1 0.01
AT13->AT30->AT25->AT17->AT10->AT24 : 1 60416 5205.33 1 0.01
AT10->AT24->AT33->AT28->AT30->AT25 : 1 60074.6 5205.33 1 0.01
AT18->AT25->AT22->AT18->AT30->AT25 : 1 59809.2 6196.15 1 0.01
AT18->AT30->AT25->AT22->AT18->AT25 : 1 59202.3 6101.33 1 0.01
AT17->AT23->AT23->AT10->AT9->AT6 : 1 59069.4 6150 1 0.01
AT22->AT18->AT18->AT13->AT30->AT25 : 1 58396.4 5408 1 0.01
AT35->AT38->AT6->AT32->AT17->AT23 : 1 57856 7680.01 1 0.01
AT25->AT22->AT18->AT29->AT25->AT19 : 1 57647.4 4570.07 1 0.01
AT27->AT24->AT36->AT32->AT17->AT20 : 1 57429.3 4608 1 0.01
AT27->AT24->AT36->AT32->AT17->AT27 : 1 57429.3 5013.34 1 0.01
AT21->AT17->AT23->AT10->AT9->AT6 : 1 57410.7 6186 1 0.01
AT13->AT30->AT25->AT19->AT18->AT16 : 1 56433.9 3751.11 1 0.01
AT18->AT25->AT26->AT18->AT18->AT25 : 1 55940.7 6300.44 1 0.01
AT22->AT18->AT30->AT25->AT22->AT45 : 1 55864.8 5646.22 1 0.01
AT19->AT18->AT25->AT22->AT18->AT18 : 1 55296 6826.67 1 0.01
AT45->AT13->AT30->AT25->AT26->AT18 : 1 54926.2 2659.56 1 0.01
AT13->AT31->AT35->AT32->AT17->AT27 : 1 54912 4042.67 1 0.01
AT13->AT30->AT25->AT19->AT18->AT24 : 1 54634.7 3914.67 1 0.01
AT26->AT18->AT18->AT31->AT35->AT13 : 1 54613.4 9045.34 1 0.01
AT23->AT23->AT15->AT30->AT25->AT22 : 1 54613.3 4152.89 1 0.01
AT23->AT15->AT30->AT25->AT22->AT18 : 1 54158.2 3982.22 1 0.01
AT31->AT35->AT32->AT17->AT27->AT24 : 1 53760 10368 1 0.01
AT35->AT32->AT17->AT27->AT24->AT33 : 1 53290.7 8341.33 1 0.01
AT23->AT35->AT32->AT17->AT23->AT20 : 1 53248 6656 1 0.01
AT35->AT32->AT17->AT23->AT23->AT20 : 1 53248 5632 1 0.01
AT22->AT18->AT25->AT22->AT45->AT32 : 1 53134.2 4048.59 1 0.01
AT18->AT18->AT31->AT35->AT13->AT30 : 1 52906.7 7936 1 0.01
AT30->AT25->AT19->AT18->AT29->AT13 : 1 52636.5 4545.78 1 0.01
AT25->AT19->AT18->AT29->AT13->AT30 : 1 52636.5 4108.45 1 0.01
AT13->AT30->AT25->AT19->AT18->AT29 : 1 52636.5 3751.11 1 0.01
AT19->AT18->AT29->AT13->AT30->AT25 : 1 52636.5 4389.33 1 0.01
AT18->AT29->AT13->AT30->AT25->AT19 : 1 52636.5 4129.78 1 0.01
AT15->AT12->AT30->AT25->AT22->AT18 : 1 52622.2 3150.22 1 0.01
AT28->AT30->AT25->AT19->AT18->AT25 : 1 52489.6 3015.12 1 0.01
AT19->AT18->AT25->AT22->AT18->AT24 : 1 52224 6826.67 1 0.01
AT23->AT35->AT32->AT17->AT27->AT24 : 1 51882.7 9216 1 0.01
AT36->AT13->AT35->AT32->AT17->AT23 : 1 51754.7 5461.34 1 0.01
AT18->AT25->AT22->AT18->AT29->AT18 : 1 51200 6570.67 1 0.01
AT22->AT18->AT25->AT22->AT18->AT30 : 1 50707 5157.92 1 0.01
AT36->AT13->AT35->AT32->AT17->AT21 : 1 49920.1 5461.34 1 0.01
AT18->AT18->AT13->AT30->AT25->AT26 : 1 49493.3 4888.89 1 0.01
AT22->AT18->AT30->AT25->AT22->AT18 : 1 49493.3 5646.22 1 0.01
AT25->AT22->AT18->AT24->AT33->AT28 : 1 49166.2 3633.78 1 0.01
AT25->AT26->AT18->AT29->AT30->AT35 : 1 48810.7 7182.22 1 0.01
AT18->AT13->AT30->AT25->AT26->AT18 : 1 48782.2 4110.22 1 0.01
AT25->AT22->AT18->AT29->AT26->AT14 : 1 48469.3 3783.11 1 0.01
AT18->AT25->AT22->AT18->AT29->AT26 : 1 47445.3 5717.33 1 0.01
AT18->AT30->AT25->AT22->AT45->AT32 : 1 47407.3 5048.89 1 0.01
AT25->AT22->AT18->AT29->AT18->AT31 : 1 47104 6570.67 1 0.01
AT30->AT25->AT19->AT14->AT11->AT26 : 1 47103.9 3299.56 1 0.01
AT17->AT27->AT24->AT33->AT28->AT31 : 1 47082.6 4565.33 1 0.01
AT13->AT30->AT25->AT22->AT18->AT24 : 1 46108.5 3342.22 1 0.01
AT36->AT13->AT31->AT35->AT32->AT17 : 1 46037.4 3797.34 1 0.01
AT6->AT34->AT29->AT19->AT18->AT18 : 1 45966.3 5888 1 0.01
AT18->AT25->AT22->AT45->AT32->AT17 : 1 45681.8 4446.82 1 0.01
AT30->AT25->AT22->AT45->AT32->AT17 : 1 45264.5 4878.23 1 0.01
AT23->AT10->AT9->AT21->AT17->AT27 : 1 44525.3 7707.33 1 0.01
AT27->AT24->AT36->AT32->AT17->AT15 : 1 44458.7 4608 1 0.01
AT22->AT18->AT18->AT18->AT18->AT30 : 1 43690.7 9728 1 0.01
AT21->AT22->AT18->AT18->AT13->AT30 : 1 43605.4 5354.67 1 0.01
AT27->AT24->AT33->AT28->AT32->AT17 : 1 43349.3 4096 1 0.01
AT22->AT18->AT29->AT25->AT19->AT18 : 1 43159.7 4882.96 1 0.01
AT22->AT18->AT24->AT12->AT30->AT25 : 1 43121.8 4736 1 0.01
AT27->AT24->AT33->AT33->AT28->AT30 : 1 43008 3328 1 0.01
AT25->AT26->AT18->AT18->AT31->AT35 : 1 42901.3 7395.56 1 0.01
AT6->AT34->AT29->AT19->AT18->AT31 : 1 42730.7 5888 1 0.01
AT24->AT33->AT37->AT23->AT23->AT20 : 1 42709.4 3189.33 1 0.01
AT22->AT18->AT16->AT21->AT26->AT18 : 1 42666.7 7765.33 1 0.01
AT22->AT18->AT24->AT33->AT28->AT13 : 1 41201.7 3214.23 1 0.01
AT25->AT19->AT18->AT24->AT33->AT28 : 1 41130.6 3384.88 1 0.01
AT30->AT25->AT26->AT18->AT29->AT24 : 1 40817.8 6584.89 1 0.01
AT13->AT35->AT32->AT17->AT21->AT17 : 1 40234.7 5418.67 1 0.01
AT24->AT12->AT30->AT25->AT17->AT20 : 1 40092.4 2346.67 1 0.01
AT18->AT25->AT22->AT18->AT24->AT33 : 1 40064 4757.34 1 0.01
AT24->AT33->AT28->AT30->AT25->AT22 : 1 39850.7 1898.67 1 0.01
AT22->AT18->AT16->AT21->AT26->AT38 : 1 39338.7 8192 1 0.01
AT30->AT25->AT17->AT10->AT24->AT33 : 1 39253.3 5205.33 1 0.01
AT27->AT9->AT21->AT26->AT38->AT35 : 1 38698.6 8960 1 0.01
AT19->AT18->AT25->AT26->AT18->AT24 : 1 38675 5783.7 1 0.01
AT6->AT32->AT17->AT21->AT26->AT18 : 1 38656 4672 1 0.01
AT13->AT31->AT35->AT32->AT17->AT23 : 1 38229.4 3733.34 1 0.01
AT22->AT18->AT29->AT18->AT24->AT36 : 1 38229.3 7424 1 0.01
AT26->AT18->AT25->AT26->AT18->AT18 : 1 37888 5575.12 1 0.01
AT12->AT30->AT25->AT22->AT18->AT24 : 1 37831.1 4003.55 1 0.01
AT25->AT22->AT18->AT24->AT33->AT12 : 1 37816.9 3427.56 1 0.01
AT18->AT25->AT26->AT18->AT29->AT18 : 1 37091.6 5788.44 1 0.01
AT18->AT25->AT26->AT18->AT29->AT19 : 1 37091.6 4963.56 1 0.01
AT18->AT25->AT26->AT18->AT18->AT31 : 1 36472.9 6300.44 1 0.01
AT22->AT18->AT29->AT18->AT31->AT35 : 1 36181.4 8618.67 1 0.01
AT16->AT21->AT26->AT18->AT25->AT26 : 1 36181.3 4892.44 1 0.01
AT31->AT35->AT32->AT17->AT23->AT20 : 1 35840 4085.34 1 0.01
AT25->AT26->AT18->AT16->AT21->AT26 : 1 35840 4892.44 1 0.01
AT30->AT25->AT26->AT18->AT16->AT21 : 1 35612.4 5176.88 1 0.01
AT34->AT29->AT25->AT26->AT18->AT24 : 1 35484.4 7672.88 1 0.01
AT21->AT26->AT18->AT25->AT26->AT18 : 1 34588.5 4807.11 1 0.01
AT30->AT25->AT26->AT18->AT29->AT18 : 1 34567.1 4841.78 1 0.01
AT30->AT25->AT26->AT18->AT29->AT19 : 1 34567.1 4016.89 1 0.01
AT25->AT26->AT18->AT29->AT18->AT24 : 1 34503.1 5489.77 1 0.01
AT32->AT17->AT21->AT17->AT23->AT20 : 1 34133.3 4682.67 1 0.01
AT33->AT28->AT30->AT25->AT19->AT18 : 1 34019.6 2161.78 1 0.01
AT26->AT18->AT25->AT26->AT18->AT24 : 1 33747.7 5296.98 1 0.01
AT32->AT17->AT23->AT24->AT33->AT28 : 1 33450.6 7168 1 0.01
AT25->AT22->AT18->AT24->AT33->AT33 : 1 33336.8 3185.77 1 0.01
AT18->AT25->AT26->AT18->AT24->AT12 : 1 33163 4591.4 1 0.01
AT21->AT26->AT9->AT18->AT25->AT26 : 1 33109.3 5319.11 1 0.01
AT12->AT30->AT25->AT26->AT18->AT29 : 1 33045.3 3826.67 1 0.01
AT35->AT32->AT17->AT21->AT17->AT27 : 1 32725.3 4640 1 0.01
AT26->AT18->AT24->AT33->AT28->AT13 : 1 32483.6 3015.11 1 0.01
AT22->AT18->AT24->AT33->AT28->AT30 : 1 32341.3 3413.33 1 0.01
AT24->AT33->AT28->AT30->AT25->AT19 : 1 32199.2 1649.78 1 0.01
AT12->AT10->AT24->AT12->AT10->AT24 : 1 32138.6 5237.33 1 0.01
AT24->AT12->AT30->AT25->AT17->AT15 : 1 32014.2 2346.67 1 0.01
AT22->AT18->AT24->AT33->AT28->AT32 : 1 31658.7 3413.33 1 0.01
AT29->AT18->AT24->AT12->AT30->AT25 : 1 31480.9 3474.66 1 0.01
AT19->AT18->AT24->AT12->AT30->AT25 : 1 31480.9 2856 1 0.01
AT24->AT12->AT10->AT24->AT12->AT10 : 1 31274.6 3088 1 0.01
AT19->AT18->AT29->AT16->AT21->AT26 : 1 30549.3 7424 1 0.01
AT24->AT33->AT28->AT30->AT25->AT26 : 1 30378.7 1649.78 1 0.01
AT12->AT30->AT25->AT17->AT15->AT33 : 1 29788.4 2257.78 1 0.01
AT12->AT30->AT25->AT17->AT15->AT31 : 1 29706.7 2257.78 1 0.01
AT22->AT18->AT24->AT33->AT28->AT31 : 1 29589.3 3214.23 1 0.01
AT17->AT23->AT23->AT23->AT15->AT30 : 1 29354.7 3968 1 0.01
AT16->AT21->AT22->AT18->AT18->AT29 : 1 28778.7 5658.67 1 0.01
AT24->AT12->AT30->AT25->AT26->AT38 : 1 28721.8 2877.34 1 0.01
AT23->AT23->AT23->AT37->AT21->AT22 : 1 28672 4778.67 1 0.01
AT23->AT23->AT37->AT21->AT22->AT18 : 1 28672 4778.67 1 0.01
AT22->AT18->AT18->AT29->AT19->AT18 : 1 28394.7 4958.67 1 0.01
AT24->AT33->AT12->AT30->AT25->AT22 : 1 28160 1697.18 1 0.01
AT18->AT16->AT21->AT26->AT18->AT24 : 1 28160 8021.33 1 0.01
AT23->AT24->AT12->AT30->AT25->AT17 : 1 28032 4913.78 1 0.01
AT25->AT26->AT18->AT24->AT33->AT12 : 1 27932.4 3185.77 1 0.01
AT21->AT22->AT18->AT18->AT29->AT18 : 1 26538.7 5842.67 1 0.01
AT21->AT22->AT18->AT18->AT29->AT19 : 1 26538.7 5037.33 1 0.01
AT22->AT18->AT18->AT29->AT18->AT31 : 1 26398.7 6368 1 0.01
AT24->AT33->AT28->AT32->AT17->AT15 : 1 25600.1 2048 1 0.01
AT26->AT18->AT18->AT31->AT35->AT32 : 1 25507.5 7427.56 1 0.01
AT10->AT9->AT21->AT17->AT23->AT23 : 1 25373.4 7433.33 1 0.01
AT9->AT21->AT17->AT23->AT23->AT10 : 1 25373.4 5595.33 1 0.01
AT21->AT17->AT23->AT23->AT10->AT9 : 1 25373.4 5883.33 1 0.01
AT17->AT23->AT23->AT10->AT9->AT21 : 1 25373.4 7318 1 0.01
AT23->AT23->AT10->AT9->AT21->AT17 : 1 25373.4 7512.67 1 0.01
AT23->AT10->AT9->AT21->AT17->AT23 : 1 25373.4 7354 1 0.01
AT24->AT36->AT32->AT17->AT15->AT12 : 1 25258.7 2965.34 1 0.01
AT24->AT36->AT32->AT17->AT15->AT30 : 1 24917.4 2965.34 1 0.01
AT12->AT30->AT25->AT26->AT18->AT24 : 1 24874.7 3178.67 1 0.01
AT18->AT16->AT21->AT26->AT18->AT18 : 1 24576 6200.88 1 0.01
AT19->AT18->AT24->AT33->AT28->AT30 : 1 24405.3 3015.11 1 0.01
AT18->AT24->AT33->AT12->AT30->AT25 : 1 24215.7 2588.44 1 0.01
AT23->AT24->AT33->AT37->AT21->AT22 : 1 23893.4 5802.67 1 0.01
AT24->AT33->AT37->AT21->AT22->AT18 : 1 23893.4 3754.67 1 0.01
AT30->AT25->AT26->AT18->AT24->AT33 : 1 23541.4 3152 1 0.01
AT16->AT21->AT26->AT18->AT18->AT24 : 1 22840.9 6670.22 1 0.01
AT31->AT35->AT32->AT17->AT21->AT19 : 1 22613.3 7210.66 1 0.01
AT26->AT18->AT16->AT21->AT26->AT18 : 1 21959.1 5432.88 1 0.01
AT32->AT17->AT21->AT19->AT18->AT30 : 1 21290.7 6911.99 1 0.01
AT26->AT18->AT24->AT33->AT28->AT31 : 1 21020.4 3015.11 1 0.01
AT35->AT32->AT17->AT23->AT21->AT26 : 1 20480 5290.67 1 0.01
AT34->AT29->AT19->AT18->AT18->AT24 : 1 20465.8 7146.66 1 0.01
AT35->AT32->AT17->AT23->AT24->AT33 : 1 19797.3 6997.33 1 0.01
AT24->AT12->AT30->AT35->AT13->AT31 : 1 19637.3 1525.33 1 0.01
AT26->AT18->AT24->AT12->AT30->AT35 : 1 18773.3 4949.33 1 0.01
AT18->AT18->AT29->AT19->AT18->AT31 : 1 18697.3 5142.67 1 0.01
AT32->AT17->AT21->AT19->AT18->AT24 : 1 17877.3 6911.99 1 0.01
AT26->AT18->AT29->AT19->AT18->AT24 : 1 17777.8 4657.78 1 0.01
AT18->AT29->AT19->AT18->AT24->AT12 : 1 17052.5 3907.55 1 0.01
AT18->AT24->AT33->AT37->AT23->AT23 : 1 16426.7 3776 1 0.01
AT26->AT18->AT29->AT18->AT24->AT12 : 1 16256 5052.44 1 0.01
AT16->AT35->AT34->AT29->AT18->AT31 : 1 16201.3 4293.33 1 0.01
AT28->AT34->AT29->AT24->AT33->AT33 : 1 16042.7 2560 1 0.01
AT35->AT32->AT17->AT21->AT17->AT23 : 1 16042.7 4330.67 1 0.01
AT26->AT18->AT24->AT33->AT37->AT23 : 1 15360 3925.33 1 0.01
AT18->AT29->AT18->AT24->AT12->AT30 : 1 15324.5 4336 1 0.01
AT29->AT19->AT18->AT24->AT12->AT30 : 1 14755.6 2679.11 1 0.01
AT35->AT34->AT29->AT19->AT18->AT31 : 1 13961.3 3409.33 1 0.01
AT9->AT21->AT17->AT23->AT23->AT24 : 1 13633.3 7167.33 1 0.01
AT21->AT26->AT18->AT24->AT12->AT30 : 1 13397.3 3690.67 1 0.01
AT21->AT26->AT18->AT24->AT33->AT37 : 1 13226.7 3882.67 1 0.01
AT26->AT18->AT24->AT33->AT12->AT30 : 1 11320.9 2844.44 1 0.01
AT21->AT26->AT18->AT24->AT33->AT33 : 1 10752 3669.33 1 0.01
AT34->AT29->AT24->AT33->AT33->AT33 : 1 5461.33 2560 1 0.01
AT38->AT6->AT13->AT30->AT25->AT19->AT18 : 2 173170 12174.2 1 0.01
AT6->AT13->AT10->AT9->AT21->AT17->AT23 : 2 161560 14970.7 1 0.01
AT26->AT18->AT25->AT26->AT18->AT25->AT26 : 2 114385 13223.5 2 0.02
AT13->AT10->AT9->AT21->AT17->AT23->AT24 : 2 95230.8 18815.3 1 0.01
AT18->AT25->AT26->AT18->AT29->AT19->AT18 : 2 80497.8 11164.5 1 0.01
AT30->AT25->AT26->AT18->AT29->AT19->AT18 : 2 75448.9 9271.12 1 0.01
AT30->AT25->AT22->AT18->AT24->AT33->AT33 : 2 71623 8227.55 1 0.01
AT31->AT35->AT32->AT17->AT21->AT19->AT18 : 2 53760 16597.3 1 0.01
AT20->AT38->AT6->AT13->AT30->AT25->AT19 : 1 115911 7356.45 1 0.01
AT20->AT38->AT6->AT32->AT17->AT27->AT24 : 1 111104 12693.3 1 0.01
AT20->AT38->AT6->AT13->AT10->AT9->AT21 : 1 110368 10997.3 1 0.01
AT35->AT13->AT30->AT25->AT26->AT18->AT13 : 1 103424 4679.11 1 0.01
AT6->AT13->AT10->AT9->AT21->AT17->AT27 : 1 100091 7838.67 1 0.01
AT13->AT30->AT25->AT26->AT18->AT13->AT30 : 1 95672.9 4618.67 1 0.01
AT20->AT6->AT34->AT29->AT25->AT26->AT18 : 1 93752.9 8462.22 1 0.01
AT28->AT13->AT30->AT25->AT17->AT10->AT24 : 1 93184 5717.33 1 0.01
AT28->AT10->AT24->AT33->AT28->AT30->AT25 : 1 92842.6 5717.33 1 0.01
AT6->AT13->AT30->AT25->AT19->AT18->AT16 : 1 91932.6 4305.78 1 0.01
AT35->AT38->AT6->AT32->AT17->AT27->AT24 : 1 90624 11413.3 1 0.01
AT21->AT22->AT18->AT13->AT30->AT25->AT22 : 1 89941.4 5710.22 1 0.01
AT35->AT38->AT6->AT13->AT10->AT9->AT21 : 1 89888.1 9717.33 1 0.01
AT6->AT13->AT30->AT25->AT19->AT18->AT29 : 1 88135.2 4305.78 1 0.01
AT30->AT25->AT26->AT18->AT13->AT30->AT25 : 1 87746.3 5381.33 1 0.01
AT14->AT13->AT30->AT25->AT22->AT18->AT25 : 1 85409.2 3683.55 1 0.01
AT17->AT23->AT23->AT10->AT9->AT6->AT13 : 1 82280.1 6704.67 1 0.01
AT32->AT17->AT27->AT24->AT12->AT30->AT25 : 1 81720.9 12640 1 0.01
AT21->AT17->AT23->AT10->AT9->AT6->AT13 : 1 80621.4 6740.67 1 0.01
AT28->AT30->AT25->AT19->AT14->AT11->AT26 : 1 79871.9 3811.56 1 0.01
AT38->AT6->AT13->AT10->AT9->AT21->AT17 : 1 79013.4 9850.67 1 0.01
AT20->AT6->AT34->AT29->AT19->AT18->AT18 : 1 78734.3 7936 1 0.01
AT17->AT27->AT24->AT12->AT30->AT25->AT17 : 1 78656 9063.11 1 0.01
AT36->AT13->AT35->AT32->AT17->AT23->AT20 : 1 76672 6240.01 1 0.01
AT19->AT18->AT25->AT22->AT18->AT18->AT25 : 1 76231.1 8618.67 1 0.01
AT20->AT6->AT34->AT29->AT19->AT18->AT31 : 1 75498.7 7936 1 0.01
AT25->AT22->AT18->AT30->AT25->AT22->AT45 : 1 75282.9 6253.04 1 0.01
AT30->AT25->AT22->AT18->AT25->AT22->AT45 : 1 75131.2 6196.15 1 0.01
AT20->AT6->AT32->AT17->AT21->AT26->AT18 : 1 71424 6720 1 0.01
AT25->AT22->AT18->AT25->AT22->AT45->AT32 : 1 71338.6 4617.48 1 0.01
AT18->AT18->AT31->AT35->AT13->AT30->AT25 : 1 70200.9 8832 1 0.01
AT25->AT26->AT18->AT25->AT26->AT18->AT25 : 1 69379.1 5726.81 1 0.01
AT25->AT22->AT18->AT25->AT22->AT18->AT30 : 1 68911.4 5726.81 1 0.01
AT22->AT18->AT25->AT22->AT18->AT30->AT25 : 1 68911.4 7049.48 1 0.01
AT18->AT25->AT22->AT18->AT30->AT25->AT22 : 1 68911.4 6765.04 1 0.01
AT25->AT22->AT18->AT30->AT25->AT22->AT18 : 1 68911.4 6253.04 1 0.01
AT22->AT18->AT30->AT25->AT22->AT18->AT25 : 1 68911.4 7011.55 1 0.01
AT18->AT30->AT25->AT22->AT18->AT25->AT22 : 1 68911.4 6708.15 1 0.01
AT30->AT25->AT22->AT18->AT25->AT22->AT18 : 1 68911.4 6196.15 1 0.01
AT28->AT30->AT25->AT26->AT18->AT16->AT21 : 1 68380.4 5688.88 1 0.01
AT14->AT13->AT30->AT25->AT22->AT18->AT24 : 1 67953.8 3683.55 1 0.01
AT22->AT18->AT25->AT22->AT18->AT29->AT18 : 1 67584 8106.67 1 0.01
AT18->AT31->AT35->AT13->AT30->AT25->AT26 : 1 66901.4 7324.45 1 0.01
AT22->AT45->AT13->AT30->AT25->AT26->AT18 : 1 65848.9 3683.56 1 0.01
AT36->AT13->AT31->AT35->AT32->AT17->AT27 : 1 65834.7 4725.34 1 0.01
AT30->AT25->AT19->AT18->AT25->AT26->AT18 : 1 65460.2 6850.36 1 0.01
AT31->AT35->AT13->AT30->AT25->AT26->AT18 : 1 64967.2 6087.12 1 0.01
AT35->AT13->AT30->AT25->AT19->AT18->AT24 : 1 64874.7 4554.67 1 0.01
AT38->AT35->AT13->AT30->AT25->AT19->AT18 : 1 64597.3 5802.67 1 0.01
AT21->AT22->AT45->AT13->AT30->AT25->AT26 : 1 63829.4 3608.89 1 0.01
AT22->AT18->AT25->AT22->AT18->AT29->AT26 : 1 63829.3 7253.33 1 0.01
AT13->AT31->AT35->AT32->AT17->AT23->AT20 : 1 63146.7 4512.01 1 0.01
AT6->AT34->AT29->AT25->AT26->AT18->AT24 : 1 62791.1 8099.55 1 0.01
AT25->AT19->AT18->AT25->AT26->AT18->AT24 : 1 62340.8 6523.25 1 0.01
AT25->AT22->AT18->AT29->AT25->AT19->AT18 : 1 61364.1 5451.85 1 0.01
AT25->AT22->AT18->AT24->AT33->AT28->AT13 : 1 61226.6 3840 1 0.01
AT13->AT30->AT25->AT17->AT10->AT24->AT33 : 1 61098.6 5546.67 1 0.01
AT21->AT17->AT23->AT23->AT10->AT9->AT6 : 1 60872.1 7051.33 1 0.01
AT22->AT18->AT18->AT13->AT30->AT25->AT26 : 1 60416 5912.89 1 0.01
AT13->AT35->AT32->AT17->AT21->AT17->AT27 : 1 60032 6346.67 1 0.01
AT21->AT22->AT18->AT18->AT13->AT30->AT25 : 1 59761.8 6090.67 1 0.01
AT29->AT13->AT30->AT25->AT19->AT18->AT16 : 1 59520.1 4908.44 1 0.01
AT26->AT18->AT25->AT26->AT18->AT18->AT25 : 1 58671.4 7324.45 1 0.01
AT23->AT23->AT15->AT30->AT25->AT22->AT18 : 1 58254.2 5006.22 1 0.01
AT25->AT22->AT18->AT29->AT18->AT31->AT35 : 1 58026.7 9301.34 1 0.01
AT22->AT18->AT30->AT25->AT22->AT45->AT32 : 1 57116.4 5959.11 1 0.01
AT26->AT18->AT18->AT31->AT35->AT13->AT30 : 1 57002.7 9472 1 0.01
AT18->AT29->AT13->AT30->AT25->AT19->AT18 : 1 56078.3 4908.45 1 0.01
AT23->AT15->AT30->AT25->AT22->AT18->AT24 : 1 55751.1 5347.55 1 0.01
AT18->AT25->AT26->AT18->AT25->AT26->AT18 : 1 55169.6 5837.43 1 0.01
AT22->AT18->AT25->AT22->AT45->AT32->AT17 : 1 54784 5300.15 1 0.01
AT31->AT35->AT32->AT17->AT27->AT24->AT33 : 1 54485.4 10730.7 1 0.01
AT15->AT12->AT30->AT25->AT22->AT18->AT24 : 1 54215.1 4515.55 1 0.01
AT18->AT25->AT22->AT18->AT24->AT33->AT28 : 1 53262.2 5169.78 1 0.01
AT25->AT26->AT18->AT25->AT26->AT18->AT24 : 1 53165.8 5903.8 1 0.01
AT18->AT18->AT13->AT30->AT25->AT26->AT18 : 1 52878.2 5646.22 1 0.01
AT33->AT28->AT30->AT25->AT19->AT18->AT25 : 1 52830.9 3356.45 1 0.01
AT18->AT25->AT22->AT18->AT29->AT18->AT31 : 1 52565.3 8618.67 1 0.01
AT15->AT30->AT25->AT22->AT18->AT24->AT33 : 1 52053.3 4522.66 1 0.01
AT36->AT13->AT35->AT32->AT17->AT21->AT17 : 1 51157.4 6101.34 1 0.01
AT25->AT26->AT18->AT24->AT33->AT28->AT13 : 1 50688 3584 1 0.01
AT25->AT22->AT18->AT24->AT33->AT28->AT31 : 1 49614.2 3840 1 0.01
AT36->AT13->AT31->AT35->AT32->AT17->AT23 : 1 49152.1 4416.01 1 0.01
AT18->AT30->AT25->AT22->AT45->AT32->AT17 : 1 49057.1 6300.45 1 0.01
AT13->AT10->AT9->AT21->AT17->AT23->AT23 : 1 48584.1 7796 1 0.01
AT23->AT23->AT10->AT9->AT21->AT17->AT27 : 1 47986.7 8572.67 1 0.01
AT6->AT34->AT29->AT19->AT18->AT18->AT24 : 1 47772.5 7573.33 1 0.01
AT22->AT18->AT24->AT33->AT28->AT30->AT25 : 1 47360 3989.33 1 0.01
AT27->AT24->AT36->AT32->AT17->AT15->AT12 : 1 47104 5013.34 1 0.01
AT18->AT25->AT26->AT18->AT18->AT31->AT35 : 1 46997.3 8931.56 1 0.01
AT18->AT25->AT22->AT45->AT32->AT17->AT21 : 1 46848 5271.71 1 0.01
AT18->AT24->AT33->AT37->AT23->AT23->AT20 : 1 46805.4 4725.33 1 0.01
AT27->AT24->AT36->AT32->AT17->AT15->AT30 : 1 46762.7 5013.34 1 0.01
AT30->AT25->AT22->AT45->AT32->AT17->AT21 : 1 46430.7 5703.12 1 0.01
AT25->AT26->AT18->AT24->AT12->AT30->AT25 : 1 46174.3 4000.98 1 0.01
AT25->AT26->AT18->AT18->AT31->AT35->AT32 : 1 45532.4 8053.33 1 0.01
AT22->AT18->AT16->AT21->AT26->AT18->AT24 : 1 44544 9557.33 1 0.01
AT23->AT24->AT12->AT30->AT25->AT17->AT20 : 1 44188.4 5418.67 1 0.01
AT18->AT24->AT33->AT28->AT30->AT25->AT22 : 1 43946.7 3434.67 1 0.01
AT13->AT35->AT32->AT17->AT21->AT17->AT23 : 1 43349.4 6037.34 1 0.01
AT25->AT19->AT18->AT24->AT33->AT28->AT30 : 1 42609.7 3584 1 0.01
AT18->AT25->AT22->AT18->AT24->AT33->AT12 : 1 41912.9 4963.56 1 0.01
AT35->AT32->AT17->AT23->AT24->AT33->AT28 : 1 41642.6 7680 1 0.01
AT35->AT32->AT17->AT21->AT17->AT23->AT20 : 1 40960 5109.34 1 0.01
AT25->AT26->AT18->AT16->AT21->AT26->AT18 : 1 40163.5 6001.77 1 0.01
AT16->AT21->AT26->AT18->AT25->AT26->AT18 : 1 40049.8 5831.11 1 0.01
AT19->AT18->AT24->AT33->AT28->AT30->AT25 : 1 39272.3 3569.77 1 0.01
AT21->AT26->AT18->AT25->AT26->AT18->AT18 : 1 39253.3 6257.78 1 0.01
AT25->AT26->AT18->AT24->AT33->AT28->AT31 : 1 39224.8 3584 1 0.01
AT18->AT25->AT26->AT18->AT29->AT18->AT24 : 1 38599.1 7025.77 1 0.01
AT30->AT25->AT26->AT18->AT16->AT21->AT26 : 1 38570.6 5916.44 1 0.01
AT12->AT30->AT25->AT22->AT18->AT24->AT33 : 1 38229.3 4202.66 1 0.01
AT25->AT26->AT18->AT29->AT19->AT18->AT24 : 1 37802.7 5283.56 1 0.01
AT12->AT30->AT25->AT26->AT18->AT29->AT18 : 1 36344.9 5064 1 0.01
AT12->AT30->AT25->AT26->AT18->AT29->AT19 : 1 36344.9 4239.11 1 0.01
AT25->AT26->AT18->AT29->AT18->AT24->AT12 : 1 36280.9 5678.22 1 0.01
AT23->AT24->AT12->AT30->AT25->AT17->AT15 : 1 36110.2 5418.67 1 0.01
AT30->AT25->AT26->AT18->AT29->AT18->AT24 : 1 36074.7 6079.11 1 0.01
AT26->AT18->AT25->AT26->AT18->AT24->AT12 : 1 35590.3 5501.62 1 0.01
AT30->AT25->AT26->AT18->AT24->AT33->AT28 : 1 35488.1 3525.33 1 0.01
AT24->AT33->AT28->AT30->AT25->AT19->AT18 : 1 35385 2332.44 1 0.01
AT18->AT29->AT18->AT24->AT12->AT30->AT25 : 1 35349.4 4925.33 1 0.01
AT29->AT19->AT18->AT24->AT12->AT30->AT25 : 1 34780.5 3268.44 1 0.01
AT18->AT25->AT26->AT18->AT24->AT12->AT30 : 1 34767 4821.72 1 0.01
AT18->AT24->AT12->AT30->AT25->AT26->AT18 : 1 34552.9 3801.77 1 0.01
AT24->AT12->AT30->AT25->AT26->AT18->AT29 : 1 34552.9 4015.11 1 0.01
AT29->AT18->AT24->AT12->AT30->AT25->AT26 : 1 33984 4100.44 1 0.01
AT19->AT18->AT24->AT12->AT30->AT25->AT26 : 1 33984 3481.77 1 0.01
AT21->AT22->AT18->AT24->AT33->AT28->AT30 : 1 33706.7 4096 1 0.01
AT24->AT12->AT10->AT24->AT12->AT10->AT24 : 1 33503.9 5408 1 0.01
AT21->AT22->AT18->AT24->AT33->AT28->AT32 : 1 33024 4096 1 0.01
AT23->AT23->AT23->AT37->AT21->AT22->AT18 : 1 32768 5802.67 1 0.01
AT26->AT18->AT24->AT12->AT30->AT25->AT26 : 1 32768 5219.56 1 0.01
AT24->AT12->AT30->AT25->AT17->AT15->AT33 : 1 32519.1 2599.11 1 0.01
AT24->AT12->AT30->AT25->AT17->AT15->AT31 : 1 32437.3 2599.11 1 0.01
AT18->AT24->AT12->AT30->AT25->AT26->AT38 : 1 32021.4 4114.67 1 0.01
AT16->AT21->AT22->AT18->AT18->AT29->AT18 : 1 32000 6866.67 1 0.01
AT16->AT21->AT22->AT18->AT18->AT29->AT19 : 1 32000 6061.33 1 0.01
AT18->AT24->AT33->AT12->AT30->AT25->AT22 : 1 31800.9 3062.51 1 0.01
AT35->AT32->AT17->AT21->AT19->AT18->AT30 : 1 30848 7509.33 1 0.01
AT21->AT22->AT18->AT18->AT29->AT19->AT18 : 1 29760 5641.33 1 0.01
AT22->AT18->AT18->AT29->AT19->AT18->AT31 : 1 29620 6166.67 1 0.01
AT25->AT26->AT18->AT24->AT33->AT12->AT30 : 1 29525.3 3413.33 1 0.01
AT21->AT26->AT18->AT24->AT12->AT30->AT25 : 1 28643.5 4298.67 1 0.01
AT23->AT24->AT33->AT37->AT21->AT22->AT18 : 1 27989.4 6826.67 1 0.01
AT23->AT10->AT9->AT21->AT17->AT23->AT24 : 1 27786.7 9950 1 0.01
AT21->AT22->AT18->AT18->AT29->AT18->AT31 : 1 27764 7050.67 1 0.01
AT10->AT9->AT21->AT17->AT23->AT23->AT24 : 1 27628 9791.33 1 0.01
AT35->AT32->AT17->AT21->AT19->AT18->AT24 : 1 27434.7 7509.33 1 0.01
AT26->AT18->AT16->AT21->AT26->AT18->AT18 : 1 26851.6 7054.21 1 0.01
AT26->AT18->AT24->AT33->AT12->AT30->AT25 : 1 26491.3 3441.77 1 0.01
AT18->AT16->AT21->AT26->AT18->AT18->AT24 : 1 26481.8 8035.55 1 0.01
AT24->AT12->AT30->AT25->AT26->AT18->AT24 : 1 26240 3349.33 1 0.01
AT12->AT30->AT25->AT26->AT18->AT24->AT33 : 1 25248 3365.33 1 0.01
AT26->AT18->AT29->AT19->AT18->AT24->AT12 : 1 19555.6 4846.22 1 0.01
AT16->AT35->AT34->AT29->AT19->AT18->AT31 : 1 19422.7 4092 1 0.01
AT26->AT18->AT24->AT33->AT37->AT23->AT23 : 1 19157.3 4800 1 0.01
AT18->AT29->AT19->AT18->AT24->AT12->AT30 : 1 18624 4129.78 1 0.01
AT26->AT18->AT29->AT18->AT24->AT12->AT30 : 1 17827.6 5274.66 1 0.01
AT21->AT26->AT18->AT24->AT33->AT37->AT23 : 1 16725.3 4608 1 0.01
AT28->AT34->AT29->AT24->AT33->AT33->AT33 : 1 16384 2730.67 1 0.01
AT20->AT38->AT6->AT13->AT30->AT25->AT19->AT18 : 2 238706 16270.2 1 0.01
AT6->AT13->AT10->AT9->AT21->AT17->AT23->AT24 : 2 166228 19924.7 1 0.01
AT38->AT6->AT13->AT10->AT9->AT21->AT17->AT23 : 2 164632 21114.7 1 0.01
AT12->AT30->AT25->AT26->AT18->AT29->AT19->AT18 : 2 79004.5 9715.56 1 0.01
AT13->AT30->AT25->AT26->AT18->AT13->AT30->AT25 : 1 115053 5808 1 0.01
AT20->AT38->AT6->AT13->AT10->AT9->AT21->AT17 : 1 111781 11898.7 1 0.01
AT35->AT13->AT30->AT25->AT26->AT18->AT13->AT30 : 1 106596 5301.34 1 0.01
AT31->AT35->AT13->AT30->AT25->AT26->AT18->AT13 : 1 104789 7409.79 1 0.01
AT38->AT6->AT13->AT10->AT9->AT21->AT17->AT27 : 1 101627 10910.7 1 0.01
AT20->AT6->AT34->AT29->AT25->AT26->AT18->AT24 : 1 95559.1 10147.6 1 0.01
AT28->AT13->AT30->AT25->AT17->AT10->AT24->AT33 : 1 93866.6 6058.67 1 0.01
AT38->AT6->AT13->AT30->AT25->AT19->AT18->AT16 : 1 93468.6 7377.78 1 0.01
AT35->AT38->AT6->AT13->AT10->AT9->AT21->AT17 : 1 91301.4 10618.7 1 0.01
AT38->AT6->AT13->AT30->AT25->AT19->AT18->AT29 : 1 89671.2 7377.78 1 0.01
AT6->AT13->AT10->AT9->AT21->AT17->AT23->AT23 : 1 84082.8 8350.67 1 0.01
AT21->AT17->AT23->AT23->AT10->AT9->AT6->AT13 : 1 84082.8 7606 1 0.01
AT32->AT17->AT27->AT24->AT12->AT30->AT25->AT17 : 1 82752 13159.1 1 0.01
AT20->AT6->AT34->AT29->AT19->AT18->AT18->AT24 : 1 80540.5 9621.33 1 0.01
AT18->AT25->AT22->AT18->AT30->AT25->AT22->AT45 : 1 78923.8 7618.37 1 0.01
AT18->AT30->AT25->AT22->AT18->AT25->AT22->AT45 : 1 78923.8 7618.37 1 0.01
AT25->AT22->AT18->AT30->AT25->AT22->AT45->AT32 : 1 76534.5 6565.93 1 0.01
AT30->AT25->AT22->AT18->AT25->AT22->AT45->AT32 : 1 76382.8 6509.04 1 0.01
AT26->AT18->AT18->AT31->AT35->AT13->AT30->AT25 : 1 74296.9 10368 1 0.01
AT36->AT13->AT31->AT35->AT32->AT17->AT23->AT20 : 1 74069.4 5194.68 1 0.01
AT25->AT22->AT18->AT25->AT22->AT45->AT32->AT17 : 1 72988.4 5869.04 1 0.01
AT18->AT18->AT31->AT35->AT13->AT30->AT25->AT26 : 1 72362.7 9372.45 1 0.01
AT25->AT26->AT18->AT25->AT26->AT18->AT25->AT26 : 1 71831.6 6339.94 1 0.01
AT28->AT30->AT25->AT26->AT18->AT16->AT21->AT26 : 1 71338.6 6428.44 1 0.01
AT36->AT13->AT35->AT32->AT17->AT21->AT17->AT27 : 1 70954.7 7029.34 1 0.01
AT18->AT31->AT35->AT13->AT30->AT25->AT26->AT18 : 1 70428.5 8135.12 1 0.01
AT22->AT18->AT25->AT22->AT18->AT29->AT18->AT31 : 1 68949.3 10154.7 1 0.01
AT13->AT35->AT32->AT17->AT21->AT17->AT23->AT20 : 1 68266.7 6816.01 1 0.01
AT21->AT22->AT45->AT13->AT30->AT25->AT26->AT18 : 1 67214.2 4366.22 1 0.01
AT30->AT25->AT19->AT18->AT25->AT26->AT18->AT24 : 1 67119.4 8315.25 1 0.01
AT38->AT35->AT13->AT30->AT25->AT19->AT18->AT24 : 1 66154.7 7114.67 1 0.01
AT18->AT25->AT22->AT18->AT24->AT33->AT28->AT13 : 1 65322.6 5376 1 0.01
AT22->AT18->AT18->AT13->AT30->AT25->AT26->AT18 : 1 63800.9 6670.22 1 0.01
AT18->AT25->AT22->AT18->AT29->AT18->AT31->AT35 : 1 63488 11349.3 1 0.01
AT18->AT29->AT13->AT30->AT25->AT19->AT18->AT16 : 1 62961.9 6199.12 1 0.01
AT21->AT22->AT18->AT18->AT13->AT30->AT25->AT26 : 1 61781.3 6595.56 1 0.01
AT21->AT26->AT18->AT25->AT26->AT18->AT18->AT25 : 1 60036.7 8007.11 1 0.01
AT23->AT23->AT15->AT30->AT25->AT22->AT18->AT24 : 1 59847.1 6371.55 1 0.01
AT22->AT18->AT30->AT25->AT22->AT45->AT32->AT17 : 1 58766.1 7210.67 1 0.01
AT25->AT19->AT18->AT24->AT33->AT28->AT30->AT25 : 1 57476.7 4138.66 1 0.01
AT26->AT18->AT25->AT26->AT18->AT25->AT26->AT18 : 1 57445.1 6690.76 1 0.01
AT18->AT25->AT26->AT18->AT25->AT26->AT18->AT24 : 1 56806.7 7269.13 1 0.01
AT22->AT18->AT25->AT22->AT45->AT32->AT17->AT21 : 1 55950.2 6125.04 1 0.01
AT25->AT26->AT18->AT25->AT26->AT18->AT24->AT12 : 1 55008.4 6108.44 1 0.01
AT22->AT18->AT24->AT33->AT28->AT30->AT25->AT22 : 1 54869.4 4458.67 1 0.01
AT15->AT12->AT30->AT25->AT22->AT18->AT24->AT33 : 1 54613.3 4714.66 1 0.01
AT36->AT13->AT35->AT32->AT17->AT21->AT17->AT23 : 1 54272.1 6720.01 1 0.01
AT24->AT33->AT28->AT30->AT25->AT19->AT18->AT25 : 1 54196.3 3527.11 1 0.01
AT18->AT25->AT22->AT18->AT24->AT33->AT28->AT31 : 1 53710.2 5376 1 0.01
AT15->AT30->AT25->AT22->AT18->AT24->AT33->AT33 : 1 52451.5 4721.77 1 0.01
AT13->AT10->AT9->AT21->AT17->AT23->AT23->AT24 : 1 50838.7 10154 1 0.01
AT18->AT30->AT25->AT22->AT45->AT32->AT17->AT21 : 1 50223.3 7125.34 1 0.01
AT18->AT25->AT26->AT18->AT24->AT12->AT30->AT25 : 1 49966.9 5423.2 1 0.01
AT18->AT25->AT26->AT18->AT18->AT31->AT35->AT32 : 1 49628.4 9589.33 1 0.01
AT26->AT18->AT24->AT33->AT37->AT23->AT23->AT20 : 1 49536 5749.33 1 0.01
AT21->AT22->AT18->AT24->AT33->AT28->AT30->AT25 : 1 48725.4 4672 1 0.01
AT25->AT26->AT18->AT16->AT21->AT26->AT18->AT18 : 1 45056 7623.1 1 0.01
AT16->AT21->AT26->AT18->AT25->AT26->AT18->AT18 : 1 44714.7 7281.78 1 0.01
AT25->AT26->AT18->AT24->AT33->AT12->AT30->AT25 : 1 44695.7 4010.66 1 0.01
AT30->AT25->AT26->AT18->AT16->AT21->AT26->AT18 : 1 42894.2 7025.77 1 0.01
AT18->AT25->AT26->AT18->AT29->AT19->AT18->AT24 : 1 41898.7 6819.56 1 0.01
AT18->AT25->AT26->AT18->AT29->AT18->AT24->AT12 : 1 40376.9 7214.22 1 0.01
AT25->AT26->AT18->AT29->AT19->AT18->AT24->AT12 : 1 39580.5 5472 1 0.01
AT30->AT25->AT26->AT18->AT29->AT19->AT18->AT24 : 1 39374.2 5872.89 1 0.01
AT18->AT29->AT19->AT18->AT24->AT12->AT30->AT25 : 1 38648.9 4719.11 1 0.01
AT12->AT30->AT25->AT22->AT18->AT24->AT33->AT33 : 1 38627.5 4401.77 1 0.01
AT26->AT18->AT29->AT18->AT24->AT12->AT30->AT25 : 1 37852.5 5864 1 0.01
AT18->AT29->AT18->AT24->AT12->AT30->AT25->AT26 : 1 37852.5 5551.11 1 0.01
AT29->AT18->AT24->AT12->AT30->AT25->AT26->AT18 : 1 37852.5 5039.1 1 0.01
AT18->AT24->AT12->AT30->AT25->AT26->AT18->AT29 : 1 37852.5 5252.44 1 0.01
AT24->AT12->AT30->AT25->AT26->AT18->AT29->AT18 : 1 37852.5 5252.44 1 0.01
AT24->AT12->AT30->AT25->AT26->AT18->AT29->AT19 : 1 37852.5 4427.56 1 0.01
AT30->AT25->AT26->AT18->AT29->AT18->AT24->AT12 : 1 37852.5 6267.55 1 0.01
AT19->AT18->AT24->AT12->AT30->AT25->AT26->AT18 : 1 37852.5 4420.44 1 0.01
AT25->AT26->AT18->AT29->AT18->AT24->AT12->AT30 : 1 37852.5 5900.44 1 0.01
AT12->AT30->AT25->AT26->AT18->AT29->AT18->AT24 : 1 37852.5 6301.33 1 0.01
AT29->AT19->AT18->AT24->AT12->AT30->AT25->AT26 : 1 37283.6 3894.22 1 0.01
AT12->AT30->AT25->AT26->AT18->AT24->AT33->AT28 : 1 37194.7 3738.67 1 0.01
AT26->AT18->AT25->AT26->AT18->AT24->AT12->AT30 : 1 37194.2 5731.94 1 0.01
AT23->AT24->AT12->AT30->AT25->AT17->AT15->AT33 : 1 36615.1 5671.11 1 0.01
AT23->AT24->AT12->AT30->AT25->AT17->AT15->AT31 : 1 36533.3 5671.11 1 0.01
AT29->AT18->AT24->AT12->AT30->AT25->AT26->AT38 : 1 35320.9 5352 1 0.01
AT19->AT18->AT24->AT12->AT30->AT25->AT26->AT38 : 1 35320.9 4733.33 1 0.01
AT16->AT21->AT22->AT18->AT18->AT29->AT19->AT18 : 1 35221.4 6665.33 1 0.01
AT26->AT18->AT24->AT33->AT12->AT30->AT25->AT22 : 1 34076.5 3915.85 1 0.01
AT16->AT21->AT22->AT18->AT18->AT29->AT18->AT31 : 1 33225.4 8074.67 1 0.01
AT31->AT35->AT32->AT17->AT21->AT19->AT18->AT30 : 1 32042.7 9898.66 1 0.01
AT21->AT22->AT18->AT18->AT29->AT19->AT18->AT31 : 1 30985.4 6849.33 1 0.01
AT26->AT18->AT16->AT21->AT26->AT18->AT18->AT24 : 1 28757.3 8888.88 1 0.01
AT31->AT35->AT32->AT17->AT21->AT19->AT18->AT24 : 1 28629.3 9898.66 1 0.01
AT24->AT12->AT30->AT25->AT26->AT18->AT24->AT33 : 1 26613.4 3536 1 0.01
AT26->AT18->AT29->AT19->AT18->AT24->AT12->AT30 : 1 21127.1 5068.44 1 0.01
AT21->AT26->AT18->AT24->AT33->AT37->AT23->AT23 : 1 20522.7 5482.67 1 0.01
AT20->AT38->AT6->AT13->AT10->AT9->AT21->AT17->AT23 : 2 230168 25210.7 1 0.01
AT35->AT38->AT6->AT13->AT10->AT9->AT21->AT17->AT23 : 2 189208 22650.7 1 0.01
AT38->AT6->AT13->AT10->AT9->AT21->AT17->AT23->AT24 : 2 169300 26068.7 1 0.01
AT24->AT12->AT30->AT25->AT26->AT18->AT29->AT19->AT18 : 2 82019.6 10092.5 1 0.01
AT20->AT38->AT6->AT13->AT10->AT9->AT21->AT17->AT27 : 1 134395 12958.7 1 0.01
AT20->AT38->AT6->AT13->AT30->AT25->AT19->AT18->AT16 : 1 126237 9425.78 1 0.01
AT35->AT13->AT30->AT25->AT26->AT18->AT13->AT30->AT25 : 1 125976 6490.67 1 0.01
AT20->AT38->AT6->AT13->AT30->AT25->AT19->AT18->AT29 : 1 122439 9425.78 1 0.01
AT35->AT38->AT6->AT13->AT10->AT9->AT21->AT17->AT27 : 1 113915 11678.7 1 0.01
AT18->AT31->AT35->AT13->AT30->AT25->AT26->AT18->AT13 : 1 110251 9457.78 1 0.01
AT31->AT35->AT13->AT30->AT25->AT26->AT18->AT13->AT30 : 1 107961 8032.01 1 0.01
AT6->AT13->AT10->AT9->AT21->AT17->AT23->AT23->AT24 : 1 86337.4 10708.7 1 0.01
AT38->AT6->AT13->AT10->AT9->AT21->AT17->AT23->AT23 : 1 85618.8 11422.7 1 0.01
AT18->AT25->AT22->AT18->AT30->AT25->AT22->AT45->AT32 : 1 80175.3 7931.26 1 0.01
AT18->AT30->AT25->AT22->AT18->AT25->AT22->AT45->AT32 : 1 80175.3 7931.26 1 0.01
AT22->AT18->AT25->AT22->AT18->AT29->AT18->AT31->AT35 : 1 79872 12885.3 1 0.01
AT36->AT13->AT35->AT32->AT17->AT21->AT17->AT23->AT20 : 1 79189.4 7498.68 1 0.01
AT25->AT22->AT18->AT30->AT25->AT22->AT45->AT32->AT17 : 1 78184.2 7817.49 1 0.01
AT30->AT25->AT22->AT18->AT25->AT22->AT45->AT32->AT17 : 1 78032.5 7760.6 1 0.01
AT26->AT18->AT18->AT31->AT35->AT13->AT30->AT25->AT26 : 1 76458.7 10908.4 1 0.01
AT18->AT18->AT31->AT35->AT13->AT30->AT25->AT26->AT18 : 1 75889.8 10183.1 1 0.01
AT28->AT30->AT25->AT26->AT18->AT16->AT21->AT26->AT18 : 1 75662.2 7537.77 1 0.01
AT25->AT26->AT18->AT25->AT26->AT18->AT25->AT26->AT18 : 1 75649.5 7259.65 1 0.01
AT25->AT22->AT18->AT25->AT22->AT45->AT32->AT17->AT21 : 1 74154.6 6693.93 1 0.01
AT16->AT21->AT26->AT18->AT25->AT26->AT18->AT18->AT25 : 1 65498.1 9031.11 1 0.01
AT21->AT22->AT18->AT18->AT13->AT30->AT25->AT26->AT18 : 1 65166.2 7352.89 1 0.01
AT22->AT18->AT30->AT25->AT22->AT45->AT32->AT17->AT21 : 1 59932.4 8035.56 1 0.01
AT26->AT18->AT25->AT26->AT18->AT25->AT26->AT18->AT24 : 1 59082.3 8122.46 1 0.01
AT18->AT25->AT26->AT18->AT25->AT26->AT18->AT24->AT12 : 1 58649.3 7473.77 1 0.01
AT25->AT26->AT18->AT25->AT26->AT18->AT24->AT12->AT30 : 1 56612.3 6338.76 1 0.01
AT21->AT22->AT18->AT24->AT33->AT28->AT30->AT25->AT22 : 1 56234.7 5141.33 1 0.01
AT15->AT12->AT30->AT25->AT22->AT18->AT24->AT33->AT33 : 1 55011.5 4913.77 1 0.01
AT26->AT18->AT25->AT26->AT18->AT24->AT12->AT30->AT25 : 1 52394.1 6333.43 1 0.01
AT25->AT26->AT18->AT24->AT33->AT12->AT30->AT25->AT22 : 1 52280.9 4484.74 1 0.01
AT21->AT26->AT18->AT24->AT33->AT37->AT23->AT23->AT20 : 1 50901.4 6432 1 0.01
AT30->AT25->AT26->AT18->AT16->AT21->AT26->AT18->AT18 : 1 47786.6 8647.1 1 0.01
AT25->AT26->AT18->AT16->AT21->AT26->AT18->AT18->AT24 : 1 46961.7 9457.77 1 0.01
AT18->AT25->AT26->AT18->AT29->AT19->AT18->AT24->AT12 : 1 43676.5 7008 1 0.01
AT18->AT25->AT26->AT18->AT29->AT18->AT24->AT12->AT30 : 1 41948.5 7436.44 1 0.01
AT29->AT19->AT18->AT24->AT12->AT30->AT25->AT26->AT18 : 1 41152 4832.89 1 0.01
AT26->AT18->AT29->AT19->AT18->AT24->AT12->AT30->AT25 : 1 41152 5657.78 1 0.01
AT18->AT29->AT19->AT18->AT24->AT12->AT30->AT25->AT26 : 1 41152 5344.89 1 0.01
AT18->AT24->AT12->AT30->AT25->AT26->AT18->AT29->AT19 : 1 41152 5664.89 1 0.01
AT30->AT25->AT26->AT18->AT29->AT19->AT18->AT24->AT12 : 1 41152 6061.33 1 0.01
AT19->AT18->AT24->AT12->AT30->AT25->AT26->AT18->AT29 : 1 41152 5871.11 1 0.01
AT25->AT26->AT18->AT29->AT19->AT18->AT24->AT12->AT30 : 1 41152 5694.22 1 0.01
AT12->AT30->AT25->AT26->AT18->AT29->AT19->AT18->AT24 : 1 41152 6095.11 1 0.01
AT18->AT29->AT18->AT24->AT12->AT30->AT25->AT26->AT38 : 1 39189.4 6802.67 1 0.01
AT29->AT19->AT18->AT24->AT12->AT30->AT25->AT26->AT38 : 1 38620.5 5145.78 1 0.01
AT24->AT12->AT30->AT25->AT26->AT18->AT24->AT33->AT28 : 1 38560.1 3909.33 1 0.01
AT16->AT21->AT22->AT18->AT18->AT29->AT19->AT18->AT31 : 1 36446.7 7873.33 1 0.01
AT20->AT38->AT6->AT13->AT10->AT9->AT21->AT17->AT23->AT24 : 2 234836 30164.7 1 0.01
AT35->AT38->AT6->AT13->AT10->AT9->AT21->AT17->AT23->AT24 : 2 193876 27604.7 1 0.01
AT31->AT35->AT13->AT30->AT25->AT26->AT18->AT13->AT30->AT25 : 1 127341 9221.34 1 0.01
AT20->AT38->AT6->AT13->AT10->AT9->AT21->AT17->AT23->AT23 : 1 118387 13470.7 1 0.01
AT18->AT18->AT31->AT35->AT13->AT30->AT25->AT26->AT18->AT13 : 1 115712 11505.8 1 0.01
AT18->AT31->AT35->AT13->AT30->AT25->AT26->AT18->AT13->AT30 : 1 113422 10080 1 0.01
AT35->AT38->AT6->AT13->AT10->AT9->AT21->AT17->AT23->AT23 : 1 97906.8 12190.7 1 0.01
AT38->AT6->AT13->AT10->AT9->AT21->AT17->AT23->AT23->AT24 : 1 87873.4 13780.7 1 0.01
AT18->AT25->AT22->AT18->AT30->AT25->AT22->AT45->AT32->AT17 : 1 81825.1 9182.82 1 0.01
AT18->AT30->AT25->AT22->AT18->AT25->AT22->AT45->AT32->AT17 : 1 81825.1 9182.82 1 0.01
AT28->AT30->AT25->AT26->AT18->AT16->AT21->AT26->AT18->AT18 : 1 80554.6 9159.1 1 0.01
AT26->AT18->AT18->AT31->AT35->AT13->AT30->AT25->AT26->AT18 : 1 79985.8 11719.1 1 0.01
AT25->AT22->AT18->AT30->AT25->AT22->AT45->AT32->AT17->AT21 : 1 79350.5 8642.38 1 0.01
AT30->AT25->AT22->AT18->AT25->AT22->AT45->AT32->AT17->AT21 : 1 79198.8 8585.49 1 0.01
AT25->AT26->AT18->AT25->AT26->AT18->AT25->AT26->AT18->AT24 : 1 77286.7 8691.35 1 0.01
AT25->AT26->AT18->AT25->AT26->AT18->AT24->AT12->AT30->AT25 : 1 71812.2 6940.24 1 0.01
AT26->AT18->AT25->AT26->AT18->AT25->AT26->AT18->AT24->AT12 : 1 60924.8 8327.1 1 0.01
AT18->AT25->AT26->AT18->AT25->AT26->AT18->AT24->AT12->AT30 : 1 60253.2 7704.09 1 0.01
AT30->AT25->AT26->AT18->AT16->AT21->AT26->AT18->AT18->AT24 : 1 49692.4 10481.8 1 0.01
AT18->AT25->AT26->AT18->AT29->AT19->AT18->AT24->AT12->AT30 : 1 45248 7230.22 1 0.01
AT18->AT24->AT12->AT30->AT25->AT26->AT18->AT29->AT19->AT18 : 1 44167.1 6283.56 1 0.01
AT18->AT29->AT19->AT18->AT24->AT12->AT30->AT25->AT26->AT38 : 1 42488.9 6596.45 1 0.01
AT18->AT31->AT35->AT13->AT30->AT25->AT26->AT18->AT13->AT30->AT25 : 1 132802 11269.3 1 0.01
AT20->AT38->AT6->AT13->AT10->AT9->AT21->AT17->AT23->AT23->AT24 : 1 120641 15828.7 1 0.01
AT26->AT18->AT18->AT31->AT35->AT13->AT30->AT25->AT26->AT18->AT13 : 1 119808 13041.8 1 0.01
AT18->AT18->AT31->AT35->AT13->AT30->AT25->AT26->AT18->AT13->AT30 : 1 118884 12128 1 0.01
AT35->AT38->AT6->AT13->AT10->AT9->AT21->AT17->AT23->AT23->AT24 : 1 100161 14548.7 1 0.01
AT18->AT25->AT22->AT18->AT30->AT25->AT22->AT45->AT32->AT17->AT21 : 1 82991.3 10007.7 1 0.01
AT18->AT30->AT25->AT22->AT18->AT25->AT22->AT45->AT32->AT17->AT21 : 1 82991.3 10007.7 1 0.01
AT28->AT30->AT25->AT26->AT18->AT16->AT21->AT26->AT18->AT18->AT24 : 1 82460.4 10993.8 1 0.01
AT25->AT26->AT18->AT25->AT26->AT18->AT25->AT26->AT18->AT24->AT12 : 1 79129.2 8895.99 1 0.01
AT18->AT25->AT26->AT18->AT25->AT26->AT18->AT24->AT12->AT30->AT25 : 1 75453.1 8305.57 1 0.01
AT26->AT18->AT25->AT26->AT18->AT25->AT26->AT18->AT24->AT12->AT30 : 1 62528.8 8557.42 1 0.01
AT18->AT18->AT31->AT35->AT13->AT30->AT25->AT26->AT18->AT13->AT30->AT25 : 1 138264 13317.3 1 0.01
AT26->AT18->AT18->AT31->AT35->AT13->AT30->AT25->AT26->AT18->AT13->AT30 : 1 122980 13664 1 0.01
AT25->AT26->AT18->AT25->AT26->AT18->AT25->AT26->AT18->AT24->AT12->AT30 : 1 80733.2 9126.31 1 0.01
AT26->AT18->AT25->AT26->AT18->AT25->AT26->AT18->AT24->AT12->AT30->AT25 : 1 77728.7 9158.9 1 0.01
AT26->AT18->AT18->AT31->AT35->AT13->AT30->AT25->AT26->AT18->AT13->AT30->AT25 : 1 142360 14853.3 1 0.01
AT25->AT26->AT18->AT25->AT26->AT18->AT25->AT26->AT18->AT24->AT12->AT30->AT25 : 1 95933.1 9727.79 1 0.01
