2.20784e+07 0.640991 0.519695 0.0735426 6.07408e-05
1.35181e+07 0.413545 0.392704 0 9.92049e-05
4.53061e+07 0.863933 0.595271 0.111485 2.96e-05
1.5287e+07 0.48115 0.543258 0.0949132 8.77255e-05
3.00132e+07 0.736032 0.558893 0.126729 4.46824e-05
3.36611e+07 0.823702 0.443647 0.151828 3.984e-05
1.93315e+07 0.589629 0.726641 0.0978567 6.93717e-05
3.36611e+07 0.901558 0.460791 0.171399 3.984e-05
3.06678e+07 0.741593 0.6194 0.187237 4.37287e-05
4.36543e+07 0.89792 0.558893 0.165872 3.072e-05
4.01689e+07 0.802879 0.59798 0.151828 3.33855e-05
2.00965e+07 0.605393 0.637093 0.0923294 6.67311e-05
2.74816e+07 0.711746 0.501446 0.0723423 4.87985e-05
4.36543e+07 0.886798 0.552169 0.132257 3.072e-05
3.36611e+07 0.907621 0.465067 0.165872 3.984e-05
2.88024e+07 0.72491 0.552169 0.0931139 4.65608e-05
5.80847e+07 0.885675 0.664948 0.244751 2.3088e-05
4.53061e+07 0.863933 0.595271 0.111485 2.96e-05
4.36543e+07 0.89792 0.558893 0.165872 3.072e-05
2.0793e+07 0.618628 0.645359 0.0863863 6.44959e-05
1.58909e+07 0.500651 0.770006 0.0782854 8.43916e-05
4.11075e+07 0.807521 0.501709 0.112685 3.26233e-05
1.64994e+07 0.519353 0.595199 0.0391427 8.12793e-05
2.77749e+07 0.714754 0.533686 0.13484 4.82832e-05
1.27566e+07 0.378042 0.589202 0 0.000105127
4.36543e+07 0.89792 0.558893 0.165872 3.072e-05
2.23644e+07 0.645633 0.501709 0.0735426 5.99641e-05
1.13605e+07 0.301702 0.559857 0 0.000118046
3.67639e+07 0.784656 0.54481 0.0919136 3.64776e-05
2.81836e+07 0.718728 0.662502 0.166465 4.7583e-05
4.53061e+07 0.903481 0.6194 0.22638 2.96e-05
5.60119e+07 0.880616 0.662502 0.205608 2.39424e-05
1.9686e+07 0.597208 0.612342 0.058714 6.81224e-05
2.91748e+07 0.728429 0.568677 0.166465 4.59664e-05
2.29081e+07 0.654131 0.490404 0.107158 5.85409e-05
3.00132e+07 0.736032 0.558893 0.126729 4.46824e-05
2.2457e+07 0.647054 0.535026 0.0735426 5.97168e-05
4.36543e+07 0.844076 0.600244 0.118027 3.072e-05
4.36543e+07 0.858836 0.579234 0.192354 3.072e-05
2.98384e+07 0.734611 0.458344 0.0931139 4.49441e-05
3.99906e+07 0.887693 0.490142 0.1451 3.35344e-05
4.26786e+07 0.814503 0.595534 0.173193 3.14223e-05
1.46389e+07 0.458185 0.569241 0.040343 9.16097e-05
2.31524e+07 0.657674 0.519695 0.13405 5.79232e-05
2.76298e+07 0.713167 0.601994 0.105958 4.85367e-05
1.15786e+07 0.314866 0.569037 0 0.000115822
2.77749e+07 0.714754 0.533686 0.13484 4.82832e-05
4.36543e+07 0.89792 0.558893 0.165872 3.072e-05
2.7191e+07 0.708572 0.576788 0.174576 4.932e-05
4.36543e+07 0.891857 0.554616 0.171399 3.072e-05
2.26821e+07 0.650692 0.42587 0.0735426 5.91242e-05
3.00132e+07 0.736032 0.558893 0.126729 4.46824e-05
4.36543e+07 0.89792 0.558893 0.165872 3.072e-05
2.85818e+07 0.722868 0.508169 0.105958 4.69201e-05
4.1622e+07 0.81258 0.504155 0.151828 3.222e-05
1.98695e+07 0.600751 0.733364 0.131472 6.74933e-05
4.01689e+07 0.802879 0.59798 0.151828 3.33855e-05
3.00132e+07 0.736032 0.558893 0.126729 4.46824e-05
3.46091e+07 0.771166 0.55688 0.0984557 3.87488e-05
3.00132e+07 0.736032 0.558893 0.126729 4.46824e-05
2.25464e+07 0.64857 0.483681 0.0735426 5.94801e-05
3.00132e+07 0.736032 0.558893 0.126729 4.46824e-05
1.84077e+07 0.569275 0.529266 0.072758 7.28534e-05
4.02712e+07 0.803381 0.602257 0.146301 3.33007e-05
1.63109e+07 0.513791 0.595199 0.0391427 8.22185e-05
1.43299e+07 0.446442 0.619065 0.0531867 9.35848e-05
3.91666e+07 0.79782 0.595534 0.112685 3.42399e-05
