1.58876e+07 0.537615 0.724531 0.0527542 7.74151e-05
1.59552e+07 0.540071 0.53721 0.123908 7.70872e-05
1.8644e+07 0.606051 0.704143 0.0400225 6.59697e-05
1.34087e+07 0.452087 0.707106 0.0292834 9.17267e-05
2.27578e+07 0.677308 0.758993 0.163335 5.40447e-05
1.58876e+07 0.537615 0.724531 0.0527542 7.74151e-05
1.11964e+07 0.343532 0.807708 0.0767127 0.000109851
1.99239e+07 0.631435 0.691423 0.0693059 6.1732e-05
2.27578e+07 0.677308 0.758993 0.163335 5.40447e-05
1.99239e+07 0.631435 0.691423 0.0693059 6.1732e-05
1.58876e+07 0.537615 0.724531 0.0527542 7.74151e-05
1.07961e+07 0.319041 0.870996 0.0767127 0.000113924
2.11031e+07 0.651924 0.771712 0.134052 5.82823e-05
4.42127e+07 0.887525 0.739592 0.182736 2.78187e-05
1.99239e+07 0.631435 0.691423 0.0693059 6.1732e-05
4.00371e+07 0.912016 0.676305 0.182736 3.072e-05
1.8644e+07 0.606051 0.704143 0.0400225 6.59697e-05
2.11031e+07 0.651924 0.771712 0.134052 5.82823e-05
4.00371e+07 0.841652 0.672022 0.0887065 3.072e-05
3.16569e+07 0.768321 0.692504 0.0904427 3.88522e-05
9.79645e+06 0.249712 0.786702 0.0331033 0.00012555
1.76353e+07 0.583489 0.737986 0.119726 6.97431e-05
9.85239e+06 0.254193 0.701154 0 0.000124837
1.76353e+07 0.583489 0.737986 0.119726 6.97431e-05
2.31344e+07 0.682793 0.662987 0.0609262 5.3165e-05
2.27578e+07 0.677308 0.758993 0.163335 5.40447e-05
3.55494e+07 0.793705 0.718585 0.139127 3.45981e-05
1.34361e+07 0.453602 0.530169 0.0338686 9.15398e-05
1.50631e+07 0.512231 0.737251 0.0234707 8.16527e-05
4.42127e+07 0.862141 0.713511 0.134052 2.78187e-05
1.99239e+07 0.631435 0.691423 0.0693059 6.1732e-05
1.8644e+07 0.606051 0.704143 0.0400225 6.59697e-05
1.17062e+07 0.372504 0.640922 0.0346338 0.000105068
1.8644e+07 0.606051 0.704143 0.0400225 6.59697e-05
1.9593e+07 0.625599 0.554635 0.147379 6.27744e-05
4.42127e+07 0.887525 0.739592 0.182736 2.78187e-05
1.58876e+07 0.537615 0.724531 0.0527542 7.74151e-05
1.50631e+07 0.512231 0.737251 0.0234707 8.16527e-05
1.66251e+07 0.558105 0.750706 0.0904427 7.39807e-05
2.27578e+07 0.677308 0.758993 0.163335 5.40447e-05
2.29744e+07 0.680896 0.501025 0.0400225 5.35352e-05
1.58876e+07 0.537615 0.724531 0.0527542 7.74151e-05
1.98037e+07 0.629487 0.577191 0.0961132 6.21066e-05
1.58876e+07 0.537615 0.724531 0.0527542 7.74151e-05
3.64462e+07 0.816268 0.645941 0.0400225 3.37467e-05
2.05674e+07 0.643329 0.5508 0.048684 5.98003e-05
1.76353e+07 0.583489 0.737986 0.119726 6.97431e-05
4.00371e+07 0.841652 0.672022 0.0887065 3.072e-05
1.66251e+07 0.558105 0.750706 0.0904427 7.39807e-05
1.99239e+07 0.631435 0.691423 0.0693059 6.1732e-05
2.90972e+07 0.747832 0.705131 0.0721547 4.22701e-05
2.27578e+07 0.677308 0.758993 0.163335 5.40447e-05
1.99239e+07 0.631435 0.691423 0.0693059 6.1732e-05
2.11031e+07 0.651924 0.771712 0.134052 5.82823e-05
1.76353e+07 0.583489 0.737986 0.119726 6.97431e-05
1.0115e+07 0.273167 0.871163 0.0165517 0.000121595
1.58876e+07 0.537615 0.724531 0.0527542 7.74151e-05
4.00371e+07 0.841652 0.672022 0.0887065 3.072e-05
2.11031e+07 0.651924 0.771712 0.134052 5.82823e-05
4.00371e+07 0.841652 0.672022 0.0887065 3.072e-05
2.14617e+07 0.658334 0.534868 0.119726 5.73085e-05
2.27578e+07 0.677308 0.758993 0.163335 5.40447e-05
1.34087e+07 0.452087 0.707106 0.0292834 9.17267e-05
1.58876e+07 0.537615 0.724531 0.0527542 7.74151e-05
9.85239e+06 0.254193 0.701154 0 0.000124837
1.12678e+07 0.348013 0.668046 0.0165517 0.000109155
1.76353e+07 0.583489 0.737986 0.119726 6.97431e-05
