1.08305e+07 0.50195 0.624631 0.10799 9.15891e-05
7.40428e+06 0.271245 0.681919 0.0434766 0.000133971
2.13619e+07 0.747841 0.467835 0.0914411 4.64358e-05
7.40428e+06 0.271245 0.681919 0.0434766 0.000133971
1.68208e+07 0.679576 0.535395 0.300791 5.89722e-05
1.62966e+07 0.669128 0.624631 0.161845 6.08691e-05
1.66238e+07 0.675815 0.501623 0.196391 5.9671e-05
2.33621e+07 0.769434 0.502336 0.161845 4.24602e-05
1.68208e+07 0.679576 0.535395 0.300791 5.89722e-05
2.33621e+07 0.769434 0.502336 0.161845 4.24602e-05
1.62966e+07 0.669128 0.624631 0.161845 6.08691e-05
1.66238e+07 0.675815 0.501623 0.196391 5.9671e-05
1.57584e+07 0.657983 0.500894 0.230387 6.29478e-05
3.22904e+07 1 0.560078 0.404013 3.072e-05
2.33621e+07 0.769434 0.502336 0.161845 4.24602e-05
3.21938e+07 0.832823 0.560078 0.350158 3.08122e-05
2.13619e+07 0.747841 0.467835 0.0914411 4.64358e-05
3.07796e+07 0.82516 0.500894 0.284242 3.22278e-05
2.87025e+07 0.92268 0.428285 0.161845 3.456e-05
1.86416e+07 0.710922 0.546895 0.229265 5.32122e-05
1.27019e+07 0.575508 0.522941 0.145902 7.80954e-05
2.12518e+07 0.746447 0.556712 0.304157 4.66765e-05
1.07503e+07 0.498189 0.691389 0.0538549 9.22726e-05
1.28166e+07 0.57927 0.556712 0.250302 7.73965e-05
1.03765e+07 0.480217 0.574922 0.150121 9.55964e-05
3.22904e+07 0.846754 0.535395 0.354646 3.072e-05
2.01469e+07 0.732516 0.581396 0.299669 4.92365e-05
6.97675e+06 0.226665 0.571556 0.0502646 0.000142181
1.52974e+07 0.647534 0.590131 0.0914411 6.48448e-05
2.85146e+07 0.811229 0.525578 0.279754 3.47878e-05
2.33621e+07 0.769434 0.502336 0.161845 4.24602e-05
2.13619e+07 0.747841 0.467835 0.0914411 4.64358e-05
1.34296e+07 0.598495 0.569093 0.0538549 7.38637e-05
1.28566e+07 0.580663 0.467835 0.0375862 7.71558e-05
1.08305e+07 0.50195 0.624631 0.10799 9.15891e-05
3.21938e+07 0.832823 0.560078 0.350158 3.08122e-05
1.08305e+07 0.50195 0.624631 0.10799 9.15891e-05
1.52974e+07 0.647534 0.590131 0.0914411 6.48448e-05
1.95838e+07 0.724854 0.522212 0.233753 5.06522e-05
1.68208e+07 0.679576 0.535395 0.300791 5.89722e-05
2.13619e+07 0.747841 0.467835 0.0914411 4.64358e-05
1.62966e+07 0.669128 0.624631 0.161845 6.08691e-05
1.70233e+07 0.683477 0.473854 0.21883 5.82707e-05
1.08305e+07 0.50195 0.624631 0.10799 9.15891e-05
2.02395e+07 0.733909 0.393785 0.0375862 4.90112e-05
7.9845e+06 0.324185 0.730164 0.0434766 0.000124236
1.28166e+07 0.57927 0.556712 0.250302 7.73965e-05
2.87025e+07 0.92268 0.428285 0.161845 3.456e-05
1.21904e+07 0.557676 0.522212 0.179898 8.13722e-05
2.33621e+07 0.769434 0.502336 0.161845 4.24602e-05
1.56351e+07 0.655196 0.550581 0.10799 6.34445e-05
1.68208e+07 0.679576 0.535395 0.300791 5.89722e-05
2.33621e+07 0.769434 0.502336 0.161845 4.24602e-05
1.57584e+07 0.657983 0.500894 0.230387 6.29478e-05
2.12518e+07 0.746447 0.556712 0.304157 4.66765e-05
1.34296e+07 0.598495 0.569093 0.0538549 7.38637e-05
1.62966e+07 0.669128 0.624631 0.161845 6.08691e-05
2.20262e+07 0.755503 0.428285 0.10799 4.50355e-05
1.57584e+07 0.657983 0.500894 0.230387 6.29478e-05
2.20262e+07 0.755503 0.428285 0.10799 4.50355e-05
1.28166e+07 0.57927 0.556712 0.250302 7.73965e-05
1.68208e+07 0.679576 0.535395 0.300791 5.89722e-05
9.60546e+06 0.438423 0.57421 0.0434766 0.00010327
1.62966e+07 0.669128 0.624631 0.161845 6.08691e-05
1.07503e+07 0.498189 0.691389 0.0538549 9.22726e-05
9.48485e+06 0.431318 0.569093 0 0.000104584
2.12518e+07 0.746447 0.556712 0.304157 4.66765e-05
