4.57921e+07 0.537522 0.729649 0 2.41489e-05
2.99093e+07 0.291449 0.804951 0 3.69728e-05
7.88898e+07 0.82897 0.628477 0.0469381 1.40174e-05
3.26186e+07 0.350786 0.571785 0 3.39018e-05
5.19189e+07 0.888307 0.39531 0.0469381 2.12992e-05
5.24533e+07 0.596858 0.496483 0 2.10822e-05
7.88898e+07 0.82897 0.628477 0.0469381 1.40174e-05
7.88898e+07 0.82897 0.628477 0.0469381 1.40174e-05
5.19189e+07 0.888307 0.39531 0.0469381 2.12992e-05
5.19189e+07 0.888307 0.39531 0.0469381 2.12992e-05
4.57921e+07 0.537522 0.729649 0 2.41489e-05
5.39956e+07 1 0.434933 0.223718 2.048e-05
7.88898e+07 0.82897 0.628477 0.0469381 1.40174e-05
7.88898e+07 0.82897 0.628477 0.0469381 1.40174e-05
5.19189e+07 0.888307 0.39531 0.0469381 2.12992e-05
7.88898e+07 0.82897 0.628477 0.0469381 1.40174e-05
5.19189e+07 0.888307 0.39531 0.0469381 2.12992e-05
7.88898e+07 0.82897 0.628477 0.0469381 1.40174e-05
5.19189e+07 0.888307 0.39531 0.0469381 2.12992e-05
4.57921e+07 0.537522 0.729649 0 2.41489e-05
4.57921e+07 0.537522 0.729649 0 2.41489e-05
4.57921e+07 0.537522 0.729649 0 2.41489e-05
5.24533e+07 0.596858 0.496483 0 2.10822e-05
4.57921e+07 0.537522 0.729649 0 2.41489e-05
2.99093e+07 0.291449 0.804951 0 3.69728e-05
5.19189e+07 0.888307 0.39531 0.0469381 2.12992e-05
4.57921e+07 0.537522 0.729649 0 2.41489e-05
2.12025e+07 0 1 0 5.21557e-05
4.57921e+07 0.537522 0.729649 0 2.41489e-05
5.19189e+07 0.888307 0.39531 0.0469381 2.12992e-05
5.19189e+07 0.888307 0.39531 0.0469381 2.12992e-05
5.19189e+07 0.888307 0.39531 0.0469381 2.12992e-05
7.88898e+07 0.82897 0.628477 0.0469381 1.40174e-05
5.39956e+07 1 0.434933 0.223718 2.048e-05
4.57921e+07 0.537522 0.729649 0 2.41489e-05
5.19189e+07 0.888307 0.39531 0.0469381 2.12992e-05
5.24533e+07 0.596858 0.496483 0 2.10822e-05
4.57921e+07 0.537522 0.729649 0 2.41489e-05
4.57921e+07 0.537522 0.729649 0 2.41489e-05
7.88898e+07 0.82897 0.628477 0.0469381 1.40174e-05
5.19189e+07 0.888307 0.39531 0.0469381 2.12992e-05
5.24533e+07 0.596858 0.496483 0 2.10822e-05
7.88898e+07 0.82897 0.628477 0.0469381 1.40174e-05
5.24533e+07 0.596858 0.496483 0 2.10822e-05
5.19189e+07 0.888307 0.39531 0.0469381 2.12992e-05
2.12025e+07 0 1 0 5.21557e-05
4.57921e+07 0.537522 0.729649 0 2.41489e-05
5.19189e+07 0.888307 0.39531 0.0469381 2.12992e-05
5.24533e+07 0.596858 0.496483 0 2.10822e-05
7.88898e+07 0.82897 0.628477 0.0469381 1.40174e-05
4.57921e+07 0.537522 0.729649 0 2.41489e-05
5.19189e+07 0.888307 0.39531 0.0469381 2.12992e-05
5.19189e+07 0.888307 0.39531 0.0469381 2.12992e-05
5.19189e+07 0.888307 0.39531 0.0469381 2.12992e-05
4.57921e+07 0.537522 0.729649 0 2.41489e-05
5.39956e+07 1 0.434933 0.223718 2.048e-05
4.57921e+07 0.537522 0.729649 0 2.41489e-05
5.19189e+07 0.888307 0.39531 0.0469381 2.12992e-05
7.88898e+07 0.82897 0.628477 0.0469381 1.40174e-05
5.19189e+07 0.888307 0.39531 0.0469381 2.12992e-05
4.57921e+07 0.537522 0.729649 0 2.41489e-05
5.19189e+07 0.888307 0.39531 0.0469381 2.12992e-05
3.26186e+07 0.350786 0.571785 0 3.39018e-05
4.57921e+07 0.537522 0.729649 0 2.41489e-05
5.99951e+07 0.649214 0.53763 0.0609585 1.8432e-05
5.39956e+07 1 0.434933 0.223718 2.048e-05
4.57921e+07 0.537522 0.729649 0 2.41489e-05
