4.84234e+07 0.96233 0.629034 0.259575 2.8416e-05
1.67762e+07 0.536656 0.418173 0.0895607 8.20209e-05
3.78521e+07 0.834541 0.558491 0.0619392 3.6352e-05
1.63334e+07 0.523906 0.52732 0.0895607 8.42445e-05
2.43636e+07 0.680962 0.573256 0.0831324 5.64777e-05
2.63811e+07 0.705593 0.431432 0.14005 5.21585e-05
9.51357e+06 0.181686 0.803134 0 0.000144635
2.63811e+07 0.705593 0.431432 0.14005 5.21585e-05
2.43636e+07 0.680962 0.573256 0.0831324 5.64777e-05
2.43636e+07 0.680962 0.573256 0.0831324 5.64777e-05
3.65646e+07 0.862649 0.505826 0.114939 3.7632e-05
9.67242e+06 0.195306 0.705236 0 0.00014226
3.73264e+07 0.853666 0.495547 0.118856 3.6864e-05
2.43636e+07 0.680962 0.573256 0.0831324 5.64777e-05
2.59061e+07 0.700087 0.510312 0.14005 5.31149e-05
2.43636e+07 0.680962 0.573256 0.0831324 5.64777e-05
2.31171e+07 0.663866 0.46816 0.0301326 5.95231e-05
2.31402e+07 0.664155 0.541683 0.0729878 5.94637e-05
2.43636e+07 0.680962 0.573256 0.0831324 5.64777e-05
2.27515e+07 0.65836 0.54704 0.0301326 6.04795e-05
9.51357e+06 0.181686 0.803134 0 0.000144635
2.59061e+07 0.700087 0.510312 0.14005 5.31149e-05
9.66501e+06 0.194726 0.6818 0 0.000142369
2.64112e+07 0.705882 0.504955 0.182905 5.20991e-05
2.4098e+07 0.677485 0.553268 0.0887237 5.71003e-05
2.43636e+07 0.680962 0.573256 0.0831324 5.64777e-05
2.59061e+07 0.700087 0.510312 0.14005 5.31149e-05
1.98125e+07 0.60794 0.325532 0.0997723 6.9451e-05
3.73264e+07 0.859461 0.49019 0.161712 3.6864e-05
2.27515e+07 0.65836 0.54704 0.0301326 6.04795e-05
2.43636e+07 0.680962 0.573256 0.0831324 5.64777e-05
2.27515e+07 0.65836 0.54704 0.0301326 6.04795e-05
9.59768e+06 0.188931 0.772867 0 0.000143368
2.4091e+07 0.677485 0.484097 0.0870497 5.71167e-05
3.65646e+07 0.869893 0.475559 0.114939 3.7632e-05
2.43636e+07 0.680962 0.573256 0.0831324 5.64777e-05
2.48098e+07 0.686757 0.567899 0.125988 5.54619e-05
2.27515e+07 0.65836 0.54704 0.0301326 6.04795e-05
2.45013e+07 0.68299 0.405216 0.0870497 5.61603e-05
2.59061e+07 0.700087 0.510312 0.14005 5.31149e-05
2.40391e+07 0.676905 0.432536 0.0729878 5.72401e-05
4.68206e+07 0.857143 0.584706 0.114939 2.93888e-05
9.87209e+06 0.211533 0.733795 0.0203562 0.000139383
3.44445e+07 0.774558 0.555444 0.164557 3.99483e-05
2.31402e+07 0.664155 0.541683 0.0729878 5.94637e-05
1.67188e+07 0.534917 0.540043 0.139782 8.23027e-05
2.59061e+07 0.700087 0.510312 0.14005 5.31149e-05
2.43636e+07 0.680962 0.573256 0.0831324 5.64777e-05
2.4091e+07 0.677485 0.484097 0.0870497 5.71167e-05
2.47833e+07 0.686468 0.494375 0.0831324 5.55213e-05
3.73264e+07 0.793683 0.4925 0.221474 3.6864e-05
4.68206e+07 0.857143 0.584706 0.114939 2.93888e-05
2.43636e+07 0.680962 0.573256 0.0831324 5.64777e-05
2.4091e+07 0.677485 0.484097 0.0870497 5.71167e-05
2.63811e+07 0.705593 0.431432 0.14005 5.21585e-05
9.51357e+06 0.181686 0.803134 0 0.000144635
4.84234e+07 0.950739 0.607607 0.21672 2.8416e-05
4.68206e+07 0.857143 0.584706 0.114939 2.93888e-05
2.27515e+07 0.65836 0.54704 0.0301326 6.04795e-05
2.48098e+07 0.686757 0.567899 0.125988 5.54619e-05
2.58462e+07 0.699507 0.458752 0.125988 5.3238e-05
3.36257e+07 0.769052 0.552899 0.123845 4.09211e-05
1.58798e+07 0.510287 0.511383 0.0326436 8.66509e-05
2.43636e+07 0.680962 0.573256 0.0831324 5.64777e-05
9.59768e+06 0.188931 0.772867 0 0.000143368
9.66501e+06 0.194726 0.6818 0 0.000142369
2.43636e+07 0.680962 0.573256 0.0831324 5.64777e-05
