2.74024e+07 0.542477 0.559605 0.0493439 5.33675e-05
2.36002e+07 0.468953 0.479937 0.0880341 6.19657e-05
6.02108e+07 0.882734 0.6277 0.0775149 2.4288e-05
2.26603e+07 0.446313 0.739442 0.164742 6.45357e-05
3.97861e+07 0.68491 0.683773 0.15189 3.67566e-05
6.52857e+07 0.827014 0.612493 0.225479 2.24e-05
3.56376e+07 0.647983 0.801278 0.129191 4.10353e-05
4.8411e+07 0.94395 0.568353 0.217226 3.0208e-05
3.97861e+07 0.68491 0.683773 0.15189 3.67566e-05
7.14062e+07 0.938125 0.683773 0.203566 2.048e-05
6.12869e+07 0.795692 0.662958 0.152697 2.38616e-05
3.81519e+07 0.671392 0.687249 0.12013 3.8331e-05
3.52215e+07 0.644137 0.585758 0.0645284 4.15201e-05
6.02108e+07 0.92142 0.607065 0.126859 2.4288e-05
7.14062e+07 0.952742 0.64183 0.242256 2.048e-05
3.77716e+07 0.668205 0.607065 0.0751822 3.87169e-05
6.3649e+07 0.907352 0.639453 0.171807 2.2976e-05
6.02108e+07 0.882734 0.6277 0.0775149 2.4288e-05
7.14062e+07 0.938125 0.683773 0.203566 2.048e-05
2.48824e+07 0.495879 0.680363 0 5.87726e-05
2.58408e+07 0.514342 0.853942 0.103353 5.65927e-05
6.33399e+07 0.802396 0.617786 0.139711 2.30881e-05
2.86486e+07 0.562479 0.591208 0.0516766 5.10461e-05
2.78132e+07 0.549181 0.617786 0.0880341 5.25793e-05
2.05989e+07 0.390922 0.683369 0.0386901 7.09939e-05
7.14062e+07 0.938125 0.683773 0.203566 2.048e-05
2.78132e+07 0.549181 0.617786 0.0880341 5.25793e-05
1.78341e+07 0.296626 0.604912 0.0386901 8.20004e-05
5.30117e+07 0.76371 0.638421 0.0903667 2.75864e-05
3.54353e+07 0.646225 0.636223 0.0684535 4.12696e-05
7.14062e+07 0.938125 0.683773 0.203566 2.048e-05
6.3649e+07 0.899439 0.636223 0.12013 2.2976e-05
3.90828e+07 0.679415 0.615252 0.0775149 3.7418e-05
3.69531e+07 0.660842 0.594281 0.107144 3.95745e-05
2.93999e+07 0.573909 0.476932 0.0493439 4.97417e-05
3.97861e+07 0.68491 0.683773 0.15189 3.67566e-05
2.79464e+07 0.551269 0.651206 0.0834361 5.23288e-05
4.9943e+07 0.749093 0.680363 0.0516766 2.92814e-05
5.48439e+07 0.771623 0.641651 0.142043 2.66648e-05
3.95009e+07 0.682822 0.565123 0.113872 3.70219e-05
4.26306e+07 0.938784 0.453426 0.12013 3.4304e-05
6.40349e+07 0.804484 0.651206 0.135113 2.28376e-05
2.34245e+07 0.464886 0.495929 0.0258383 6.24303e-05
2.84392e+07 0.559182 0.551082 0.0834361 5.14219e-05
3.54353e+07 0.646225 0.636223 0.0684535 4.12696e-05
1.84653e+07 0.320695 0.62622 0.0493439 7.91972e-05
2.78132e+07 0.549181 0.617786 0.0880341 5.25793e-05
7.14062e+07 0.938125 0.683773 0.203566 2.048e-05
2.65184e+07 0.527201 0.561714 0.0386901 5.51467e-05
6.02108e+07 0.929333 0.610295 0.178535 2.4288e-05
2.83013e+07 0.557094 0.517663 0.0880341 5.16725e-05
3.97861e+07 0.68491 0.683773 0.15189 3.67566e-05
7.14062e+07 0.938125 0.683773 0.203566 2.048e-05
3.69531e+07 0.660842 0.594281 0.107144 3.95745e-05
6.59733e+07 0.810309 0.621016 0.191387 2.21665e-05
3.74114e+07 0.664688 0.809802 0.171807 3.90897e-05
6.12869e+07 0.795692 0.662958 0.152697 2.38616e-05
3.97861e+07 0.68491 0.683773 0.15189 3.67566e-05
3.384e+07 0.62952 0.6277 0.0258383 4.32152e-05
3.97861e+07 0.68491 0.683773 0.15189 3.67566e-05
2.93999e+07 0.573909 0.476932 0.0493439 4.97417e-05
3.97861e+07 0.68491 0.683773 0.15189 3.67566e-05
4.08093e+07 0.692823 0.681261 0.177728 3.5835e-05
5.90078e+07 0.787779 0.659729 0.101021 2.47832e-05
2.76061e+07 0.545774 0.667915 0.0516766 5.29738e-05
2.25111e+07 0.442906 0.623775 0.0684535 6.49636e-05
5.90078e+07 0.787779 0.659729 0.101021 2.47832e-05
