1.46441e+07 0.264999 0.837281 0 8.27103e-05
1.57607e+07 0.317401 0.632325 0 7.68506e-05
5.91416e+07 0.832925 0.648868 0.0844344 2.048e-05
1.66187e+07 0.352801 0.5719 0.0543828 7.28828e-05
3.1674e+07 0.660853 0.508866 0.128686 3.82402e-05
2.55843e+07 0.579871 0.545118 0.0562896 4.73424e-05
4.84178e+07 0.890451 0.569292 0.130593 2.5016e-05
3.95939e+07 0.847398 0.525896 0.0844344 3.05911e-05
3.1674e+07 0.660853 0.508866 0.128686 3.82402e-05
5.84315e+07 0.868326 0.588443 0.138817 2.07289e-05
2.28962e+07 0.529998 0.837281 0.0562896 5.29005e-05
3.94277e+07 1 0.507651 0.345891 3.072e-05
2.98426e+07 0.639925 0.52269 0.112488 4.05869e-05
4.84178e+07 0.890451 0.569292 0.130593 2.5016e-05
3.91108e+07 0.882799 0.465471 0.138817 3.09689e-05
2.86968e+07 0.625452 0.569292 0.0743029 4.22075e-05
5.84315e+07 0.868326 0.588443 0.138817 2.07289e-05
4.84178e+07 0.890451 0.569292 0.130593 2.5016e-05
5.84315e+07 0.868326 0.588443 0.138817 2.07289e-05
1.58809e+07 0.322525 0.665388 0 7.6269e-05
2.60706e+07 0.587524 0.665388 0.0562896 4.64592e-05
2.70129e+07 0.601997 0.618787 0.094475 4.48386e-05
2.4745e+07 0.565398 0.66809 0.0562896 4.89481e-05
1.62257e+07 0.336998 0.618787 0.0381854 7.46484e-05
1.72098e+07 0.374927 0.629119 0.0843436 7.03795e-05
3.94277e+07 0.925852 0.508866 0.184975 3.072e-05
1.62257e+07 0.336998 0.618787 0.0381854 7.46484e-05
1.15991e+07 0.0719991 0.781505 0.0381854 0.000104423
2.36129e+07 0.544471 0.714309 0.0562896 5.12948e-05
3.1674e+07 0.660853 0.508866 0.128686 3.82402e-05
5.84315e+07 0.868326 0.588443 0.138817 2.07289e-05
5.84315e+07 0.868326 0.588443 0.138817 2.07289e-05
5.91416e+07 0.832925 0.648868 0.0844344 2.048e-05
3.33024e+07 0.677475 0.510857 0.205258 3.63703e-05
1.46441e+07 0.264999 0.837281 0 8.27103e-05
3.1674e+07 0.660853 0.508866 0.128686 3.82402e-05
1.5379e+07 0.300399 0.66809 0 7.87579e-05
2.28962e+07 0.529998 0.837281 0.0562896 5.29005e-05
2.70129e+07 0.601997 0.618787 0.094475 4.48386e-05
2.98426e+07 0.639925 0.52269 0.112488 4.05869e-05
5.84315e+07 0.868326 0.588443 0.138817 2.07289e-05
2.4745e+07 0.565398 0.66809 0.0562896 4.89481e-05
2.86968e+07 0.625452 0.569292 0.0743029 4.22075e-05
1.5379e+07 0.300399 0.66809 0 7.87579e-05
2.70988e+07 0.603327 0.588443 0.0825276 4.46964e-05
1.07673e+07 0 1 0 0.00011249
1.62257e+07 0.336998 0.618787 0.0381854 7.46484e-05
5.84315e+07 0.868326 0.588443 0.138817 2.07289e-05
1.71328e+07 0.372398 0.449596 0.0381854 7.0696e-05
5.91416e+07 0.832925 0.648868 0.0844344 2.048e-05
1.49341e+07 0.279472 0.714309 0 8.11046e-05
3.1674e+07 0.660853 0.508866 0.128686 3.82402e-05
5.84315e+07 0.868326 0.588443 0.138817 2.07289e-05
3.30758e+07 0.675326 0.462265 0.166871 3.66196e-05
2.70129e+07 0.601997 0.618787 0.094475 4.48386e-05
5.91416e+07 0.928001 0.633829 0.261548 2.048e-05
2.28962e+07 0.529998 0.837281 0.0562896 5.29005e-05
2.70988e+07 0.603327 0.588443 0.0825276 4.46964e-05
2.86968e+07 0.625452 0.569292 0.0743029 4.22075e-05
2.70988e+07 0.603327 0.588443 0.0825276 4.46964e-05
1.58809e+07 0.322525 0.665388 0 7.6269e-05
3.1674e+07 0.660853 0.508866 0.128686 3.82402e-05
2.70988e+07 0.603327 0.582293 0.0543828 4.46964e-05
2.28962e+07 0.529998 0.837281 0.0562896 5.29005e-05
2.62112e+07 0.589673 0.716431 0.0959018 4.621e-05
3.18943e+07 0.663002 0.633829 0.205258 3.79761e-05
2.60706e+07 0.587524 0.665388 0.0562896 4.64592e-05
