2.61214e+07 0.657491 0.457315 0.0711849 3.81004e-05
1.15028e+07 0.221069 0.688173 0 8.65207e-05
5.3777e+07 0.863621 0.573838 0.128317 1.85067e-05
1.15028e+07 0.221069 0.688173 0 8.65207e-05
1.66616e+07 0.462411 0.645913 0.0711849 5.97322e-05
3.1004e+07 0.711294 0.649931 0.199783 3.21002e-05
1.75762e+07 0.490225 0.819389 0.128598 5.6624e-05
3.1004e+07 0.711294 0.649931 0.199783 3.21002e-05
1.66616e+07 0.462411 0.645913 0.0711849 5.97322e-05
3.02158e+07 0.703752 0.645913 0.135484 3.29375e-05
4.85954e+07 0.904694 0.505027 0.224766 2.048e-05
1.732e+07 0.482683 0.81537 0.0642992 5.74614e-05
2.36943e+07 0.62228 0.573838 0.0640177 4.2003e-05
3.02158e+07 0.703752 0.645913 0.135484 3.29375e-05
3.02158e+07 0.703752 0.645913 0.135484 3.29375e-05
1.66616e+07 0.462411 0.645913 0.0711849 5.97322e-05
2.77873e+07 0.677764 0.72276 0.167634 3.58161e-05
3.81526e+07 0.765528 0.628385 0.143009 2.60856e-05
3.02158e+07 0.703752 0.645913 0.135484 3.29375e-05
1.56858e+07 0.42888 0.718742 0.0390352 6.34482e-05
1.75762e+07 0.490225 0.819389 0.128598 5.6624e-05
3.02158e+07 0.703752 0.645913 0.135484 3.29375e-05
1.75101e+07 0.488544 0.684519 0.0642992 5.68375e-05
1.66616e+07 0.462411 0.645913 0.0711849 5.97322e-05
1.4338e+07 0.375078 0.761284 0 6.94121e-05
3.02158e+07 0.703752 0.645913 0.135484 3.29375e-05
1.66616e+07 0.462411 0.645913 0.0711849 5.97322e-05
1.10308e+07 0.187539 0.825301 0 9.02232e-05
6.04686e+07 0.857761 0.654724 0.103334 1.64587e-05
1.56858e+07 0.42888 0.718742 0.0390352 6.34482e-05
3.02158e+07 0.703752 0.645913 0.135484 3.29375e-05
2.71525e+07 0.670222 0.718742 0.103334 3.66535e-05
1.75101e+07 0.488544 0.684519 0.0642992 5.68375e-05
1.56858e+07 0.42888 0.718742 0.0390352 6.34482e-05
2.55684e+07 0.649949 0.581895 0.0711849 3.89243e-05
1.66616e+07 0.462411 0.645913 0.0711849 5.97322e-05
2.0243e+07 0.557717 0.555556 0.11086 4.91643e-05
2.71525e+07 0.670222 0.718742 0.103334 3.66535e-05
2.77873e+07 0.677764 0.72276 0.167634 3.58161e-05
1.66616e+07 0.462411 0.645913 0.0711849 5.97322e-05
2.71525e+07 0.670222 0.718742 0.103334 3.66535e-05
5.3777e+07 0.891291 0.581895 0.135484 1.85067e-05
1.2357e+07 0.274872 0.742541 0.0321497 8.05401e-05
1.68946e+07 0.469953 0.521333 0.0711849 5.89083e-05
1.88205e+07 0.524187 0.628385 0.0787103 5.28803e-05
1.31036e+07 0.316376 0.597816 0.0396751 7.5951e-05
1.66616e+07 0.462411 0.645913 0.0711849 5.97322e-05
3.02158e+07 0.703752 0.645913 0.135484 3.29375e-05
1.56858e+07 0.42888 0.718742 0.0390352 6.34482e-05
3.1004e+07 0.711294 0.649931 0.199783 3.21002e-05
1.68946e+07 0.469953 0.521333 0.0711849 5.89083e-05
2.55684e+07 0.649949 0.581895 0.0711849 3.89243e-05
3.02158e+07 0.703752 0.645913 0.135484 3.29375e-05
1.56858e+07 0.42888 0.718742 0.0390352 6.34482e-05
3.1004e+07 0.711294 0.649931 0.199783 3.21002e-05
1.75762e+07 0.490225 0.819389 0.128598 5.6624e-05
5.3777e+07 0.898833 0.585913 0.199783 1.85067e-05
2.55684e+07 0.649949 0.581895 0.0711849 3.89243e-05
1.56858e+07 0.42888 0.718742 0.0390352 6.34482e-05
1.66616e+07 0.462411 0.645913 0.0711849 5.97322e-05
2.0243e+07 0.557717 0.555556 0.11086 4.91643e-05
1.66616e+07 0.462411 0.645913 0.0711849 5.97322e-05
1.68946e+07 0.469953 0.563593 0.0642992 5.89083e-05
3.07992e+07 0.709613 0.515061 0.135484 3.23136e-05
1.75101e+07 0.488544 0.684519 0.0642992 5.68375e-05
1.1812e+07 0.241342 0.81537 0 8.42561e-05
3.02158e+07 0.703752 0.645913 0.135484 3.29375e-05
