1.80243e+07 0.439358 0.805228 0.0397041 6.76926e-05
1.47302e+07 0.314892 0.529521 0.0282245 8.28306e-05
1.70782e+07 0.408222 0.844286 0.0220762 7.14426e-05
1.30644e+07 0.226482 0.741772 0 9.33917e-05
1.99979e+07 0.494842 0.752569 0.07496 6.10119e-05
1.84705e+07 0.453083 0.719812 0.0397041 6.60572e-05
1.4079e+07 0.282085 0.845972 0.0352559 8.66618e-05
1.84705e+07 0.453083 0.719812 0.0397041 6.60572e-05
2.02399e+07 0.500888 0.757273 0.0984805 6.02823e-05
1.80243e+07 0.439358 0.805228 0.0397041 6.76926e-05
1.80243e+07 0.439358 0.805228 0.0397041 6.76926e-05
1.43521e+07 0.29581 0.814508 0.0622322 8.50126e-05
1.93322e+07 0.47743 0.760164 0.0843084 6.31127e-05
5.95757e+07 0.886514 0.730221 0.10949 2.048e-05
1.84705e+07 0.453083 0.719812 0.0397041 6.60572e-05
5.95757e+07 0.886514 0.730221 0.10949 2.048e-05
1.72544e+07 0.414269 0.848991 0.0455966 7.0713e-05
1.88399e+07 0.463705 0.791627 0.0573321 6.47619e-05
5.16366e+07 0.83103 0.71382 0.0397041 2.36288e-05
5.88515e+07 0.878822 0.724962 0.160607 2.0732e-05
1.4079e+07 0.282085 0.845972 0.0352559 8.66618e-05
2.05535e+07 0.508567 0.721105 0.101936 5.93628e-05
1.44905e+07 0.302917 0.716585 0 8.42006e-05
2.05535e+07 0.508567 0.721105 0.101936 5.93628e-05
2.86569e+07 0.647805 0.698111 0.0747104 4.25764e-05
1.99979e+07 0.494842 0.752569 0.07496 6.10119e-05
4.12199e+07 0.900239 0.698757 0.136466 2.96e-05
1.50031e+07 0.327145 0.564822 0.0269763 8.13241e-05
1.74783e+07 0.421947 0.75887 0.0220762 6.98071e-05
5.95757e+07 0.861424 0.773983 0.115382 2.048e-05
1.82206e+07 0.445405 0.809932 0.0632246 6.6963e-05
1.72544e+07 0.414269 0.848991 0.0455966 7.0713e-05
1.44905e+07 0.302917 0.716585 0 8.42006e-05
1.76629e+07 0.427994 0.763574 0.0455966 6.90775e-05
2.10987e+07 0.521721 0.627886 0.0632246 5.78286e-05
5.95757e+07 0.886514 0.730221 0.10949 2.048e-05
1.80243e+07 0.439358 0.805228 0.0397041 6.76926e-05
1.70782e+07 0.408222 0.844286 0.0220762 7.14426e-05
1.93322e+07 0.47743 0.760164 0.0843084 6.31127e-05
2.10615e+07 0.52066 0.634451 0.101936 5.79309e-05
1.95826e+07 0.484538 0.66224 0.0220762 6.23057e-05
1.82206e+07 0.445405 0.809932 0.0632246 6.6963e-05
3.10619e+07 0.781209 0.602519 0.0874135 3.928e-05
1.82206e+07 0.445405 0.809932 0.0632246 6.6963e-05
5.0392e+07 0.799894 0.752879 0.0220762 2.42124e-05
2.99752e+07 0.680745 0.553735 0 4.0704e-05
2.05535e+07 0.508567 0.721105 0.101936 5.93628e-05
5.16366e+07 0.83103 0.71382 0.0397041 2.36288e-05
1.95583e+07 0.483477 0.764868 0.107829 6.23831e-05
1.84138e+07 0.451452 0.718574 0.0397041 6.62608e-05
3.94347e+07 0.844755 0.628404 0.0397041 3.094e-05
1.99979e+07 0.494842 0.752569 0.07496 6.10119e-05
1.80243e+07 0.439358 0.805228 0.0397041 6.76926e-05
1.93322e+07 0.47743 0.760164 0.0843084 6.31127e-05
2.05535e+07 0.508567 0.721105 0.101936 5.93628e-05
1.30713e+07 0.226601 0.898631 0 9.33425e-05
1.80243e+07 0.439358 0.805228 0.0397041 6.76926e-05
5.16366e+07 0.83103 0.71382 0.0397041 2.36288e-05
1.88399e+07 0.463705 0.791627 0.0573321 6.47619e-05
5.16366e+07 0.83103 0.71382 0.0397041 2.36288e-05
2.35168e+07 0.571158 0.570523 0.07496 5.18825e-05
1.99979e+07 0.494842 0.752569 0.07496 6.10119e-05
1.28397e+07 0.212757 0.827189 0 9.50267e-05
1.86227e+07 0.457499 0.760911 0.0820409 6.55175e-05
1.48739e+07 0.321058 0.681676 0.0470409 8.20305e-05
1.44905e+07 0.302917 0.716585 0 8.42006e-05
1.99979e+07 0.494842 0.752569 0.07496 6.10119e-05
