2.36125e+07 0.770372 0.580359 0.114866 4.22966e-05
1.02075e+07 0.467938 0.603359 0.101813 9.7842e-05
1.99423e+07 0.728073 0.537053 0.0236033 5.00809e-05
1.1619e+07 0.532606 0.630784 0.153216 8.59567e-05
3.15893e+07 0.846051 0.601246 0.241676 3.1616e-05
2.40079e+07 0.787933 0.519215 0.159824 4.16e-05
8.99123e+06 0.395674 0.7555 0.0941998 0.000111078
2.40079e+07 0.787933 0.519215 0.159824 4.16e-05
3.15893e+07 0.846051 0.601246 0.241676 3.1616e-05
2.36125e+07 0.770372 0.580359 0.114866 4.22966e-05
2.36125e+07 0.770372 0.580359 0.114866 4.22966e-05
9.2576e+06 0.413234 0.655391 0.119676 0.000107882
2.49682e+07 0.821312 0.547749 0.220848 4e-05
3.15893e+07 0.846051 0.601246 0.241676 3.1616e-05
2.40079e+07 0.787933 0.519215 0.159824 4.16e-05
3.15893e+07 0.846051 0.601246 0.241676 3.1616e-05
1.99423e+07 0.728073 0.537053 0.0236033 5.00809e-05
2.35395e+07 0.875472 0.50022 0.201049 4.24277e-05
2.36125e+07 0.770372 0.580359 0.114866 4.22966e-05
2.58448e+07 0.803752 0.55794 0.150413 3.86432e-05
8.99123e+06 0.395674 0.7555 0.0941998 0.000111078
2.49682e+07 0.863611 0.591056 0.312111 4e-05
8.04056e+06 0.324214 0.738137 0 0.000124211
2.4383e+07 0.932498 0.556785 0.363514 4.096e-05
1.08874e+07 0.501317 0.51231 0.103045 9.17321e-05
3.15893e+07 0.846051 0.601246 0.241676 3.1616e-05
2.49682e+07 0.863611 0.591056 0.312111 4e-05
1.09775e+07 0.505536 0.450615 0.103045 9.09793e-05
2.14658e+07 0.749853 0.414213 0.068562 4.65264e-05
2.58448e+07 0.803752 0.55794 0.150413 3.86432e-05
2.36125e+07 0.770372 0.580359 0.114866 4.22966e-05
1.99423e+07 0.728073 0.537053 0.0236033 5.00809e-05
7.99212e+06 0.319995 0.799833 0 0.000124964
2.13084e+07 0.745634 0.475909 0.068562 4.68701e-05
2.36125e+07 0.770372 0.580359 0.114866 4.22966e-05
3.15893e+07 0.846051 0.601246 0.241676 3.1616e-05
2.23954e+07 0.842093 0.457659 0.133012 4.45952e-05
2.6148e+07 0.792741 0.564477 0.0750061 3.81952e-05
2.4383e+07 0.88598 0.575174 0.272251 4.096e-05
2.49682e+07 0.863611 0.591056 0.312111 4e-05
2.02466e+07 0.732292 0.475357 0.0236033 4.93281e-05
2.36125e+07 0.770372 0.580359 0.114866 4.22966e-05
9.66606e+06 0.437973 0.685098 0.128608 0.000103323
2.36125e+07 0.770372 0.580359 0.114866 4.22966e-05
2.22591e+07 0.799794 0.414352 0.0417492 4.48683e-05
1.13602e+07 0.522097 0.541803 0.0749999 8.79147e-05
2.4383e+07 0.928279 0.61848 0.363514 4.096e-05
2.36125e+07 0.770372 0.580359 0.114866 4.22966e-05
2.4383e+07 0.88598 0.575174 0.272251 4.096e-05
2.36125e+07 0.770372 0.580359 0.114866 4.22966e-05
2.40079e+07 0.787933 0.519215 0.159824 4.16e-05
3.15893e+07 0.846051 0.601246 0.241676 3.1616e-05
2.36125e+07 0.770372 0.580359 0.114866 4.22966e-05
2.49682e+07 0.821312 0.547749 0.220848 4e-05
2.49682e+07 0.863611 0.591056 0.312111 4e-05
7.99212e+06 0.319995 0.799833 0 0.000124964
2.36125e+07 0.770372 0.580359 0.114866 4.22966e-05
2.36125e+07 0.770372 0.580359 0.114866 4.22966e-05
3.05983e+07 0.86842 0.585364 0.201816 3.264e-05
2.40403e+07 0.774591 0.518663 0.114866 4.15438e-05
2.49682e+07 0.917771 0.543526 0.292312 4e-05
3.15893e+07 0.846051 0.601246 0.241676 3.1616e-05
9.88313e+06 0.450377 0.664503 0.056854 0.000101054
2.36125e+07 0.770372 0.580359 0.114866 4.22966e-05
7.99212e+06 0.319995 0.799833 0 0.000124964
8.04056e+06 0.324214 0.738137 0 0.000124211
3.15893e+07 0.846051 0.601246 0.241676 3.1616e-05
