4.42067e+07 0.665432 0.733503 0.0365 3.35085e-05
3.61646e+07 1 0.50827 0.344981 4.096e-05
5.21291e+07 0.799953 0.667803 0 2.8416e-05
3.83201e+07 0.88555 0.597704 0.0927007 3.8656e-05
4.82194e+07 0.849918 0.651893 0.0365 3.072e-05
4.82194e+07 0.701064 0.679315 0.0927007 3.072e-05
1.81756e+07 0.184486 0.91839 0 8.14995e-05
3.83201e+07 0.88555 0.597704 0.0927007 3.8656e-05
4.82194e+07 0.849918 0.651893 0.0365 3.072e-05
4.82194e+07 0.849918 0.651893 0.0365 3.072e-05
4.42067e+07 0.665432 0.733503 0.0365 3.35085e-05
1.89952e+07 0.220118 0.7518 0 7.79827e-05
4.1056e+07 0.835585 0.613615 0.0562007 3.608e-05
4.82194e+07 0.849918 0.651893 0.0365 3.072e-05
3.83201e+07 0.88555 0.597704 0.0927007 3.8656e-05
4.82194e+07 0.849918 0.651893 0.0365 3.072e-05
5.21291e+07 0.799953 0.667803 0 2.8416e-05
5.21291e+07 0.799953 0.667803 0 2.8416e-05
4.82194e+07 0.849918 0.651893 0.0365 3.072e-05
4.10377e+07 0.639809 0.620634 0 3.60961e-05
1.48264e+07 0 1 0 9.99099e-05
4.82194e+07 0.701064 0.679315 0.0927007 3.072e-05
1.5883e+07 0.0673674 0.706203 0 9.32634e-05
4.82194e+07 0.701064 0.679315 0.0927007 3.072e-05
4.1056e+07 0.835585 0.613615 0.0562007 3.608e-05
4.82194e+07 0.849918 0.651893 0.0365 3.072e-05
4.82194e+07 0.701064 0.679315 0.0927007 3.072e-05
2.67344e+07 0.718466 0.401428 0.0562007 5.5408e-05
4.2384e+07 0.651099 0.695225 0.0562007 3.49495e-05
5.21291e+07 0.799953 0.667803 0 2.8416e-05
4.82194e+07 0.849918 0.651893 0.0365 3.072e-05
5.21291e+07 0.799953 0.667803 0 2.8416e-05
1.97877e+07 0.251854 0.624593 0 7.48595e-05
4.1056e+07 0.835585 0.613615 0.0562007 3.608e-05
3.82567e+07 0.75554 0.563207 0.18396 3.872e-05
4.82194e+07 0.849918 0.651893 0.0365 3.072e-05
4.42067e+07 0.665432 0.733503 0.0365 3.35085e-05
3.84839e+07 0.615467 0.749413 0 3.84914e-05
4.2384e+07 0.651099 0.695225 0.0562007 3.49495e-05
3.83201e+07 0.909892 0.593212 0.154844 3.8656e-05
2.67344e+07 0.86732 0.374006 0 5.5408e-05
4.42067e+07 0.665432 0.733503 0.0365 3.35085e-05
2.1193e+07 0.301819 0.535682 0 6.98956e-05
4.42067e+07 0.665432 0.733503 0.0365 3.35085e-05
5.21291e+07 0.799953 0.667803 0 2.8416e-05
3.02553e+07 0.732799 0.439706 0.0365 4.896e-05
4.82194e+07 0.701064 0.679315 0.0927007 3.072e-05
4.82194e+07 0.849918 0.651893 0.0365 3.072e-05
4.2384e+07 0.651099 0.695225 0.0562007 3.49495e-05
4.82194e+07 0.87426 0.6474 0.0986436 3.072e-05
4.82194e+07 0.701064 0.679315 0.0927007 3.072e-05
4.82194e+07 0.849918 0.651893 0.0365 3.072e-05
4.82194e+07 0.849918 0.651893 0.0365 3.072e-05
4.1056e+07 0.835585 0.613615 0.0562007 3.608e-05
4.82194e+07 0.701064 0.679315 0.0927007 3.072e-05
1.81756e+07 0.184486 0.91839 0 8.14995e-05
4.42067e+07 0.665432 0.733503 0.0365 3.35085e-05
4.82194e+07 0.849918 0.651893 0.0365 3.072e-05
5.21291e+07 0.799953 0.667803 0 2.8416e-05
4.82194e+07 0.849918 0.651893 0.0365 3.072e-05
3.02553e+07 0.732799 0.439706 0.0365 4.896e-05
4.82194e+07 0.849918 0.651893 0.0365 3.072e-05
4.82194e+07 0.849918 0.651893 0.0365 3.072e-05
4.76379e+07 0.689774 0.661626 0.0649513 3.1095e-05
1.63049e+07 0.0917094 0.662777 0.0426769 9.08502e-05
1.97877e+07 0.251854 0.624593 0 7.48595e-05
4.42067e+07 0.665432 0.733503 0.0365 3.35085e-05
