2.89163e+07 0.728396 0.558482 0.10202 4.3022e-05
1.30969e+07 0.399546 0.588666 0.0828579 9.49871e-05
4.20284e+07 0.854191 0.619095 0.0614482 2.96e-05
1.25111e+07 0.370964 0.720233 0.0828579 9.94352e-05
3.54061e+07 0.778268 0.599041 0.170292 3.51364e-05
4.04961e+07 0.915995 0.598131 0.198254 3.072e-05
1.88183e+07 0.58198 0.731916 0.0953112 6.6108e-05
4.04961e+07 0.915995 0.598131 0.198254 3.072e-05
3.26845e+07 0.759794 0.569114 0.125401 3.8062e-05
4.20284e+07 0.900458 0.628165 0.137985 2.96e-05
4.20284e+07 0.906008 0.630413 0.17395 2.96e-05
1.90136e+07 0.586416 0.648779 0.059346 6.5429e-05
2.84024e+07 0.723514 0.527763 0.0731673 4.38005e-05
4.04961e+07 0.937406 0.569114 0.161366 3.072e-05
4.04961e+07 0.910444 0.595883 0.162289 3.072e-05
3.26845e+07 0.759794 0.569114 0.125401 3.8062e-05
4.20284e+07 0.859742 0.621343 0.0974135 2.96e-05
3.80655e+07 0.89114 0.560045 0.0848289 3.26816e-05
4.20284e+07 0.900458 0.628165 0.137985 2.96e-05
2.74194e+07 0.713528 0.560045 0.0488636 4.53708e-05
1.96852e+07 0.600454 0.731916 0.125239 6.31968e-05
4.04961e+07 0.965867 0.56676 0.23056 3.072e-05
1.82038e+07 0.568063 0.657151 0.0359653 6.83397e-05
3.40303e+07 0.769781 0.536832 0.149704 3.65568e-05
1.23271e+07 0.361646 0.641317 0.0243036 0.000100919
4.04961e+07 0.937406 0.569114 0.161366 3.072e-05
3.40303e+07 0.769781 0.536832 0.149704 3.65568e-05
1.28947e+07 0.390228 0.50975 0.0243036 9.64767e-05
3.86905e+07 0.882652 0.526959 0.0857518 3.21536e-05
2.74194e+07 0.713528 0.560045 0.0488636 4.53708e-05
4.20284e+07 0.900458 0.628165 0.137985 2.96e-05
4.20284e+07 0.854191 0.619095 0.0614482 2.96e-05
1.82038e+07 0.568063 0.657151 0.0359653 6.83397e-05
2.507e+07 0.686566 0.586814 0.0497865 4.96228e-05
3.12259e+07 0.751428 0.496597 0.10202 3.984e-05
3.26845e+07 0.759794 0.569114 0.125401 3.8062e-05
2.83482e+07 0.722846 0.628165 0.10202 4.38843e-05
4.20284e+07 0.854191 0.619095 0.0614482 2.96e-05
3.77623e+07 0.906677 0.530011 0.145098 3.2944e-05
3.40303e+07 0.769781 0.536832 0.149704 3.65568e-05
2.99913e+07 0.882774 0.487528 0.0614482 4.148e-05
4.20284e+07 0.900458 0.628165 0.137985 2.96e-05
1.49336e+07 0.473666 0.490061 0.0413633 8.33048e-05
2.89163e+07 0.728396 0.558482 0.10202 4.3022e-05
2.43009e+07 0.676579 0.619095 0.0254829 5.11931e-05
1.28842e+07 0.38956 0.620947 0.0585543 9.65558e-05
3.40303e+07 0.769781 0.536832 0.149704 3.65568e-05
4.20284e+07 0.900458 0.628165 0.137985 2.96e-05
2.84024e+07 0.723514 0.527763 0.0731673 4.38005e-05
4.20284e+07 0.906008 0.630413 0.17395 2.96e-05
3.00118e+07 0.738383 0.5262 0.126323 4.14517e-05
3.26845e+07 0.759794 0.569114 0.125401 3.8062e-05
4.20284e+07 0.900458 0.628165 0.137985 2.96e-05
2.84024e+07 0.723514 0.527763 0.0731673 4.38005e-05
3.40303e+07 0.952943 0.53908 0.221635 3.65568e-05
1.72951e+07 0.545031 0.790966 0.0719305 7.19302e-05
4.20284e+07 0.906008 0.630413 0.17395 2.96e-05
2.83482e+07 0.722846 0.628165 0.10202 4.38843e-05
2.92993e+07 0.732002 0.560045 0.0787909 4.24597e-05
2.83482e+07 0.722846 0.628165 0.10202 4.38843e-05
2.83561e+07 0.788377 0.437546 0.125401 4.3872e-05
3.26845e+07 0.759794 0.569114 0.125401 3.8062e-05
1.79812e+07 0.562614 0.652905 0.109483 6.91856e-05
4.20284e+07 0.900458 0.628165 0.137985 2.96e-05
1.82038e+07 0.568063 0.657151 0.0359653 6.83397e-05
1.33045e+07 0.408925 0.597296 0 9.35055e-05
4.04961e+07 0.937406 0.569114 0.161366 3.072e-05
