1.57932e+07 0.593937 0.641885 0.0209063 7.25389e-05
1.05592e+07 0.392609 0.569382 0.0236122 0.000108495
3.53668e+07 0.851967 0.578861 0.109969 3.23925e-05
1.00387e+07 0.360669 0.699246 0.0236122 0.00011412
2.26786e+07 0.717355 0.663517 0.127828 5.05155e-05
2.76359e+07 0.768235 0.611746 0.0801435 4.1454e-05
1.68097e+07 0.618239 0.820389 0.142547 6.81523e-05
3.53668e+07 0.855489 0.575441 0.097956 3.23925e-05
2.26786e+07 0.717355 0.663517 0.127828 5.05155e-05
3.54491e+07 0.846514 0.60558 0.0743439 3.23173e-05
2.72186e+07 0.764713 0.615166 0.0921564 4.20897e-05
1.72084e+07 0.627214 0.743026 0.142547 6.65734e-05
2.38778e+07 0.731784 0.535409 0.15144 4.79785e-05
3.84608e+07 0.882678 0.663517 0.163453 2.97867e-05
3.53668e+07 0.855489 0.575441 0.097956 3.23925e-05
2.26786e+07 0.717355 0.663517 0.127828 5.05155e-05
3.54491e+07 0.846514 0.60558 0.0743439 3.23173e-05
4.84163e+07 0.953631 0.706824 0.263878 2.36619e-05
3.54491e+07 0.846514 0.60558 0.0743439 3.23173e-05
1.73348e+07 0.630102 0.641065 0.080637 6.60877e-05
1.36832e+07 0.530985 0.797938 0.0953558 8.37245e-05
3.27294e+07 0.8044 0.610927 0.139874 3.50028e-05
1.38296e+07 0.536387 0.609796 0.0856404 8.28384e-05
1.79686e+07 0.643251 0.607329 0.13303 6.37569e-05
1.06373e+07 0.396833 0.637722 0.0529905 0.000107699
3.84608e+07 0.882678 0.663517 0.163453 2.97867e-05
1.77632e+07 0.639077 0.610927 0.104249 6.4494e-05
9.80302e+06 0.345693 0.546214 0.0667827 0.000116864
2.81363e+07 0.772409 0.608149 0.108924 4.07169e-05
2.26786e+07 0.717355 0.663517 0.127828 5.05155e-05
3.54491e+07 0.846514 0.60558 0.0743439 3.23173e-05
3.54491e+07 0.846514 0.60558 0.0743439 3.23173e-05
1.68429e+07 0.619467 0.605869 0.0890627 6.80181e-05
2.06836e+07 0.690166 0.575441 0.062331 5.53878e-05
1.71243e+07 0.625877 0.512021 0.0209063 6.69003e-05
2.26786e+07 0.717355 0.663517 0.127828 5.05155e-05
1.9129e+07 0.664891 0.622848 0.0901591 5.98893e-05
2.66128e+07 0.75926 0.641885 0.0565313 4.30477e-05
3.27294e+07 0.8044 0.610927 0.139874 3.50028e-05
2.34173e+07 0.726331 0.633378 0.15144 4.89219e-05
2.86214e+07 0.882627 0.500898 0.117514 4.00267e-05
2.66128e+07 0.75926 0.641885 0.0565313 4.30477e-05
1.24528e+07 0.484856 0.690525 0.106922 9.19968e-05
1.57932e+07 0.593937 0.641885 0.0209063 7.25389e-05
2.58419e+07 0.752144 0.586543 0.107972 4.43318e-05
1.01417e+07 0.367333 0.681194 0.0836431 0.000112961
1.77632e+07 0.639077 0.610927 0.104249 6.4494e-05
3.54491e+07 0.846514 0.60558 0.0743439 3.23173e-05
1.77632e+07 0.639077 0.610927 0.104249 6.4494e-05
3.54491e+07 0.846514 0.60558 0.0743439 3.23173e-05
1.6148e+07 0.602913 0.611746 0.0445184 7.09452e-05
2.26786e+07 0.717355 0.663517 0.127828 5.05155e-05
3.54491e+07 0.846514 0.60558 0.0743439 3.23173e-05
2.34173e+07 0.726331 0.633378 0.15144 4.89219e-05
3.27294e+07 0.8044 0.610927 0.139874 3.50028e-05
1.53531e+07 0.582074 0.762452 0.0534376 7.46183e-05
2.66128e+07 0.75926 0.641885 0.0565313 4.30477e-05
2.01051e+07 0.681191 0.60558 0.0387188 5.69815e-05
2.26786e+07 0.717355 0.663517 0.127828 5.05155e-05
2.03686e+07 0.685365 0.601982 0.0674992 5.62443e-05
2.39838e+07 0.732995 0.583289 0.195452 4.77665e-05
2.26786e+07 0.717355 0.663517 0.127828 5.05155e-05
1.32821e+07 0.517016 0.658135 0 8.62531e-05
2.72186e+07 0.764713 0.615166 0.0921564 4.20897e-05
1.37078e+07 0.532214 0.642174 0.0712501 8.35744e-05
1.17224e+07 0.452865 0.60021 0.0322028 9.7729e-05
3.13041e+07 0.795425 0.641065 0.116262 3.65965e-05
