1.7253e+07 0.356755 0.705424 0.0251261 6.74752e-05
1.21933e+07 0.0895755 0.701343 0 9.54747e-05
2.59303e+07 0.572057 0.821197 0.100504 4.48954e-05
1.23982e+07 0.10457 0.728285 0.0246705 9.38969e-05
1.80686e+07 0.385958 0.637423 0.0497965 6.44293e-05
3.33204e+07 0.667345 0.637423 0.100049 3.49381e-05
2.53885e+07 0.562775 0.858886 0.0502521 4.58535e-05
3.06485e+07 0.638143 0.705424 0.0753782 3.7984e-05
1.80686e+07 0.385958 0.637423 0.0497965 6.44293e-05
3.33204e+07 0.667345 0.637423 0.100049 3.49381e-05
3.14415e+07 0.647424 0.667735 0.12563 3.70259e-05
3.14434e+07 0.647234 0.760907 0.13941 3.70237e-05
1.56469e+07 0.290669 0.720693 0 7.44014e-05
3.06485e+07 0.638143 0.705424 0.0753782 3.7984e-05
3.33204e+07 0.667345 0.637423 0.100049 3.49381e-05
1.7253e+07 0.356755 0.705424 0.0251261 6.74752e-05
2.71856e+07 0.591977 0.741544 0.0502521 4.28224e-05
2.58303e+07 0.570469 0.765449 0.0502521 4.50692e-05
3.33204e+07 0.667345 0.637423 0.100049 3.49381e-05
1.5451e+07 0.281387 0.858886 0 7.53447e-05
2.53885e+07 0.562775 0.858886 0.0502521 4.58535e-05
3.06485e+07 0.638143 0.705424 0.0753782 3.7984e-05
5.68433e+07 0.869375 0.612904 0.210845 2.048e-05
1.74559e+07 0.364449 0.611987 0.0251261 6.66909e-05
1.11076e+07 0 1 0 0.000104806
3.33204e+07 0.667345 0.637423 0.100049 3.49381e-05
1.7253e+07 0.356755 0.705424 0.0251261 6.74752e-05
1.51691e+07 0.268116 0.787301 0.0494669 7.67448e-05
2.58303e+07 0.570469 0.765449 0.0502521 4.50692e-05
1.60986e+07 0.31059 0.741544 0 7.23136e-05
3.33204e+07 0.667345 0.637423 0.100049 3.49381e-05
6.03534e+07 0.838191 0.686995 0.0846042 1.92889e-05
2.68061e+07 0.586264 0.726255 0.100504 4.34285e-05
1.75021e+07 0.365847 0.760907 0.0891578 6.65149e-05
1.76364e+07 0.370963 0.610482 0.0251261 6.60082e-05
1.80686e+07 0.385958 0.637423 0.0497965 6.44293e-05
1.82913e+07 0.393652 0.543986 0.0497965 6.3645e-05
2.53885e+07 0.562775 0.858886 0.0502521 4.58535e-05
2.53885e+07 0.562775 0.858886 0.0502521 4.58535e-05
1.7253e+07 0.356755 0.705424 0.0251261 6.74752e-05
2.87045e+07 0.613879 0.597135 0.0722374 4.05564e-05
3.33204e+07 0.667345 0.637423 0.100049 3.49381e-05
1.76364e+07 0.370963 0.610482 0.0251261 6.60082e-05
1.80686e+07 0.385958 0.637423 0.0497965 6.44293e-05
1.62752e+07 0.318284 0.648107 0 7.15293e-05
1.22961e+07 0.0972697 0.651877 0.0219853 9.46764e-05
1.7253e+07 0.356755 0.705424 0.0251261 6.74752e-05
3.33204e+07 0.667345 0.637423 0.100049 3.49381e-05
1.60986e+07 0.31059 0.741544 0 7.23136e-05
3.06485e+07 0.638143 0.705424 0.0753782 3.7984e-05
1.7253e+07 0.356755 0.705424 0.0251261 6.74752e-05
1.80686e+07 0.385958 0.637423 0.0497965 6.44293e-05
3.33204e+07 0.667345 0.637423 0.100049 3.49381e-05
1.60986e+07 0.31059 0.741544 0 7.23136e-05
3.06485e+07 0.638143 0.705424 0.0753782 3.7984e-05
3.14434e+07 0.647234 0.760907 0.13941 3.70237e-05
3.06485e+07 0.638143 0.705424 0.0753782 3.7984e-05
1.80686e+07 0.385958 0.637423 0.0497965 6.44293e-05
1.5451e+07 0.281387 0.858886 0 7.53447e-05
1.82913e+07 0.393652 0.543986 0.0497965 6.3645e-05
1.78525e+07 0.378657 0.561015 0.0471114 6.52092e-05
1.80686e+07 0.385958 0.637423 0.0497965 6.44293e-05
1.80686e+07 0.385958 0.62778 0.0246705 6.44293e-05
3.14415e+07 0.647424 0.667735 0.12563 3.70259e-05
3.09127e+07 0.641522 0.628979 0.131342 3.76593e-05
1.81194e+07 0.387749 0.616498 0.111143 6.42489e-05
3.06485e+07 0.638143 0.705424 0.0753782 3.7984e-05
