2.0454e+07 0.53827 0.503882 0.0293573 6.17206e-05
9.76746e+06 0.0316516 0.891583 0 0.000129249
4.98622e+07 0.843276 0.598268 0.110738 2.53184e-05
9.76746e+06 0.0316516 0.891583 0 0.000129249
2.45537e+07 0.615385 0.637253 0.179738 5.1415e-05
4.14183e+07 0.814502 0.503882 0.0915258 3.048e-05
5.14756e+07 0.939766 0.573628 0.299456 2.45248e-05
4.14183e+07 0.814502 0.503882 0.0915258 3.048e-05
2.28615e+07 0.586802 0.637253 0.128276 5.52207e-05
4.12451e+07 0.80587 0.499997 0.0293573 3.0608e-05
4.14183e+07 0.814502 0.503882 0.0915258 3.048e-05
5.1235e+07 0.831383 0.562619 0.0989191 2.464e-05
2.12401e+07 0.555151 0.686956 0.0989191 5.9436e-05
4.35009e+07 0.863035 0.512916 0.128276 2.90208e-05
4.12451e+07 0.80587 0.499997 0.0293573 3.0608e-05
2.46805e+07 0.617495 0.540547 0.128276 5.11508e-05
4.34252e+07 0.782851 0.553585 0.0621685 2.90714e-05
5.1235e+07 0.831383 0.562619 0.0989191 2.464e-05
4.12451e+07 0.80587 0.499997 0.0293573 3.0608e-05
2.12401e+07 0.555151 0.686956 0.0989191 5.9436e-05
5.20736e+07 0.968348 0.573628 0.350917 2.42432e-05
4.40301e+07 0.891617 0.512916 0.179738 2.8672e-05
4.177e+07 0.774218 0.549699 0 3.02234e-05
2.28615e+07 0.586802 0.637253 0.128276 5.52207e-05
1.00305e+07 0.0571648 0.815081 0 0.000125859
4.35009e+07 0.863035 0.512916 0.128276 2.90208e-05
2.28615e+07 0.586802 0.637253 0.128276 5.52207e-05
1.00305e+07 0.0571648 0.815081 0 0.000125859
3.92625e+07 0.802801 0.446776 0 3.21536e-05
2.12401e+07 0.555151 0.686956 0.0989191 5.9436e-05
4.12451e+07 0.80587 0.499997 0.0293573 3.0608e-05
4.177e+07 0.774218 0.549699 0 3.02234e-05
3.89639e+07 0.804911 0.452993 0 3.24e-05
1.8824e+07 0.497986 0.674036 0 6.70648e-05
2.00865e+07 0.529637 0.624334 0.0293573 6.28495e-05
2.28615e+07 0.586802 0.637253 0.128276 5.52207e-05
2.00865e+07 0.529637 0.624334 0.0293573 6.28495e-05
4.177e+07 0.774218 0.549699 0 3.02234e-05
5.1235e+07 0.840015 0.566504 0.161088 2.464e-05
2.28615e+07 0.586802 0.637253 0.128276 5.52207e-05
4.177e+07 0.774218 0.549699 0 3.02234e-05
4.12451e+07 0.80587 0.499997 0.0293573 3.0608e-05
2.28615e+07 0.586802 0.637253 0.128276 5.52207e-05
2.0454e+07 0.53827 0.503882 0.0293573 6.17206e-05
1.8824e+07 0.497986 0.674036 0 6.70648e-05
9.76746e+06 0.0316516 0.891583 0 0.000129249
2.28615e+07 0.586802 0.637253 0.128276 5.52207e-05
4.12451e+07 0.80587 0.499997 0.0293573 3.0608e-05
2.12401e+07 0.555151 0.686956 0.0989191 5.9436e-05
4.14183e+07 0.814502 0.503882 0.0915258 3.048e-05
2.0454e+07 0.53827 0.503882 0.0293573 6.17206e-05
2.28615e+07 0.586802 0.637253 0.128276 5.52207e-05
4.12451e+07 0.80587 0.499997 0.0293573 3.0608e-05
2.12401e+07 0.555151 0.686956 0.0989191 5.9436e-05
4.35009e+07 0.871667 0.516802 0.190445 2.90208e-05
4.34252e+07 0.782851 0.553585 0.0621685 2.90714e-05
4.14183e+07 0.814502 0.503882 0.0915258 3.048e-05
2.00865e+07 0.529637 0.624334 0.0293573 6.28495e-05
2.26932e+07 0.583733 0.686956 0.150381 5.56303e-05
2.00865e+07 0.529637 0.624334 0.0293573 6.28495e-05
2.28615e+07 0.586802 0.637253 0.128276 5.52207e-05
2.28615e+07 0.586802 0.637253 0.128276 5.52207e-05
1.44324e+07 0.345099 0.668208 0.0621685 8.74721e-05
4.12451e+07 0.80587 0.499997 0.0293573 3.0608e-05
4.177e+07 0.774218 0.549699 0 3.02234e-05
1.9951e+07 0.526568 0.571113 0 6.32765e-05
4.35009e+07 0.863035 0.512916 0.128276 2.90208e-05
