3.33616e+07 0.648397 0.515583 0 3.09338e-05
2.82429e+07 0.584548 0.520523 0.0414094 3.65402e-05
2.50745e+07 0.531778 0.63182 0 4.11574e-05
2.5934e+07 0.547376 0.590265 0.0414094 3.97932e-05
2.86282e+07 0.590087 0.559172 0.0464947 3.60483e-05
2.5934e+07 0.547376 0.590265 0.0414094 3.97932e-05
1.24776e+07 0.058309 0.834363 0 8.27085e-05
2.5934e+07 0.547376 0.590265 0.0414094 3.97932e-05
2.86282e+07 0.590087 0.559172 0.0464947 3.60483e-05
2.50745e+07 0.531778 0.63182 0 4.11574e-05
2.50745e+07 0.531778 0.63182 0 4.11574e-05
1.26868e+07 0.0739067 0.782637 0.036324 8.13441e-05
2.97636e+07 0.605685 0.590265 0.124228 3.46732e-05
2.86282e+07 0.590087 0.559172 0.0464947 3.60483e-05
2.5934e+07 0.547376 0.590265 0.0414094 3.97932e-05
2.86282e+07 0.590087 0.559172 0.0464947 3.60483e-05
2.50745e+07 0.531778 0.63182 0 4.11574e-05
2.91412e+07 0.597376 0.55336 0.0929895 3.54138e-05
2.50745e+07 0.531778 0.63182 0 4.11574e-05
2.86282e+07 0.590087 0.559172 0.0464947 3.60483e-05
1.24776e+07 0.058309 0.834363 0 8.27085e-05
2.97636e+07 0.605685 0.590265 0.124228 3.46732e-05
1.62649e+07 0.277697 0.800944 0.0523066 6.34496e-05
3.03184e+07 0.612974 0.584453 0.170723 3.40387e-05
2.97636e+07 0.605685 0.590265 0.124228 3.46732e-05
2.86282e+07 0.590087 0.559172 0.0464947 3.60483e-05
2.97636e+07 0.605685 0.590265 0.124228 3.46732e-05
5.03906e+07 1 0.580094 0.329096 2.048e-05
2.63543e+07 0.554665 0.584453 0.0879041 3.91587e-05
2.86282e+07 0.590087 0.559172 0.0464947 3.60483e-05
2.50745e+07 0.531778 0.63182 0 4.11574e-05
4.98568e+07 0.765015 0.496695 0 2.06993e-05
1.22052e+07 0.037172 0.930258 0 8.45542e-05
2.5934e+07 0.547376 0.590265 0.0414094 3.97932e-05
2.72264e+07 0.56895 0.562078 0 3.79043e-05
2.86282e+07 0.590087 0.559172 0.0464947 3.60483e-05
2.54671e+07 0.539067 0.626008 0.0464947 4.05228e-05
2.50745e+07 0.531778 0.63182 0 4.11574e-05
2.97636e+07 0.605685 0.590265 0.124228 3.46732e-05
2.97636e+07 0.605685 0.590265 0.124228 3.46732e-05
2.76981e+07 0.576239 0.602761 0.0697421 3.72588e-05
2.50745e+07 0.531778 0.63182 0 4.11574e-05
1.29885e+07 0.095481 0.76462 0 7.94547e-05
3.33616e+07 0.648397 0.515583 0 3.09338e-05
2.54671e+07 0.539067 0.626008 0.0464947 4.05228e-05
2.76981e+07 0.576239 0.602761 0.0697421 3.72588e-05
2.97636e+07 0.605685 0.590265 0.124228 3.46732e-05
2.50745e+07 0.531778 0.63182 0 4.11574e-05
2.97636e+07 0.605685 0.590265 0.124228 3.46732e-05
2.50745e+07 0.531778 0.63182 0 4.11574e-05
3.49006e+07 0.663994 0.474028 0.0414094 2.95697e-05
2.86282e+07 0.590087 0.559172 0.0464947 3.60483e-05
2.50745e+07 0.531778 0.63182 0 4.11574e-05
2.97636e+07 0.605685 0.590265 0.124228 3.46732e-05
2.97636e+07 0.605685 0.590265 0.124228 3.46732e-05
1.17529e+07 0 1 0 8.7808e-05
3.33616e+07 0.648397 0.515583 0 3.09338e-05
2.50745e+07 0.531778 0.63182 0 4.11574e-05
2.86282e+07 0.590087 0.559172 0.0464947 3.60483e-05
2.54671e+07 0.539067 0.626008 0.0464947 4.05228e-05
3.20997e+07 0.634548 0.530113 0.116237 3.21498e-05
3.99617e+07 0.706706 0.442935 0.0464947 2.58247e-05
2.50745e+07 0.531778 0.63182 0 4.11574e-05
2.50745e+07 0.531778 0.63182 0 4.11574e-05
1.22052e+07 0.037172 0.930258 0 8.45542e-05
1.22975e+07 0.0444606 0.877951 0.0232474 8.39194e-05
2.86282e+07 0.590087 0.559172 0.0464947 3.60483e-05
