1.78793e+07 0.70962 0.439903 0.185899 7.23518e-05
8.57754e+06 0.393951 0.568331 0.0710182 0.000150813
2.87979e+07 0.855792 0.443958 0.131577 4.492e-05
8.69279e+06 0.401931 0.623755 0.126442 0.000148813
2.709e+07 0.808333 0.652319 0.377284 4.77519e-05
2.32663e+07 0.776898 0.529863 0.247143 5.55998e-05
1.5346e+07 0.661358 0.652775 0.213257 8.42959e-05
3.01662e+07 0.896461 0.461708 0.260572 4.28825e-05
2.709e+07 0.808333 0.652319 0.377284 4.77519e-05
3.1582e+07 0.900579 0.514748 0.277855 4.096e-05
2.24646e+07 0.768919 0.536021 0.222511 5.75838e-05
1.55347e+07 0.665476 0.65655 0.205907 8.32719e-05
2.19612e+07 0.763546 0.581529 0.231007 5.89038e-05
4.21094e+07 0.923906 0.596895 0.360002 3.072e-05
3.1582e+07 0.900579 0.514748 0.277855 4.096e-05
2.60011e+07 0.800354 0.596895 0.32186 4.97518e-05
2.87979e+07 0.867632 0.4525 0.20051 4.492e-05
3.7301e+07 0.887098 0.581529 0.269148 3.468e-05
3.1582e+07 0.900579 0.514748 0.277855 4.096e-05
1.42757e+07 0.636004 0.594384 0.162216 9.06158e-05
1.1151e+07 0.533816 0.665631 0.144466 0.000116008
2.54928e+07 0.796364 0.60975 0.291211 5.07438e-05
1.05356e+07 0.506628 0.609026 0.0381413 0.000122784
1.58794e+07 0.672812 0.60975 0.253069 8.14638e-05
8.5013e+06 0.388449 0.593839 0.0693868 0.000152165
4.21094e+07 0.931885 0.652319 0.415426 3.072e-05
1.58794e+07 0.672812 0.60975 0.253069 8.14638e-05
7.70478e+06 0.325161 0.583641 0.0386578 0.000167896
1.9109e+07 0.72825 0.518272 0.0935156 6.76958e-05
2.27267e+07 0.771525 0.587687 0.261798 5.69198e-05
3.1582e+07 0.900579 0.514748 0.277855 4.096e-05
2.87979e+07 0.863771 0.450117 0.162369 4.492e-05
1.39013e+07 0.62619 0.590137 0.0762031 9.30558e-05
1.99828e+07 0.740219 0.450117 0.124227 6.47358e-05
1.44919e+07 0.641506 0.533637 0.146228 8.92638e-05
2.709e+07 0.808333 0.652319 0.377284 4.77519e-05
1.48213e+07 0.649485 0.527479 0.170861 8.72798e-05
1.9109e+07 0.72825 0.518272 0.0935156 6.76958e-05
2.19493e+07 0.763417 0.596768 0.238498 5.89358e-05
2.60011e+07 0.800354 0.596895 0.32186 4.97518e-05
2.87979e+07 0.863771 0.450117 0.162369 4.492e-05
2.28714e+07 0.773037 0.527479 0.209002 5.65598e-05
1.2106e+07 0.570753 0.523721 0.15681 0.000106856
1.83834e+07 0.7176 0.433745 0.210532 7.03678e-05
1.99828e+07 0.740219 0.450117 0.124227 6.47358e-05
7.08908e+06 0.266409 0.718768 0.0710182 0.000182478
1.58794e+07 0.672812 0.60975 0.253069 8.14638e-05
3.1582e+07 0.900579 0.514748 0.277855 4.096e-05
1.45926e+07 0.643983 0.53896 0.162216 8.86478e-05
3.01662e+07 0.896461 0.461708 0.260572 4.28825e-05
1.78793e+07 0.70962 0.439903 0.185899 7.23518e-05
2.709e+07 0.808333 0.652319 0.377284 4.77519e-05
3.1582e+07 0.900579 0.514748 0.277855 4.096e-05
2.27267e+07 0.771525 0.587687 0.261798 5.69198e-05
2.59843e+07 0.800225 0.612134 0.329352 4.97838e-05
1.43555e+07 0.638031 0.598679 0.145135 9.01118e-05
3.10844e+07 0.833172 0.516186 0.262181 4.16158e-05
2.32797e+07 0.777027 0.514748 0.239714 5.55678e-05
2.19612e+07 0.763546 0.581529 0.231007 5.89038e-05
2.32797e+07 0.777027 0.514748 0.239714 5.55678e-05
1.58794e+07 0.672812 0.60975 0.253069 8.14638e-05
4.06999e+07 0.872587 0.632483 0.416955 3.17838e-05
1.10424e+07 0.529344 0.549856 0.164584 0.000117149
2.20963e+07 0.765058 0.533637 0.184369 5.85438e-05
1.03694e+07 0.498649 0.66445 0.0381413 0.000124752
1.06214e+07 0.510618 0.596295 0.0688529 0.000121792
2.54928e+07 0.796364 0.60975 0.291211 5.07438e-05
