1.44241e+07 0.421459 0.748342 0.126588 7.58175e-05
1.25319e+07 0.334319 0.504633 0.053682 8.72656e-05
1.69102e+07 0.506767 0.57944 0.0412104 6.46711e-05
1.76255e+07 0.526848 0.515206 0.156003 6.20464e-05
2.09419e+07 0.601871 0.537033 0.242849 5.22205e-05
1.51231e+07 0.448478 0.502507 0.126588 7.23133e-05
1.34623e+07 0.38032 0.595549 0.0633918 8.12343e-05
1.84679e+07 0.548517 0.467876 0.126588 5.92164e-05
2.09419e+07 0.601871 0.537033 0.242849 5.22205e-05
1.85386e+07 0.550081 0.629121 0.179457 5.89905e-05
1.44241e+07 0.421459 0.748342 0.126588 7.58175e-05
1.40743e+07 0.407339 0.551247 0.164158 7.77021e-05
1.94449e+07 0.571285 0.432478 0.1525 5.6241e-05
4.05901e+07 0.794743 0.618424 0.281944 2.69425e-05
1.90708e+07 0.562808 0.478449 0.179457 5.73444e-05
4.05901e+07 0.794743 0.618424 0.281944 2.69425e-05
1.74143e+07 0.521058 0.590014 0.0940791 6.27991e-05
1.88874e+07 0.558558 0.487353 0.104602 5.79012e-05
3.43311e+07 0.757243 0.598466 0.210112 3.18545e-05
2.39194e+07 0.65139 0.647803 0.165912 4.57201e-05
1.13692e+07 0.265989 0.725343 0.0633918 9.61893e-05
1.62286e+07 0.485977 0.601379 0.237878 6.73873e-05
1.08169e+07 0.22849 0.722267 0 0.000101101
1.62286e+07 0.485977 0.601379 0.237878 6.73873e-05
1.91361e+07 0.56425 0.497808 0.139862 5.71485e-05
2.09419e+07 0.601871 0.537033 0.242849 5.22205e-05
5.33984e+07 0.871378 0.632034 0.34864 2.048e-05
1.10182e+07 0.242757 0.535638 0.0478981 9.92535e-05
1.40241e+07 0.405164 0.558564 0.0412104 7.79799e-05
3.78682e+07 0.780012 0.589891 0.249435 2.88791e-05
1.85386e+07 0.550081 0.629121 0.179457 5.89905e-05
1.74143e+07 0.521058 0.590014 0.0940791 6.27991e-05
1.24267e+07 0.328529 0.687636 0 8.80043e-05
1.7883e+07 0.533786 0.439343 0.0940791 6.1153e-05
1.44241e+07 0.421459 0.748342 0.126588 7.58175e-05
4.3621e+07 0.809034 0.628998 0.334813 2.50705e-05
1.47865e+07 0.43575 0.653178 0.126588 7.39595e-05
1.94318e+07 0.570675 0.709235 0.0906629 5.62789e-05
1.53604e+07 0.456955 0.562273 0.1525 7.11959e-05
2.08573e+07 0.600308 0.471585 0.237878 5.24324e-05
1.74143e+07 0.521058 0.590014 0.0940791 6.27991e-05
1.47865e+07 0.43575 0.653178 0.126588 7.39595e-05
2.1746e+07 0.616505 0.619255 0.187052 5.02897e-05
1.47865e+07 0.43575 0.653178 0.126588 7.39595e-05
3.06647e+07 0.728221 0.559359 0.124734 3.56631e-05
1.42486e+07 0.414423 0.693134 0.053682 7.67515e-05
2.48319e+07 0.664216 0.601379 0.287331 4.40401e-05
3.43311e+07 0.757243 0.598466 0.210112 3.18545e-05
1.5772e+07 0.471246 0.467109 0.1525 6.9338e-05
1.79684e+07 0.535789 0.618547 0.126588 6.08625e-05
2.32437e+07 0.641349 0.505706 0.126588 4.70493e-05
2.09419e+07 0.601871 0.537033 0.242849 5.22205e-05
3.06818e+07 0.728319 0.629121 0.228909 3.56433e-05
2.01144e+07 0.585577 0.443052 0.205369 5.4369e-05
1.62286e+07 0.485977 0.601379 0.237878 6.73873e-05
1.26967e+07 0.34282 0.69821 0.0528686 8.61323e-05
1.44241e+07 0.421459 0.748342 0.126588 7.58175e-05
3.43311e+07 0.757243 0.598466 0.210112 3.18545e-05
3.16491e+07 0.736796 0.487353 0.154055 3.4554e-05
3.43311e+07 0.757243 0.598466 0.210112 3.18545e-05
1.58384e+07 0.47325 0.656254 0.18998 6.90475e-05
2.09419e+07 0.601871 0.537033 0.242849 5.22205e-05
1.25644e+07 0.335882 0.665877 0.106551 8.70395e-05
1.44241e+07 0.421459 0.748342 0.126588 7.58175e-05
1.06217e+07 0.214198 0.817431 0 0.000102959
1.26967e+07 0.34282 0.69821 0.0528686 8.61323e-05
2.39298e+07 0.651488 0.656254 0.239433 4.57003e-05
