3.73516e+07 0.943428 0.361102 0.129885 3.072e-05
1.72761e+07 0.460899 0.579491 0.0524842 6.64179e-05
3.65893e+07 0.911814 0.320993 0.0455784 3.136e-05
1.72761e+07 0.460899 0.579491 0.0524842 6.64179e-05
4.63275e+07 1 0.487616 0.300596 2.4768e-05
3.73516e+07 0.943428 0.361102 0.129885 3.072e-05
2.02052e+07 0.539101 0.633108 0.110604 5.67894e-05
3.73516e+07 0.943428 0.361102 0.129885 3.072e-05
4.63275e+07 1 0.487616 0.300596 2.4768e-05
3.73516e+07 0.943428 0.361102 0.129885 3.072e-05
3.73516e+07 0.943428 0.361102 0.129885 3.072e-05
2.02052e+07 0.539101 0.633108 0.110604 5.67894e-05
4.15402e+07 0.968386 0.447507 0.21629 2.76224e-05
4.63275e+07 1 0.487616 0.300596 2.4768e-05
3.73516e+07 0.943428 0.361102 0.129885 3.072e-05
4.63275e+07 1 0.487616 0.300596 2.4768e-05
3.65893e+07 0.911814 0.320993 0.0455784 3.136e-05
4.15402e+07 0.968386 0.447507 0.21629 2.76224e-05
3.73516e+07 0.943428 0.361102 0.129885 3.072e-05
4.15402e+07 0.968386 0.447507 0.21629 2.76224e-05
2.02052e+07 0.539101 0.633108 0.110604 5.67894e-05
4.63275e+07 1 0.487616 0.300596 2.4768e-05
1.79983e+07 0.482529 0.62681 0 6.37526e-05
4.63275e+07 1 0.487616 0.300596 2.4768e-05
1.81107e+07 0.485857 0.508334 0.0601082 6.33569e-05
4.63275e+07 1 0.487616 0.300596 2.4768e-05
4.63275e+07 1 0.487616 0.300596 2.4768e-05
1.81107e+07 0.485857 0.508334 0.0601082 6.33569e-05
3.65893e+07 0.911814 0.320993 0.0455784 3.136e-05
4.15402e+07 0.968386 0.447507 0.21629 2.76224e-05
3.73516e+07 0.943428 0.361102 0.129885 3.072e-05
3.65893e+07 0.911814 0.320993 0.0455784 3.136e-05
1.79983e+07 0.482529 0.62681 0 6.37526e-05
3.65893e+07 0.911814 0.320993 0.0455784 3.136e-05
3.73516e+07 0.943428 0.361102 0.129885 3.072e-05
4.63275e+07 1 0.487616 0.300596 2.4768e-05
3.73516e+07 0.943428 0.361102 0.129885 3.072e-05
3.65893e+07 0.911814 0.320993 0.0455784 3.136e-05
4.15402e+07 0.968386 0.447507 0.21629 2.76224e-05
4.63275e+07 1 0.487616 0.300596 2.4768e-05
3.65893e+07 0.911814 0.320993 0.0455784 3.136e-05
3.73516e+07 0.943428 0.361102 0.129885 3.072e-05
2.16884e+07 0.570715 0.568248 0.142426 5.29057e-05
3.73516e+07 0.943428 0.361102 0.129885 3.072e-05
3.65893e+07 0.911814 0.320993 0.0455784 3.136e-05
1.72761e+07 0.460899 0.579491 0.0524842 6.64179e-05
4.63275e+07 1 0.487616 0.300596 2.4768e-05
3.73516e+07 0.943428 0.361102 0.129885 3.072e-05
4.15402e+07 0.968386 0.447507 0.21629 2.76224e-05
3.73516e+07 0.943428 0.361102 0.129885 3.072e-05
3.73516e+07 0.943428 0.361102 0.129885 3.072e-05
4.63275e+07 1 0.487616 0.300596 2.4768e-05
3.73516e+07 0.943428 0.361102 0.129885 3.072e-05
4.15402e+07 0.968386 0.447507 0.21629 2.76224e-05
4.63275e+07 1 0.487616 0.300596 2.4768e-05
1.79983e+07 0.482529 0.62681 0 6.37526e-05
3.73516e+07 0.943428 0.361102 0.129885 3.072e-05
3.73516e+07 0.943428 0.361102 0.129885 3.072e-05
4.15402e+07 0.968386 0.447507 0.21629 2.76224e-05
3.73516e+07 0.943428 0.361102 0.129885 3.072e-05
4.63275e+07 1 0.487616 0.300596 2.4768e-05
4.63275e+07 1 0.487616 0.300596 2.4768e-05
1.72761e+07 0.460899 0.579491 0.0524842 6.64179e-05
3.73516e+07 0.943428 0.361102 0.129885 3.072e-05
1.79983e+07 0.482529 0.62681 0 6.37526e-05
1.79983e+07 0.482529 0.62681 0 6.37526e-05
4.63275e+07 1 0.487616 0.300596 2.4768e-05
