2.6967e+07 0.733084 0.798751 0.0808451 3.91808e-05
9.96857e+06 0.277761 0.602962 0.0652502 0.000105992
3.11316e+07 0.769094 0.715771 0.0629915 3.39395e-05
9.44355e+06 0.237084 0.799687 0 0.000111885
1.84606e+07 0.610487 0.607861 0.148843 5.72349e-05
1.31842e+07 0.453647 0.785793 0.0448499 8.01408e-05
1.168e+07 0.383619 0.689786 0.0775983 9.04613e-05
1.31842e+07 0.453647 0.785793 0.0448499 8.01408e-05
1.64663e+07 0.56307 0.639625 0.116246 6.41666e-05
1.31842e+07 0.453647 0.785793 0.0448499 8.01408e-05
2.6967e+07 0.733084 0.798751 0.0808451 3.91808e-05
1.05921e+07 0.320102 0.722513 0.0357072 9.97531e-05
3.76371e+07 0.809116 0.729766 0.134388 2.80731e-05
1.62526e+07 0.557186 0.683278 0.116246 6.50104e-05
1.31842e+07 0.453647 0.785793 0.0448499 8.01408e-05
1.62526e+07 0.557186 0.683278 0.116246 6.50104e-05
1.26814e+07 0.432024 0.775669 0.0269963 8.33184e-05
1.53056e+07 0.529679 0.716808 0.0983927 6.90331e-05
1.31842e+07 0.453647 0.785793 0.0448499 8.01408e-05
1.58926e+07 0.54733 0.624119 0.117794 6.64831e-05
1.27784e+07 0.436919 0.614369 0.110195 8.26858e-05
1.84606e+07 0.610487 0.607861 0.148843 5.72349e-05
9.37103e+06 0.231179 0.808119 0 0.000112751
1.62526e+07 0.557186 0.683278 0.116246 6.50104e-05
1.76637e+07 0.592552 0.707953 0.0716843 5.98171e-05
1.62526e+07 0.557186 0.683278 0.116246 6.50104e-05
1.62526e+07 0.557186 0.683278 0.116246 6.50104e-05
1.07091e+07 0.327732 0.606708 0.0356892 9.86626e-05
2.98096e+07 0.758877 0.691669 0.0629915 3.54446e-05
1.54949e+07 0.535563 0.673155 0.0983927 6.81893e-05
1.33249e+07 0.459531 0.74214 0.0448499 7.92944e-05
1.26814e+07 0.432024 0.775669 0.0269963 8.33184e-05
9.37103e+06 0.231179 0.808119 0 0.000112751
1.26814e+07 0.432024 0.775669 0.0269963 8.33184e-05
3.09392e+07 0.767877 0.588008 0.116993 3.41505e-05
1.62526e+07 0.557186 0.683278 0.116246 6.50104e-05
1.31842e+07 0.453647 0.785793 0.0448499 8.01408e-05
1.25538e+07 0.42614 0.819322 0.0269963 8.41648e-05
1.53056e+07 0.529679 0.716808 0.0983927 6.90331e-05
1.66858e+07 0.568953 0.59544 0.116246 6.33229e-05
1.28779e+07 0.440756 0.731035 0.0269963 8.20467e-05
2.75625e+07 0.738967 0.755098 0.0808451 3.83344e-05
1.12864e+07 0.362225 0.600697 0.0535608 9.36159e-05
1.33249e+07 0.459531 0.74214 0.0448499 7.92944e-05
1.25538e+07 0.42614 0.819322 0.0269963 8.41648e-05
9.62578e+06 0.2517 0.7114 0 0.000109767
1.62526e+07 0.557186 0.683278 0.116246 6.50104e-05
1.31842e+07 0.453647 0.785793 0.0448499 8.01408e-05
1.54949e+07 0.535563 0.673155 0.0983927 6.81893e-05
1.34687e+07 0.465414 0.697954 0.0448499 7.8448e-05
1.31842e+07 0.453647 0.785793 0.0448499 8.01408e-05
3.66099e+07 0.836623 0.696237 0.152241 2.88608e-05
1.31842e+07 0.453647 0.785793 0.0448499 8.01408e-05
1.53056e+07 0.529679 0.716808 0.0983927 6.90331e-05
1.62526e+07 0.557186 0.683278 0.116246 6.50104e-05
9.19825e+06 0.216563 0.896406 0 0.000114869
2.6967e+07 0.733084 0.798751 0.0808451 3.91808e-05
2.6967e+07 0.733084 0.798751 0.0808451 3.91808e-05
1.72483e+07 0.582979 0.641391 0.13099 6.12575e-05
1.31842e+07 0.453647 0.785793 0.0448499 8.01408e-05
1.6799e+07 0.571802 0.594991 0.116246 6.28959e-05
1.62526e+07 0.557186 0.683278 0.116246 6.50104e-05
1.01473e+07 0.290385 0.659076 0 0.000104125
1.36184e+07 0.471298 0.693104 0.0642513 7.75856e-05
9.58971e+06 0.248829 0.773634 0.0485034 0.00011018
1.00637e+07 0.284479 0.667508 0 0.000104991
1.62526e+07 0.557186 0.683278 0.116246 6.50104e-05
