1.36417e+07 0.305423 0.815278 0 6.83393e-05
1.18216e+07 0.198698 0.682363 0 7.88612e-05
4.3077e+07 0.780477 0.705044 0.159681 2.16419e-05
1.12778e+07 0.159653 0.872346 0 8.26636e-05
1.77084e+07 0.465076 0.751497 0.0319361 5.26455e-05
2.43399e+07 0.610846 0.815278 0.0638724 3.8302e-05
4.55208e+07 0.812148 0.629559 0.0958085 2.048e-05
4.12358e+07 0.770499 0.751497 0.0958085 2.26082e-05
1.77084e+07 0.465076 0.751497 0.0319361 5.26455e-05
4.55208e+07 0.909327 0.685266 0.141172 2.048e-05
2.49699e+07 0.620824 0.768826 0.127745 3.73357e-05
4.12358e+07 0.770499 0.751497 0.0958085 2.26082e-05
1.80343e+07 0.475054 0.5773 0.0319361 5.16942e-05
4.12358e+07 0.770499 0.751497 0.0958085 2.26082e-05
4.12358e+07 0.770499 0.751497 0.0958085 2.26082e-05
1.91935e+07 0.506725 0.629559 0.0319361 4.8572e-05
4.12358e+07 0.770499 0.751497 0.0958085 2.26082e-05
4.12358e+07 0.770499 0.751497 0.0958085 2.26082e-05
4.12358e+07 0.770499 0.751497 0.0958085 2.26082e-05
1.36417e+07 0.305423 0.815278 0 6.83393e-05
2.72366e+07 0.652495 0.693341 0.0638724 3.42285e-05
2.43399e+07 0.610846 0.815278 0.0638724 3.8302e-05
2.78035e+07 0.65987 0.578842 0.127745 3.35306e-05
1.36417e+07 0.305423 0.815278 0 6.83393e-05
1.12778e+07 0.159653 0.872346 0 8.26636e-05
4.12358e+07 0.770499 0.751497 0.0958085 2.26082e-05
1.36417e+07 0.305423 0.815278 0 6.83393e-05
9.86124e+06 0.0390456 0.810016 0 9.45385e-05
2.43399e+07 0.610846 0.815278 0.0638724 3.8302e-05
1.77084e+07 0.465076 0.751497 0.0319361 5.26455e-05
4.12358e+07 0.770499 0.751497 0.0958085 2.26082e-05
4.12358e+07 0.770499 0.751497 0.0958085 2.26082e-05
3.03472e+07 1 0.532662 0.30793 3.072e-05
1.77084e+07 0.465076 0.751497 0.0319361 5.26455e-05
1.44463e+07 0.344469 0.625295 0 6.45332e-05
1.77084e+07 0.465076 0.751497 0.0319361 5.26455e-05
1.36417e+07 0.305423 0.815278 0 6.83393e-05
2.43399e+07 0.610846 0.815278 0.0638724 3.8302e-05
2.43399e+07 0.610846 0.815278 0.0638724 3.8302e-05
1.77084e+07 0.465076 0.751497 0.0319361 5.26455e-05
4.45918e+07 0.809545 0.561513 0.0958085 2.09067e-05
2.43399e+07 0.610846 0.815278 0.0638724 3.8302e-05
2.65009e+07 0.64295 0.631374 0.145346 3.51786e-05
1.36417e+07 0.305423 0.815278 0 6.83393e-05
1.77084e+07 0.465076 0.751497 0.0319361 5.26455e-05
9.86124e+06 0.0390456 0.810016 0 9.45385e-05
1.36417e+07 0.305423 0.815278 0 6.83393e-05
4.12358e+07 0.770499 0.751497 0.0958085 2.26082e-05
1.36417e+07 0.305423 0.815278 0 6.83393e-05
4.12358e+07 0.770499 0.751497 0.0958085 2.26082e-05
1.36417e+07 0.305423 0.815278 0 6.83393e-05
1.77084e+07 0.465076 0.751497 0.0319361 5.26455e-05
4.12358e+07 0.770499 0.751497 0.0958085 2.26082e-05
2.39027e+07 0.603904 0.685266 0.0773 3.90026e-05
2.43399e+07 0.610846 0.815278 0.0638724 3.8302e-05
4.55208e+07 0.909327 0.685266 0.141172 2.048e-05
2.43399e+07 0.610846 0.815278 0.0638724 3.8302e-05
1.77084e+07 0.465076 0.751497 0.0319361 5.26455e-05
1.77084e+07 0.465076 0.751497 0.0319361 5.26455e-05
1.77084e+07 0.465076 0.751497 0.0319361 5.26455e-05
1.44463e+07 0.344469 0.625295 0 6.45332e-05
1.77084e+07 0.465076 0.751497 0.0319361 5.26455e-05
1.77084e+07 0.465076 0.744601 0 5.26455e-05
2.49699e+07 0.620824 0.768826 0.127745 3.73357e-05
2.78035e+07 0.65987 0.578842 0.127745 3.35306e-05
1.90882e+07 0.504121 0.561513 0.0319361 4.88399e-05
2.43399e+07 0.610846 0.815278 0.0638724 3.8302e-05
