1.3456e+07 0.396456 0.6386 0.0565501 8.7366e-05
1.78952e+07 0.546554 0.417429 0.132818 6.56936e-05
1.59267e+07 0.49026 0.533238 0 7.38132e-05
3.82682e+07 1 0.564013 0.405985 3.072e-05
1.76417e+07 0.539817 0.605265 0.152983 6.66376e-05
1.43718e+07 0.43505 0.536482 0.175677 8.17988e-05
9.31307e+06 0.127432 0.870232 0 0.000126231
1.78952e+07 0.546554 0.417429 0.132818 6.56936e-05
1.76417e+07 0.539817 0.605265 0.152983 6.66376e-05
1.76417e+07 0.539817 0.605265 0.152983 6.66376e-05
1.3456e+07 0.396456 0.6386 0.0565501 8.7366e-05
9.7405e+06 0.166027 0.637008 0.0535738 0.000120692
1.66634e+07 0.512926 0.441835 0.0762683 7.055e-05
1.70484e+07 0.523888 0.508832 0.0565501 6.89568e-05
1.85501e+07 0.562483 0.513862 0.229251 6.33744e-05
1.70484e+07 0.523888 0.508832 0.0565501 6.89568e-05
1.64398e+07 0.506189 0.543953 0.0535738 7.15092e-05
1.59267e+07 0.49026 0.533238 0 7.38132e-05
1.76417e+07 0.539817 0.605265 0.152983 6.66376e-05
1.27474e+07 0.362828 0.663006 0 9.22224e-05
8.12768e+06 0 1 0 0.000144642
1.39781e+07 0.419121 0.547197 0.132818 8.41028e-05
8.2584e+06 0.015929 0.903567 0 0.000142352
1.64302e+07 0.505846 0.597348 0.221066 7.15512e-05
1.66634e+07 0.512926 0.441835 0.0762683 7.055e-05
1.76417e+07 0.539817 0.605265 0.152983 6.66376e-05
3.5236e+07 0.769914 0.547197 0.221305 3.33636e-05
1.3215e+07 0.385494 0.571603 0.0762683 8.89592e-05
1.3215e+07 0.385494 0.571603 0.0762683 8.89592e-05
1.64398e+07 0.506189 0.543953 0.0535738 7.15092e-05
1.76417e+07 0.539817 0.605265 0.152983 6.66376e-05
1.64398e+07 0.506189 0.543953 0.0535738 7.15092e-05
9.31307e+06 0.127432 0.870232 0 0.000126231
1.72259e+07 0.528855 0.45255 0.129842 6.8246e-05
1.3456e+07 0.396456 0.6386 0.0565501 8.7366e-05
1.76417e+07 0.539817 0.605265 0.152983 6.66376e-05
1.38205e+07 0.412385 0.627885 0.0994092 8.5062e-05
4.06124e+07 0.800345 0.615652 0.127982 2.89468e-05
1.53859e+07 0.472218 0.621754 0.164516 7.64076e-05
1.78952e+07 0.546554 0.417429 0.132818 6.56936e-05
1.64398e+07 0.506189 0.543953 0.0535738 7.15092e-05
1.38205e+07 0.412385 0.627885 0.0994092 8.5062e-05
9.68439e+06 0.16106 0.732726 0 0.000121391
1.38205e+07 0.412385 0.627885 0.0994092 8.5062e-05
1.64398e+07 0.506189 0.543953 0.0535738 7.15092e-05
1.3456e+07 0.396456 0.6386 0.0565501 8.7366e-05
3.82682e+07 0.856639 0.597348 0.309553 3.072e-05
1.76417e+07 0.539817 0.605265 0.152983 6.66376e-05
1.5861e+07 0.488147 0.525321 0.164516 7.41188e-05
1.70484e+07 0.523888 0.508832 0.0565501 6.89568e-05
1.39781e+07 0.419121 0.547197 0.132818 8.41028e-05
1.76417e+07 0.539817 0.605265 0.152983 6.66376e-05
3.88243e+07 0.89061 0.507761 0.192717 3.028e-05
1.72259e+07 0.528855 0.45255 0.129842 6.8246e-05
1.39781e+07 0.419121 0.547197 0.132818 8.41028e-05
9.48621e+06 0.143361 0.880947 0.0535738 0.000123927
1.3456e+07 0.396456 0.6386 0.0565501 8.7366e-05
1.76417e+07 0.539817 0.605265 0.152983 6.66376e-05
3.82682e+07 0.927777 0.485885 0.127982 3.072e-05
1.76417e+07 0.539817 0.605265 0.152983 6.66376e-05
1.3456e+07 0.396456 0.6386 0.0565501 8.7366e-05
1.76417e+07 0.539817 0.605265 0.152983 6.66376e-05
1.76417e+07 0.539817 0.605265 0.152983 6.66376e-05
1.3456e+07 0.396456 0.6386 0.0565501 8.7366e-05
8.12768e+06 0 1 0 0.000144642
9.48621e+06 0.143361 0.880947 0.0535738 0.000123927
3.20834e+07 0.747248 0.541096 0.0962841 3.6642e-05
