1.97337e+07 0.510886 0.558451 0.0417769 5.35479e-05
1.59128e+07 0.393363 0.526517 0 6.64057e-05
2.4696e+07 0.609154 0.643555 0.0739086 4.27883e-05
1.68086e+07 0.425729 0.540039 0.097956 6.28665e-05
3.43978e+07 0.744352 0.409424 0.236128 3.072e-05
2.11244e+07 0.543252 0.463133 0.0853129 5.00228e-05
1.78041e+07 0.457685 0.652372 0.0963948 5.93515e-05
2.75552e+07 0.649947 0.489255 0.0739086 3.83485e-05
3.88405e+07 0.751844 0.493858 0.320561 2.72061e-05
3.03568e+07 0.682313 0.502777 0.171865 3.48093e-05
1.97337e+07 0.510886 0.558451 0.0417769 5.35479e-05
1.89283e+07 0.49005 0.578822 0.150815 5.58263e-05
2.93378e+07 0.671193 0.550202 0.138172 3.60183e-05
3.52421e+07 0.960143 0.426978 0.200324 2.9984e-05
3.03568e+07 0.682313 0.502777 0.171865 3.48093e-05
3.52421e+07 0.960143 0.426978 0.200324 2.9984e-05
2.74968e+07 0.649011 0.654439 0.212762 3.84299e-05
2.93378e+07 0.671193 0.550202 0.138172 3.60183e-05
3.43978e+07 0.930469 0.409549 0.171865 3.072e-05
4.5425e+07 0.787779 0.659855 0.2151 2.32625e-05
1.41742e+07 0.318623 0.721568 0.0642632 7.45509e-05
2.25897e+07 0.572925 0.465097 0.10604 4.6778e-05
1.35806e+07 0.28895 0.632531 0 7.78097e-05
2.25897e+07 0.572925 0.465097 0.10604 4.6778e-05
2.8595e+07 0.662765 0.490013 0.0621524 3.6954e-05
3.43978e+07 0.744352 0.409424 0.236128 3.072e-05
5.15967e+07 0.821082 0.496174 0.168193 2.048e-05
1.33295e+07 0.275547 0.592396 0 7.92753e-05
1.82228e+07 0.470092 0.71275 0.0417769 5.79877e-05
5.15967e+07 0.959206 0.592162 0.339178 2.048e-05
3.11013e+07 0.689805 0.587211 0.256298 3.39761e-05
2.74968e+07 0.649011 0.654439 0.212762 3.84299e-05
1.59812e+07 0.395646 0.745725 0.0321316 6.61215e-05
2.74968e+07 0.649011 0.654439 0.212762 3.84299e-05
2.00403e+07 0.518378 0.567832 0.0886844 5.27287e-05
3.43978e+07 0.992508 0.4405 0.29828 3.072e-05
2.11244e+07 0.543252 0.463133 0.0853129 5.00228e-05
1.82228e+07 0.470092 0.71275 0.0417769 5.79877e-05
2.06315e+07 0.532132 0.619397 0.10604 5.12177e-05
3.34626e+07 0.711986 0.395902 0.138172 3.15786e-05
2.69133e+07 0.641519 0.570005 0.128329 3.92631e-05
2.14822e+07 0.550743 0.547567 0.169746 4.91895e-05
3.8044e+07 0.746635 0.529148 0.158547 2.77757e-05
2.14822e+07 0.550743 0.547567 0.169746 4.91895e-05
4.43842e+07 0.889676 0.476777 0.128329 2.3808e-05
1.94e+07 0.502458 0.566747 0 5.44691e-05
2.25897e+07 0.572925 0.465097 0.10604 4.6778e-05
3.43978e+07 0.930469 0.409549 0.171865 3.072e-05
2.25437e+07 0.571989 0.521441 0.190474 4.68733e-05
2.75552e+07 0.649947 0.489255 0.0739086 3.83485e-05
3.99872e+07 0.759042 0.465222 0.0417769 2.6426e-05
3.43978e+07 0.744352 0.409424 0.236128 3.072e-05
3.03568e+07 0.682313 0.502777 0.171865 3.48093e-05
3.25207e+07 0.703558 0.476652 0.192592 3.24932e-05
2.25897e+07 0.572925 0.465097 0.10604 4.6778e-05
1.68812e+07 0.428011 0.672176 0.0865516 6.25963e-05
1.97337e+07 0.510886 0.558451 0.0417769 5.35479e-05
3.43978e+07 0.930469 0.409549 0.171865 3.072e-05
2.93378e+07 0.671193 0.550202 0.138172 3.60183e-05
3.43978e+07 0.930469 0.409549 0.171865 3.072e-05
2.25897e+07 0.572925 0.465097 0.10604 4.6778e-05
3.43978e+07 0.744352 0.409424 0.236128 3.072e-05
1.68086e+07 0.425729 0.540039 0.097956 6.28665e-05
2.00403e+07 0.518378 0.567832 0.0886844 5.27287e-05
1.31242e+07 0.264076 0.730487 0 8.05157e-05
1.68812e+07 0.428011 0.672176 0.0865516 6.25963e-05
2.25897e+07 0.572925 0.465097 0.10604 4.6778e-05
