2.07891e+07 0.682781 0.624381 0.0925612 5.64013e-05
1.18854e+07 0.444961 0.48045 0.0366931 9.86528e-05
3.56609e+07 0.942879 0.5072 0.14753 3.288e-05
1.19486e+07 0.447737 0.609752 0.0793043 9.81312e-05
1.73922e+07 0.620775 0.589866 0.135172 6.7417e-05
2.12718e+07 0.689991 0.607858 0.138013 5.51213e-05
1.19995e+07 0.4499 0.765164 0.045452 9.77146e-05
3.00641e+07 0.780836 0.581344 0.138013 3.9001e-05
1.79397e+07 0.632365 0.606272 0.211873 6.53594e-05
3.19517e+07 0.793814 0.589866 0.180625 3.6697e-05
4.74915e+07 0.861407 0.639532 0.206949 2.46893e-05
1.22893e+07 0.462878 0.773687 0.0880633 9.54106e-05
2.86043e+07 0.769841 0.416296 0.0566257 4.09914e-05
3.00641e+07 0.780836 0.581344 0.138013 3.9001e-05
3.19517e+07 0.793814 0.589866 0.180625 3.6697e-05
1.68175e+07 0.607798 0.581344 0.0925612 6.9721e-05
3.03646e+07 0.783053 0.577154 0.197906 3.8615e-05
2.7283e+07 0.758485 0.552226 0.0785942 4.29766e-05
3.19517e+07 0.793814 0.589866 0.180625 3.6697e-05
1.32838e+07 0.503416 0.536484 0.102551 8.82675e-05
1.00973e+07 0.346077 0.868378 0.045452 0.000116124
2.04238e+07 0.677013 0.684558 0.138013 5.74099e-05
1.03894e+07 0.364642 0.759862 0.0909041 0.000112858
1.33046e+07 0.503974 0.684558 0.0925612 8.81299e-05
1.61358e+07 0.591215 0.557387 0 7.26664e-05
3.19517e+07 0.793814 0.589866 0.180625 3.6697e-05
1.33046e+07 0.503974 0.684558 0.0925612 8.81299e-05
9.54779e+06 0.308585 0.720778 0 0.000122806
3.95364e+07 0.833469 0.595264 0.0785942 2.9657e-05
1.69111e+07 0.610015 0.577154 0.152454 6.9335e-05
3.38496e+07 0.805404 0.606272 0.257325 3.46394e-05
3.03646e+07 0.783053 0.577154 0.197906 3.8615e-05
1.21207e+07 0.455488 0.733348 0.0909041 9.67379e-05
1.69111e+07 0.610015 0.577154 0.152454 6.9335e-05
2.15701e+07 0.694371 0.572609 0.135172 5.4359e-05
1.73922e+07 0.620775 0.589866 0.135172 6.7417e-05
1.36593e+07 0.516952 0.607858 0.0925612 8.58413e-05
1.91011e+07 0.654662 0.65544 0.0785942 6.13856e-05
1.91011e+07 0.654662 0.65544 0.0785942 6.13856e-05
1.72582e+07 0.618 0.460565 0.0925612 6.79405e-05
2.88285e+07 0.771463 0.560749 0.121205 4.06726e-05
4.07128e+07 0.880387 0.564086 0.214714 2.88e-05
9.41986e+06 0.299212 0.720896 0.022726 0.000124474
1.39947e+07 0.528542 0.624263 0.169262 8.37837e-05
1.64237e+07 0.598425 0.560749 0.0757534 7.13926e-05
9.86599e+06 0.330936 0.704443 0.0366931 0.000118846
1.33046e+07 0.503974 0.684558 0.0925612 8.81299e-05
3.19517e+07 0.793814 0.589866 0.180625 3.6697e-05
1.33607e+07 0.506192 0.595145 0.109842 8.77594e-05
3.15023e+07 0.791038 0.460565 0.138013 3.72205e-05
1.33046e+07 0.503974 0.684558 0.0925612 8.81299e-05
3.28547e+07 0.799582 0.52969 0.135172 3.56883e-05
3.19517e+07 0.793814 0.589866 0.180625 3.6697e-05
1.64237e+07 0.598425 0.560749 0.0757534 7.13926e-05
2.04238e+07 0.677013 0.684558 0.138013 5.74099e-05
1.22893e+07 0.462878 0.773687 0.0880633 9.54106e-05
4.5657e+07 0.855819 0.624381 0.138013 2.56813e-05
3.28547e+07 0.799582 0.52969 0.135172 3.56883e-05
1.59102e+07 0.585447 0.552226 0.0331421 7.36966e-05
1.73922e+07 0.620775 0.589866 0.135172 6.7417e-05
1.33046e+07 0.503974 0.684558 0.0925612 8.81299e-05
1.73922e+07 0.620775 0.589866 0.135172 6.7417e-05
1.73882e+07 0.620775 0.518848 0.0793043 6.74323e-05
2.23e+07 0.704393 0.580752 0.276358 5.25798e-05
1.0534e+07 0.373457 0.67935 0.141185 0.000111309
9.29616e+06 0.289839 0.773687 0.0426113 0.000126131
2.04238e+07 0.677013 0.684558 0.138013 5.74099e-05
