1.90726e+07 0.465568 0.703304 0.0482194 6.23576e-05
1.44486e+07 0.294991 0.502073 0 8.23138e-05
2.56983e+07 0.603437 0.748095 0.0269403 4.62801e-05
1.55019e+07 0.34232 0.720127 0.0694685 7.67207e-05
2.1133e+07 0.517725 0.70155 0.0907776 5.6278e-05
2.96153e+07 0.656186 0.595007 0.0798648 4.0159e-05
1.94215e+07 0.47512 0.753198 0.0742036 6.12373e-05
2.96153e+07 0.656186 0.595007 0.0798648 4.0159e-05
2.1133e+07 0.517725 0.70155 0.0907776 5.6278e-05
3.97566e+07 0.762057 0.578514 0.0482194 2.9915e-05
2.83999e+07 0.641266 0.703304 0.0798648 4.18776e-05
1.97742e+07 0.48455 0.707817 0.0750052 6.0145e-05
2.03971e+07 0.500308 0.704916 0.101946 5.83082e-05
3.32103e+07 0.693422 0.638259 0.0907776 3.58117e-05
2.91507e+07 0.650695 0.593029 0.0482194 4.0799e-05
2.1133e+07 0.517725 0.70155 0.0907776 5.6278e-05
2.60587e+07 0.608928 0.750073 0.0585858 4.56401e-05
3.00529e+07 0.661085 0.685029 0.0694985 3.95743e-05
2.79724e+07 0.635775 0.701326 0.0482194 4.25176e-05
1.98086e+07 0.485387 0.748319 0.0694985 6.00405e-05
1.94215e+07 0.47512 0.753198 0.0742036 6.12373e-05
3.48985e+07 0.708343 0.594856 0.123225 3.40794e-05
1.91576e+07 0.46826 0.634056 0 6.20808e-05
2.80091e+07 0.636252 0.69597 0.192693 4.2462e-05
1.38534e+07 0.264023 0.688342 0.0324471 8.58506e-05
3.32103e+07 0.693422 0.638259 0.0907776 3.58117e-05
2.18041e+07 0.532646 0.658147 0.123225 5.45457e-05
1.49874e+07 0.320301 0.508112 0.0324471 7.93546e-05
2.66894e+07 0.618358 0.639798 0.0269403 4.45615e-05
1.98086e+07 0.485387 0.748319 0.0694985 6.00405e-05
2.79724e+07 0.635775 0.701326 0.0482194 4.25176e-05
2.56983e+07 0.603437 0.748095 0.0269403 4.62801e-05
2.51071e+07 0.594543 0.622498 0.0556267 4.73698e-05
1.82894e+07 0.442661 0.703089 0.0269403 6.50278e-05
2.1056e+07 0.516356 0.584386 0.0482194 5.64836e-05
2.1133e+07 0.517725 0.70155 0.0907776 5.6278e-05
1.8883e+07 0.460078 0.764617 0.0482194 6.29838e-05
3.47651e+07 0.707044 0.705296 0.056098 3.42102e-05
4.73488e+07 0.785102 0.681426 0.203059 2.51183e-05
2.18041e+07 0.532646 0.658147 0.123225 5.45457e-05
2.98959e+07 0.659715 0.567864 0.0269403 3.9782e-05
2.79724e+07 0.635775 0.701326 0.0482194 4.25176e-05
2.07308e+07 0.50883 0.575953 0.119464 5.73698e-05
1.90726e+07 0.465568 0.703304 0.0482194 6.23576e-05
1.78185e+07 0.42774 0.811386 0.0269403 6.67463e-05
1.41542e+07 0.280071 0.61037 0 8.4026e-05
2.80091e+07 0.636252 0.69597 0.192693 4.2462e-05
2.79724e+07 0.635775 0.701326 0.0482194 4.25176e-05
2.57292e+07 0.603914 0.742739 0.171414 4.62245e-05
2.83999e+07 0.641266 0.703304 0.0798648 4.18776e-05
1.96131e+07 0.480489 0.595007 0.0482194 6.0639e-05
2.1133e+07 0.517725 0.70155 0.0907776 5.6278e-05
2.79724e+07 0.635775 0.701326 0.0482194 4.25176e-05
2.72679e+07 0.62659 0.653183 0.137485 4.36162e-05
3.55664e+07 0.713833 0.596834 0.15487 3.34394e-05
2.23293e+07 0.543755 0.693453 0.0316454 5.32628e-05
2.83999e+07 0.641266 0.703304 0.0798648 4.18776e-05
1.8883e+07 0.460078 0.764617 0.0482194 6.29838e-05
2.47927e+07 0.588994 0.705521 0.0986562 4.79706e-05
1.8883e+07 0.460078 0.764617 0.0482194 6.29838e-05
2.38906e+07 0.574003 0.52132 0.0907776 4.9782e-05
2.1133e+07 0.517725 0.70155 0.0907776 5.6278e-05
1.71345e+07 0.40498 0.729288 0.0316454 6.9411e-05
2.79724e+07 0.635775 0.701326 0.0482194 4.25176e-05
1.91576e+07 0.46826 0.634056 0 6.20808e-05
1.44085e+07 0.292563 0.697346 0 8.25428e-05
3.32103e+07 0.693422 0.638259 0.0907776 3.58117e-05
