1.71191e+07 0.540894 0.657116 0.0324543 6.83326e-05
1.51706e+07 0.482006 0.554526 0 7.71089e-05
4.72503e+07 0.846238 0.610507 0.101761 2.47573e-05
1.45297e+07 0.458991 0.640531 0.0379186 8.05103e-05
2.30488e+07 0.659186 0.618091 0.0934752 5.07528e-05
3.19361e+07 0.754233 0.588862 0.0786588 3.6629e-05
1.59043e+07 0.505539 0.819838 0.0693067 7.35518e-05
4.72503e+07 0.846238 0.610507 0.101761 2.47573e-05
2.30488e+07 0.659186 0.618091 0.0934752 5.07528e-05
4.89589e+07 0.859382 0.618091 0.13968 2.38933e-05
3.03304e+07 0.741089 0.657116 0.0786588 3.85683e-05
1.63384e+07 0.518683 0.827422 0.107225 7.15976e-05
2.21942e+07 0.646043 0.610507 0.0555566 5.27069e-05
4.72503e+07 0.846238 0.610507 0.101761 2.47573e-05
4.89589e+07 0.859382 0.618091 0.13968 2.38933e-05
2.21942e+07 0.646043 0.610507 0.0555566 5.27069e-05
4.89589e+07 0.859382 0.618091 0.13968 2.38933e-05
3.66292e+07 0.950697 0.575801 0.254628 3.1936e-05
4.89589e+07 0.859382 0.618091 0.13968 2.38933e-05
1.71191e+07 0.540894 0.657116 0.0324543 6.83326e-05
1.31176e+07 0.400391 0.866447 0.0462044 8.91774e-05
3.03304e+07 0.741089 0.657116 0.0786588 3.85683e-05
1.46168e+07 0.46232 0.614859 0.0928329 8.00303e-05
1.7592e+07 0.553521 0.543724 0.0748437 6.64955e-05
1.41854e+07 0.445847 0.632947 0 8.24645e-05
4.89589e+07 0.859382 0.618091 0.13968 2.38933e-05
1.71191e+07 0.540894 0.657116 0.0324543 6.83326e-05
1.28747e+07 0.389485 0.627204 0.0890178 9.08592e-05
3.18473e+07 0.753716 0.543724 0.121048 3.67312e-05
2.30488e+07 0.659186 0.618091 0.0934752 5.07528e-05
4.89589e+07 0.859382 0.618091 0.13968 2.38933e-05
4.89589e+07 0.859382 0.618091 0.13968 2.38933e-05
1.71528e+07 0.541698 0.741418 0.0693067 6.81981e-05
2.30488e+07 0.659186 0.618091 0.0934752 5.07528e-05
1.85743e+07 0.577053 0.578695 0.0324543 6.29789e-05
2.30488e+07 0.659186 0.618091 0.0934752 5.07528e-05
2.29875e+07 0.658497 0.554156 0.185321 5.08881e-05
3.03304e+07 0.741089 0.657116 0.0786588 3.85683e-05
3.03304e+07 0.741089 0.657116 0.0786588 3.85683e-05
2.21942e+07 0.646043 0.610507 0.0555566 5.27069e-05
3.80791e+07 0.908168 0.519535 0.228697 3.072e-05
3.19361e+07 0.754233 0.588862 0.0786588 3.6629e-05
1.19412e+07 0.341503 0.741418 0.0231023 9.79624e-05
1.76191e+07 0.554038 0.588862 0.0324543 6.63933e-05
3.31885e+07 0.763646 0.583384 0.246342 3.52468e-05
1.51548e+07 0.481317 0.70589 0.199496 7.71896e-05
1.71191e+07 0.540894 0.657116 0.0324543 6.83326e-05
4.89589e+07 0.859382 0.618091 0.13968 2.38933e-05
1.76191e+07 0.554038 0.588862 0.0324543 6.63933e-05
4.72503e+07 0.846238 0.610507 0.101761 2.47573e-05
1.71191e+07 0.540894 0.657116 0.0324543 6.83326e-05
2.30488e+07 0.659186 0.618091 0.0934752 5.07528e-05
4.89589e+07 0.859382 0.618091 0.13968 2.38933e-05
2.30488e+07 0.659186 0.618091 0.0934752 5.07528e-05
3.03304e+07 0.741089 0.657116 0.0786588 3.85683e-05
1.63384e+07 0.518683 0.827422 0.107225 7.15976e-05
3.03304e+07 0.741089 0.657116 0.0786588 3.85683e-05
2.30488e+07 0.659186 0.618091 0.0934752 5.07528e-05
2.21942e+07 0.646043 0.610507 0.0555566 5.27069e-05
2.3914e+07 0.671813 0.504699 0.135865 4.89165e-05
2.46575e+07 0.681513 0.637245 0.23195 4.74416e-05
2.30488e+07 0.659186 0.618091 0.0934752 5.07528e-05
2.3042e+07 0.659186 0.548122 0.0379186 5.07677e-05
3.03304e+07 0.741089 0.657116 0.0786588 3.85683e-05
1.39554e+07 0.43655 0.788026 0.0462044 8.38238e-05
1.24243e+07 0.367274 0.644088 0.107649 9.41533e-05
3.03304e+07 0.741089 0.657116 0.0786588 3.85683e-05
