5.98027e+07 0.867076 0.610345 0 2.332e-05
4.92444e+07 0.968396 0.446854 0.233559 2.832e-05
5.98027e+07 0.867076 0.610345 0 2.332e-05
5.98027e+07 0.867076 0.610345 0 2.332e-05
5.98027e+07 0.867076 0.610345 0 2.332e-05
5.98027e+07 0.867076 0.610345 0 2.332e-05
2.02553e+07 0 1 0 6.88512e-05
5.98027e+07 0.867076 0.610345 0 2.332e-05
5.98027e+07 0.883807 0.621125 0.0538983 2.332e-05
5.98027e+07 0.867076 0.610345 0 2.332e-05
5.98027e+07 0.867076 0.610345 0 2.332e-05
2.02553e+07 0 1 0 6.88512e-05
5.98027e+07 0.867076 0.610345 0 2.332e-05
5.98027e+07 0.867076 0.610345 0 2.332e-05
5.98027e+07 0.867076 0.610345 0 2.332e-05
5.98027e+07 0.867076 0.610345 0 2.332e-05
5.98027e+07 0.883807 0.621125 0.0538983 2.332e-05
5.98027e+07 0.867076 0.610345 0 2.332e-05
5.98027e+07 0.867076 0.610345 0 2.332e-05
5.41718e+07 0.917271 0.513329 0.0970169 2.5744e-05
2.02553e+07 0 1 0 6.88512e-05
5.98027e+07 0.867076 0.610345 0 2.332e-05
2.09883e+07 0.0353226 0.833514 0 6.64466e-05
5.98027e+07 0.867076 0.610345 0 2.332e-05
5.98027e+07 0.867076 0.610345 0 2.332e-05
5.98027e+07 0.867076 0.610345 0 2.332e-05
5.98027e+07 0.867076 0.610345 0 2.332e-05
4.95241e+07 0.902398 0.44386 0 2.816e-05
5.98027e+07 0.867076 0.610345 0 2.332e-05
5.98027e+07 0.883807 0.621125 0.0538983 2.332e-05
5.98027e+07 0.883807 0.621125 0.0538983 2.332e-05
5.98027e+07 0.883807 0.621125 0.0538983 2.332e-05
2.09883e+07 0.0353226 0.833514 0 6.64466e-05
5.98027e+07 0.883807 0.621125 0.0538983 2.332e-05
5.41718e+07 0.951664 0.522312 0.22278 2.5744e-05
5.98027e+07 0.867076 0.610345 0 2.332e-05
5.98027e+07 0.867076 0.610345 0 2.332e-05
5.98027e+07 0.867076 0.610345 0 2.332e-05
5.98027e+07 0.867076 0.610345 0 2.332e-05
4.89677e+07 0.900539 0.416312 0 2.848e-05
4.95241e+07 0.902398 0.44386 0 2.816e-05
5.98027e+07 0.883807 0.621125 0.0538983 2.332e-05
2.09883e+07 0.0353226 0.833514 0 6.64466e-05
5.98027e+07 0.883807 0.621125 0.0538983 2.332e-05
5.98027e+07 0.867076 0.610345 0 2.332e-05
4.95241e+07 0.902398 0.44386 0 2.816e-05
5.98027e+07 0.867076 0.610345 0 2.332e-05
5.98027e+07 0.867076 0.610345 0 2.332e-05
5.98027e+07 0.883807 0.621125 0.0538983 2.332e-05
4.89677e+07 0.900539 0.416312 0 2.848e-05
5.98027e+07 0.867076 0.610345 0 2.332e-05
5.98027e+07 0.867076 0.610345 0 2.332e-05
5.98027e+07 0.867076 0.610345 0 2.332e-05
5.98027e+07 0.867076 0.610345 0 2.332e-05
5.98027e+07 0.867076 0.610345 0 2.332e-05
2.02553e+07 0 1 0 6.88512e-05
5.98027e+07 0.867076 0.610345 0 2.332e-05
5.98027e+07 0.867076 0.610345 0 2.332e-05
5.98027e+07 0.867076 0.610345 0 2.332e-05
5.98027e+07 0.867076 0.610345 0 2.332e-05
4.95241e+07 0.902398 0.44386 0 2.816e-05
5.98027e+07 0.867076 0.610345 0 2.332e-05
5.98027e+07 0.867076 0.610345 0 2.332e-05
5.41718e+07 0.917271 0.513329 0.0970169 2.5744e-05
2.21334e+07 0.0855178 0.758057 0.107797 6.30088e-05
2.09883e+07 0.0353226 0.833514 0 6.64466e-05
5.45618e+07 0.881948 0.524108 0 2.556e-05
