2.19357e+07 0.646989 0.540511 0.0930212 4.60833e-05
1.67603e+07 0.53776 0.509675 0.0515388 6.03134e-05
2.92037e+07 0.735 0.502435 0.070847 3.46145e-05
1.72283e+07 0.550333 0.50163 0.0837191 5.8675e-05
3.30493e+07 0.779792 0.473523 0.154566 3.05867e-05
2.27444e+07 0.659562 0.532466 0.125202 4.44449e-05
1.19235e+07 0.349688 0.771256 0.0293645 8.47797e-05
3.32266e+07 0.767219 0.481568 0.122386 3.04235e-05
3.30493e+07 0.779792 0.473523 0.154566 3.05867e-05
3.30493e+07 0.779792 0.473523 0.154566 3.05867e-05
2.19357e+07 0.646989 0.540511 0.0930212 4.60833e-05
1.21563e+07 0.362261 0.69885 0.0293645 8.31563e-05
2.92037e+07 0.735 0.502435 0.070847 3.46145e-05
3.32266e+07 0.767219 0.481568 0.122386 3.04235e-05
3.30493e+07 0.779792 0.473523 0.154566 3.05867e-05
3.32266e+07 0.767219 0.481568 0.122386 3.04235e-05
3.06408e+07 0.747573 0.430029 0.070847 3.2991e-05
3.6596e+07 0.840479 0.468591 0.193128 2.76224e-05
3.30493e+07 0.779792 0.473523 0.154566 3.05867e-05
2.01071e+07 0.61477 0.561378 0.0414824 5.02742e-05
1.00645e+07 0.229458 0.830199 0 0.000100439
2.19357e+07 0.646989 0.540511 0.0930212 4.60833e-05
1.03119e+07 0.248236 0.649805 0 9.80299e-05
2.23238e+07 0.653193 0.534158 0.143839 4.52822e-05
1.56711e+07 0.505542 0.530542 0 6.45052e-05
3.30493e+07 0.779792 0.473523 0.154566 3.05867e-05
2.19357e+07 0.646989 0.540511 0.0930212 4.60833e-05
1.27393e+07 0.391516 0.641862 0.050818 7.93507e-05
2.04327e+07 0.620975 0.555025 0.0923004 4.94731e-05
3.06408e+07 0.747573 0.430029 0.070847 3.2991e-05
3.30493e+07 0.779792 0.473523 0.154566 3.05867e-05
3.06408e+07 0.747573 0.430029 0.070847 3.2991e-05
1.19235e+07 0.349688 0.771256 0.0293645 8.47797e-05
3.06408e+07 0.747573 0.430029 0.070847 3.2991e-05
2.19357e+07 0.646989 0.540511 0.0930212 4.60833e-05
3.30493e+07 0.779792 0.473523 0.154566 3.05867e-05
4.93589e+07 0.87977 0.61608 0.364941 2.048e-05
2.01071e+07 0.61477 0.561378 0.0414824 5.02742e-05
2.01071e+07 0.61477 0.561378 0.0414824 5.02742e-05
3.32266e+07 0.767219 0.481568 0.122386 3.04235e-05
3.14033e+07 0.753778 0.423677 0.121665 3.219e-05
2.27444e+07 0.659562 0.532466 0.125202 4.44449e-05
1.25412e+07 0.381907 0.647311 0.0293645 8.06037e-05
2.27444e+07 0.659562 0.532466 0.125202 4.44449e-05
3.29059e+07 0.853052 0.396185 0.193128 3.072e-05
1.62437e+07 0.523009 0.593503 0.17382 6.22316e-05
2.19357e+07 0.646989 0.540511 0.0930212 4.60833e-05
3.30493e+07 0.779792 0.473523 0.154566 3.05867e-05
2.07781e+07 0.627343 0.488972 0.0414824 4.86507e-05
3.32266e+07 0.767219 0.481568 0.122386 3.04235e-05
2.19357e+07 0.646989 0.540511 0.0930212 4.60833e-05
3.30493e+07 0.779792 0.473523 0.154566 3.05867e-05
3.30493e+07 0.779792 0.473523 0.154566 3.05867e-05
3.06408e+07 0.747573 0.430029 0.070847 3.2991e-05
2.19357e+07 0.646989 0.540511 0.0930212 4.60833e-05
1.21563e+07 0.362261 0.69885 0.0293645 8.31563e-05
2.19357e+07 0.646989 0.540511 0.0930212 4.60833e-05
3.30493e+07 0.779792 0.473523 0.154566 3.05867e-05
2.92037e+07 0.735 0.502435 0.070847 3.46145e-05
3.5388e+07 0.785996 0.46717 0.205384 2.85653e-05
3.12521e+07 0.752468 0.506667 0.215302 3.23457e-05
3.30493e+07 0.779792 0.473523 0.154566 3.05867e-05
1.72283e+07 0.550333 0.50163 0.0837191 5.8675e-05
2.19357e+07 0.646989 0.540511 0.0930212 4.60833e-05
1.00645e+07 0.229458 0.830199 0 0.000100439
1.22723e+07 0.368466 0.590862 0.0293645 8.23702e-05
2.19357e+07 0.646989 0.540511 0.0930212 4.60833e-05
