1.72587e+07 0.620728 0.543797 0.160231 7.16595e-05
1.08083e+07 0.394114 0.484398 0.0403052 0.000114426
1.88406e+07 0.652701 0.483817 0.0316684 6.56429e-05
1.09941e+07 0.404291 0.546583 0.10249 0.000112492
2.80142e+07 0.766602 0.519291 0.295748 4.41472e-05
1.45343e+07 0.549487 0.558997 0.143648 8.50918e-05
1.42805e+07 0.54143 0.636217 0.117553 8.66042e-05
2.32184e+07 0.718429 0.380825 0.11601 5.32659e-05
2.80142e+07 0.766602 0.519291 0.295748 4.41472e-05
2.40938e+07 0.728607 0.443011 0.178195 5.13306e-05
1.42136e+07 0.53931 0.565907 0.11601 8.70118e-05
1.46043e+07 0.551607 0.643126 0.1521 8.46842e-05
2.11557e+07 0.690696 0.560097 0.149221 5.84595e-05
3.06734e+07 0.908405 0.519015 0.295472 4.032e-05
2.40938e+07 0.728607 0.443011 0.178195 5.13306e-05
3.06734e+07 0.908405 0.519015 0.295472 4.032e-05
1.94083e+07 0.662878 0.490726 0.0662157 6.37229e-05
2.11557e+07 0.690696 0.560097 0.149221 5.84595e-05
2.95026e+07 0.880587 0.422374 0.198831 4.192e-05
1.94614e+07 0.663557 0.682902 0.149037 6.35488e-05
1.0275e+07 0.36231 0.738385 0.0760963 0.000120365
1.54896e+07 0.577305 0.559274 0.192106 7.98438e-05
9.84448e+06 0.334492 0.682832 0 0.000125629
1.54896e+07 0.577305 0.559274 0.192106 7.98438e-05
1.35996e+07 0.518361 0.661459 0.103366 9.09402e-05
2.80142e+07 0.766602 0.519291 0.295748 4.41472e-05
2.41686e+07 0.729285 0.57991 0.233379 5.11718e-05
8.95855e+06 0.26868 0.591167 0 0.000138052
1.24436e+07 0.473582 0.668898 0.0316684 9.93888e-05
4.02588e+07 0.852854 0.628916 0.245678 3.072e-05
2.40938e+07 0.728607 0.443011 0.178195 5.13306e-05
1.94083e+07 0.662878 0.490726 0.0662157 6.37229e-05
1.31867e+07 0.503435 0.559936 0 9.37875e-05
1.94083e+07 0.662878 0.490726 0.0662157 6.37229e-05
1.42136e+07 0.53931 0.565907 0.11601 8.70118e-05
4.02588e+07 0.918582 0.5812 0.357657 3.072e-05
1.45343e+07 0.549487 0.558997 0.143648 8.50918e-05
1.24436e+07 0.473582 0.668898 0.0316684 9.93888e-05
1.34107e+07 0.511577 0.662265 0.107765 9.22208e-05
2.68377e+07 0.756424 0.457106 0.233563 4.60826e-05
1.94083e+07 0.662878 0.490726 0.0662157 6.37229e-05
1.45343e+07 0.549487 0.558997 0.143648 8.50918e-05
2.71484e+07 0.759138 0.514524 0.223498 4.55552e-05
1.77338e+07 0.630905 0.536887 0.187868 6.97395e-05
3.52844e+07 0.814859 0.47009 0.086852 3.50509e-05
1.03479e+07 0.366975 0.607571 0.0403052 0.000119517
1.54896e+07 0.577305 0.559274 0.192106 7.98438e-05
2.95026e+07 0.880587 0.422374 0.198831 4.192e-05
1.36936e+07 0.521754 0.60008 0.107765 9.03162e-05
2.32184e+07 0.718429 0.380825 0.11601 5.32659e-05
2.87597e+07 0.772708 0.481888 0.160231 4.30029e-05
2.80142e+07 0.766602 0.519291 0.295748 4.41472e-05
2.40938e+07 0.728607 0.443011 0.178195 5.13306e-05
2.18741e+07 0.700874 0.567007 0.183769 5.65395e-05
1.54896e+07 0.577305 0.559274 0.192106 7.98438e-05
1.34623e+07 0.513612 0.566845 0.0345473 9.18675e-05
1.72587e+07 0.620728 0.543797 0.160231 7.16595e-05
2.95026e+07 0.880587 0.422374 0.198831 4.192e-05
2.11557e+07 0.690696 0.560097 0.149221 5.84595e-05
2.95026e+07 0.880587 0.422374 0.198831 4.192e-05
1.54896e+07 0.577305 0.559274 0.192106 7.98438e-05
3.26423e+07 0.84802 0.497181 0.339969 3.7888e-05
1.09941e+07 0.404291 0.546583 0.10249 0.000112492
1.42136e+07 0.53931 0.565907 0.11601 8.70118e-05
9.69746e+06 0.324315 0.745018 0 0.000127533
1.34623e+07 0.513612 0.566845 0.0345473 9.18675e-05
1.54896e+07 0.577305 0.559274 0.192106 7.98438e-05
