1.94211e+07 0.456208 0.790262 0.029109 5.67976e-05
1.64997e+07 0.360245 0.631814 0 6.68539e-05
2.54545e+07 0.585386 0.69698 0.029109 4.3335e-05
1.61218e+07 0.344813 0.783982 0.0376985 6.84209e-05
2.64845e+07 0.601533 0.70452 0.0668075 4.16496e-05
2.00101e+07 0.472355 0.722405 0.029109 5.51256e-05
1.71971e+07 0.385897 0.769037 0 6.41429e-05
2.54545e+07 0.585386 0.69698 0.029109 4.3335e-05
2.64845e+07 0.601533 0.70452 0.0668075 4.16496e-05
2.64845e+07 0.601533 0.70452 0.0668075 4.16496e-05
1.94211e+07 0.456208 0.790262 0.029109 5.67976e-05
1.94924e+07 0.458457 0.667585 0.0678573 5.65896e-05
2.54545e+07 0.585386 0.69698 0.029109 4.3335e-05
4.975e+07 0.788146 0.678045 0.0480442 2.21723e-05
2.64845e+07 0.601533 0.70452 0.0668075 4.16496e-05
4.975e+07 0.788146 0.678045 0.0480442 2.21723e-05
2.64845e+07 0.601533 0.70452 0.0668075 4.16496e-05
3.43503e+07 0.693101 0.596463 0.0823642 3.21124e-05
5.38426e+07 0.804293 0.685584 0.0857427 2.04869e-05
3.09432e+07 0.658968 0.733457 0.029109 3.56483e-05
1.42138e+07 0.25672 0.862319 0 7.76055e-05
1.94211e+07 0.456208 0.790262 0.029109 5.67976e-05
1.53169e+07 0.310782 0.607229 0.0189352 7.20165e-05
1.96428e+07 0.462545 0.709788 0.029109 5.61563e-05
2.25375e+07 0.531426 0.757508 0.0189352 4.89437e-05
2.64845e+07 0.601533 0.70452 0.0668075 4.16496e-05
3.09432e+07 0.658968 0.733457 0.029109 3.56483e-05
1.38471e+07 0.237404 0.682492 0.0189352 7.96606e-05
1.96428e+07 0.462545 0.709788 0.029109 5.61563e-05
5.38426e+07 0.804293 0.685584 0.0857427 2.04869e-05
2.64845e+07 0.601533 0.70452 0.0668075 4.16496e-05
2.64845e+07 0.601533 0.70452 0.0668075 4.16496e-05
1.81186e+07 0.417476 0.624408 0 6.08805e-05
3.08278e+07 0.657946 0.595528 0.0969664 3.57817e-05
2.06048e+07 0.487787 0.645633 0.029109 5.35346e-05
5.38426e+07 0.804293 0.685584 0.0857427 2.04869e-05
2.51251e+07 0.580071 0.621888 0.0823642 4.39031e-05
1.94211e+07 0.456208 0.790262 0.029109 5.67976e-05
1.94211e+07 0.456208 0.790262 0.029109 5.67976e-05
2.54545e+07 0.585386 0.69698 0.029109 4.3335e-05
2.92324e+07 0.639448 0.517287 0.0857427 3.77345e-05
2.00101e+07 0.472355 0.722405 0.029109 5.51256e-05
2.77727e+07 0.620236 0.605473 0.0189352 3.97178e-05
2.00101e+07 0.472355 0.722405 0.029109 5.51256e-05
5.38608e+07 0.912008 0.660808 0.176868 2.048e-05
2.30206e+07 0.541543 0.681385 0.110061 4.79166e-05
1.94211e+07 0.456208 0.790262 0.029109 5.67976e-05
5.38426e+07 0.804293 0.685584 0.0857427 2.04869e-05
2.00101e+07 0.472355 0.722405 0.029109 5.51256e-05
2.54545e+07 0.585386 0.69698 0.029109 4.3335e-05
3.09432e+07 0.658968 0.733457 0.029109 3.56483e-05
2.64845e+07 0.601533 0.70452 0.0668075 4.16496e-05
2.64845e+07 0.601533 0.70452 0.0668075 4.16496e-05
2.64845e+07 0.601533 0.70452 0.0668075 4.16496e-05
1.94211e+07 0.456208 0.790262 0.029109 5.67976e-05
1.94924e+07 0.458457 0.667585 0.0678573 5.65896e-05
1.94211e+07 0.456208 0.790262 0.029109 5.67976e-05
5.38426e+07 0.804293 0.685584 0.0857427 2.04869e-05
2.54545e+07 0.585386 0.69698 0.029109 4.3335e-05
5.56199e+07 0.810629 0.680851 0.123613 1.98323e-05
2.60778e+07 0.595503 0.582987 0.101299 4.22992e-05
2.64845e+07 0.601533 0.70452 0.0668075 4.16496e-05
1.61218e+07 0.344813 0.783982 0.0376985 6.84209e-05
1.94211e+07 0.456208 0.790262 0.029109 5.67976e-05
1.61056e+07 0.344712 0.548381 0 6.84898e-05
2.0941e+07 0.496372 0.480352 0.0867925 5.26751e-05
1.94211e+07 0.456208 0.790262 0.029109 5.67976e-05
