5.13982e+07 0.953936 0.577049 0.227645 2.2872e-05
2.58268e+07 0.546576 0.474351 0.0482312 4.55179e-05
5.02562e+07 0.767186 0.566832 0.037026 2.33917e-05
2.55534e+07 0.5414 0.56016 0.0482312 4.60048e-05
5.13982e+07 0.821492 0.527136 0.113735 2.2872e-05
3.82676e+07 0.830245 0.416785 0.113735 3.072e-05
1.64923e+07 0.288845 0.725618 0 7.12805e-05
4.844e+07 0.81389 0.491617 0.113735 2.42688e-05
5.62909e+07 0.82967 0.601967 0.188566 2.0884e-05
5.13982e+07 0.821492 0.527136 0.113735 2.2872e-05
4.844e+07 0.81389 0.491617 0.113735 2.42688e-05
1.66704e+07 0.296448 0.761137 0 7.05189e-05
5.02562e+07 0.767186 0.566832 0.037026 2.33917e-05
5.62909e+07 0.805137 0.601967 0.113735 2.0884e-05
5.13982e+07 0.821492 0.527136 0.113735 2.2872e-05
5.62909e+07 0.805137 0.601967 0.113735 2.0884e-05
4.70744e+07 0.800473 0.456481 0.111857 2.49728e-05
5.02562e+07 0.767186 0.566832 0.037026 2.33917e-05
5.13982e+07 0.821492 0.527136 0.113735 2.2872e-05
5.13982e+07 0.775364 0.575146 0.0785991 2.2872e-05
1.64923e+07 0.288845 0.725618 0 7.12805e-05
5.62909e+07 0.805137 0.601967 0.113735 2.0884e-05
1.71887e+07 0.317979 0.600496 0 6.83928e-05
5.62909e+07 0.805137 0.601967 0.113735 2.0884e-05
2.28592e+07 0.487094 0.656811 0 5.14269e-05
5.13982e+07 0.821492 0.527136 0.113735 2.2872e-05
5.62909e+07 0.805137 0.601967 0.113735 2.0884e-05
3.32961e+07 0.648671 0.353783 0 3.53068e-05
5.02562e+07 0.767186 0.566832 0.037026 2.33917e-05
5.13982e+07 0.79172 0.566832 0.111857 2.2872e-05
5.62909e+07 0.82967 0.601967 0.188566 2.0884e-05
5.13982e+07 0.79172 0.566832 0.111857 2.2872e-05
1.67904e+07 0.301623 0.675327 0 7.0015e-05
5.13982e+07 0.79172 0.566832 0.111857 2.2872e-05
4.1001e+07 0.834845 0.449641 0.155308 2.8672e-05
5.13982e+07 0.821492 0.527136 0.113735 2.2872e-05
5.13982e+07 0.821492 0.527136 0.113735 2.2872e-05
5.02562e+07 0.767186 0.566832 0.037026 2.33917e-05
4.70744e+07 0.775939 0.456481 0.037026 2.49728e-05
5.62909e+07 0.805137 0.601967 0.113735 2.0884e-05
3.63282e+07 0.805073 0.331359 0.037026 3.236e-05
5.62909e+07 0.82967 0.601967 0.188566 2.0884e-05
1.77522e+07 0.339573 0.614001 0.0284775 6.62215e-05
5.13982e+07 0.978469 0.577049 0.302476 2.2872e-05
4.70744e+07 0.783542 0.492 0.037026 2.49728e-05
2.58268e+07 0.546576 0.474351 0.0482312 4.55179e-05
5.62909e+07 0.805137 0.601967 0.113735 2.0884e-05
5.13982e+07 0.821492 0.527136 0.113735 2.2872e-05
5.13982e+07 0.79172 0.566832 0.111857 2.2872e-05
4.844e+07 0.81389 0.491617 0.113735 2.42688e-05
5.13982e+07 0.953936 0.577049 0.227645 2.2872e-05
5.13982e+07 0.821492 0.527136 0.113735 2.2872e-05
5.13982e+07 0.821492 0.527136 0.113735 2.2872e-05
4.70744e+07 0.783542 0.492 0.037026 2.49728e-05
4.844e+07 0.81389 0.491617 0.113735 2.42688e-05
1.68769e+07 0.305201 0.650786 0 6.96561e-05
5.13982e+07 0.953936 0.577049 0.227645 2.2872e-05
5.13982e+07 0.821492 0.527136 0.113735 2.2872e-05
5.02562e+07 0.767186 0.566832 0.037026 2.33917e-05
5.13982e+07 0.821492 0.527136 0.113735 2.2872e-05
3.82676e+07 0.826668 0.441326 0.113735 3.072e-05
4.70744e+07 0.961538 0.498658 0.17069 2.49728e-05
2.60351e+07 0.550153 0.44981 0.0482312 4.51536e-05
5.62909e+07 0.813315 0.610282 0.155308 2.0884e-05
1.69852e+07 0.309801 0.600496 0 6.9212e-05
1.71887e+07 0.317979 0.600496 0 6.83928e-05
5.62909e+07 0.805137 0.601967 0.113735 2.0884e-05
