3.20358e+07 0.687543 0.562011 0.137143 4.16909e-05
1.94604e+07 0.485398 0.508987 0.112252 6.86317e-05
5.88427e+07 0.843873 0.640436 0.0807252 2.26978e-05
1.9299e+07 0.480751 0.632357 0.13757 6.92057e-05
3.2564e+07 0.69251 0.647483 0.162462 4.10146e-05
4.38829e+07 0.935534 0.612419 0.289368 3.04356e-05
1.83913e+07 0.454784 0.865993 0.0947633 7.26215e-05
4.69547e+07 0.923571 0.618749 0.264049 2.84444e-05
3.2564e+07 0.69251 0.647483 0.162462 4.10146e-05
5.88427e+07 0.916403 0.647483 0.209843 2.26978e-05
5.88427e+07 0.911436 0.656774 0.231907 2.26978e-05
2.0863e+07 0.51974 0.669394 0.110678 6.40176e-05
2.7222e+07 0.632114 0.60241 0.065486 4.90633e-05
5.88427e+07 0.904439 0.653813 0.184525 2.26978e-05
4.38829e+07 0.928538 0.609458 0.241986 3.04356e-05
3.13466e+07 0.680546 0.653813 0.137143 4.26075e-05
5.75248e+07 0.862833 0.586431 0.128107 2.32178e-05
5.88427e+07 0.843873 0.640436 0.0807252 2.26978e-05
5.88427e+07 0.916403 0.647483 0.209843 2.26978e-05
2.6358e+07 0.619979 0.640436 0.0333435 5.06715e-05
1.83913e+07 0.454784 0.865993 0.0947633 7.26215e-05
4.69547e+07 0.916574 0.615787 0.216668 2.84444e-05
1.91365e+07 0.476361 0.676365 0.0473817 6.97934e-05
3.25761e+07 0.692681 0.615787 0.169286 4.09993e-05
1.69386e+07 0.408221 0.672692 0.0321425 7.88496e-05
5.88427e+07 0.916403 0.647483 0.209843 2.26978e-05
3.25761e+07 0.692681 0.615787 0.169286 4.09993e-05
1.7418e+07 0.424831 0.542991 0.0321425 7.66791e-05
5.50749e+07 0.856007 0.60241 0.112868 2.42506e-05
2.72052e+07 0.631943 0.58347 0.0333435 4.90935e-05
5.88427e+07 0.916403 0.647483 0.209843 2.26978e-05
4.85821e+07 0.855837 0.58347 0.0807252 2.74916e-05
1.87138e+07 0.464397 0.733331 0.0473817 7.13697e-05
3.24796e+07 0.691933 0.511083 0.128782 4.11213e-05
3.30355e+07 0.697156 0.524113 0.137143 4.04293e-05
3.2564e+07 0.69251 0.647483 0.162462 4.10146e-05
3.2564e+07 0.69251 0.647483 0.162462 4.10146e-05
5.88427e+07 0.843873 0.640436 0.0807252 2.26978e-05
5.50749e+07 0.863004 0.605372 0.160249 2.42506e-05
3.25761e+07 0.692681 0.615787 0.169286 4.09993e-05
3.99189e+07 0.872447 0.453769 0.0807252 3.34578e-05
5.88427e+07 0.916403 0.647483 0.209843 2.26978e-05
1.43384e+07 0.30107 0.58649 0.0236908 9.31487e-05
3.33084e+07 0.699506 0.555681 0.162462 4.0098e-05
2.72052e+07 0.631943 0.58347 0.0333435 4.90935e-05
1.90151e+07 0.473263 0.547012 0.0801091 7.02391e-05
3.25761e+07 0.692681 0.615787 0.169286 4.09993e-05
5.88427e+07 0.916403 0.647483 0.209843 2.26978e-05
2.81266e+07 0.644078 0.545444 0.065486 4.74854e-05
5.88427e+07 0.911436 0.656774 0.231907 2.26978e-05
3.33211e+07 0.699677 0.523986 0.169286 4.00827e-05
3.2564e+07 0.69251 0.647483 0.162462 4.10146e-05
5.88427e+07 0.916403 0.647483 0.209843 2.26978e-05
2.81266e+07 0.644078 0.545444 0.065486 4.74854e-05
4.69547e+07 0.923571 0.618749 0.264049 2.84444e-05
2.06448e+07 0.514602 0.71137 0.126411 6.46943e-05
5.88427e+07 0.911436 0.656774 0.231907 2.26978e-05
3.2564e+07 0.69251 0.647483 0.162462 4.10146e-05
2.6358e+07 0.619979 0.640436 0.0333435 5.06715e-05
3.2564e+07 0.69251 0.647483 0.162462 4.10146e-05
3.30355e+07 0.697156 0.524113 0.137143 4.04293e-05
3.2564e+07 0.69251 0.647483 0.162462 4.10146e-05
3.33084e+07 0.699506 0.578581 0.152809 4.0098e-05
5.88427e+07 0.904439 0.653813 0.184525 2.26978e-05
2.05352e+07 0.512252 0.572379 0.0473817 6.50396e-05
1.43218e+07 0.300323 0.578708 0.031648 9.32565e-05
5.88427e+07 0.904439 0.653813 0.184525 2.26978e-05
