1.58746e+07 0.528142 0.561506 0.0982363 7.56279e-05
1.18387e+07 0.367125 0.547985 0.0812778 0.00010141
1.43649e+07 0.478414 0.631702 0.0296554 8.35758e-05
3.50742e+07 0.786697 0.581156 0.271073 3.42291e-05
1.784e+07 0.580269 0.484413 0.173451 6.72961e-05
1.65978e+07 0.548769 0.511916 0.1626 7.23324e-05
9.52877e+06 0.213303 0.794488 0.0470972 0.000125993
1.62302e+07 0.538535 0.518945 0.134482 7.39708e-05
1.784e+07 0.580269 0.484413 0.173451 6.72961e-05
1.62261e+07 0.538375 0.554477 0.126354 7.39895e-05
1.58746e+07 0.528142 0.561506 0.0982363 7.56279e-05
9.78361e+06 0.23393 0.688113 0.0830681 0.000122711
1.59625e+07 0.5307 0.591019 0.148969 7.52115e-05
1.7416e+07 0.570035 0.491442 0.145334 6.89345e-05
1.65978e+07 0.548769 0.511916 0.1626 7.23324e-05
1.7416e+07 0.570035 0.491442 0.145334 6.89345e-05
1.46497e+07 0.488647 0.568437 0.0296554 8.19511e-05
1.56156e+07 0.520307 0.561638 0.0767526 7.68823e-05
1.62261e+07 0.538375 0.554477 0.126354 7.39895e-05
1.56156e+07 0.520307 0.561638 0.0767526 7.68823e-05
9.52877e+06 0.213303 0.794488 0.0470972 0.000125993
1.78486e+07 0.580429 0.520823 0.21755 6.72636e-05
9.16025e+06 0.181644 0.801287 0 0.000131062
2.16739e+07 0.654621 0.474034 0.249402 5.53921e-05
1.16951e+07 0.35929 0.572962 0.0722164 0.000102655
1.784e+07 0.580269 0.484413 0.173451 6.72961e-05
4.03414e+07 0.915574 0.520823 0.30388 2.976e-05
1.16951e+07 0.35929 0.572962 0.0722164 0.000102655
1.46555e+07 0.488807 0.589141 0.0659009 8.19187e-05
1.59527e+07 0.53054 0.498373 0.0767526 7.52577e-05
1.62261e+07 0.538375 0.554477 0.126354 7.39895e-05
1.46497e+07 0.488647 0.568437 0.0296554 8.19511e-05
9.04808e+06 0.17141 0.864552 0 0.000132687
1.49521e+07 0.499041 0.525876 0.0659009 8.0294e-05
1.58746e+07 0.528142 0.561506 0.0982363 7.56279e-05
1.784e+07 0.580269 0.484413 0.173451 6.72961e-05
1.62261e+07 0.538375 0.554477 0.126354 7.39895e-05
5.13938e+07 0.887752 0.58623 0.148497 2.336e-05
1.89542e+07 0.604893 0.544229 0.180821 6.33399e-05
1.78486e+07 0.580429 0.520823 0.21755 6.72636e-05
1.46497e+07 0.488647 0.568437 0.0296554 8.19511e-05
1.62261e+07 0.538375 0.554477 0.126354 7.39895e-05
1.01692e+07 0.263032 0.634228 0.0706458 0.000118059
1.62261e+07 0.538375 0.554477 0.126354 7.39895e-05
1.46497e+07 0.488647 0.568437 0.0296554 8.19511e-05
1.16483e+07 0.356732 0.590547 0.0450323 0.000103068
3.90807e+07 0.989767 0.561023 0.379227 3.072e-05
1.62261e+07 0.538375 0.554477 0.126354 7.39895e-05
1.94532e+07 0.615126 0.480964 0.180821 6.17153e-05
1.58746e+07 0.528142 0.561506 0.0982363 7.56279e-05
1.62302e+07 0.538535 0.518945 0.134482 7.39708e-05
1.784e+07 0.580269 0.484413 0.173451 6.72961e-05
3.90807e+07 0.873521 0.468806 0.169849 3.072e-05
1.63149e+07 0.540934 0.527754 0.148969 7.35868e-05
1.78486e+07 0.580429 0.520823 0.21755 6.72636e-05
9.16025e+06 0.181644 0.801287 0 0.000131062
1.58746e+07 0.528142 0.561506 0.0982363 7.56279e-05
1.62261e+07 0.538375 0.554477 0.126354 7.39895e-05
3.90807e+07 0.929645 0.516166 0.195594 3.072e-05
1.62261e+07 0.538375 0.554477 0.126354 7.39895e-05
1.7416e+07 0.570035 0.491442 0.145334 6.89345e-05
1.784e+07 0.580269 0.484413 0.173451 6.72961e-05
1.18364e+07 0.366965 0.583517 0.07315 0.000101429
1.58746e+07 0.528142 0.561506 0.0982363 7.56279e-05
9.04808e+06 0.17141 0.864552 0 0.000132687
9.16025e+06 0.181644 0.801287 0 0.000131062
3.44989e+07 0.905181 0.405771 0.188828 3.48e-05
