2.5264e+07 0.565561 0.515504 0.0449552 4.70234e-05
2.64144e+07 0.584518 0.544276 0.0449552 4.49754e-05
2.24993e+07 0.511848 0.6301 0 5.28015e-05
2.42177e+07 0.546603 0.609665 0.0449552 4.90551e-05
2.42177e+07 0.546603 0.609665 0.0449552 4.90551e-05
2.42177e+07 0.546603 0.609665 0.0449552 4.90551e-05
1.09967e+07 0 1 0 0.000108032
2.42177e+07 0.546603 0.609665 0.0449552 4.90551e-05
2.42177e+07 0.546603 0.609665 0.0449552 4.90551e-05
2.42177e+07 0.546603 0.609665 0.0449552 4.90551e-05
2.42177e+07 0.546603 0.609665 0.0449552 4.90551e-05
1.09967e+07 0 1 0 0.000108032
2.24993e+07 0.511848 0.6301 0 5.28015e-05
4.97211e+07 0.799368 0.58351 0.071111 2.38933e-05
2.42177e+07 0.546603 0.609665 0.0449552 4.90551e-05
4.97211e+07 0.799368 0.58351 0.071111 2.38933e-05
2.24993e+07 0.511848 0.6301 0 5.28015e-05
3.18467e+07 0.655608 0.482646 0.136337 3.73037e-05
4.97211e+07 0.799368 0.58351 0.071111 2.38933e-05
4.65677e+07 0.764613 0.551632 0 2.55112e-05
1.09967e+07 0 1 0 0.000108032
2.42177e+07 0.546603 0.609665 0.0449552 4.90551e-05
1.16348e+07 0.0552923 0.742365 0.0261558 0.000102108
2.51639e+07 0.563981 0.490656 0.107729 4.72105e-05
4.65677e+07 0.764613 0.551632 0 2.55112e-05
2.42177e+07 0.546603 0.609665 0.0449552 4.90551e-05
4.97211e+07 0.799368 0.58351 0.071111 2.38933e-05
2.53516e+07 0.567141 0.498013 0.0889298 4.6861e-05
2.33138e+07 0.529226 0.511091 0.062774 5.0957e-05
4.65677e+07 0.764613 0.551632 0 2.55112e-05
2.42177e+07 0.546603 0.609665 0.0449552 4.90551e-05
2.24993e+07 0.511848 0.6301 0 5.28015e-05
1.1429e+07 0.0379147 0.93461 0 0.000103946
2.24993e+07 0.511848 0.6301 0 5.28015e-05
2.64144e+07 0.584518 0.544276 0.0449552 4.49754e-05
4.97211e+07 0.799368 0.58351 0.071111 2.38933e-05
3.54022e+07 0.690363 0.462212 0.181292 3.35572e-05
2.24993e+07 0.511848 0.6301 0 5.28015e-05
2.24993e+07 0.511848 0.6301 0 5.28015e-05
2.42177e+07 0.546603 0.609665 0.0449552 4.90551e-05
2.53516e+07 0.567141 0.498013 0.0889298 4.6861e-05
2.42177e+07 0.546603 0.609665 0.0449552 4.90551e-05
1.62943e+07 0.325435 0.79811 0.0261558 7.29088e-05
2.42177e+07 0.546603 0.609665 0.0449552 4.90551e-05
4.17918e+07 0.908373 0.508802 0.188649 2.84266e-05
5.50001e+07 1 0.621762 0.380077 2.16e-05
2.42177e+07 0.546603 0.609665 0.0449552 4.90551e-05
4.97211e+07 0.799368 0.58351 0.071111 2.38933e-05
2.24993e+07 0.511848 0.6301 0 5.28015e-05
2.42177e+07 0.546603 0.609665 0.0449552 4.90551e-05
4.97211e+07 0.799368 0.58351 0.071111 2.38933e-05
2.42177e+07 0.546603 0.609665 0.0449552 4.90551e-05
2.42177e+07 0.546603 0.609665 0.0449552 4.90551e-05
2.24993e+07 0.511848 0.6301 0 5.28015e-05
2.42177e+07 0.546603 0.609665 0.0449552 4.90551e-05
1.09967e+07 0 1 0 0.000108032
2.42177e+07 0.546603 0.609665 0.0449552 4.90551e-05
4.97211e+07 0.799368 0.58351 0.071111 2.38933e-05
2.24993e+07 0.511848 0.6301 0 5.28015e-05
5.0396e+07 0.816746 0.569124 0.186196 2.35733e-05
4.03242e+07 0.728278 0.449134 0.207448 2.94612e-05
2.42177e+07 0.546603 0.609665 0.0449552 4.90551e-05
2.42177e+07 0.546603 0.609665 0.0449552 4.90551e-05
2.42177e+07 0.546603 0.609665 0.0449552 4.90551e-05
1.1429e+07 0.0379147 0.93461 0 0.000103946
1.16348e+07 0.0552923 0.742365 0.0261558 0.000102108
2.42177e+07 0.546603 0.609665 0.0449552 4.90551e-05
