1.66439e+07 0.553105 0.578614 0.105117 7.09679e-05
1.37737e+07 0.459852 0.580821 0.0816661 8.57564e-05
3.15797e+07 0.764851 0.48032 0.0469021 3.74032e-05
1.42952e+07 0.479579 0.581652 0.140828 8.26275e-05
2.16539e+07 0.656759 0.493461 0.164279 5.4548e-05
2.97153e+07 0.750011 0.510017 0.176467 3.97499e-05
1.32502e+07 0.438287 0.778924 0.0469021 8.91444e-05
3.98568e+07 0.814212 0.492631 0.152019 2.96356e-05
2.16539e+07 0.656759 0.493461 0.164279 5.4548e-05
3.98568e+07 0.833939 0.493461 0.211181 2.96356e-05
2.7556e+07 0.730285 0.578614 0.152019 4.28648e-05
1.47347e+07 0.494956 0.751391 0.170506 8.01629e-05
1.80316e+07 0.587671 0.48032 0 6.55063e-05
3.84499e+07 0.943331 0.475541 0.169109 3.072e-05
3.98568e+07 0.833939 0.493461 0.211181 2.96356e-05
3.17548e+07 0.766151 0.475541 0.122207 3.71969e-05
3.44485e+07 0.784578 0.432255 0.0816157 3.42883e-05
3.15797e+07 0.764851 0.48032 0.0469021 3.74032e-05
3.84499e+07 0.963058 0.476371 0.228271 3.072e-05
2.02495e+07 0.632863 0.515034 0 5.83312e-05
1.1531e+07 0.35436 0.864907 0.0469021 0.000102435
2.7556e+07 0.730285 0.578614 0.152019 4.28648e-05
1.18909e+07 0.374086 0.747415 0.0469021 9.93345e-05
1.66439e+07 0.553105 0.578614 0.105117 7.09679e-05
1.61599e+07 0.53961 0.598323 0.0170898 7.30932e-05
3.98568e+07 0.833939 0.493461 0.211181 2.96356e-05
2.33888e+07 0.682224 0.527344 0.105117 5.05019e-05
1.10529e+07 0.326564 0.701396 0 0.000106866
2.33002e+07 0.680924 0.566303 0.0469021 5.06941e-05
2.81828e+07 0.736517 0.415166 0.0518034 4.19114e-05
3.98568e+07 0.833939 0.493461 0.211181 2.96356e-05
3.44485e+07 0.784578 0.432255 0.0816157 3.42883e-05
1.32502e+07 0.438287 0.778924 0.0469021 8.91444e-05
2.08967e+07 0.64434 0.452787 0.123604 5.65248e-05
1.66439e+07 0.553105 0.578614 0.105117 7.09679e-05
3.46712e+07 0.785878 0.476371 0.181368 3.4068e-05
1.74079e+07 0.572831 0.510017 0.129565 6.7853e-05
2.33002e+07 0.680924 0.566303 0.0469021 5.06941e-05
2.33002e+07 0.680924 0.566303 0.0469021 5.06941e-05
2.04792e+07 0.637032 0.492631 0.105117 5.76769e-05
3.44485e+07 0.784578 0.432255 0.0816157 3.42883e-05
2.97153e+07 0.750011 0.510017 0.176467 3.97499e-05
1.32767e+07 0.439587 0.610813 0.0405408 8.89662e-05
1.74079e+07 0.572831 0.510017 0.129565 6.7853e-05
2.81828e+07 0.736517 0.415166 0.0518034 4.19114e-05
1.50312e+07 0.505044 0.615535 0.0816661 7.85821e-05
1.66439e+07 0.553105 0.578614 0.105117 7.09679e-05
3.84499e+07 0.963058 0.476371 0.228271 3.072e-05
1.56042e+07 0.52347 0.448811 0 7.56964e-05
3.98568e+07 0.814212 0.492631 0.152019 2.96356e-05
2.33888e+07 0.682224 0.527344 0.105117 5.05019e-05
2.16539e+07 0.656759 0.493461 0.164279 5.4548e-05
3.98568e+07 0.833939 0.493461 0.211181 2.96356e-05
1.89318e+07 0.607398 0.432255 0.0347136 6.23914e-05
2.7556e+07 0.730285 0.578614 0.152019 4.28648e-05
1.47347e+07 0.494956 0.751391 0.170506 8.01629e-05
2.7556e+07 0.730285 0.578614 0.152019 4.28648e-05
3.46712e+07 0.785878 0.476371 0.181368 3.4068e-05
1.80316e+07 0.587671 0.48032 0 6.55063e-05
3.46712e+07 0.785878 0.476371 0.181368 3.4068e-05
1.66439e+07 0.553105 0.578614 0.105117 7.09679e-05
2.16539e+07 0.656759 0.493461 0.164279 5.4548e-05
2.16539e+07 0.656759 0.487848 0.140828 5.4548e-05
2.7556e+07 0.730285 0.578614 0.152019 4.28648e-05
1.22279e+07 0.391302 0.768777 0.077462 9.65968e-05
1.091e+07 0.317776 0.751391 0.123604 0.000108266
2.7556e+07 0.730285 0.578614 0.152019 4.28648e-05
