2.66784e+07 0.400766 0.725581 0.0355721 5.2583e-05
1.81882e+07 0.121221 0.590906 0 7.71284e-05
5.51792e+07 0.710419 0.793816 0.071144 2.54232e-05
1.67583e+07 0.0455568 0.86062 0 8.37095e-05
2.66784e+07 0.400766 0.725581 0.0355721 5.2583e-05
6.54418e+07 0.755976 0.725581 0.106716 2.14363e-05
5.51792e+07 0.710419 0.793816 0.071144 2.54232e-05
6.54418e+07 0.755976 0.725581 0.106716 2.14363e-05
2.66784e+07 0.400766 0.725581 0.0355721 5.2583e-05
6.84976e+07 0.924336 0.648893 0.159404 2.048e-05
6.54418e+07 0.755976 0.725581 0.106716 2.14363e-05
5.51792e+07 0.710419 0.793816 0.071144 2.54232e-05
2.47982e+07 0.355209 0.793816 0 5.65699e-05
6.54418e+07 0.755976 0.725581 0.106716 2.14363e-05
6.54418e+07 0.755976 0.725581 0.106716 2.14363e-05
2.66784e+07 0.400766 0.725581 0.0355721 5.2583e-05
5.51792e+07 0.710419 0.793816 0.071144 2.54232e-05
5.51792e+07 0.710419 0.793816 0.071144 2.54232e-05
6.54418e+07 0.755976 0.725581 0.106716 2.14363e-05
2.47982e+07 0.355209 0.793816 0 5.65699e-05
5.51792e+07 0.710419 0.793816 0.071144 2.54232e-05
6.54418e+07 0.755976 0.725581 0.106716 2.14363e-05
6.44289e+07 0.786083 0.524102 0.071144 2.17733e-05
2.66784e+07 0.400766 0.725581 0.0355721 5.2583e-05
1.59984e+07 0 1 0 8.76854e-05
6.54418e+07 0.755976 0.725581 0.106716 2.14363e-05
2.66784e+07 0.400766 0.725581 0.0355721 5.2583e-05
1.72984e+07 0.0756644 0.730286 0 8.1096e-05
5.51792e+07 0.710419 0.793816 0.071144 2.54232e-05
2.47982e+07 0.355209 0.793816 0 5.65699e-05
6.54418e+07 0.755976 0.725581 0.106716 2.14363e-05
5.51792e+07 0.710419 0.793816 0.071144 2.54232e-05
6.84976e+07 0.954443 0.612605 0.206427 2.048e-05
2.47982e+07 0.355209 0.793816 0 5.65699e-05
3.04964e+07 0.476431 0.455866 0.0355721 4.59998e-05
2.66784e+07 0.400766 0.725581 0.0355721 5.2583e-05
2.66784e+07 0.400766 0.725581 0.0355721 5.2583e-05
5.51792e+07 0.710419 0.793816 0.071144 2.54232e-05
5.51792e+07 0.710419 0.793816 0.071144 2.54232e-05
2.66784e+07 0.400766 0.725581 0.0355721 5.2583e-05
6.44289e+07 0.786083 0.524102 0.071144 2.17733e-05
6.54418e+07 0.755976 0.725581 0.106716 2.14363e-05
4.49221e+07 0.644791 0.54437 0.170856 3.12281e-05
2.66784e+07 0.400766 0.725581 0.0355721 5.2583e-05
2.47982e+07 0.355209 0.793816 0 5.65699e-05
1.81882e+07 0.121221 0.590906 0 7.71284e-05
2.66784e+07 0.400766 0.725581 0.0355721 5.2583e-05
6.54418e+07 0.755976 0.725581 0.106716 2.14363e-05
2.47982e+07 0.355209 0.793816 0 5.65699e-05
6.54418e+07 0.755976 0.725581 0.106716 2.14363e-05
2.66784e+07 0.400766 0.725581 0.0355721 5.2583e-05
2.66784e+07 0.400766 0.725581 0.0355721 5.2583e-05
6.54418e+07 0.755976 0.725581 0.106716 2.14363e-05
3.35435e+07 0.523569 0.717129 0.052688 4.18212e-05
6.54418e+07 0.755976 0.725581 0.106716 2.14363e-05
7.75902e+07 0.878779 0.717129 0.123832 1.808e-05
6.54418e+07 0.755976 0.725581 0.106716 2.14363e-05
2.66784e+07 0.400766 0.725581 0.0355721 5.2583e-05
2.47982e+07 0.355209 0.793816 0 5.65699e-05
2.66784e+07 0.400766 0.725581 0.0355721 5.2583e-05
3.04964e+07 0.476431 0.455866 0.0355721 4.59998e-05
2.66784e+07 0.400766 0.725581 0.0355721 5.2583e-05
2.66784e+07 0.400766 0.718332 0 5.2583e-05
6.54418e+07 0.755976 0.725581 0.106716 2.14363e-05
6.44289e+07 0.786083 0.524102 0.071144 2.17733e-05
2.80648e+07 0.430874 0.524102 0 4.99854e-05
6.54418e+07 0.755976 0.725581 0.106716 2.14363e-05
