2.2699e+07 0.585366 0.588186 0.0727617 6.79924e-05
1.69286e+07 0.444028 0.525944 0.15166 9.1169e-05
5.02396e+07 0.923077 0.602072 0.113473 3.072e-05
1.57522e+07 0.402126 0.678481 0.0412024 9.79771e-05
4.12942e+07 0.772358 0.584364 0.11428 3.73748e-05
4.01023e+07 0.765478 0.668978 0.153553 3.84856e-05
3.74215e+07 0.748593 0.680164 0.12231 4.12426e-05
5.02396e+07 0.958099 0.586889 0.195071 3.072e-05
4.12942e+07 0.772358 0.584364 0.11428 3.73748e-05
5.02396e+07 0.95247 0.584364 0.154676 3.072e-05
4.01023e+07 0.765478 0.668978 0.153553 3.84856e-05
3.66035e+07 0.742964 0.677639 0.0819139 4.21642e-05
3.659e+07 0.742964 0.602072 0.0730773 4.21798e-05
5.02396e+07 0.95247 0.584364 0.154676 3.072e-05
5.02396e+07 0.95247 0.584364 0.154676 3.072e-05
4.12942e+07 0.772358 0.584364 0.11428 3.73748e-05
5.02396e+07 0.928705 0.604597 0.153869 3.072e-05
5.02396e+07 0.923077 0.602072 0.113473 3.072e-05
5.02396e+07 0.95247 0.584364 0.154676 3.072e-05
2.15882e+07 0.564103 0.545651 0.0315593 7.14911e-05
2.12098e+07 0.555972 0.762253 0.0807918 7.27663e-05
3.91644e+07 0.75985 0.666453 0.113158 3.94072e-05
2.2321e+07 0.578487 0.524787 0.0403959 6.91439e-05
2.24005e+07 0.579737 0.666453 0.0727617 6.88984e-05
1.50158e+07 0.372733 0.696189 0 0.000102782
5.02396e+07 0.95247 0.584364 0.154676 3.072e-05
2.24005e+07 0.579737 0.666453 0.0727617 6.88984e-05
1.18968e+07 0.208255 0.626373 0 0.000129729
3.4908e+07 0.730457 0.684162 0.0719552 4.42122e-05
3.659e+07 0.742964 0.602072 0.0730773 4.21798e-05
5.02396e+07 0.95247 0.584364 0.154676 3.072e-05
5.02396e+07 0.923077 0.602072 0.113473 3.072e-05
3.65379e+07 0.771107 0.442698 0.0819139 4.224e-05
3.659e+07 0.742964 0.602072 0.0730773 4.21798e-05
2.39808e+07 0.60788 0.431512 0.0727617 6.43582e-05
4.12942e+07 0.772358 0.584364 0.11428 3.73748e-05
2.24005e+07 0.579737 0.666453 0.0727617 6.88984e-05
3.4908e+07 0.730457 0.684162 0.0719552 4.42122e-05
3.56511e+07 0.736085 0.686686 0.112351 4.32906e-05
4.3932e+07 0.786116 0.574195 0.17845 3.51306e-05
3.37273e+07 0.95122 0.367131 0.113473 4.576e-05
3.91644e+07 0.75985 0.666453 0.113158 3.94072e-05
2.47618e+07 0.620388 0.342585 0.041518 6.23283e-05
2.2699e+07 0.585366 0.588186 0.0727617 6.79924e-05
3.659e+07 0.742964 0.602072 0.0730773 4.21798e-05
1.23543e+07 0.237649 0.608665 0.0412024 0.000124925
2.24005e+07 0.579737 0.666453 0.0727617 6.88984e-05
5.02396e+07 0.95247 0.584364 0.154676 3.072e-05
2.09401e+07 0.550344 0.684162 0.0315593 7.37034e-05
5.02396e+07 0.971857 0.57672 0.259242 3.072e-05
2.2699e+07 0.585366 0.588186 0.0727617 6.79924e-05
4.12942e+07 0.772358 0.584364 0.11428 3.73748e-05
5.02396e+07 0.95247 0.584364 0.154676 3.072e-05
3.659e+07 0.742964 0.602072 0.0730773 4.21798e-05
4.01023e+07 0.765478 0.668978 0.153553 3.84856e-05
3.74215e+07 0.748593 0.680164 0.12231 4.12426e-05
4.01023e+07 0.765478 0.668978 0.153553 3.84856e-05
4.12942e+07 0.772358 0.584364 0.11428 3.73748e-05
3.659e+07 0.742964 0.602072 0.0730773 4.21798e-05
4.12942e+07 0.772358 0.584364 0.11428 3.73748e-05
2.39808e+07 0.60788 0.431512 0.0727617 6.43582e-05
4.12942e+07 0.772358 0.584364 0.11428 3.73748e-05
2.28377e+07 0.587867 0.600214 0.0815983 6.75794e-05
4.1512e+07 0.773609 0.589659 0.144016 3.71786e-05
2.30665e+07 0.592245 0.478851 0.0866829 6.69092e-05
2.29961e+07 0.590994 0.442698 0.041518 6.7114e-05
3.91644e+07 0.75985 0.666453 0.113158 3.94072e-05
