2.45296e+07 0.703685 0.599718 0.10336 4.77301e-05
1.16439e+07 0.375411 0.531857 0.0319351 0.00010055
4.43498e+07 0.853156 0.649936 0.0905373 2.63992e-05
1.11474e+07 0.347115 0.669321 0.0319351 0.000105029
3.26304e+07 0.777485 0.572172 0.17316 3.58807e-05
3.74028e+07 0.89231 0.592321 0.179809 3.13025e-05
1.93672e+07 0.624589 0.616514 0.115234 6.04526e-05
3.74028e+07 0.89231 0.592321 0.179809 3.13025e-05
3.26304e+07 0.777485 0.572172 0.17316 3.58807e-05
4.50252e+07 0.877083 0.673777 0.141585 2.60032e-05
4.6638e+07 0.882676 0.676167 0.179809 2.5104e-05
1.958e+07 0.62863 0.636247 0.129994 5.97957e-05
3.06666e+07 0.763192 0.570452 0.175097 3.81783e-05
3.8112e+07 0.956476 0.572172 0.211385 3.072e-05
3.74028e+07 0.886717 0.589932 0.141585 3.13025e-05
3.26304e+07 0.777485 0.572172 0.17316 3.58807e-05
4.48431e+07 0.85875 0.652325 0.128762 2.61088e-05
3.51566e+07 0.93255 0.54833 0.160338 3.33024e-05
4.50252e+07 0.877083 0.673777 0.141585 2.60032e-05
2.94657e+07 0.753558 0.54833 0.122113 3.97344e-05
1.93672e+07 0.624589 0.616514 0.115234 6.04526e-05
3.8112e+07 0.966111 0.594294 0.264369 3.072e-05
1.68289e+07 0.567898 0.640296 0.0382243 6.95706e-05
3.41097e+07 0.787119 0.594294 0.226144 3.43246e-05
1.21787e+07 0.402582 0.610495 0.0839986 9.61349e-05
3.8112e+07 0.956476 0.572172 0.211385 3.072e-05
3.41097e+07 0.787119 0.594294 0.226144 3.43246e-05
1.27758e+07 0.430878 0.473031 0.0839986 9.16423e-05
3.64127e+07 0.86279 0.566091 0.0905373 3.21536e-05
2.94657e+07 0.753558 0.54833 0.122113 3.97344e-05
4.50252e+07 0.877083 0.673777 0.141585 2.60032e-05
4.43498e+07 0.853156 0.649936 0.0905373 2.63992e-05
1.68289e+07 0.567898 0.640296 0.0382243 6.95706e-05
2.29832e+07 0.683799 0.566091 0.052313 5.09415e-05
2.65374e+07 0.726387 0.536313 0.10336 4.41189e-05
3.26304e+07 0.777485 0.572172 0.17316 3.58807e-05
2.40833e+07 0.698091 0.673777 0.10336 4.86147e-05
4.43498e+07 0.853156 0.649936 0.0905373 2.63992e-05
3.8112e+07 0.947778 0.572841 0.251546 3.072e-05
3.41097e+07 0.787119 0.594294 0.226144 3.43246e-05
3.44677e+07 0.881452 0.512472 0.0905373 3.3968e-05
4.50252e+07 0.877083 0.673777 0.141585 2.60032e-05
1.43134e+07 0.492227 0.436632 0.0578976 8.17976e-05
2.45296e+07 0.703685 0.599718 0.10336 4.77301e-05
2.23144e+07 0.674164 0.649936 0.052313 5.24684e-05
1.14703e+07 0.365776 0.615702 0.0319351 0.000102072
3.41097e+07 0.787119 0.594294 0.226144 3.43246e-05
4.50252e+07 0.877083 0.673777 0.141585 2.60032e-05
3.06666e+07 0.763192 0.570452 0.175097 3.81783e-05
4.6638e+07 0.882676 0.676167 0.179809 2.5104e-05
2.53402e+07 0.713319 0.515872 0.10336 4.62032e-05
3.26304e+07 0.777485 0.572172 0.17316 3.58807e-05
4.50252e+07 0.877083 0.673777 0.141585 2.60032e-05
3.06666e+07 0.763192 0.570452 0.175097 3.81783e-05
3.8112e+07 0.971704 0.596683 0.302593 3.072e-05
1.60007e+07 0.545196 0.780149 0.0764487 7.3172e-05
4.6638e+07 0.882676 0.676167 0.179809 2.5104e-05
2.40833e+07 0.698091 0.673777 0.10336 4.86147e-05
2.94657e+07 0.753558 0.54833 0.122113 3.97344e-05
2.40833e+07 0.698091 0.673777 0.10336 4.86147e-05
2.8584e+07 0.805781 0.434707 0.17316 4.096e-05
3.26304e+07 0.777485 0.572172 0.17316 3.58807e-05
1.52228e+07 0.522065 0.679107 0.0701594 7.69111e-05
4.50252e+07 0.877083 0.673777 0.141585 2.60032e-05
1.68289e+07 0.567898 0.640296 0.0382243 6.95706e-05
1.1905e+07 0.388907 0.640296 0 9.8345e-05
3.8112e+07 0.956476 0.572172 0.211385 3.072e-05
