2.63774e+07 0.661427 0.646764 0.0336109 4.34974e-05
1.38326e+07 0.35396 0.547071 0 8.29452e-05
4.06427e+07 0.780525 0.598212 0.0563984 2.82301e-05
1.38699e+07 0.35554 0.655235 0.0383938 8.27221e-05
5.60229e+07 0.848574 0.628117 0.18424 2.048e-05
2.87169e+07 0.689347 0.470101 0.0336109 3.99538e-05
2.60277e+07 0.657102 0.523985 0.0683625 4.40818e-05
3.68528e+07 0.793558 0.490658 0.0563984 3.11333e-05
5.60229e+07 0.848574 0.628117 0.18424 2.048e-05
3.73486e+07 0.888562 0.561791 0.124821 3.072e-05
2.63774e+07 0.661427 0.646764 0.0336109 4.34974e-05
2.57356e+07 0.653085 0.584909 0.141032 4.45821e-05
3.84845e+07 0.846719 0.581435 0.180122 2.98133e-05
4.68894e+07 0.833687 0.620438 0.145846 2.44693e-05
3.68528e+07 0.808445 0.498336 0.0947922 3.11333e-05
3.73486e+07 0.865624 0.52819 0.145846 3.072e-05
4.3591e+07 0.795412 0.605891 0.0947922 2.63208e-05
4.68894e+07 0.833687 0.620438 0.145846 2.44693e-05
4.3591e+07 0.795412 0.605891 0.0947922 2.63208e-05
3.12806e+07 0.714588 0.66899 0.123059 3.66793e-05
1.93322e+07 0.538004 0.572537 0.045575 5.93491e-05
3.27672e+07 0.727621 0.629987 0.157334 3.50152e-05
1.72153e+07 0.481099 0.560711 0 6.66472e-05
3.27672e+07 0.727621 0.629987 0.157334 3.50152e-05
1.47444e+07 0.393814 0.647184 0.0781485 7.78159e-05
5.60229e+07 0.848574 0.628117 0.18424 2.048e-05
3.27672e+07 0.727621 0.629987 0.157334 3.50152e-05
1.25553e+07 0.288023 0.640826 0.0781485 9.1384e-05
2.74169e+07 0.674459 0.53921 0.0336109 4.18482e-05
5.60229e+07 0.848574 0.628117 0.18424 2.048e-05
4.3591e+07 0.795412 0.605891 0.0947922 2.63208e-05
4.3591e+07 0.795412 0.605891 0.0947922 2.63208e-05
3.08165e+07 0.710397 0.579998 0.120355 3.72317e-05
3.68528e+07 0.808445 0.498336 0.0947922 3.11333e-05
2.744e+07 0.674734 0.546279 0.0336109 4.1813e-05
5.60229e+07 0.848574 0.628117 0.18424 2.048e-05
2.75786e+07 0.676314 0.577655 0.0336109 4.16029e-05
2.63774e+07 0.661427 0.646764 0.0336109 4.34974e-05
3.27672e+07 0.727621 0.629987 0.157334 3.50152e-05
3.84845e+07 0.846719 0.581435 0.180122 2.98133e-05
3.84845e+07 0.808719 0.505406 0.0947922 2.98133e-05
2.75786e+07 0.676314 0.577655 0.0336109 4.16029e-05
3.32401e+07 0.731622 0.554014 0.139574 3.4517e-05
2.75786e+07 0.676314 0.577655 0.0336109 4.16029e-05
4.3591e+07 0.795412 0.605891 0.0947922 2.63208e-05
1.14907e+07 0.221829 0.748753 0 9.98505e-05
3.27672e+07 0.727621 0.629987 0.157334 3.50152e-05
4.3591e+07 0.795412 0.605891 0.0947922 2.63208e-05
3.46414e+07 0.742508 0.560878 0.157334 3.31208e-05
4.06427e+07 0.780525 0.598212 0.0563984 2.82301e-05
2.74169e+07 0.674459 0.53921 0.0336109 4.18482e-05
5.60229e+07 0.848574 0.628117 0.18424 2.048e-05
4.3591e+07 0.795412 0.605891 0.0947922 2.63208e-05
3.73486e+07 0.954756 0.545014 0.248544 3.072e-05
3.27672e+07 0.727621 0.629987 0.157334 3.50152e-05
2.79092e+07 0.68004 0.645332 0.0912101 4.11102e-05
2.63774e+07 0.661427 0.646764 0.0336109 4.34974e-05
4.3591e+07 0.795412 0.605891 0.0947922 2.63208e-05
4.68894e+07 0.833687 0.620438 0.145846 2.44693e-05
4.3591e+07 0.795412 0.605891 0.0947922 2.63208e-05
3.27862e+07 0.727895 0.568506 0.123059 3.49949e-05
5.60229e+07 0.848574 0.628117 0.18424 2.048e-05
1.35985e+07 0.342507 0.762789 0.0383938 8.43731e-05
2.63774e+07 0.661427 0.646764 0.0336109 4.34974e-05
1.67395e+07 0.466212 0.62982 0 6.85417e-05
2.23372e+07 0.600198 0.588947 0.0611813 5.13651e-05
3.12806e+07 0.714588 0.66899 0.123059 3.66793e-05
