1.18305e+07 0.368746 0.785728 0.0303783 8.43594e-05
1.27927e+07 0.416714 0.419709 0 7.80142e-05
1.8484e+07 0.596289 0.627576 0.0546355 5.39932e-05
2.61267e+07 0.714744 0.467863 0.162187 3.81989e-05
2.41608e+07 0.691237 0.686492 0.263801 4.1307e-05
1.26109e+07 0.408239 0.470954 0.0303783 7.91389e-05
1.45226e+07 0.485943 0.701831 0.114435 6.87214e-05
1.96925e+07 0.621402 0.38949 0.0546355 5.06798e-05
2.22267e+07 0.664381 0.63557 0.187418 4.49013e-05
1.91658e+07 0.610669 0.636097 0.0972396 5.20724e-05
1.18305e+07 0.368746 0.785728 0.0303783 8.43594e-05
1.57229e+07 0.525436 0.551831 0.196822 6.34749e-05
2.29446e+07 0.675113 0.468528 0.184596 4.34964e-05
2.13149e+07 0.650001 0.627049 0.144814 4.68221e-05
2.04682e+07 0.635782 0.39801 0.0972396 4.8759e-05
2.13149e+07 0.650001 0.627049 0.144814 4.68221e-05
1.91658e+07 0.610669 0.636097 0.0972396 5.20724e-05
2.13149e+07 0.650001 0.627049 0.144814 4.68221e-05
1.91658e+07 0.610669 0.636097 0.0972396 5.20724e-05
1.29274e+07 0.422457 0.701874 0.0788927 7.72014e-05
1.04481e+07 0.285256 0.776656 0.0994363 9.55206e-05
1.41973e+07 0.474426 0.543353 0.169597 7.02957e-05
9.56386e+06 0.219069 0.783822 0 0.000104352
1.60428e+07 0.534965 0.49577 0.151041 6.22093e-05
1.40859e+07 0.470425 0.401719 0.0814464 7.08516e-05
2.22267e+07 0.664381 0.63557 0.187418 4.49013e-05
2.09396e+07 0.643826 0.543353 0.162284 4.76613e-05
9.86015e+06 0.242882 0.525058 0.0397828 0.000101216
1.28801e+07 0.420714 0.445798 0.0303783 7.74844e-05
2.22267e+07 0.664381 0.63557 0.187418 4.49013e-05
1.91658e+07 0.610669 0.636097 0.0972396 5.20724e-05
1.91658e+07 0.610669 0.636097 0.0972396 5.20724e-05
1.31502e+07 0.432232 0.702357 0.0242572 7.58931e-05
2.04682e+07 0.635782 0.39801 0.0972396 4.8759e-05
1.18305e+07 0.368746 0.785728 0.0303783 8.43594e-05
2.22267e+07 0.664381 0.63557 0.187418 4.49013e-05
1.21041e+07 0.383126 0.709041 0.0303783 8.24523e-05
2.14726e+07 0.652396 0.738145 0.106352 4.64782e-05
1.60428e+07 0.534965 0.49577 0.151041 6.22093e-05
2.29446e+07 0.675113 0.468528 0.184596 4.34964e-05
1.91658e+07 0.610669 0.636097 0.0972396 5.20724e-05
1.21041e+07 0.383126 0.709041 0.0303783 8.24523e-05
1.45226e+07 0.485943 0.701831 0.114435 6.87214e-05
1.21041e+07 0.383126 0.709041 0.0303783 8.24523e-05
1.91658e+07 0.610669 0.636097 0.0972396 5.20724e-05
8.93636e+06 0.164057 0.864462 0 0.00011168
2.77375e+07 0.731221 0.582987 0.238258 3.59805e-05
1.91658e+07 0.610669 0.636097 0.0972396 5.20724e-05
1.655e+07 0.549345 0.419083 0.151041 6.03028e-05
1.8484e+07 0.596289 0.627576 0.0546355 5.39932e-05
1.23141e+07 0.393859 0.547642 0.0303783 8.1046e-05
2.22267e+07 0.664381 0.63557 0.187418 4.49013e-05
3.60887e+07 0.806925 0.54888 0.0972396 2.76544e-05
2.40047e+07 0.689494 0.477049 0.2272 4.15756e-05
1.35093e+07 0.44757 0.543353 0.118675 7.38757e-05
1.34917e+07 0.446612 0.710878 0.0668613 7.39723e-05
1.18305e+07 0.368746 0.785728 0.0303783 8.43594e-05
1.91658e+07 0.610669 0.636097 0.0972396 5.20724e-05
4.43009e+07 0.960507 0.630388 0.297171 2.2528e-05
1.91658e+07 0.610669 0.636097 0.0972396 5.20724e-05
1.29274e+07 0.422457 0.701874 0.0788927 7.72014e-05
2.22267e+07 0.664381 0.63557 0.187418 4.49013e-05
1.316e+07 0.432837 0.615394 0.0680651 7.58365e-05
1.18305e+07 0.368746 0.785728 0.0303783 8.43594e-05
9.39221e+06 0.204688 0.86051 0 0.000106259
1.41773e+07 0.473468 0.659956 0.0923223 7.0395e-05
1.95683e+07 0.618713 0.614657 0.0788927 5.10013e-05
