1.19141e+07 0.282206 0.774481 0 8.29202e-05
1.12498e+07 0.24021 0.658771 0 8.7816e-05
2.72798e+07 0.686676 0.820794 0.069922 3.62142e-05
1.01458e+07 0.156789 0.916801 0.0370939 9.73716e-05
1.50145e+07 0.430443 0.828213 0.0604012 6.57976e-05
2.00331e+07 0.573281 0.800941 0.0932292 4.93141e-05
2.80444e+07 0.695228 0.823707 0.116537 3.52269e-05
2.80444e+07 0.695228 0.823707 0.116537 3.52269e-05
1.50145e+07 0.430443 0.828213 0.0604012 6.57976e-05
4.82381e+07 0.835843 0.777233 0.142081 2.048e-05
1.9254e+07 0.55586 0.86771 0.0932292 5.13097e-05
3.54043e+07 0.758861 0.739153 0.136691 2.79039e-05
1.45691e+07 0.413022 0.820794 0.0233074 6.78089e-05
2.72798e+07 0.686676 0.820794 0.069922 3.62142e-05
2.8884e+07 0.704097 0.828213 0.107016 3.42029e-05
1.45691e+07 0.413022 0.820794 0.0233074 6.78089e-05
2.97426e+07 0.712649 0.831126 0.15363 3.32155e-05
2.72798e+07 0.686676 0.820794 0.069922 3.62142e-05
2.8884e+07 0.704097 0.828213 0.107016 3.42029e-05
1.17761e+07 0.273654 0.864797 0 8.38917e-05
1.9254e+07 0.55586 0.86771 0.0932292 5.13097e-05
1.88905e+07 0.547309 0.864797 0.0466146 5.2297e-05
2.55049e+07 0.665571 0.547416 0.0466146 3.87344e-05
1.17761e+07 0.273654 0.864797 0 8.38917e-05
9.94051e+06 0.139368 0.909383 0 9.9383e-05
2.8884e+07 0.704097 0.828213 0.107016 3.42029e-05
1.17761e+07 0.273654 0.864797 0 8.38917e-05
9.51033e+06 0.100842 0.749389 0 0.000103878
1.88905e+07 0.547309 0.864797 0.0466146 5.2297e-05
1.50145e+07 0.430443 0.828213 0.0604012 6.57976e-05
2.8884e+07 0.704097 0.828213 0.107016 3.42029e-05
2.8884e+07 0.704097 0.828213 0.107016 3.42029e-05
2.79942e+07 0.919264 0.630861 0.160816 3.529e-05
1.6604e+07 0.485206 0.739153 0.0900765 5.94986e-05
1.36601e+07 0.374496 0.614186 0 7.23215e-05
1.50145e+07 0.430443 0.828213 0.0604012 6.57976e-05
1.2063e+07 0.291075 0.798028 0 8.18962e-05
1.88905e+07 0.547309 0.864797 0.0466146 5.2297e-05
1.9254e+07 0.55586 0.86771 0.0932292 5.13097e-05
1.45691e+07 0.413022 0.820794 0.0233074 6.78089e-05
2.79942e+07 0.804939 0.577601 0.107016 3.529e-05
1.96399e+07 0.564729 0.798028 0.0466146 5.03015e-05
2.40837e+07 0.64561 0.630861 0.114202 4.10201e-05
1.22079e+07 0.299627 0.707712 0 8.09246e-05
1.50145e+07 0.430443 0.828213 0.0604012 6.57976e-05
9.51033e+06 0.100842 0.749389 0 0.000103878
1.17761e+07 0.273654 0.864797 0 8.38917e-05
2.8884e+07 0.704097 0.828213 0.107016 3.42029e-05
1.2063e+07 0.291075 0.798028 0 8.18962e-05
2.80444e+07 0.695228 0.823707 0.116537 3.52269e-05
1.19141e+07 0.282206 0.774481 0 8.29202e-05
1.50145e+07 0.430443 0.828213 0.0604012 6.57976e-05
2.8884e+07 0.704097 0.828213 0.107016 3.42029e-05
1.95225e+07 0.562189 0.777233 0.0954664 5.06041e-05
1.9254e+07 0.55586 0.86771 0.0932292 5.13097e-05
3.38792e+07 0.899158 0.691086 0.218371 2.916e-05
1.9254e+07 0.55586 0.86771 0.0932292 5.13097e-05
1.50145e+07 0.430443 0.828213 0.0604012 6.57976e-05
1.45691e+07 0.413022 0.820794 0.0233074 6.78089e-05
1.50145e+07 0.430443 0.828213 0.0604012 6.57976e-05
1.36601e+07 0.374496 0.614186 0 7.23215e-05
1.50145e+07 0.430443 0.828213 0.0604012 6.57976e-05
1.52432e+07 0.438995 0.826485 0.0837085 6.48102e-05
1.88905e+07 0.547309 0.864797 0.0466146 5.2297e-05
2.31887e+07 0.702914 0.465775 0.0466146 4.26033e-05
2.06097e+07 0.586048 0.488542 0.0900765 4.79346e-05
1.88905e+07 0.547309 0.864797 0.0466146 5.2297e-05
