3.08468e+07 0.741222 0.488488 0.105045 4.14182e-05
1.87605e+07 0.574154 0.441739 0.0422909 6.81016e-05
3.04776e+07 0.930255 0.284831 0.0622304 4.192e-05
1.87605e+07 0.574154 0.441739 0.0422909 6.81016e-05
4.15892e+07 1 0.506981 0.319304 3.072e-05
3.08468e+07 0.741222 0.488488 0.105045 4.14182e-05
2.21809e+07 0.639731 0.620512 0.165366 5.76e-05
3.11919e+07 0.955107 0.318391 0.130714 4.096e-05
4.15892e+07 1 0.506981 0.319304 3.072e-05
3.11919e+07 0.955107 0.318391 0.130714 4.096e-05
3.08468e+07 0.741222 0.488488 0.105045 4.14182e-05
2.21809e+07 0.639731 0.620512 0.165366 5.76e-05
4.15892e+07 0.975148 0.473421 0.25082 3.072e-05
4.15892e+07 1 0.506981 0.319304 3.072e-05
3.11919e+07 0.955107 0.318391 0.130714 4.096e-05
4.15892e+07 1 0.506981 0.319304 3.072e-05
3.04776e+07 0.930255 0.284831 0.0622304 4.192e-05
4.15892e+07 0.975148 0.473421 0.25082 3.072e-05
3.11919e+07 0.955107 0.318391 0.130714 4.096e-05
3.34363e+07 0.761263 0.545294 0.176039 3.82106e-05
1.39273e+07 0.425846 0.692384 0.0905843 9.1735e-05
3.73192e+07 0.786115 0.578854 0.244523 3.42349e-05
1.29179e+07 0.380952 0.699806 0 9.8903e-05
3.73192e+07 0.786115 0.578854 0.244523 3.42349e-05
1.96856e+07 0.594196 0.467986 0.0980057 6.49011e-05
4.15892e+07 1 0.506981 0.319304 3.072e-05
3.73192e+07 0.786115 0.578854 0.244523 3.42349e-05
1.29025e+07 0.380311 0.591197 0.0488937 9.90208e-05
2.81452e+07 0.71637 0.454928 0.0365612 4.53939e-05
4.15892e+07 0.975148 0.473421 0.25082 3.072e-05
3.11919e+07 0.955107 0.318391 0.130714 4.096e-05
3.04776e+07 0.930255 0.284831 0.0622304 4.192e-05
1.97214e+07 0.594837 0.529709 0.0256692 6.47834e-05
3.04776e+07 0.930255 0.284831 0.0622304 4.192e-05
3.08468e+07 0.741222 0.488488 0.105045 4.14182e-05
4.15892e+07 1 0.506981 0.319304 3.072e-05
3.08468e+07 0.741222 0.488488 0.105045 4.14182e-05
2.81452e+07 0.71637 0.454928 0.0365612 4.53939e-05
3.34363e+07 0.761263 0.545294 0.176039 3.82106e-05
4.15892e+07 1 0.506981 0.319304 3.072e-05
3.04776e+07 0.930255 0.284831 0.0622304 4.192e-05
3.08468e+07 0.741222 0.488488 0.105045 4.14182e-05
2.38186e+07 0.664582 0.56949 0.191559 5.36397e-05
3.08468e+07 0.741222 0.488488 0.105045 4.14182e-05
3.04776e+07 0.930255 0.284831 0.0622304 4.192e-05
1.25001e+07 0.360269 0.663174 0.0422909 0.000102209
3.73192e+07 0.786115 0.578854 0.244523 3.42349e-05
3.11919e+07 0.955107 0.318391 0.130714 4.096e-05
3.34363e+07 0.761263 0.545294 0.176039 3.82106e-05
3.11919e+07 0.955107 0.318391 0.130714 4.096e-05
3.08468e+07 0.741222 0.488488 0.105045 4.14182e-05
4.15892e+07 1 0.506981 0.319304 3.072e-05
3.11919e+07 0.955107 0.318391 0.130714 4.096e-05
4.15892e+07 0.975148 0.473421 0.25082 3.072e-05
3.73192e+07 0.786115 0.578854 0.244523 3.42349e-05
1.97214e+07 0.594837 0.529709 0.0256692 6.47834e-05
3.08468e+07 0.741222 0.488488 0.105045 4.14182e-05
3.11919e+07 0.955107 0.318391 0.130714 4.096e-05
4.15892e+07 0.975148 0.473421 0.25082 3.072e-05
3.11919e+07 0.955107 0.318391 0.130714 4.096e-05
3.73192e+07 0.786115 0.578854 0.244523 3.42349e-05
4.15892e+07 1 0.506981 0.319304 3.072e-05
1.87605e+07 0.574154 0.441739 0.0422909 6.81016e-05
3.08468e+07 0.741222 0.488488 0.105045 4.14182e-05
1.29179e+07 0.380952 0.699806 0 9.8903e-05
1.97214e+07 0.594837 0.529709 0.0256692 6.47834e-05
3.73192e+07 0.786115 0.578854 0.244523 3.42349e-05
