4.09937e+07 0.758643 0.714795 0.173744 3.16626e-05
2.03571e+07 0.514004 0.529462 0.0840065 6.376e-05
2.41476e+07 0.589798 0.721098 0.0239647 5.37516e-05
1.77423e+07 0.441486 0.719577 0.0840065 7.31566e-05
2.78441e+07 0.644327 0.73084 0.100391 4.66156e-05
2.94047e+07 0.663394 0.627469 0.126309 4.41415e-05
1.27418e+07 0.221908 0.823287 0 0.000101867
2.94047e+07 0.663394 0.627469 0.126309 4.41415e-05
2.78441e+07 0.644327 0.73084 0.100391 4.66156e-05
2.78441e+07 0.644327 0.73084 0.100391 4.66156e-05
2.83711e+07 0.651052 0.65978 0.100391 4.57497e-05
1.28335e+07 0.227526 0.8102 0 0.000101139
2.48923e+07 0.60214 0.688788 0.049883 5.21434e-05
4.96629e+07 0.800824 0.717504 0.113728 2.61356e-05
2.8839e+07 0.65667 0.69853 0.126309 4.50074e-05
4.96629e+07 0.800824 0.717504 0.113728 2.61356e-05
2.45429e+07 0.596522 0.650038 0.0239647 5.28857e-05
2.41476e+07 0.589798 0.721098 0.0239647 5.37516e-05
4.96629e+07 0.800824 0.717504 0.113728 2.61356e-05
3.89948e+07 0.746295 0.681088 0.0239647 3.32857e-05
1.27418e+07 0.221908 0.823287 0 0.000101867
2.8839e+07 0.65667 0.69853 0.126309 4.50074e-05
1.39104e+07 0.287701 0.704232 0 9.33093e-05
2.8839e+07 0.65667 0.69853 0.126309 4.50074e-05
2.17006e+07 0.543454 0.706501 0.0259183 5.98126e-05
2.78441e+07 0.644327 0.73084 0.100391 4.66156e-05
4.22516e+07 0.813167 0.685193 0.139646 3.072e-05
2.28414e+07 0.567066 0.464705 0.0259183 5.68254e-05
2.48923e+07 0.60214 0.688788 0.049883 5.21434e-05
3.89948e+07 0.746295 0.681088 0.0239647 3.32857e-05
2.78441e+07 0.644327 0.73084 0.100391 4.66156e-05
2.41476e+07 0.589798 0.721098 0.0239647 5.37516e-05
1.39104e+07 0.287701 0.704232 0 9.33093e-05
2.48923e+07 0.60214 0.688788 0.049883 5.21434e-05
3.16887e+07 0.716845 0.540725 0.100391 4.096e-05
4.96629e+07 0.800824 0.717504 0.113728 2.61356e-05
2.78441e+07 0.644327 0.73084 0.100391 4.66156e-05
2.41476e+07 0.589798 0.721098 0.0239647 5.37516e-05
2.53127e+07 0.608865 0.617727 0.049883 5.12775e-05
2.8839e+07 0.65667 0.69853 0.126309 4.50074e-05
2.92719e+07 0.662315 0.530983 0.0239647 4.43418e-05
2.78441e+07 0.644327 0.73084 0.100391 4.66156e-05
1.97467e+07 0.498727 0.584461 0.031675 6.5731e-05
4.09937e+07 0.758643 0.714795 0.173744 3.16626e-05
3.89948e+07 0.746295 0.681088 0.0239647 3.32857e-05
2.89172e+07 0.658158 0.548436 0.0714251 4.48858e-05
2.8839e+07 0.65667 0.69853 0.126309 4.50074e-05
4.96629e+07 0.800824 0.717504 0.113728 2.61356e-05
2.48923e+07 0.60214 0.688788 0.049883 5.21434e-05
2.83711e+07 0.651052 0.65978 0.100391 4.57497e-05
4.22516e+07 0.927483 0.669147 0.212999 3.072e-05
2.78441e+07 0.644327 0.73084 0.100391 4.66156e-05
2.78441e+07 0.644327 0.73084 0.100391 4.66156e-05
2.48923e+07 0.60214 0.688788 0.049883 5.21434e-05
2.94047e+07 0.663394 0.627469 0.126309 4.41415e-05
1.27418e+07 0.221908 0.823287 0 0.000101867
4.09937e+07 0.758643 0.714795 0.173744 3.16626e-05
4.96629e+07 0.800824 0.717504 0.113728 2.61356e-05
2.41476e+07 0.589798 0.721098 0.0239647 5.37516e-05
4.96629e+07 0.800824 0.717504 0.113728 2.61356e-05
3.16887e+07 0.716845 0.540725 0.100391 4.096e-05
3.98852e+07 0.751919 0.712502 0.137067 3.25426e-05
1.75616e+07 0.435868 0.680827 0.0580882 7.39097e-05
2.78441e+07 0.644327 0.73084 0.100391 4.66156e-05
1.39104e+07 0.287701 0.704232 0 9.33093e-05
1.39104e+07 0.287701 0.704232 0 9.33093e-05
2.78441e+07 0.644327 0.73084 0.100391 4.66156e-05
