2.50479e+07 0.7212 0.655298 0.116529 4.8804e-05
9.32353e+06 0.250044 0.701516 0.0297618 0.000131113
2.39754e+07 0.708747 0.606134 0.0464743 5.09872e-05
9.45872e+06 0.260734 0.742388 0.0638163 0.000129239
1.68898e+07 0.586377 0.600639 0.110291 7.23775e-05
1.39521e+07 0.499208 0.575742 0.0560896 8.76167e-05
1.19064e+07 0.412812 0.72209 0.0201465 0.00010267
1.61246e+07 0.56664 0.643565 0.0762361 7.5812e-05
1.68898e+07 0.586377 0.600639 0.110291 7.23775e-05
1.68898e+07 0.586377 0.600639 0.110291 7.23775e-05
1.94374e+07 0.640623 0.635151 0.0560896 6.28912e-05
1.31376e+07 0.467913 0.703063 0.136707 9.30492e-05
2.39754e+07 0.708747 0.606134 0.0464743 5.09872e-05
2.20928e+07 0.683842 0.628913 0.0908881 5.5332e-05
1.68898e+07 0.586377 0.600639 0.110291 7.23775e-05
2.20928e+07 0.683842 0.628913 0.0908881 5.5332e-05
1.61488e+07 0.567331 0.614833 0.0805287 7.56983e-05
1.5448e+07 0.547594 0.657759 0.0464743 7.91328e-05
2.35549e+07 0.703579 0.585987 0.124943 5.18975e-05
1.65436e+07 0.577627 0.657015 0.0263278 7.3892e-05
1.03689e+07 0.325643 0.765302 0 0.000117895
1.3428e+07 0.479471 0.686777 0.0560896 9.10368e-05
1.08261e+07 0.354427 0.57047 0 0.000112916
1.3428e+07 0.479471 0.686777 0.0560896 9.10368e-05
1.39896e+07 0.500307 0.703927 0 8.73823e-05
1.68898e+07 0.586377 0.600639 0.110291 7.23775e-05
1.73256e+07 0.596673 0.672125 0.0707416 7.05568e-05
9.01515e+06 0.224406 0.698483 0 0.000135598
1.84625e+07 0.621578 0.649346 0.0263278 6.6212e-05
2.21326e+07 0.684534 0.570877 0.0805287 5.52327e-05
1.68898e+07 0.586377 0.600639 0.110291 7.23775e-05
1.61488e+07 0.567331 0.614833 0.0805287 7.56983e-05
1.20901e+07 0.421859 0.638292 0.0201465 0.000101111
1.75861e+07 0.602696 0.638732 0.163035 6.95116e-05
1.99316e+07 0.64967 0.551353 0.0560896 6.13319e-05
2.35549e+07 0.703579 0.585987 0.124943 5.18975e-05
1.39521e+07 0.499208 0.575742 0.0560896 8.76167e-05
1.32027e+07 0.470706 0.587871 0.0263278 9.25899e-05
1.29554e+07 0.460425 0.700971 0.0263278 9.43576e-05
1.61246e+07 0.56664 0.643565 0.0762361 7.5812e-05
1.64885e+07 0.576378 0.531035 0.0805287 7.4139e-05
2.05552e+07 0.660361 0.524117 0.0560896 5.9471e-05
1.58092e+07 0.558106 0.549922 0.0347985 7.73247e-05
1.66219e+07 0.579784 0.555596 0.0963826 7.35439e-05
2.21326e+07 0.684534 0.570877 0.0805287 5.52327e-05
9.71367e+06 0.280077 0.770369 0.0444138 0.000125847
1.3428e+07 0.479471 0.686777 0.0560896 9.10368e-05
2.35549e+07 0.703579 0.585987 0.124943 5.18975e-05
1.34426e+07 0.480162 0.589936 0.0263278 9.09375e-05
1.61246e+07 0.56664 0.643565 0.0762361 7.5812e-05
2.16422e+07 0.677249 0.651978 0.111035 5.6484e-05
2.76371e+07 0.74753 0.549014 0.110291 4.42319e-05
1.68898e+07 0.586377 0.600639 0.110291 7.23775e-05
1.61488e+07 0.567331 0.614833 0.0805287 7.56983e-05
1.3428e+07 0.479471 0.686777 0.0560896 9.10368e-05
1.31376e+07 0.467913 0.703063 0.136707 9.30492e-05
2.50479e+07 0.7212 0.655298 0.116529 4.8804e-05
4.05647e+07 0.864732 0.534362 0.124943 3.01356e-05
1.5448e+07 0.547594 0.657759 0.0464743 7.91328e-05
2.35549e+07 0.703579 0.585987 0.124943 5.18975e-05
1.3662e+07 0.488518 0.602979 0.0560896 8.94775e-05
2.09664e+07 0.666953 0.580493 0.150583 5.83047e-05
9.45872e+06 0.260734 0.742388 0.0638163 0.000129239
1.3428e+07 0.479471 0.686777 0.0560896 9.10368e-05
1.10951e+07 0.370054 0.595653 0.0276315 0.000110178
1.33615e+07 0.47696 0.619265 0.136707 9.14899e-05
1.3428e+07 0.479471 0.686777 0.0560896 9.10368e-05
