1.53212e+07 0.574097 0.527306 0.133484 8.38715e-05
1.02157e+07 0.361023 0.507717 0.0452005 0.000125787
2.74596e+07 0.762588 0.524922 0.130357 4.67963e-05
1.4942e+07 0.563197 0.612978 0.223878 8.6e-05
1.89536e+07 0.655701 0.633133 0.224626 6.77976e-05
2.42356e+07 0.730978 0.501968 0.253191 5.30215e-05
1.34108e+07 0.513202 0.682076 0.111375 9.58188e-05
3.22217e+07 0.797826 0.460264 0.244859 3.98803e-05
1.89536e+07 0.655701 0.633133 0.224626 6.77976e-05
3.17626e+07 0.794703 0.633133 0.269176 4.04568e-05
2.27373e+07 0.713098 0.616406 0.222584 5.65155e-05
1.37907e+07 0.526738 0.580156 0.105084 9.31791e-05
1.7719e+07 0.631916 0.418135 0.0858067 7.25215e-05
3.03424e+07 0.785153 0.564267 0.200309 4.23503e-05
3.30837e+07 0.803033 0.526347 0.269176 3.88411e-05
1.84386e+07 0.646152 0.564267 0.155759 6.96911e-05
2.91627e+07 0.776482 0.535358 0.213166 4.40635e-05
2.74596e+07 0.762588 0.524922 0.130357 4.67963e-05
3.17626e+07 0.794703 0.633133 0.269176 4.04568e-05
1.44129e+07 0.547188 0.574277 0.0635317 8.91567e-05
1.15935e+07 0.436803 0.731431 0.0891002 0.000110838
2.30477e+07 0.717084 0.506835 0.178034 5.57543e-05
1.17e+07 0.44201 0.65978 0.0445501 0.00010983
1.799e+07 0.637431 0.46314 0.163205 7.14291e-05
9.86809e+06 0.338458 0.517875 0 0.000130219
3.17626e+07 0.794703 0.633133 0.269176 4.04568e-05
2.25913e+07 0.711357 0.506835 0.173529 5.68807e-05
8.8484e+06 0.262059 0.61178 0 0.000145225
2.13456e+07 0.694519 0.46749 0.108082 6.02003e-05
1.77835e+07 0.633136 0.532574 0.124066 7.22587e-05
3.17626e+07 0.794703 0.633133 0.269176 4.04568e-05
2.86079e+07 0.772138 0.532574 0.168616 4.49179e-05
1.32923e+07 0.508858 0.679291 0.0668251 9.66732e-05
1.81902e+07 0.641466 0.425787 0.124066 7.06431e-05
1.51694e+07 0.569753 0.613622 0.133484 8.47107e-05
1.89536e+07 0.655701 0.633133 0.224626 6.77976e-05
1.55134e+07 0.579303 0.60597 0.164091 8.28323e-05
4.18298e+07 0.878813 0.530582 0.177848 3.072e-05
2.69508e+07 0.758212 0.426579 0.182353 4.76799e-05
1.88762e+07 0.654481 0.45748 0.155759 6.80755e-05
2.86079e+07 0.772138 0.532574 0.168616 4.49179e-05
2.31569e+07 0.718304 0.60597 0.208641 5.54915e-05
1.07457e+07 0.392422 0.628235 0.0470268 0.000119583
1.56722e+07 0.583647 0.519654 0.164091 8.19931e-05
1.77835e+07 0.633136 0.532574 0.124066 7.22587e-05
9.02324e+06 0.276295 0.708409 0.0452005 0.000142411
2.84297e+07 0.770706 0.54323 0.243295 4.51995e-05
3.17626e+07 0.794703 0.633133 0.269176 4.04568e-05
1.73622e+07 0.624416 0.354929 0.0932526 7.40119e-05
3.09671e+07 0.789497 0.567051 0.244859 4.14959e-05
1.56221e+07 0.582426 0.420519 0.133484 8.22559e-05
1.89536e+07 0.655701 0.633133 0.224626 6.77976e-05
4.34125e+07 0.927978 0.553043 0.269176 2.96e-05
1.81902e+07 0.641466 0.425787 0.124066 7.06431e-05
2.34064e+07 0.721428 0.509619 0.222584 5.48999e-05
1.3679e+07 0.522752 0.689727 0.149634 9.39404e-05
2.27373e+07 0.713098 0.616406 0.222584 5.65155e-05
1.89536e+07 0.655701 0.633133 0.224626 6.77976e-05
3.5442e+07 0.81621 0.481227 0.155573 3.62567e-05
1.89536e+07 0.655701 0.633133 0.224626 6.77976e-05
1.51694e+07 0.569753 0.613622 0.133484 8.47107e-05
1.89536e+07 0.655701 0.633133 0.224626 6.77976e-05
1.32024e+07 0.505588 0.597054 0.158617 9.73312e-05
2.23987e+07 0.708754 0.613622 0.178034 5.73699e-05
1.15049e+07 0.43246 0.728646 0.0445501 0.000111693
1.05212e+07 0.379407 0.686943 0.0605342 0.000122136
4.12249e+07 0.842029 0.533532 0.178034 3.11707e-05
