2.12667e+07 0.61199 0.687314 0.119776 5.92881e-05
1.73894e+07 0.525717 0.521044 0.0700146 7.25073e-05
2.32878e+07 0.645854 0.605063 0.0291613 5.41426e-05
1.69786e+07 0.513855 0.687557 0.121514 7.42618e-05
3.37907e+07 0.756129 0.612168 0.212476 3.73138e-05
2.18808e+07 0.622893 0.681592 0.142665 5.76241e-05
1.23143e+07 0.329504 0.754221 0.0411999 0.00010239
2.74108e+07 0.69922 0.616447 0.119776 4.59986e-05
3.37907e+07 0.756129 0.612168 0.212476 3.73138e-05
2.84493e+07 0.710124 0.667947 0.171276 4.43196e-05
2.12667e+07 0.61199 0.687314 0.119776 5.92881e-05
1.25177e+07 0.340408 0.759943 0.069811 0.000100726
2.6749e+07 0.69186 0.549284 0.0703612 4.71368e-05
3.82518e+07 0.879426 0.546582 0.175061 3.29621e-05
2.84493e+07 0.710124 0.667947 0.171276 4.43196e-05
3.82518e+07 0.879426 0.546582 0.175061 3.29621e-05
2.40262e+07 0.656758 0.610785 0.0577723 5.24786e-05
3.72133e+07 0.778764 0.550084 0.164792 3.3882e-05
4.10436e+07 0.844324 0.653862 0.185361 3.072e-05
3.15521e+07 0.73883 0.577895 0.0703612 3.99613e-05
1.08996e+07 0.242274 0.825089 0.0411999 0.000115679
2.41164e+07 0.657995 0.631535 0.160976 5.22823e-05
1.07932e+07 0.23505 0.675724 0.0171696 0.00011682
2.44781e+07 0.663107 0.627243 0.195315 5.15096e-05
2.22732e+07 0.629792 0.513608 0.0140854 5.66088e-05
3.37907e+07 0.756129 0.612168 0.212476 3.73138e-05
3.96282e+07 0.792196 0.589279 0.160976 3.18173e-05
1.46361e+07 0.436239 0.513595 0.0515086 8.61472e-05
1.89149e+07 0.563736 0.671638 0.0635003 6.66595e-05
3.82518e+07 0.836964 0.540921 0.113058 3.29621e-05
2.84493e+07 0.710124 0.667947 0.171276 4.43196e-05
2.40262e+07 0.656758 0.610785 0.0577723 5.24786e-05
1.19003e+07 0.306264 0.694988 0 0.000105952
2.40262e+07 0.656758 0.610785 0.0577723 5.24786e-05
2.2578e+07 0.634755 0.572302 0.119776 5.58446e-05
4.10436e+07 0.89033 0.598082 0.226561 3.072e-05
2.84078e+07 0.709798 0.605134 0.198466 4.43843e-05
1.86982e+07 0.558624 0.675931 0.0291613 6.74321e-05
2.08661e+07 0.60463 0.620151 0.0703612 6.04263e-05
3.23358e+07 0.745226 0.560668 0.160976 3.89928e-05
2.61331e+07 0.684636 0.52582 0.109281 4.82476e-05
2.18808e+07 0.622893 0.681592 0.142665 5.76241e-05
1.7922e+07 0.539836 0.496478 0.0758853 7.03526e-05
2.18808e+07 0.622893 0.681592 0.142665 5.76241e-05
3.68231e+07 0.877863 0.520242 0.127659 3.4241e-05
2.42114e+07 0.659592 0.507536 0.142985 5.2077e-05
2.41164e+07 0.657995 0.631535 0.160976 5.22823e-05
4.10436e+07 0.844324 0.653862 0.185361 3.072e-05
2.14515e+07 0.615533 0.568651 0.0703612 5.87773e-05
2.74108e+07 0.69922 0.616447 0.119776 4.59986e-05
3.24771e+07 0.74619 0.645058 0.119776 3.88231e-05
3.37907e+07 0.756129 0.612168 0.212476 3.73138e-05
2.84493e+07 0.710124 0.667947 0.171276 4.43196e-05
2.77278e+07 0.702764 0.555006 0.0989722 4.54728e-05
2.41164e+07 0.657995 0.631535 0.160976 5.22823e-05
1.17037e+07 0.294403 0.815723 0.0286111 0.000107732
2.12667e+07 0.61199 0.687314 0.119776 5.92881e-05
4.10436e+07 0.844324 0.653862 0.185361 3.072e-05
2.6749e+07 0.69186 0.549284 0.0703612 4.71368e-05
4.45828e+07 0.849436 0.649569 0.2197 2.82813e-05
3.54481e+07 0.767665 0.551662 0.272576 3.55691e-05
3.37907e+07 0.756129 0.612168 0.212476 3.73138e-05
1.69786e+07 0.513855 0.687557 0.121514 7.42618e-05
2.12667e+07 0.61199 0.687314 0.119776 5.92881e-05
1.0574e+07 0.219034 0.765855 0 0.000119241
1.21804e+07 0.32228 0.662079 0.0457806 0.000103516
2.41164e+07 0.657995 0.631535 0.160976 5.22823e-05
