3.40802e+07 0.425962 0.870604 0 3.78546e-05
2.29777e+07 0.149424 0.637616 0.0792884 5.61453e-05
6.66063e+07 0.749384 0.762427 0.0327808 1.93689e-05
1.95778e+07 0 1 0 6.58955e-05
3.40802e+07 0.425962 0.870604 0 3.78546e-05
7.41917e+07 0.736758 0.805042 0 1.73886e-05
7.41917e+07 0.736758 0.805042 0 1.73886e-05
7.41917e+07 0.736758 0.805042 0 1.73886e-05
3.48268e+07 0.438491 0.811137 0 3.7043e-05
7.41917e+07 0.736758 0.805042 0 1.73886e-05
6.66063e+07 0.749384 0.762427 0.0327808 1.93689e-05
6.29927e+07 0.825421 0.713051 0.0292238 2.048e-05
3.48197e+07 0.438588 0.762427 0 3.70506e-05
7.41917e+07 0.736758 0.805042 0 1.73886e-05
7.41917e+07 0.736758 0.805042 0 1.73886e-05
3.40802e+07 0.425962 0.870604 0 3.78546e-05
6.97497e+07 0.749286 0.745576 0 1.8496e-05
7.41917e+07 0.736758 0.805042 0 1.73886e-05
7.41917e+07 0.736758 0.805042 0 1.73886e-05
3.81879e+07 0.488607 0.627229 0.0264295 3.37827e-05
7.41917e+07 0.736758 0.805042 0 1.73886e-05
7.41917e+07 0.736758 0.805042 0 1.73886e-05
3.92554e+07 0.848692 0.478233 0.0327808 3.2864e-05
3.40802e+07 0.425962 0.870604 0 3.78546e-05
1.95778e+07 0 1 0 6.58955e-05
7.41917e+07 0.736758 0.805042 0 1.73886e-05
3.40802e+07 0.425962 0.870604 0 3.78546e-05
2.1714e+07 0.0993088 0.715806 0 5.94127e-05
7.41917e+07 0.736758 0.805042 0 1.73886e-05
3.48268e+07 0.438491 0.811137 0 3.7043e-05
6.97497e+07 0.749286 0.745576 0 1.8496e-05
6.97497e+07 0.749286 0.745576 0 1.8496e-05
3.92554e+07 0.848692 0.478233 0.0327808 3.2864e-05
4.13205e+07 0.527154 0.719146 0.0292238 3.12216e-05
3.92554e+07 0.5378 0.526944 0 3.2864e-05
3.40802e+07 0.425962 0.870604 0 3.78546e-05
3.40802e+07 0.425962 0.870604 0 3.78546e-05
7.41917e+07 0.736758 0.805042 0 1.73886e-05
7.41917e+07 0.736758 0.805042 0 1.73886e-05
3.72769e+07 0.476078 0.633837 0 3.46083e-05
3.92554e+07 0.836066 0.520848 0 3.2864e-05
6.97497e+07 0.749286 0.745576 0 1.8496e-05
4.11135e+07 0.525271 0.58641 0 3.13787e-05
3.48268e+07 0.438491 0.811137 0 3.7043e-05
3.40802e+07 0.425962 0.870604 0 3.78546e-05
2.1714e+07 0.0993088 0.715806 0 5.94127e-05
3.40802e+07 0.425962 0.870604 0 3.78546e-05
7.41917e+07 0.736758 0.805042 0 1.73886e-05
3.48268e+07 0.438491 0.811137 0 3.7043e-05
4.66457e+07 0.786873 0.568275 0 2.76572e-05
3.40802e+07 0.425962 0.870604 0 3.78546e-05
3.40802e+07 0.425962 0.870604 0 3.78546e-05
7.41917e+07 0.736758 0.805042 0 1.73886e-05
3.40802e+07 0.425962 0.870604 0 3.78546e-05
7.41917e+07 0.736758 0.805042 0 1.73886e-05
6.29927e+07 0.825421 0.713051 0.0292238 2.048e-05
7.41917e+07 0.736758 0.805042 0 1.73886e-05
3.40802e+07 0.425962 0.870604 0 3.78546e-05
3.40802e+07 0.425962 0.870604 0 3.78546e-05
3.40802e+07 0.425962 0.870604 0 3.78546e-05
4.11135e+07 0.525271 0.58641 0 3.13787e-05
3.40802e+07 0.425962 0.870604 0 3.78546e-05
2.84e+07 0.310795 0.934438 0 4.54257e-05
5.68221e+07 0.812028 0.604283 0.101825 2.2704e-05
4.19951e+07 1 0.497982 0.265991 3.072e-05
3.92554e+07 0.613934 0.494419 0.0292238 3.2864e-05
7.41917e+07 0.736758 0.805042 0 1.73886e-05
