1.87086e+07 0.471278 0.658884 0.0488391 7.25258e-05
1.72327e+07 0.42633 0.557366 0.0554388 7.87376e-05
4.09323e+07 0.758641 0.695484 0.036999 3.31489e-05
1.74312e+07 0.432567 0.64303 0.109425 7.78407e-05
2.73583e+07 0.63881 0.599708 0.102825 4.95959e-05
3.79727e+07 0.74 0.59048 0.166177 3.57325e-05
2.33652e+07 0.576507 0.808774 0.073998 5.80719e-05
4.38136e+07 0.834744 0.619665 0.147936 3.09689e-05
2.73583e+07 0.63881 0.599708 0.102825 4.95959e-05
4.38136e+07 0.856395 0.599708 0.139824 3.09689e-05
3.17757e+07 0.688863 0.732882 0.122837 4.27011e-05
3.44001e+07 0.71275 0.694296 0.219846 3.94435e-05
2.20943e+07 0.552399 0.668851 0.0250992 6.14121e-05
4.41686e+07 0.816601 0.643986 0.0858381 3.072e-05
3.49253e+07 0.867738 0.573074 0.164924 3.88504e-05
2.46555e+07 0.599016 0.643986 0.0488391 5.50328e-05
4.38136e+07 0.805234 0.617038 0.109744 3.09689e-05
4.09323e+07 0.758641 0.695484 0.036999 3.31489e-05
4.38136e+07 0.856395 0.599708 0.139824 3.09689e-05
1.66755e+07 0.406518 0.782068 0 8.13683e-05
1.7741e+07 0.44197 0.895358 0.073998 7.64816e-05
3.22401e+07 0.693407 0.703936 0.110937 4.20861e-05
2.01137e+07 0.508521 0.610853 0.036999 6.74594e-05
1.88726e+07 0.475822 0.703936 0.0739383 7.18959e-05
1.48795e+07 0.334813 0.775806 0.0250992 9.11901e-05
4.38136e+07 0.856395 0.599708 0.139824 3.09689e-05
1.88726e+07 0.475822 0.703936 0.0739383 7.18959e-05
1.29166e+07 0.233833 0.732448 0.0250992 0.000105048
2.71307e+07 0.635446 0.755435 0.0620982 5.0012e-05
2.35825e+07 0.580849 0.614726 0.0357457 5.75366e-05
4.38136e+07 0.856395 0.599708 0.139824 3.09689e-05
4.38136e+07 0.798435 0.614726 0.0727447 3.09689e-05
2.49183e+07 0.603264 0.676519 0.036999 5.44524e-05
3.12758e+07 0.684098 0.633517 0.207946 4.33838e-05
1.96944e+07 0.498035 0.600628 0.0488391 6.88959e-05
2.73583e+07 0.63881 0.599708 0.102825 4.95959e-05
1.99478e+07 0.504272 0.614801 0.0670797 6.80205e-05
2.63169e+07 0.624104 0.782068 0.036999 5.15585e-05
2.76457e+07 0.642246 0.757747 0.0990972 4.90804e-05
2.53684e+07 0.610359 0.617352 0.0739383 5.34863e-05
3.2393e+07 0.831991 0.484784 0.0727447 4.18874e-05
3.551e+07 0.721858 0.614801 0.104079 3.82107e-05
1.77699e+07 0.443639 0.564341 0.0184995 7.63572e-05
2.02203e+07 0.511072 0.543115 0.0670797 6.71038e-05
2.35825e+07 0.580849 0.614726 0.0357457 5.75366e-05
1.3749e+07 0.28045 0.670583 0.0303396 9.86878e-05
1.88726e+07 0.475822 0.703936 0.0739383 7.18959e-05
4.38136e+07 0.856395 0.599708 0.139824 3.09689e-05
1.82338e+07 0.457655 0.603185 0.0250992 7.44146e-05
4.41686e+07 0.823401 0.646298 0.122837 3.072e-05
1.91163e+07 0.482621 0.632251 0.0739383 7.09793e-05
2.73583e+07 0.63881 0.599708 0.102825 4.95959e-05
4.38136e+07 0.856395 0.599708 0.139824 3.09689e-05
2.42339e+07 0.592192 0.588092 0.0608449 5.59901e-05
3.29698e+07 0.700206 0.706249 0.147936 4.11546e-05
3.3872e+07 0.708207 0.727839 0.234045 4.00585e-05
3.17757e+07 0.688863 0.732882 0.122837 4.27011e-05
2.73583e+07 0.63881 0.599708 0.102825 4.95959e-05
2.15516e+07 0.541056 0.695484 0 6.29587e-05
2.73583e+07 0.63881 0.599708 0.102825 4.95959e-05
1.96944e+07 0.498035 0.600628 0.0488391 6.88959e-05
2.73583e+07 0.63881 0.599708 0.102825 4.95959e-05
2.7882e+07 0.645609 0.597978 0.121325 4.86643e-05
3.10973e+07 0.682064 0.73057 0.0858381 4.36327e-05
2.24878e+07 0.560633 0.566399 0.063036 6.03377e-05
2.04795e+07 0.517379 0.595584 0.160047 6.62547e-05
3.10973e+07 0.682064 0.73057 0.0858381 4.36327e-05
