4.77814e+07 0.814563 0.619656 0.148462 2.45533e-05
2.28716e+07 0.567442 0.551973 0.0871012 5.12946e-05
3.83362e+07 0.742111 0.607436 0.0364005 3.06026e-05
2.2244e+07 0.555033 0.641496 0.0871012 5.27418e-05
3.81898e+07 0.874687 0.553896 0.198383 3.072e-05
4.77814e+07 0.814563 0.619656 0.148462 2.45533e-05
1.45598e+07 0.319654 0.789678 0.0499207 8.05772e-05
4.77814e+07 0.814563 0.619656 0.148462 2.45533e-05
3.81898e+07 0.874687 0.553896 0.198383 3.072e-05
4.77814e+07 0.814563 0.619656 0.148462 2.45533e-05
4.77814e+07 0.814563 0.619656 0.148462 2.45533e-05
1.45598e+07 0.319654 0.789678 0.0499207 8.05772e-05
4.23938e+07 0.802235 0.541676 0.0863212 2.76736e-05
3.81898e+07 0.874687 0.553896 0.198383 3.072e-05
4.77814e+07 0.814563 0.619656 0.148462 2.45533e-05
3.81898e+07 0.874687 0.553896 0.198383 3.072e-05
3.83362e+07 0.742111 0.607436 0.0364005 3.06026e-05
3.80383e+07 0.915139 0.543157 0.19901 3.08424e-05
4.77814e+07 0.814563 0.619656 0.148462 2.45533e-05
4.23938e+07 0.802235 0.541676 0.0863212 2.76736e-05
1.45598e+07 0.319654 0.789678 0.0499207 8.05772e-05
3.81898e+07 0.874687 0.553896 0.198383 3.072e-05
1.37288e+07 0.27858 0.719926 0.0204398 8.54544e-05
4.1395e+07 0.881329 0.548786 0.239262 2.83413e-05
2.16371e+07 0.542705 0.513595 0 5.42212e-05
3.81898e+07 0.874687 0.553896 0.198383 3.072e-05
3.81898e+07 0.874687 0.553896 0.198383 3.072e-05
2.25693e+07 0.561755 0.459842 0.0613191 5.19816e-05
3.93369e+07 0.748752 0.602326 0.0772799 2.98242e-05
4.23938e+07 0.802235 0.541676 0.0863212 2.76736e-05
4.77814e+07 0.814563 0.619656 0.148462 2.45533e-05
3.83362e+07 0.742111 0.607436 0.0364005 3.06026e-05
1.36049e+07 0.271939 0.765915 0 8.62329e-05
3.83362e+07 0.742111 0.607436 0.0364005 3.06026e-05
3.81898e+07 0.826971 0.530133 0.148462 3.072e-05
3.81898e+07 0.874687 0.553896 0.198383 3.072e-05
3.81898e+07 0.927467 0.528618 0.214891 3.072e-05
3.83362e+07 0.742111 0.607436 0.0364005 3.06026e-05
4.23938e+07 0.802235 0.541676 0.0863212 2.76736e-05
3.81898e+07 0.874687 0.553896 0.198383 3.072e-05
4.07358e+07 0.761161 0.553682 0.0977196 2.88e-05
4.77814e+07 0.814563 0.619656 0.148462 2.45533e-05
1.66207e+07 0.404515 0.538173 0.074881 7.05862e-05
4.77814e+07 0.814563 0.619656 0.148462 2.45533e-05
3.63968e+07 0.855015 0.516398 0.10283 3.22333e-05
3.09242e+07 0.680346 0.501815 0.17397 3.79376e-05
3.81898e+07 0.874687 0.553896 0.198383 3.072e-05
4.77814e+07 0.814563 0.619656 0.148462 2.45533e-05
4.23938e+07 0.802235 0.541676 0.0863212 2.76736e-05
4.77814e+07 0.814563 0.619656 0.148462 2.45533e-05
4.77814e+07 0.814563 0.619656 0.148462 2.45533e-05
3.81898e+07 0.874687 0.553896 0.198383 3.072e-05
4.77814e+07 0.814563 0.619656 0.148462 2.45533e-05
4.23938e+07 0.802235 0.541676 0.0863212 2.76736e-05
3.81898e+07 0.874687 0.553896 0.198383 3.072e-05
1.33806e+07 0.25953 0.855438 0 8.76787e-05
4.77814e+07 0.814563 0.619656 0.148462 2.45533e-05
4.77814e+07 0.814563 0.619656 0.148462 2.45533e-05
4.23938e+07 0.802235 0.541676 0.0863212 2.76736e-05
4.3815e+07 0.821204 0.614546 0.189341 2.6776e-05
3.81898e+07 1 0.506734 0.331511 3.072e-05
3.81898e+07 0.874687 0.553896 0.198383 3.072e-05
2.2244e+07 0.555033 0.641496 0.0871012 5.27418e-05
4.77814e+07 0.814563 0.619656 0.148462 2.45533e-05
1.36049e+07 0.271939 0.765915 0 8.62329e-05
1.37288e+07 0.27858 0.719926 0.0204398 8.54544e-05
3.81898e+07 0.874687 0.553896 0.198383 3.072e-05
