4.19893e+07 0.903374 0.558 0.332031 3.072e-05
4.68206e+07 0.857143 0.584706 0.114939 2.93888e-05
4.82194e+07 0.87426 0.6474 0.0986436 3.072e-05
2.68929e+07 0.827396 0.61101 0.106701 4.16594e-05
4.87995e+07 0.833973 0.591247 0.184532 2.40904e-05
4.69886e+07 0.776699 0.638835 0.0894109 2.35487e-05
5.88427e+07 0.904439 0.653813 0.184525 2.26978e-05
5.83838e+07 0.92057 0.567205 0.156295 2.048e-05
7.98286e+07 0.916814 0.654084 0.231828 1.8432e-05
4.09323e+07 0.758641 0.695484 0.036999 3.31489e-05
3.75364e+07 0.875943 0.506194 0.211086 3.12944e-05
3.6741e+07 0.742073 0.774284 0.0846842 3.85831e-05
6.04686e+07 0.857761 0.654724 0.103334 1.64587e-05
5.39956e+07 1 0.434933 0.223718 2.048e-05
5.84315e+07 0.868326 0.588443 0.138817 2.07289e-05
5.01182e+07 0.886968 0.510527 0.197619 2.3859e-05
2.70288e+07 0.80078 0.51608 0.0914411 3.67002e-05
6.02108e+07 0.882734 0.6277 0.0775149 2.4288e-05
3.64462e+07 0.816268 0.645941 0.0400225 3.37467e-05
4.53061e+07 0.863933 0.595271 0.111485 2.96e-05
3.54491e+07 0.846514 0.60558 0.0743439 3.23173e-05
5.16427e+07 0.838542 0.503243 0.251349 2.208e-05
5.21259e+07 0.801022 0.61048 0.115664 2.49843e-05
5.95757e+07 0.855377 0.769279 0.0918617 2.048e-05
5.14756e+07 0.900441 0.611188 0.209657 2.45248e-05
4.20284e+07 0.900458 0.628165 0.137985 2.96e-05
4.98093e+07 1 0.49001 0.323052 2.412e-05
6.03534e+07 0.818271 0.750988 0.127026 1.92889e-05
3.15893e+07 0.846051 0.601246 0.241676 3.1616e-05
6.84253e+07 0.933702 0.591601 0.146294 2.048e-05
5.422e+07 0.817104 0.528774 0.100057 1.9941e-05
6.20117e+07 1 0.58333 0.0911137 3.072e-05
2.87979e+07 0.855792 0.443958 0.131577 4.492e-05
4.41417e+07 0.819127 0.520667 0.145153 2.048e-05
5.10625e+07 1 0.424285 0.193365 2.048e-05
3.75074e+07 0.777837 0.617271 0.0906629 2.91569e-05
6.54556e+07 0.97799 0.544922 0.202496 2.048e-05
5.77937e+07 0.810893 0.528076 0.205527 2.24614e-05
5.03906e+07 0.838921 0.527788 0.160552 2.048e-05
3.95103e+07 0.840527 0.62395 0.0841322 2.87867e-05
5.15967e+07 0.85731 0.550326 0.0739086 2.048e-05
5.3878e+07 0.832986 0.521059 0.1659 2.353e-05
4.52246e+07 0.847224 0.548313 0.13625 2.66331e-05
5.02834e+07 0.923483 0.445631 0.140417 2.646e-05
4.55208e+07 0.909327 0.685266 0.141172 2.048e-05
5.45571e+07 0.852068 0.569569 0.088471 2.048e-05
3.7724e+07 0.993243 0.447418 0.233336 3.072e-05
4.63275e+07 1 0.487616 0.300596 2.4768e-05
3.76371e+07 0.809116 0.729766 0.134388 2.80731e-05
5.86548e+07 0.968023 0.660628 0.352889 2.048e-05
3.3452e+07 0.804682 0.46318 0.0523047 3.69709e-05
4.36162e+07 0.828774 0.587822 0.198642 2.31765e-05
4.73966e+07 0.878343 0.492213 0.0943667 2.6304e-05
3.76319e+07 0.72972 0.625284 0.0269403 3.1604e-05
3.3338e+07 0.906565 0.611247 0.172379 3.39217e-05
9.22852e+07 1 0.573703 0.105274 2.048e-05
4.72503e+07 0.846238 0.610507 0.101761 2.47573e-05
3.95364e+07 0.833469 0.595264 0.0785942 2.9657e-05
9.82465e+07 0.75033 0.824189 0.126944 1.728e-05
5.41718e+07 0.932144 0.522911 0.144926 2.5744e-05
4.69427e+07 0.782079 0.733572 0.0510649 2.5523e-05
5.62909e+07 0.813315 0.610282 0.155308 2.0884e-05
6.33345e+07 0.937033 0.555637 0.172252 2.048e-05
4.975e+07 0.788146 0.678045 0.0480442 2.21723e-05
6.19121e+07 0.846319 0.759491 0.0918469 2.048e-05
1e+08 0.958258 0.641727 0.27297 1.28e-05
3.58636e+07 0.813174 0.547754 0.0982107 2.784e-05
5.0396e+07 0.816746 0.569124 0.186196 2.35733e-05
5.13938e+07 0.887752 0.58623 0.148497 2.336e-05
4.54723e+07 0.934223 0.493016 0.231646 3.072e-05
3.90755e+07 0.810043 0.515034 0.0469021 3.02281e-05
6.84976e+07 0.924336 0.648893 0.159404 2.048e-05
4.08489e+07 0.922431 0.471524 0.17313 2.568e-05
5.61523e+07 1 0.588096 0.248588 2.048e-05
5.99905e+07 0.890566 0.565278 0.15835 2.112e-05
4.74904e+07 0.871954 0.521858 0.277616 2.5104e-05
5.66406e+07 0.821593 0.51552 0.174497 2.048e-05
5.07773e+07 0.894386 0.585026 0.178405 2.048e-05
2.89648e+07 1 0.567196 0.1342 4.096e-05
5.02396e+07 0.923077 0.602072 0.113473 3.072e-05
4.15892e+07 0.975148 0.473421 0.25082 3.072e-05
4.97116e+07 0.853886 0.66275 0.060641 2.611e-05
3.70549e+07 0.866043 0.451554 0.134517 3.3486e-05
3.60788e+07 0.819464 0.494187 0.108082 3.56167e-05
4.68894e+07 0.833687 0.620438 0.145846 2.44693e-05
4.50252e+07 0.877083 0.673777 0.141585 2.60032e-05
4.69972e+07 0.818422 0.769814 0.104987 2.10208e-05
2.8293e+07 0.824612 0.546594 0.122243 4.28109e-05
2.67221e+07 0.73878 0.60539 0.0263278 4.57464e-05
3.59094e+07 0.792545 0.540359 0.0546355 2.77924e-05
3.74558e+07 0.780055 0.590978 0.0432467 3.36626e-05
4.3815e+07 0.821204 0.614546 0.189341 2.6776e-05
7.88574e+07 0.932862 0.642359 0.143877 1.6384e-05
3.9949e+07 0.7981 0.639089 0.138819 3.49145e-05
5.71791e+07 0.75024 0.74436 0.0343993 2.38925e-05
4.80258e+07 0.97114 0.621573 0.204998 2.364e-05
6.66063e+07 0.761913 0.702961 0.0327808 1.93689e-05
5.68486e+07 0.825761 0.586938 0.0825676 2.01956e-05
4.89461e+07 0.89411 0.54068 0.0934648 2.7232e-05
4.16488e+07 0.85807 0.598073 0.173345 3.072e-05
