4.15029e+07 0.825402 0.535593 0.176919 3.108e-05
3.78521e+07 0.834541 0.558491 0.0619392 3.6352e-05
4.82194e+07 0.701064 0.679315 0.0927007 3.072e-05
1.61648e+07 0.712539 0.607947 0.044428 6.93074e-05
4.06124e+07 0.800345 0.615652 0.127982 2.89468e-05
4.2801e+07 0.754786 0.628931 0.039891 2.58527e-05
5.88427e+07 0.843873 0.640436 0.0807252 2.26978e-05
5.34082e+07 0.763069 0.602719 0.0852656 2.2388e-05
6.90393e+07 0.853097 0.597448 0.102699 2.13125e-05
2.63169e+07 0.624104 0.782068 0.036999 5.15585e-05
3.52393e+07 0.853453 0.477343 0.152211 3.33344e-05
2.61842e+07 0.63785 0.809353 0.0674787 5.41388e-05
2.71525e+07 0.670222 0.718742 0.103334 3.66535e-05
5.39956e+07 0.940663 0.436457 0.107897 2.048e-05
5.91416e+07 0.832925 0.648868 0.0844344 2.048e-05
4.73319e+07 0.840559 0.488507 0.0801335 2.52635e-05
1.54684e+07 0.651435 0.617338 0.0538549 6.4128e-05
4.9943e+07 0.749093 0.680363 0.0516766 2.92814e-05
2.64366e+07 0.722448 0.679049 0.0234707 4.65242e-05
3.52037e+07 0.774955 0.638636 0.0919136 3.80943e-05
2.66128e+07 0.75926 0.641885 0.0565313 4.30477e-05
3.51587e+07 0.725694 0.455091 0 3.24321e-05
2.8654e+07 0.637548 0.686794 0.115664 4.54502e-05
5.0392e+07 0.799894 0.752879 0.0220762 2.42124e-05
5.1235e+07 0.831383 0.562619 0.0989191 2.464e-05
4.20284e+07 0.854191 0.619095 0.0614482 2.96e-05
4.98093e+07 0.953198 0.429175 0.209603 2.412e-05
5.79808e+07 0.808989 0.735634 0.0502521 2.00782e-05
2.6148e+07 0.792741 0.564477 0.0750061 3.81952e-05
6.84253e+07 0.896943 0.654352 0.113631 2.048e-05
5.03111e+07 0.802802 0.603159 0.0509165 2.14903e-05
6.20117e+07 1 0.58333 0.0911137 3.072e-05
1.93886e+07 0.732239 0.443958 0.0934362 6.67198e-05
4.74138e+07 0.780999 0.583492 0.0687476 1.90667e-05
5.10625e+07 1 0.424285 0.193365 2.048e-05
2.08288e+07 0.599599 0.617271 0.0412104 5.25041e-05
8.95474e+07 0.832536 0.638309 0.13867 1.49701e-05
4.38122e+07 0.750378 0.523573 0.0771932 2.96294e-05
5.03906e+07 0.823324 0.496695 0.0828187 2.048e-05
2.3774e+07 0.713577 0.615547 0.0607914 4.7841e-05
3.42354e+07 0.718249 0.619522 0.0417769 3.08657e-05
4.92521e+07 0.826278 0.51722 0.104465 2.574e-05
2.13827e+07 0.676305 0.522542 0.0504548 5.63291e-05
4.91235e+07 0.814424 0.506982 0.108922 2.70848e-05
4.12358e+07 0.770499 0.751497 0.0958085 2.26082e-05
5.45571e+07 0.842019 0.560164 0.0414458 2.048e-05
3.54614e+07 0.96748 0.416035 0.167706 3.268e-05
4.15402e+07 0.968386 0.447507 0.21629 2.76224e-05
2.44554e+07 0.705577 0.832281 0.0629915 4.32048e-05
5.01859e+07 0.909784 0.379134 0.0713957 2.3936e-05
1.89932e+07 0.655415 0.5393 0.0206363 6.51155e-05
2.92037e+07 0.735 0.502435 0.070847 3.46145e-05
2.58564e+07 0.742539 0.53399 0.0485235 4.82171e-05
2.56983e+07 0.603437 0.748095 0.0269403 4.62801e-05
3.24686e+07 0.805591 0.588282 0.125575 3.483e-05
9.22852e+07 1 0.573703 0.105274 2.048e-05
3.03304e+07 0.741089 0.657116 0.0786588 3.85683e-05
1.94202e+07 0.66043 0.595264 0.0331421 6.0377e-05
9.21061e+07 0.73349 0.820943 0.0750126 1.8432e-05
5.45618e+07 0.89868 0.534888 0.0538983 2.556e-05
2.93747e+07 0.651179 0.779794 0.0192666 4.07875e-05
5.62909e+07 0.805137 0.601967 0.113735 2.0884e-05
6.00224e+07 0.78652 0.6419 0.132195 2.16101e-05
3.09432e+07 0.658968 0.733457 0.029109 3.56483e-05
6.19121e+07 0.839373 0.782994 0.0713404 2.048e-05
7.8125e+07 0.938899 0.70997 0.18198 1.6384e-05
4.87521e+07 0.773498 0.669288 0.0380819 2.048e-05
4.97211e+07 0.799368 0.58351 0.071111 2.38933e-05
4.01097e+07 0.813559 0.54603 0.07315 2.99319e-05
4.54723e+07 0.926914 0.499787 0.177482 3.072e-05
2.33002e+07 0.680924 0.566303 0.0469021 5.06941e-05
7.75902e+07 0.878779 0.717129 0.123832 1.808e-05
4.43739e+07 0.850941 0.53463 0.188659 2.364e-05
6.38889e+07 0.845283 0.608593 0.0672711 1.8e-05
4.77217e+07 0.739623 0.600795 0.0873144 2.65498e-05
4.74904e+07 0.844389 0.483756 0.199863 2.5104e-05
5.27135e+07 0.774194 0.547399 0.0989933 2.20058e-05
5.07773e+07 0.885591 0.575417 0.13036 2.048e-05
5.79297e+07 0.788453 0.684717 0.0408917 2.048e-05
3.66035e+07 0.742964 0.677639 0.0819139 4.21642e-05
3.34363e+07 0.761263 0.545294 0.176039 3.82106e-05
3.89948e+07 0.746295 0.681088 0.0239647 3.32857e-05
3.70549e+07 0.841899 0.470698 0.089042 3.3486e-05
2.07877e+07 0.686189 0.574277 0.108082 6.18159e-05
4.06427e+07 0.780525 0.598212 0.0563984 2.82301e-05
4.43498e+07 0.853156 0.649936 0.0905373 2.63992e-05
2.72798e+07 0.686676 0.820794 0.069922 3.62142e-05
1.67645e+07 0.703655 0.546594 0.0848486 7.22509e-05
1.84625e+07 0.621578 0.649346 0.0263278 6.6212e-05
2.00838e+07 0.628487 0.615141 0.0242572 4.96924e-05
2.68456e+07 0.692825 0.633674 0.0291613 4.69671e-05
4.77814e+07 0.814563 0.619656 0.148462 2.45533e-05
7.88574e+07 0.876325 0.715559 0.10349 1.6384e-05
3.32945e+07 0.75772 0.568304 0.0433056 4.18929e-05
4.77656e+07 0.700789 0.759025 0 2.86011e-05
4.42107e+07 0.904405 0.608945 0.0891998 2.568e-05
6.97497e+07 0.749286 0.745576 0 1.8496e-05
5.68486e+07 0.769299 0.647353 0.0322215 2.01956e-05
3.10976e+07 0.723046 0.54068 0.0509608 4.28619e-05
4.15428e+07 0.805761 0.61085 0.102668 3.07984e-05
