4.19893e+07 1 0.576315 0.414873 3.072e-05
4.47917e+07 1 0.570778 0.418943 3.072e-05
3.61646e+07 1 0.50827 0.344981 4.096e-05
3.64694e+07 0.99548 0.554726 0.375106 3.072e-05
3.82682e+07 1 0.564013 0.405985 3.072e-05
3.60195e+07 1 0.522853 0.335932 3.072e-05
4.34766e+07 1 0.537198 0.397084 3.072e-05
4.706e+07 1 0.478667 0.275888 2.5408e-05
5.2535e+07 1 0.526874 0.388456 2.8008e-05
3.31265e+07 1 0.560243 0.383711 4.096e-05
3.75364e+07 1 0.488368 0.329304 3.12944e-05
3.46089e+07 1 0.694873 0.424292 4.096e-05
4.85954e+07 1 0.478151 0.296181 2.048e-05
5.39956e+07 1 0.434933 0.223718 2.048e-05
3.94277e+07 1 0.507651 0.345891 3.072e-05
5.57729e+07 1 0.553251 0.420632 2.144e-05
3.22904e+07 1 0.560078 0.404013 3.072e-05
4.76042e+07 1 0.559157 0.34238 3.072e-05
3.00278e+07 1 0.620175 0.334244 4.096e-05
4.36543e+07 0.987362 0.559999 0.32682 3.072e-05
2.79692e+07 1 0.548883 0.337505 4.096e-05
5.56772e+07 1 0.58914 0.435767 2.048e-05
6.35903e+07 1 0.500629 0.334172 2.048e-05
2.97878e+07 1 0.528842 0.233436 4.096e-05
4.10947e+07 1 0.523925 0.380275 3.072e-05
3.03721e+07 1 0.504875 0.300243 4.096e-05
4.98093e+07 1 0.49001 0.323052 2.412e-05
3.78955e+07 1 0.528146 0.349799 3.072e-05
2.4383e+07 1 0.56076 0.41415 4.096e-05
4.56169e+07 1 0.581184 0.30524 3.072e-05
5.2793e+07 1 0.568844 0.383579 2.048e-05
6.20117e+07 1 0.58333 0.0911137 3.072e-05
4.21094e+07 1 0.634867 0.493238 3.072e-05
3.74728e+07 1 0.437848 0.248504 2.41248e-05
5.10625e+07 1 0.424285 0.193365 2.048e-05
5.33984e+07 1 0.574123 0.432164 2.048e-05
6.54556e+07 1 0.508642 0.295211 2.048e-05
6.33853e+07 1 0.546973 0.378809 2.048e-05
5.03906e+07 1 0.580094 0.329096 2.048e-05
3.70238e+07 0.936526 0.569652 0.294433 3.072e-05
5.15967e+07 1 0.524934 0.382714 2.048e-05
5.3878e+07 1 0.535971 0.398779 2.353e-05
3.9208e+07 1 0.516548 0.367945 3.072e-05
4.33105e+07 1 0.487789 0.349238 3.072e-05
3.03472e+07 1 0.532662 0.30793 3.072e-05
3.63714e+07 1 0.478261 0.336349 3.072e-05
3.7724e+07 1 0.45598 0.276144 3.072e-05
4.63275e+07 1 0.487616 0.300596 2.4768e-05
2.51721e+07 0.972493 0.565769 0.366389 4.19746e-05
5.86548e+07 1 0.5751 0.391569 2.048e-05
4.02588e+07 1 0.55909 0.401878 3.072e-05
4.29499e+07 1 0.557137 0.394305 2.3536e-05
6.0875e+07 1 0.643144 0.524192 2.048e-05
2.90361e+07 1 0.573282 0.345172 4.096e-05
2.76094e+07 1 0.487239 0.302539 4.096e-05
9.22852e+07 1 0.573703 0.105274 2.048e-05
3.80791e+07 1 0.598221 0.339175 3.072e-05
3.81683e+07 1 0.541029 0.376542 3.072e-05
4.14478e+07 1 0.615825 0.216202 4.096e-05
5.41718e+07 1 0.553453 0.378486 2.5744e-05
2.9251e+07 1 0.577085 0.203598 4.096e-05
5.13982e+07 1 0.523199 0.355872 2.2872e-05
6.33345e+07 1 0.485396 0.294369 2.048e-05
3.59072e+07 1 0.445058 0.225962 3.072e-05
3.09561e+07 1 0.636075 0.2711 4.096e-05
6.25e+07 1 0.630354 0.318465 2.048e-05
3.25014e+07 1 0.617332 0.272868 3.072e-05
5.50001e+07 1 0.621762 0.380077 2.16e-05
3.90807e+07 1 0.553993 0.407345 3.072e-05
4.47269e+07 1 0.472916 0.306334 3.1232e-05
3.84499e+07 1 0.496903 0.317161 3.072e-05
4.5665e+07 1 0.54437 0.242 3.072e-05
3.41471e+07 1 0.487052 0.315533 3.072e-05
5.61523e+07 1 0.588096 0.248588 2.048e-05
5.99905e+07 1 0.481478 0.328169 2.112e-05
3.88086e+07 1 0.498316 0.333374 3.072e-05
5.49242e+07 1 0.488255 0.32005 2.112e-05
5.07773e+07 1 0.516561 0.371679 2.048e-05
2.89648e+07 1 0.567196 0.1342 4.096e-05
3.76797e+07 1 0.510095 0.3434 4.096e-05
4.15892e+07 1 0.506981 0.319304 3.072e-05
3.16887e+07 1 0.5478 0.247383 4.096e-05
4.03913e+07 1 0.504272 0.32843 3.072e-05
4.18298e+07 1 0.565526 0.423537 3.072e-05
2.80115e+07 1 0.487359 0.316083 4.096e-05
2.8584e+07 1 0.530889 0.338428 4.096e-05
2.41191e+07 1 0.639536 0.317901 4.096e-05
2.95715e+07 1 0.507802 0.362664 4.096e-05
3.9793e+07 0.990953 0.509517 0.289994 3.072e-05
3.24873e+07 1 0.567605 0.423166 3.072e-05
3.07827e+07 1 0.518209 0.338161 4.096e-05
3.81898e+07 1 0.506734 0.331511 3.072e-05
5.64685e+07 1 0.492802 0.265036 2.288e-05
3.40527e+07 1 0.558482 0.420862 4.096e-05
4.4471e+07 0.69482 0.648231 0.314433 3.072e-05
3.69574e+07 1 0.494087 0.31365 3.072e-05
4.19951e+07 1 0.497982 0.265991 3.072e-05
3.73727e+07 1 0.505657 0.297825 3.072e-05
4.33887e+07 1 0.570993 0.454955 3.072e-05
3.12366e+07 1 0.496655 0.249059 4.096e-05
