4.19893e+07 1 0.576315 0.414873 3.072e-05
4.84234e+07 0.96233 0.629034 0.259575 2.8416e-05
3.61646e+07 1 0.50827 0.344981 4.096e-05
3.90744e+07 0.940391 0.63106 0.281963 2.8672e-05
3.82682e+07 1 0.564013 0.405985 3.072e-05
3.60195e+07 1 0.522853 0.335932 3.072e-05
4.38829e+07 0.935534 0.612419 0.289368 3.04356e-05
4.706e+07 1 0.478667 0.275888 2.5408e-05
5.2535e+07 1 0.526874 0.388456 2.8008e-05
4.38136e+07 0.834744 0.619665 0.147936 3.09689e-05
3.75364e+07 1 0.488368 0.329304 3.12944e-05
4.97522e+07 0.88253 0.720094 0.168621 2.84928e-05
4.85954e+07 0.904694 0.505027 0.224766 2.048e-05
5.39956e+07 1 0.434933 0.223718 2.048e-05
3.94277e+07 1 0.507651 0.345891 3.072e-05
5.57729e+07 1 0.553251 0.420632 2.144e-05
3.22904e+07 1 0.560078 0.404013 3.072e-05
7.14062e+07 0.952742 0.64183 0.242256 2.048e-05
4.00371e+07 0.912016 0.676305 0.182736 3.072e-05
5.80847e+07 0.885675 0.664948 0.244751 2.3088e-05
4.84163e+07 0.953631 0.706824 0.263878 2.36619e-05
5.56772e+07 1 0.58914 0.435767 2.048e-05
6.35903e+07 1 0.500629 0.334172 2.048e-05
5.88515e+07 0.878822 0.724962 0.160607 2.0732e-05
5.20736e+07 0.968348 0.573628 0.350917 2.42432e-05
4.04961e+07 0.965867 0.56676 0.23056 3.072e-05
4.98093e+07 1 0.49001 0.323052 2.412e-05
5.68433e+07 0.869375 0.612904 0.210845 2.048e-05
2.4383e+07 0.932498 0.556785 0.363514 4.096e-05
4.56169e+07 1 0.581184 0.30524 3.072e-05
5.2793e+07 1 0.568844 0.383579 2.048e-05
6.20117e+07 1 0.58333 0.0911137 3.072e-05
4.21094e+07 0.931885 0.652319 0.415426 3.072e-05
3.74728e+07 1 0.437848 0.248504 2.41248e-05
5.10625e+07 1 0.424285 0.193365 2.048e-05
5.33984e+07 0.871378 0.632034 0.34864 2.048e-05
6.54556e+07 1 0.508642 0.295211 2.048e-05
6.33853e+07 1 0.546973 0.378809 2.048e-05
5.03906e+07 1 0.580094 0.329096 2.048e-05
4.14574e+07 0.86918 0.608341 0.178075 2.74347e-05
5.15967e+07 0.959206 0.592162 0.339178 2.048e-05
5.3878e+07 0.993292 0.532131 0.337345 2.353e-05
4.89622e+07 0.959849 0.5889 0.321051 2.46e-05
4.33105e+07 1 0.487789 0.349238 3.072e-05
3.03472e+07 1 0.532662 0.30793 3.072e-05
3.63714e+07 1 0.478261 0.336349 3.072e-05
3.7724e+07 1 0.45598 0.276144 3.072e-05
4.63275e+07 1 0.487616 0.300596 2.4768e-05
3.09392e+07 0.767877 0.588008 0.116993 3.41505e-05
5.86548e+07 1 0.5751 0.391569 2.048e-05
4.02588e+07 0.918582 0.5812 0.357657 3.072e-05
4.93589e+07 0.87977 0.61608 0.364941 2.048e-05
5.39612e+07 0.957744 0.609132 0.336522 2.3104e-05
4.73488e+07 0.785102 0.681426 0.203059 2.51183e-05
2.78024e+07 0.959502 0.512401 0.256188 4.06756e-05
9.22852e+07 1 0.573703 0.105274 2.048e-05
3.80791e+07 0.908168 0.519535 0.228697 3.072e-05
4.07128e+07 0.880387 0.564086 0.214714 2.88e-05
4.14478e+07 1 0.615825 0.216202 4.096e-05
5.41718e+07 1 0.553453 0.378486 2.5744e-05
2.9251e+07 1 0.577085 0.203598 4.096e-05
5.13982e+07 0.978469 0.577049 0.302476 2.2872e-05
6.33345e+07 1 0.485396 0.294369 2.048e-05
5.38608e+07 0.912008 0.660808 0.176868 2.048e-05
3.09561e+07 1 0.636075 0.2711 4.096e-05
6.25e+07 1 0.630354 0.318465 2.048e-05
3.25014e+07 1 0.617332 0.272868 3.072e-05
5.50001e+07 1 0.621762 0.380077 2.16e-05
3.90807e+07 0.989767 0.561023 0.379227 3.072e-05
4.47269e+07 1 0.472916 0.306334 3.1232e-05
3.84499e+07 0.963058 0.476371 0.228271 3.072e-05
4.5665e+07 1 0.54437 0.242 3.072e-05
3.41471e+07 1 0.487052 0.315533 3.072e-05
5.61523e+07 1 0.588096 0.248588 2.048e-05
5.99905e+07 1 0.481478 0.328169 2.112e-05
3.88086e+07 1 0.498316 0.333374 3.072e-05
5.49242e+07 1 0.488255 0.32005 2.112e-05
5.07773e+07 1 0.516561 0.371679 2.048e-05
2.89648e+07 1 0.567196 0.1342 4.096e-05
5.02396e+07 0.971857 0.57672 0.259242 3.072e-05
4.15892e+07 1 0.506981 0.319304 3.072e-05
4.22516e+07 0.927483 0.669147 0.212999 3.072e-05
4.03913e+07 1 0.504272 0.32843 3.072e-05
4.34125e+07 0.927978 0.553043 0.269176 2.96e-05
3.73486e+07 0.954756 0.545014 0.248544 3.072e-05
3.8112e+07 0.971704 0.596683 0.302593 3.072e-05
3.38792e+07 0.899158 0.691086 0.218371 2.916e-05
3.93263e+07 0.9269 0.578094 0.307386 3.08e-05
4.05647e+07 0.864732 0.534362 0.124943 3.01356e-05
4.43009e+07 0.960507 0.630388 0.297171 2.2528e-05
4.45828e+07 0.849436 0.649569 0.2197 2.82813e-05
3.81898e+07 1 0.506734 0.331511 3.072e-05
5.64685e+07 1 0.492802 0.265036 2.288e-05
4.54036e+07 0.971348 0.604044 0.310326 3.072e-05
6.67065e+07 0.827038 0.760193 0.136053 2.048e-05
3.69574e+07 1 0.494087 0.31365 3.072e-05
4.19951e+07 1 0.497982 0.265991 3.072e-05
3.73727e+07 1 0.505657 0.297825 3.072e-05
5.87077e+07 0.969117 0.58398 0.286133 2.2704e-05
3.12366e+07 1 0.496655 0.249059 4.096e-05
