4.19893e+07 0.989264 0.513936 0.352493 3.072e-05
4.68206e+07 0.945233 0.605062 0.176008 2.93888e-05
4.24685e+07 0.779882 0.576684 0.255088 3.488e-05
3.56887e+07 0.897586 0.573401 0.128915 3.1392e-05
4.7711e+07 0.849902 0.580532 0.227391 2.464e-05
4.34953e+07 0.844995 0.569351 0.143112 2.544e-05
5.88427e+07 0.916403 0.647483 0.209843 2.26978e-05
5.83838e+07 0.931432 0.579451 0.217527 2.048e-05
7.98286e+07 0.924779 0.658614 0.304321 1.8432e-05
4.41686e+07 0.816601 0.643986 0.0858381 3.072e-05
3.75364e+07 0.882472 0.514638 0.253306 3.12944e-05
4.97522e+07 0.839332 0.682755 0.0846842 2.84928e-05
6.04686e+07 0.865303 0.658743 0.167634 1.64587e-05
5.39956e+07 1 0.434933 0.223718 2.048e-05
5.91416e+07 0.928001 0.633829 0.261548 2.048e-05
5.40095e+07 0.898264 0.546988 0.288771 2.214e-05
4.02581e+07 0.8781 0.546895 0.28312 2.464e-05
6.40349e+07 0.804484 0.651206 0.135113 2.28376e-05
4.42127e+07 0.862141 0.713511 0.134052 2.78187e-05
4.53061e+07 0.869494 0.601994 0.1451 2.96e-05
3.84608e+07 0.882678 0.663517 0.163453 2.97867e-05
5.56772e+07 0.967014 0.544437 0.341803 2.048e-05
6.35903e+07 0.922605 0.535458 0.150641 2.048e-05
5.95757e+07 0.860682 0.74287 0.105066 2.048e-05
5.20736e+07 0.929024 0.611188 0.261118 2.42432e-05
4.20284e+07 0.906008 0.630413 0.17395 2.96e-05
4.98093e+07 1 0.49001 0.323052 2.412e-05
6.03534e+07 0.847473 0.70235 0.161378 1.92889e-05
3.25106e+07 0.910719 0.628671 0.293078 3.072e-05
6.84253e+07 0.939595 0.594289 0.189307 2.048e-05
5.2793e+07 0.863277 0.503031 0.188083 2.048e-05
6.20117e+07 1 0.58333 0.0911137 3.072e-05
3.7301e+07 0.887098 0.581529 0.269148 3.468e-05
4.29603e+07 0.827795 0.472222 0.179757 2.10432e-05
5.10625e+07 1 0.424285 0.193365 2.048e-05
4.94394e+07 0.892168 0.548786 0.121318 2.212e-05
6.54556e+07 1 0.508642 0.295211 2.048e-05
6.33853e+07 0.966501 0.497521 0.277895 2.048e-05
5.03906e+07 0.84621 0.580094 0.236106 2.048e-05
4.41343e+07 0.849344 0.641952 0.133261 2.57707e-05
5.15967e+07 0.864802 0.559708 0.120816 2.048e-05
5.3878e+07 0.840389 0.531651 0.218861 2.353e-05
4.58322e+07 0.858735 0.565303 0.221202 2.628e-05
5.26305e+07 0.937115 0.455802 0.191269 2.528e-05
4.55208e+07 0.919306 0.638813 0.205045 2.048e-05
5.45571e+07 0.899755 0.573076 0.190651 2.048e-05
3.7724e+07 1 0.45598 0.276144 3.072e-05
4.63275e+07 1 0.487616 0.300596 2.4768e-05
3.66099e+07 0.836623 0.696237 0.152241 2.88608e-05
5.86548e+07 1 0.5751 0.391569 2.048e-05
4.02588e+07 0.842677 0.622006 0.21113 3.072e-05
4.68619e+07 0.834979 0.644992 0.281222 2.15713e-05
5.05974e+07 0.944054 0.557835 0.194649 2.464e-05
4.32412e+07 0.764691 0.64223 0.0986562 2.75043e-05
3.3338e+07 0.936035 0.59697 0.206107 3.39217e-05
9.22852e+07 1 0.573703 0.105274 2.048e-05
4.89589e+07 0.859382 0.618091 0.13968 2.38933e-05
4.5657e+07 0.855819 0.624381 0.138013 2.56813e-05
8.28955e+07 0.779146 0.794256 0.167516 2.048e-05
5.41718e+07 0.985127 0.543871 0.330576 2.5744e-05
5.8502e+07 0.844042 0.756899 0.131763 2.048e-05
5.62909e+07 0.82967 0.601967 0.188566 2.0884e-05
6.33345e+07 0.955847 0.569206 0.240095 2.048e-05
5.38426e+07 0.804293 0.685584 0.0857427 2.04869e-05
6.19121e+07 0.860209 0.763742 0.159864 2.048e-05
6.25e+07 1 0.630354 0.318465 2.048e-05
3.25014e+07 1 0.617332 0.272868 3.072e-05
5.33405e+07 0.854661 0.556046 0.212352 2.2272e-05
5.13938e+07 0.898145 0.62934 0.227578 2.336e-05
4.47269e+07 1 0.472916 0.306334 3.1232e-05
3.98568e+07 0.859404 0.527344 0.152019 2.96356e-05
4.5665e+07 1 0.54437 0.242 3.072e-05
3.41471e+07 1 0.487052 0.315533 3.072e-05
5.61523e+07 1 0.588096 0.248588 2.048e-05
6.18652e+07 0.849057 0.516996 0.257134 2.048e-05
3.88086e+07 1 0.498316 0.333374 3.072e-05
5.66406e+07 0.842001 0.528523 0.239513 2.048e-05
5.07773e+07 0.96578 0.489133 0.241704 2.048e-05
2.89648e+07 1 0.567196 0.1342 4.096e-05
5.02396e+07 0.95247 0.584364 0.154676 3.072e-05
4.15892e+07 1 0.506981 0.319304 3.072e-05
5.64826e+07 0.908416 0.699165 0.150404 2.298e-05
3.70549e+07 0.87668 0.44354 0.166572 3.3486e-05
4.18298e+07 0.878813 0.530582 0.177848 3.072e-05
5.60229e+07 0.848574 0.628117 0.18424 2.048e-05
4.6638e+07 0.882676 0.676167 0.179809 2.5104e-05
4.82381e+07 0.835843 0.777233 0.142081 2.048e-05
3.69284e+07 0.88772 0.566104 0.180773 3.28e-05
4.00517e+07 0.825949 0.562178 0.0464743 3.05216e-05
3.60887e+07 0.87994 0.579993 0.13061 2.76544e-05
4.10436e+07 0.833421 0.602362 0.133861 3.072e-05
4.1395e+07 0.881329 0.548786 0.239262 2.83413e-05
6.94923e+07 0.946996 0.632262 0.22465 1.8592e-05
4.54036e+07 0.885986 0.62079 0.175417 3.072e-05
6.28932e+07 0.772848 0.800975 0.0910137 2.17218e-05
3.84389e+07 0.978187 0.553141 0.204998 2.9536e-05
5.78762e+07 0.888162 0.630206 0.160273 2.22905e-05
5.60591e+07 0.92457 0.624977 0.201161 2.048e-05
5.65939e+07 0.919389 0.572887 0.160818 2.3552e-05
3.31808e+07 0.955992 0.555154 0.202833 3.856e-05
