
HW: 1
12 35 35 35 35 35 35 35 35 35 35 35 35 35 35 35 35 35 35 35 

HW: 2
23 410 429 464 558 566 566 566 566 566 566 573 573 573 581 581 586 586 586 586 

HW: 3
24 1354 1697 2365 2439 2566 2993 3166 3193 3442 3646 3689 3751 3826 3839 3894 3911 4029 4054 4054 

HW: 4
26 4259 5812 7769 8682 9641 9953 10368 10510 11042 11122 11400 11507 11726 12019 12254 12784 13387 14036 14490 

HW: 5
27 8236 10383 13000 15769 18412 20399 22395 25031 27605 29153 30214 31175 31966 32500 33297 35034 35755 37100 38018 

HW: 6
27 10332 16022 23453 30773 35415 41343 45206 48993 53423 57921 60367 63530 66617 69062 71899 74315 76663 78659 80635 

HW: 7
28 13889 23622 33128 44116 52036 60127 67094 76673 84112 89581 95446 100509 105324 111245 118199 124125 130099 136007 140478 

HW: 8
29 19319 31519 41636 52493 63245 75242 86717 97505 105402 114084 122469 130918 140902 148989 158214 163347 173610 182536 191325 

HW: 9
29 18112 31982 46498 60617 70561 81513 90365 102034 113863 125930 133647 144537 156736 163712 173446 184024 193777 200646 208361 

HW: 10
30 20066 27501 43684 57830 68999 83715 96687 108011 120716 132099 143395 154670 163763 172936 186333 196278 207706 221590 234763 

HW: 11
30 22093 30715 47898 60499 76465 89525 101411 115215 127966 139929 149738 164493 176738 188048 198243 210015 218488 228272 241456 

HW: 12
30 24410 36110 52213 65339 76172 93412 107665 121112 134053 146294 160200 175027 188321 200887 213334 227886 239609 253099 266472 

HW: 13
30 22286 36792 50993 64760 81417 97713 111093 124208 137828 153651 168778 182891 200556 217681 232389 245571 260578 273232 287537 

HW: 14
30 25653 39300 55884 75188 89866 105985 122680 142675 158797 172936 182650 199536 212142 226432 243770 256910 272605 287927 300899 

HW: 15
30 29762 42909 59833 79898 98109 115049 129667 148318            

HW: 16
                    

HW: 17
                    

HW: 18
                    

HW: 19
                    

