
Generation: 0
2.72548 5.62147 6.96308 6.68652 8.10308 9.44942 11.178 12.6388 13.3771 15.7018 16.2011 17.7482 19.1812 19.3186 20.9758     

Generation: 1
2.72548 5.62147 6.96308 8.17634 9.22464 10.1882 12.3246 13.6899 15.0248 16.3569 17.5271 18.5748 19.5094 20.2956 21.0736     

Generation: 2
2.72548 5.62147 6.96308 8.17634 9.22464 10.1882 12.3246 13.6899 15.0248 16.3569 17.5271 18.5748 19.5094 20.2956 21.0736     

Generation: 3
2.72548 5.62147 6.96308 8.17634 9.22464 10.1882 12.3246 13.6899 15.0248 16.3569 17.5271 18.5748 19.5094 20.2956 21.0736     

Generation: 4
2.72548 5.62147 6.96308 8.17634 9.22464 10.1882 12.3246 13.6899 15.0248 16.3569 17.5271 18.5748 19.5094 20.2956 21.0736     

Generation: 5
2.72548 5.62147 6.96308 8.17634 9.22464 10.1882 12.3246 13.6899 15.0248 16.3569 17.5271 18.5748 19.5094 20.2956 21.0736     

Generation: 6
2.72548 5.62147 6.96308 8.17634 9.22464 10.1882 12.3246 13.6899 15.0248 16.3569 17.5271 18.5748 19.5094 20.2956 21.0736     

Generation: 7
2.72548 5.62147 6.96308 8.17634 9.22464 10.1882 12.3246 13.6899 15.0248 16.3569 17.5271 18.5748 19.5094 20.2956 21.0736     

Generation: 8
2.72548 5.62147 6.96308 8.17634 9.22464 10.1882 12.3246 13.6899 15.0248 16.3569 17.5271 18.5748 19.5094 20.2956      

Generation: 9
2.72548 5.62147 6.96308 8.17634 9.22464 10.1882 12.3246 13.6899 15.0248 16.3569 17.5271 18.5748 19.5094 20.2956      

Generation: 10
2.72548 5.62147 6.96308 8.17634 9.22464 10.1882 12.3246 13.6899 15.0248 16.3569 17.5271 18.5748 19.5094 20.2956      

Generation: 11
2.72548 5.62147 6.96308 8.17634 9.22464 10.1882 12.3246 13.6899 15.0248 16.3569 17.5271 18.5748 19.5094 20.2956      

Generation: 12
2.72548 5.62147 6.96308 8.17634 9.22464 10.1882 12.3246 13.6899 15.0248 16.3569 17.5271 18.5748 19.5094 20.2956      

Generation: 13
2.72548 5.62147 6.96308 8.17634 9.22464 10.1882 12.3246 13.6899 15.0248 16.3569 17.5271 18.5748 19.5094 20.2956      

Generation: 14
2.72548 5.62147 6.96308 8.17634 9.22464 10.1882 12.3246 13.6899 15.0248 16.3569 17.5271 18.5748 19.5094 20.2956      

Generation: 15
2.72548 5.62147 6.96308 8.17634 9.22464 10.1882 12.3246 13.6899 15.0248 16.3569 17.5271 18.5748 19.5094 20.2956      

Generation: 16
2.72548 5.62147 6.96308 8.17634 9.22464 10.1882 12.3246 13.6899 15.0248 16.3569 17.5271 18.5748 19.5094 20.2956      

Generation: 17
2.72548 5.62147 6.96308 8.17634 9.22464 10.1882 12.3246 13.6899 15.0248 16.3569 17.5271 18.5748 19.5094 20.2956      

Generation: 18
2.72548 5.62147 6.96308 8.17634 9.22464 10.1882 12.3246 13.6899 15.0248 16.3569 17.5271 18.5748 19.5094 20.2956      

Generation: 19
2.72548 5.62147 6.96308 8.17634 9.22464 10.1882 12.3246 13.6899 15.0248 16.3569 17.5271 18.5748 19.5094 20.2956      

