2.43636e+07 0.680962 0.573256 0.0831324 5.64777e-05
4.68206e+07 0.945233 0.605062 0.176008 2.93888e-05
1.61156e+07 0.517531 0.481117 0.0326436 8.53832e-05
3.78521e+07 0.834541 0.558491 0.0619392 3.6352e-05
1.57065e+07 0.504781 0.590264 0.0326436 8.76073e-05
2.27515e+07 0.65836 0.54704 0.0301326 6.04795e-05
2.43636e+07 0.680962 0.573256 0.0831324 5.64777e-05
3.06303e+07 0.74645 0.526684 0.0708451 4.49229e-05
9.51357e+06 0.181686 0.803134 0 0.000144635
2.43636e+07 0.680962 0.573256 0.0831324 5.64777e-05
2.43636e+07 0.680962 0.573256 0.0831324 5.64777e-05
2.27515e+07 0.65836 0.54704 0.0301326 6.04795e-05
3.65646e+07 0.840046 0.47961 0.0619392 3.7632e-05
9.45102e+06 0.176181 0.882014 0 0.000145593
3.73264e+07 0.853666 0.495547 0.118856 3.6864e-05
2.27515e+07 0.65836 0.54704 0.0301326 6.04795e-05
2.43636e+07 0.680962 0.573256 0.0831324 5.64777e-05
2.27515e+07 0.65836 0.54704 0.0301326 6.04795e-05
2.27515e+07 0.65836 0.54704 0.0301326 6.04795e-05
2.27515e+07 0.65836 0.54704 0.0301326 6.04795e-05
2.27515e+07 0.65836 0.54704 0.0301326 6.04795e-05
2.27515e+07 0.65836 0.54704 0.0301326 6.04795e-05
2.27515e+07 0.65836 0.54704 0.0301326 6.04795e-05
9.45102e+06 0.176181 0.882014 0 0.000145593
2.47833e+07 0.686468 0.494375 0.0831324 5.55213e-05
9.45102e+06 0.176181 0.882014 0 0.000145593
2.43636e+07 0.680962 0.573256 0.0831324 5.64777e-05
9.78317e+06 0.204289 0.764062 0.0203562 0.00014065
2.27577e+07 0.65836 0.616211 0.0318066 6.04631e-05
2.27515e+07 0.65836 0.54704 0.0301326 6.04795e-05
2.31402e+07 0.664155 0.541683 0.0729878 5.94637e-05
2.27515e+07 0.65836 0.54704 0.0301326 6.04795e-05
9.59768e+06 0.188931 0.772867 0 0.000143368
2.27515e+07 0.65836 0.54704 0.0301326 6.04795e-05
1.57773e+07 0.507099 0.53646 0.0997723 8.72141e-05
3.73264e+07 0.853666 0.495547 0.118856 3.6864e-05
2.27515e+07 0.65836 0.54704 0.0301326 6.04795e-05
2.31171e+07 0.663866 0.46816 0.0301326 5.95231e-05
2.27515e+07 0.65836 0.54704 0.0301326 6.04795e-05
2.27515e+07 0.65836 0.54704 0.0301326 6.04795e-05
9.45102e+06 0.176181 0.882014 0 0.000145593
2.27515e+07 0.65836 0.54704 0.0301326 6.04795e-05
2.43636e+07 0.680962 0.573256 0.0831324 5.64777e-05
4.68206e+07 0.857143 0.584706 0.114939 2.93888e-05
9.71704e+06 0.198783 0.842942 0.0203562 0.000141607
2.27515e+07 0.65836 0.54704 0.0301326 6.04795e-05
2.31402e+07 0.664155 0.541683 0.0729878 5.94637e-05
2.27515e+07 0.65836 0.54704 0.0301326 6.04795e-05
2.27515e+07 0.65836 0.54704 0.0301326 6.04795e-05
2.43636e+07 0.680962 0.573256 0.0831324 5.64777e-05
2.27515e+07 0.65836 0.54704 0.0301326 6.04795e-05
4.68206e+07 0.857143 0.584706 0.114939 2.93888e-05
7.98137e+06 0.0246305 0.744342 0 0.000172401
1.5397e+07 0.494929 0.495614 0 8.93683e-05
9.45102e+06 0.176181 0.882014 0 0.000145593
2.43636e+07 0.680962 0.573256 0.0831324 5.64777e-05
2.27515e+07 0.65836 0.54704 0.0301326 6.04795e-05
2.27515e+07 0.65836 0.54704 0.0301326 6.04795e-05
9.51357e+06 0.181686 0.803134 0 0.000144635
9.59881e+06 0.188931 0.83869 0 0.000143351
1.5397e+07 0.494929 0.495614 0 8.93683e-05
1.63096e+07 0.523327 0.47576 0.0754989 8.43676e-05
2.4091e+07 0.677485 0.484097 0.0870497 5.71167e-05
2.48098e+07 0.686757 0.567899 0.125988 5.54619e-05
2.43636e+07 0.680962 0.573256 0.0831324 5.64777e-05
9.87209e+06 0.211533 0.733795 0.0203562 0.000139383
3.36257e+07 0.769052 0.552899 0.123845 4.09211e-05
2.43636e+07 0.680962 0.573256 0.0831324 5.64777e-05
2.43636e+07 0.680962 0.573256 0.0831324 5.64777e-05
2.43636e+07 0.680962 0.573256 0.0831324 5.64777e-05
2.27515e+07 0.65836 0.54704 0.0301326 6.04795e-05
2.43636e+07 0.680962 0.573256 0.0831324 5.64777e-05
2.43636e+07 0.680962 0.573256 0.0831324 5.64777e-05
3.36257e+07 0.769052 0.552899 0.123845 4.09211e-05
4.68206e+07 0.857143 0.584706 0.114939 2.93888e-05
2.27515e+07 0.65836 0.54704 0.0301326 6.04795e-05
2.27515e+07 0.65836 0.54704 0.0301326 6.04795e-05
2.47833e+07 0.686468 0.494375 0.0831324 5.55213e-05
9.45102e+06 0.176181 0.882014 0 0.000145593
3.78521e+07 0.922631 0.578847 0.123008 3.6352e-05
3.78521e+07 0.834541 0.558491 0.0619392 3.6352e-05
2.27515e+07 0.65836 0.54704 0.0301326 6.04795e-05
2.43636e+07 0.680962 0.573256 0.0831324 5.64777e-05
2.48098e+07 0.686757 0.567899 0.125988 5.54619e-05
2.48098e+07 0.686757 0.596357 0.107305 5.54619e-05
3.06303e+07 0.74645 0.526684 0.0708451 4.49229e-05
1.57065e+07 0.504781 0.590264 0.0326436 8.76073e-05
2.43636e+07 0.680962 0.573256 0.0831324 5.64777e-05
9.45102e+06 0.176181 0.882014 0 0.000145593
9.45102e+06 0.176181 0.882014 0 0.000145593
2.43636e+07 0.680962 0.573256 0.0831324 5.64777e-05
2.43636e+07 0.680962 0.573256 0.0831324 5.64777e-05
