2.88024e+07 0.72491 0.552169 0.0931139 4.65608e-05
2.17773e+07 0.635932 0.595534 0.0735426 6.15807e-05
1.15786e+07 0.314866 0.569037 0 0.000115822
4.53061e+07 0.863933 0.595271 0.111485 2.96e-05
1.2848e+07 0.382471 0.58199 0.0261135 0.000104379
2.76298e+07 0.713167 0.601994 0.105958 4.85367e-05
4.14214e+07 0.808942 0.535026 0.112685 3.2376e-05
2.71053e+07 0.707606 0.601994 0.105958 4.94759e-05
1.93315e+07 0.589629 0.726641 0.0978567 6.93717e-05
4.36543e+07 0.886798 0.552169 0.132257 3.072e-05
2.21146e+07 0.641493 0.602257 0.107158 6.06415e-05
4.53061e+07 0.863933 0.595271 0.111485 2.96e-05
3.60114e+07 0.780014 0.641082 0.131056 3.72399e-05
1.96211e+07 0.595692 0.730918 0.0923294 6.83477e-05
2.10137e+07 0.622768 0.54481 0.0527709 6.38184e-05
3.52037e+07 0.774955 0.638636 0.0919136 3.80943e-05
4.14214e+07 0.808942 0.535026 0.112685 3.2376e-05
2.66004e+07 0.702045 0.595271 0.0723423 5.04151e-05
4.53061e+07 0.869494 0.601994 0.1451 2.96e-05
4.53061e+07 0.863933 0.595271 0.111485 2.96e-05
2.66004e+07 0.702045 0.595271 0.0723423 5.04151e-05
4.53061e+07 0.863933 0.595271 0.111485 2.96e-05
2.04945e+07 0.613067 0.638636 0.0527709 6.54351e-05
1.57316e+07 0.495592 0.767559 0.0391427 8.5246e-05
4.01689e+07 0.802879 0.59798 0.151828 3.33855e-05
1.60833e+07 0.506715 0.707052 0.0391427 8.33821e-05
2.68672e+07 0.705053 0.557143 0.099656 4.99144e-05
1.66514e+07 0.523516 0.726904 0.099057 8.05373e-05
1.10145e+07 0.279363 0.765534 0 0.000121754
4.53061e+07 0.863933 0.595271 0.111485 2.96e-05
2.04945e+07 0.613067 0.638636 0.0527709 6.54351e-05
2.66004e+07 0.702045 0.595271 0.0723423 5.04151e-05
1.9686e+07 0.597208 0.612342 0.058714 6.81224e-05
4.53061e+07 0.863933 0.595271 0.111485 2.96e-05
1.11629e+07 0.289064 0.671709 0 0.000120136
3.67639e+07 0.784656 0.54481 0.0919136 3.64776e-05
2.71053e+07 0.707606 0.601994 0.105958 4.94759e-05
3.69431e+07 0.785575 0.647805 0.164672 3.63007e-05
3.60936e+07 0.780516 0.645359 0.125529 3.71551e-05
4.53061e+07 0.875055 0.601994 0.1451 2.96e-05
1.90963e+07 0.58457 0.724195 0.058714 7.02261e-05
2.81836e+07 0.718728 0.662502 0.166465 4.7583e-05
2.21146e+07 0.641493 0.602257 0.107158 6.06415e-05
2.17773e+07 0.635932 0.595534 0.0735426 6.15807e-05
1.43104e+07 0.445547 0.681093 0.040343 9.37125e-05
2.66004e+07 0.702045 0.595271 0.0723423 5.04151e-05
2.04945e+07 0.613067 0.638636 0.0527709 6.54351e-05
4.36543e+07 0.844076 0.600244 0.118027 3.072e-05
4.36543e+07 0.844076 0.600244 0.118027 3.072e-05
2.88024e+07 0.72491 0.552169 0.0931139 4.65608e-05
4.53061e+07 0.875055 0.601994 0.1451 2.96e-05
3.91666e+07 0.79782 0.595534 0.112685 3.42399e-05
9.64183e+06 0.176648 0.830336 0.0391427 0.000139088
1.12959e+07 0.297562 0.660405 0.0336153 0.000118721
1.3745e+07 0.422682 0.724195 0.0195713 9.75669e-05
2.28215e+07 0.652615 0.595534 0.13405 5.87631e-05
4.53061e+07 0.875055 0.601994 0.1451 2.96e-05
2.76298e+07 0.713167 0.601994 0.105958 4.85367e-05
1.58909e+07 0.500651 0.770006 0.0782854 8.43916e-05
9.61664e+06 0.174526 0.809862 0 0.000139452
1.12072e+07 0.292001 0.653682 0 0.00011966
1.15786e+07 0.314866 0.569037 0 0.000115822
2.57216e+07 0.691889 0.576788 0.114069 5.21376e-05
2.17773e+07 0.635932 0.595534 0.0735426 6.15807e-05
3.91666e+07 0.79782 0.595534 0.112685 3.42399e-05
1.69138e+07 0.531095 0.612605 0.0599143 7.9288e-05
2.17773e+07 0.635932 0.595534 0.0735426 6.15807e-05
3.00132e+07 0.736032 0.558893 0.126729 4.46824e-05
2.88024e+07 0.72491 0.552169 0.0931139 4.65608e-05
3.00132e+07 0.736032 0.558893 0.126729 4.46824e-05
2.53847e+07 0.687749 0.606967 0.1125 5.28295e-05
4.36543e+07 0.886798 0.552169 0.132257 3.072e-05
2.88024e+07 0.72491 0.552169 0.0931139 4.65608e-05
2.17773e+07 0.635932 0.595534 0.0735426 6.15807e-05
2.2457e+07 0.647054 0.535026 0.0735426 5.97168e-05
4.36543e+07 0.844076 0.600244 0.118027 3.072e-05
2.76298e+07 0.713167 0.601994 0.105958 4.85367e-05
4.01689e+07 0.802879 0.59798 0.151828 3.33855e-05
1.96211e+07 0.595692 0.730918 0.0923294 6.83477e-05
3.52037e+07 0.774955 0.638636 0.0919136 3.80943e-05
2.66004e+07 0.702045 0.595271 0.0723423 5.04151e-05
3.46091e+07 0.771166 0.55688 0.0984557 3.87488e-05
2.88024e+07 0.72491 0.552169 0.0931139 4.65608e-05
2.17773e+07 0.635932 0.595534 0.0735426 6.15807e-05
1.13735e+07 0.302228 0.680889 0 0.000117911
2.66004e+07 0.702045 0.595271 0.0723423 5.04151e-05
1.81943e+07 0.564216 0.52682 0.0336153 7.37078e-05
4.02712e+07 0.803381 0.602257 0.146301 3.33007e-05
1.57316e+07 0.495592 0.767559 0.0391427 8.5246e-05
1.40149e+07 0.433804 0.730918 0.0531867 9.56885e-05
3.91666e+07 0.79782 0.595534 0.112685 3.42399e-05
2.17773e+07 0.635932 0.595534 0.0735426 6.15807e-05
