2.86968e+07 0.625452 0.569292 0.0743029 4.22075e-05
1.46441e+07 0.264999 0.837281 0 8.27103e-05
1.07673e+07 0 1 0 0.00011249
5.91416e+07 0.832925 0.648868 0.0844344 2.048e-05
1.11595e+07 0.0354006 0.830809 0 0.000108537
3.1674e+07 0.660853 0.508866 0.128686 3.82402e-05
2.4745e+07 0.565398 0.66809 0.0562896 4.89481e-05
2.48896e+07 0.567926 0.648868 0.0281448 4.86637e-05
5.91416e+07 0.832925 0.648868 0.0844344 2.048e-05
5.91416e+07 0.832925 0.648868 0.0844344 2.048e-05
1.58809e+07 0.322525 0.665388 0 7.6269e-05
5.91416e+07 0.832925 0.648868 0.0844344 2.048e-05
2.28962e+07 0.529998 0.837281 0.0562896 5.29005e-05
5.91416e+07 0.928001 0.633829 0.261548 2.048e-05
1.62257e+07 0.336998 0.618787 0.0381854 7.46484e-05
2.60706e+07 0.587524 0.665388 0.0562896 4.64592e-05
2.4745e+07 0.565398 0.66809 0.0562896 4.89481e-05
2.86968e+07 0.625452 0.569292 0.0743029 4.22075e-05
5.91416e+07 0.832925 0.648868 0.0844344 2.048e-05
4.84178e+07 0.890451 0.569292 0.130593 2.5016e-05
2.86968e+07 0.625452 0.569292 0.0743029 4.22075e-05
5.91416e+07 0.832925 0.648868 0.0844344 2.048e-05
1.58809e+07 0.322525 0.665388 0 7.6269e-05
2.60706e+07 0.587524 0.665388 0.0562896 4.64592e-05
2.28962e+07 0.529998 0.837281 0.0562896 5.29005e-05
2.4745e+07 0.565398 0.66809 0.0562896 4.89481e-05
1.58809e+07 0.322525 0.665388 0 7.6269e-05
2.28962e+07 0.529998 0.837281 0.0562896 5.29005e-05
1.14217e+07 0.0575259 0.828107 0 0.000106045
4.84178e+07 0.890451 0.569292 0.130593 2.5016e-05
1.58809e+07 0.322525 0.665388 0 7.6269e-05
2.48896e+07 0.567926 0.648868 0.0281448 4.86637e-05
5.91416e+07 0.832925 0.648868 0.0844344 2.048e-05
4.84178e+07 0.890451 0.569292 0.130593 2.5016e-05
1.15991e+07 0.0719991 0.781505 0.0381854 0.000104423
2.36129e+07 0.544471 0.714309 0.0562896 5.12948e-05
2.48896e+07 0.567926 0.648868 0.0281448 4.86637e-05
2.28962e+07 0.529998 0.837281 0.0562896 5.29005e-05
2.28962e+07 0.529998 0.837281 0.0562896 5.29005e-05
5.84315e+07 0.868326 0.588443 0.138817 2.07289e-05
5.91416e+07 0.832925 0.648868 0.0844344 2.048e-05
2.70988e+07 0.603327 0.588443 0.0825276 4.46964e-05
1.58809e+07 0.322525 0.665388 0 7.6269e-05
1.58809e+07 0.322525 0.665388 0 7.6269e-05
2.86968e+07 0.625452 0.569292 0.0743029 4.22075e-05
2.86968e+07 0.625452 0.569292 0.0743029 4.22075e-05
1.46441e+07 0.264999 0.837281 0 8.27103e-05
2.28962e+07 0.529998 0.837281 0.0562896 5.29005e-05
2.60706e+07 0.587524 0.665388 0.0562896 4.64592e-05
2.86968e+07 0.625452 0.569292 0.0743029 4.22075e-05
5.84315e+07 0.868326 0.588443 0.138817 2.07289e-05
2.28962e+07 0.529998 0.837281 0.0562896 5.29005e-05
1.49368e+07 0.279472 0.764448 0 8.10897e-05
1.07673e+07 0 1 0 0.00011249
2.86968e+07 0.625452 0.569292 0.0743029 4.22075e-05
1.5379e+07 0.300399 0.66809 0 7.87579e-05
5.84315e+07 0.868326 0.588443 0.138817 2.07289e-05
2.70988e+07 0.603327 0.588443 0.0825276 4.46964e-05
2.28962e+07 0.529998 0.837281 0.0562896 5.29005e-05
1.46468e+07 0.264999 0.887421 0 8.26954e-05
1.07673e+07 0 1 0 0.00011249
1.07673e+07 0 1 0 0.00011249
1.49341e+07 0.279472 0.714309 0 8.11046e-05
1.46441e+07 0.264999 0.837281 0 8.27103e-05
2.28962e+07 0.529998 0.837281 0.0562896 5.29005e-05
2.28962e+07 0.529998 0.837281 0.0562896 5.29005e-05
1.46441e+07 0.264999 0.837281 0 8.27103e-05
2.70988e+07 0.603327 0.588443 0.0825276 4.46964e-05
2.86968e+07 0.625452 0.569292 0.0743029 4.22075e-05
2.70988e+07 0.603327 0.588443 0.0825276 4.46964e-05
1.58809e+07 0.322525 0.665388 0 7.6269e-05
5.91416e+07 0.832925 0.648868 0.0844344 2.048e-05
2.86968e+07 0.625452 0.569292 0.0743029 4.22075e-05
1.46441e+07 0.264999 0.837281 0 8.27103e-05
1.5379e+07 0.300399 0.66809 0 7.87579e-05
2.28962e+07 0.529998 0.837281 0.0562896 5.29005e-05
3.1674e+07 0.660853 0.508866 0.128686 3.82402e-05
2.28962e+07 0.529998 0.837281 0.0562896 5.29005e-05
5.84315e+07 0.868326 0.588443 0.138817 2.07289e-05
2.28962e+07 0.529998 0.837281 0.0562896 5.29005e-05
2.48896e+07 0.567926 0.648868 0.0281448 4.86637e-05
2.48896e+07 0.567926 0.648868 0.0281448 4.86637e-05
2.48896e+07 0.567926 0.648868 0.0281448 4.86637e-05
1.58809e+07 0.322525 0.665388 0 7.6269e-05
1.07673e+07 0 1 0 0.00011249
2.86968e+07 0.625452 0.569292 0.0743029 4.22075e-05
2.70988e+07 0.603327 0.582293 0.0543828 4.46964e-05
2.28962e+07 0.529998 0.837281 0.0562896 5.29005e-05
2.62112e+07 0.589673 0.716431 0.0959018 4.621e-05
3.18943e+07 0.663002 0.633829 0.205258 3.79761e-05
2.28962e+07 0.529998 0.837281 0.0562896 5.29005e-05
1.58809e+07 0.322525 0.665388 0 7.6269e-05
