1.68208e+07 0.679576 0.535395 0.300791 5.89722e-05
1.08305e+07 0.50195 0.624631 0.10799 9.15891e-05
6.50972e+06 0.170939 0.804215 0.0434766 0.000152381
2.13619e+07 0.747841 0.467835 0.0914411 4.64358e-05
6.50972e+06 0.170939 0.804215 0.0434766 0.000152381
1.57584e+07 0.657983 0.500894 0.230387 6.29478e-05
1.62966e+07 0.669128 0.624631 0.161845 6.08691e-05
1.28566e+07 0.580663 0.467835 0.0375862 7.71558e-05
1.34296e+07 0.598495 0.569093 0.0538549 7.38637e-05
2.33621e+07 0.769434 0.502336 0.161845 4.24602e-05
1.28166e+07 0.57927 0.556712 0.250302 7.73965e-05
2.13619e+07 0.747841 0.467835 0.0914411 4.64358e-05
1.52974e+07 0.647534 0.590131 0.0914411 6.48448e-05
1.34296e+07 0.598495 0.569093 0.0538549 7.38637e-05
1.21904e+07 0.557676 0.522212 0.179898 8.13722e-05
4.02581e+07 0.8781 0.546895 0.28312 2.464e-05
1.62966e+07 0.669128 0.624631 0.161845 6.08691e-05
2.85146e+07 0.811229 0.525578 0.279754 3.47878e-05
2.13619e+07 0.747841 0.467835 0.0914411 4.64358e-05
3.07796e+07 0.82516 0.500894 0.284242 3.22278e-05
2.85146e+07 0.811229 0.525578 0.279754 3.47878e-05
2.84915e+07 0.901087 0.393785 0.0914411 3.4816e-05
1.86416e+07 0.710922 0.546895 0.229265 5.32122e-05
1.27019e+07 0.575508 0.522941 0.145902 7.80954e-05
1.62966e+07 0.669128 0.624631 0.161845 6.08691e-05
1.07503e+07 0.498189 0.691389 0.0538549 9.22726e-05
1.28166e+07 0.57927 0.556712 0.250302 7.73965e-05
1.12324e+07 0.519783 0.638937 0.0807824 8.83123e-05
8.69981e+06 0.379911 0.59624 0.0996316 0.000114021
3.07796e+07 0.82516 0.500894 0.284242 3.22278e-05
1.21904e+07 0.557676 0.522212 0.179898 8.13722e-05
2.02395e+07 0.733909 0.393785 0.0375862 4.90112e-05
1.34296e+07 0.598495 0.569093 0.0538549 7.38637e-05
3.07796e+07 0.82516 0.500894 0.284242 3.22278e-05
6.97675e+06 0.226665 0.571556 0.0502646 0.000142181
1.52974e+07 0.647534 0.590131 0.0914411 6.48448e-05
2.02395e+07 0.733909 0.393785 0.0375862 4.90112e-05
1.52974e+07 0.647534 0.590131 0.0914411 6.48448e-05
1.52974e+07 0.647534 0.590131 0.0914411 6.48448e-05
2.13619e+07 0.747841 0.467835 0.0914411 4.64358e-05
1.34296e+07 0.598495 0.569093 0.0538549 7.38637e-05
1.28566e+07 0.580663 0.467835 0.0375862 7.71558e-05
1.28166e+07 0.57927 0.556712 0.250302 7.73965e-05
1.28166e+07 0.57927 0.556712 0.250302 7.73965e-05
1.70233e+07 0.683477 0.473854 0.21883 5.82707e-05
2.85146e+07 0.811229 0.525578 0.279754 3.47878e-05
1.038e+07 0.480357 0.590131 0.0375862 9.55648e-05
1.52974e+07 0.647534 0.590131 0.0914411 6.48448e-05
1.95838e+07 0.724854 0.522212 0.233753 5.06522e-05
1.68208e+07 0.679576 0.535395 0.300791 5.89722e-05
2.13619e+07 0.747841 0.467835 0.0914411 4.64358e-05
1.62966e+07 0.669128 0.624631 0.161845 6.08691e-05
6.48119e+06 0.167177 0.89229 0 0.000153052
6.3448e+06 0.149345 0.823569 0 0.000156342
1.594e+07 0.661884 0.526307 0.191903 6.2231e-05
1.08305e+07 0.50195 0.624631 0.10799 9.15891e-05
2.13619e+07 0.747841 0.467835 0.0914411 4.64358e-05
2.02395e+07 0.733909 0.393785 0.0375862 4.90112e-05
1.07503e+07 0.498189 0.691389 0.0538549 9.22726e-05
6.48119e+06 0.167177 0.89229 0 0.000153052
6.3448e+06 0.149345 0.823569 0 0.000156342
7.9845e+06 0.324185 0.730164 0.0434766 0.000124236
1.038e+07 0.480357 0.590131 0.0375862 9.55648e-05
1.08305e+07 0.50195 0.624631 0.10799 9.15891e-05
3.03125e+07 0.822374 0.550581 0.161845 3.27245e-05
1.12324e+07 0.519783 0.638937 0.0807824 8.83123e-05
1.08305e+07 0.50195 0.624631 0.10799 9.15891e-05
1.3555e+07 0.602257 0.502336 0.10799 7.31802e-05
1.68208e+07 0.679576 0.535395 0.300791 5.89722e-05
1.3555e+07 0.602257 0.502336 0.10799 7.31802e-05
1.21904e+07 0.557676 0.522212 0.179898 8.13722e-05
2.33621e+07 0.769434 0.502336 0.161845 4.24602e-05
1.68208e+07 0.679576 0.535395 0.300791 5.89722e-05
1.56351e+07 0.655196 0.550581 0.10799 6.34445e-05
1.08305e+07 0.50195 0.624631 0.10799 9.15891e-05
1.52974e+07 0.647534 0.590131 0.0914411 6.48448e-05
1.57584e+07 0.657983 0.500894 0.230387 6.29478e-05
1.62966e+07 0.669128 0.624631 0.161845 6.08691e-05
1.34296e+07 0.598495 0.569093 0.0538549 7.38637e-05
1.52974e+07 0.647534 0.590131 0.0914411 6.48448e-05
2.02395e+07 0.733909 0.393785 0.0375862 4.90112e-05
1.28566e+07 0.580663 0.467835 0.0375862 7.71558e-05
2.20262e+07 0.755503 0.428285 0.10799 4.50355e-05
1.28166e+07 0.57927 0.556712 0.250302 7.73965e-05
6.50972e+06 0.170939 0.804215 0.0434766 0.000152381
1.57584e+07 0.657983 0.500894 0.230387 6.29478e-05
9.60546e+06 0.438423 0.57421 0.0434766 0.00010327
1.62966e+07 0.669128 0.624631 0.161845 6.08691e-05
1.07503e+07 0.498189 0.691389 0.0538549 9.22726e-05
9.48485e+06 0.431318 0.569093 0 0.000104584
1.62966e+07 0.669128 0.624631 0.161845 6.08691e-05
1.28166e+07 0.57927 0.556712 0.250302 7.73965e-05
