1.99979e+07 0.494842 0.752569 0.07496 6.10119e-05
1.80243e+07 0.439358 0.805228 0.0397041 6.76926e-05
1.44463e+07 0.301167 0.614937 0.0282245 8.44585e-05
1.70782e+07 0.408222 0.844286 0.0220762 7.14426e-05
1.28397e+07 0.212757 0.827189 0 9.50267e-05
1.88399e+07 0.463705 0.791627 0.0573321 6.47619e-05
1.80243e+07 0.439358 0.805228 0.0397041 6.76926e-05
1.72544e+07 0.414269 0.848991 0.0455966 7.0713e-05
1.30713e+07 0.226601 0.898631 0 9.33425e-05
1.80243e+07 0.439358 0.805228 0.0397041 6.76926e-05
2.02399e+07 0.500888 0.757273 0.0984805 6.02823e-05
1.70782e+07 0.408222 0.844286 0.0220762 7.14426e-05
1.70782e+07 0.408222 0.844286 0.0220762 7.14426e-05
1.30713e+07 0.226601 0.898631 0 9.33425e-05
1.93322e+07 0.47743 0.760164 0.0843084 6.31127e-05
5.95757e+07 0.855377 0.769279 0.0918617 2.048e-05
1.80243e+07 0.439358 0.805228 0.0397041 6.76926e-05
5.95757e+07 0.855377 0.769279 0.0918617 2.048e-05
1.72544e+07 0.414269 0.848991 0.0455966 7.0713e-05
1.88399e+07 0.463705 0.791627 0.0573321 6.47619e-05
5.95757e+07 0.855377 0.769279 0.0918617 2.048e-05
5.0392e+07 0.799894 0.752879 0.0220762 2.42124e-05
5.95757e+07 0.860682 0.74287 0.105066 2.048e-05
1.4079e+07 0.282085 0.845972 0.0352559 8.66618e-05
1.80243e+07 0.439358 0.805228 0.0397041 6.76926e-05
1.30713e+07 0.226601 0.898631 0 9.33425e-05
1.99979e+07 0.494842 0.752569 0.07496 6.10119e-05
1.36184e+07 0.257738 0.859573 0.0176279 8.95926e-05
2.75883e+07 0.63408 0.729575 0.0477341 4.42256e-05
1.88399e+07 0.463705 0.791627 0.0573321 6.47619e-05
1.88399e+07 0.463705 0.791627 0.0573321 6.47619e-05
5.0392e+07 0.799894 0.752879 0.0220762 2.42124e-05
1.44905e+07 0.302917 0.716585 0 8.42006e-05
1.88399e+07 0.463705 0.791627 0.0573321 6.47619e-05
1.34888e+07 0.250829 0.746869 0.0269763 9.04535e-05
1.74783e+07 0.421947 0.75887 0.0220762 6.98071e-05
5.19577e+07 0.805941 0.757583 0.0455966 2.34828e-05
1.72544e+07 0.414269 0.848991 0.0455966 7.0713e-05
1.72544e+07 0.414269 0.848991 0.0455966 7.0713e-05
1.70782e+07 0.408222 0.844286 0.0220762 7.14426e-05
1.30713e+07 0.226601 0.898631 0 9.33425e-05
1.72544e+07 0.414269 0.848991 0.0455966 7.0713e-05
2.02399e+07 0.500888 0.757273 0.0984805 6.02823e-05
1.99979e+07 0.494842 0.752569 0.07496 6.10119e-05
3.42075e+07 0.704893 0.784565 0.0874135 3.56679e-05
5.95757e+07 0.855377 0.769279 0.0918617 2.048e-05
1.70782e+07 0.408222 0.844286 0.0220762 7.14426e-05
1.70782e+07 0.408222 0.844286 0.0220762 7.14426e-05
1.88399e+07 0.463705 0.791627 0.0573321 6.47619e-05
1.99979e+07 0.494842 0.752569 0.07496 6.10119e-05
1.70782e+07 0.408222 0.844286 0.0220762 7.14426e-05
1.80243e+07 0.439358 0.805228 0.0397041 6.76926e-05
1.02514e+07 0.013725 0.914584 0 0.000119019
1.39538e+07 0.276077 0.731588 0.0705613 8.7439e-05
3.09532e+07 0.673757 0.823624 0.0697855 3.94179e-05
1.82206e+07 0.445405 0.809932 0.0632246 6.6963e-05
1.70782e+07 0.408222 0.844286 0.0220762 7.14426e-05
5.0392e+07 0.799894 0.752879 0.0220762 2.42124e-05
1.31586e+07 0.231906 0.845813 0 9.2723e-05
1.09423e+07 0.0763161 0.817954 0 0.000111504
1.36131e+07 0.257937 0.719457 0 8.96278e-05
2.99752e+07 0.680745 0.553735 0 4.0704e-05
1.74783e+07 0.421947 0.75887 0.0220762 6.98071e-05
1.80243e+07 0.439358 0.805228 0.0397041 6.76926e-05
5.16366e+07 0.83103 0.71382 0.0397041 2.36288e-05
1.51655e+07 0.334054 0.677527 0.0176279 8.04532e-05
1.81907e+07 0.444663 0.75241 0.0397041 6.70732e-05
1.80243e+07 0.439358 0.805228 0.0397041 6.76926e-05
1.99979e+07 0.494842 0.752569 0.07496 6.10119e-05
1.80243e+07 0.439358 0.805228 0.0397041 6.76926e-05
1.90546e+07 0.469752 0.796332 0.0808525 6.40323e-05
1.80243e+07 0.439358 0.805228 0.0397041 6.76926e-05
1.99979e+07 0.494842 0.752569 0.07496 6.10119e-05
5.16366e+07 0.83103 0.71382 0.0397041 2.36288e-05
1.80243e+07 0.439358 0.805228 0.0397041 6.76926e-05
1.70782e+07 0.408222 0.844286 0.0220762 7.14426e-05
1.88399e+07 0.463705 0.791627 0.0573321 6.47619e-05
1.80243e+07 0.439358 0.805228 0.0397041 6.76926e-05
1.30713e+07 0.226601 0.898631 0 9.33425e-05
1.70782e+07 0.408222 0.844286 0.0220762 7.14426e-05
5.0392e+07 0.799894 0.752879 0.0220762 2.42124e-05
1.70782e+07 0.408222 0.844286 0.0220762 7.14426e-05
5.16366e+07 0.83103 0.71382 0.0397041 2.36288e-05
1.99979e+07 0.494842 0.752569 0.07496 6.10119e-05
1.28397e+07 0.212757 0.827189 0 9.50267e-05
1.88399e+07 0.463705 0.791627 0.0573321 6.47619e-05
1.28397e+07 0.212757 0.827189 0 9.50267e-05
1.82206e+07 0.445405 0.809932 0.0632246 6.6963e-05
1.3275e+07 0.238695 0.811977 0 9.19107e-05
1.30713e+07 0.226601 0.898631 0 9.33425e-05
1.80243e+07 0.439358 0.805228 0.0397041 6.76926e-05
1.99979e+07 0.494842 0.752569 0.07496 6.10119e-05
