2.26786e+07 0.717355 0.663517 0.127828 5.05155e-05
1.57932e+07 0.593937 0.641885 0.0209063 7.25389e-05
9.11924e+06 0.296379 0.671451 0 0.000125627
3.54491e+07 0.846514 0.60558 0.0743439 3.23173e-05
8.7278e+06 0.26444 0.801315 0 0.000131261
2.26786e+07 0.717355 0.663517 0.127828 5.05155e-05
2.66128e+07 0.75926 0.641885 0.0565313 4.30477e-05
2.01051e+07 0.681191 0.60558 0.0387188 5.69815e-05
1.53531e+07 0.582074 0.762452 0.0534376 7.46183e-05
3.54491e+07 0.846514 0.60558 0.0743439 3.23173e-05
1.73348e+07 0.630102 0.641065 0.080637 6.60877e-05
3.54491e+07 0.846514 0.60558 0.0743439 3.23173e-05
2.66128e+07 0.75926 0.641885 0.0565313 4.30477e-05
1.53531e+07 0.582074 0.762452 0.0534376 7.46183e-05
1.77632e+07 0.639077 0.610927 0.104249 6.4494e-05
3.13041e+07 0.795425 0.641065 0.116262 3.65965e-05
2.66128e+07 0.75926 0.641885 0.0565313 4.30477e-05
2.26786e+07 0.717355 0.663517 0.127828 5.05155e-05
3.54491e+07 0.846514 0.60558 0.0743439 3.23173e-05
3.84608e+07 0.882678 0.663517 0.163453 2.97867e-05
2.26786e+07 0.717355 0.663517 0.127828 5.05155e-05
3.54491e+07 0.846514 0.60558 0.0743439 3.23173e-05
1.73348e+07 0.630102 0.641065 0.080637 6.60877e-05
1.36832e+07 0.530985 0.797938 0.0953558 8.37245e-05
2.66128e+07 0.75926 0.641885 0.0565313 4.30477e-05
1.28407e+07 0.500274 0.772039 0.0712501 8.92176e-05
1.73348e+07 0.630102 0.641065 0.080637 6.60877e-05
1.27043e+07 0.49482 0.798757 0.0356251 9.01757e-05
9.17597e+06 0.300604 0.681034 0 0.00012485
3.84608e+07 0.882678 0.663517 0.163453 2.97867e-05
2.14442e+07 0.701055 0.684373 0.181062 5.34233e-05
2.01051e+07 0.681191 0.60558 0.0387188 5.69815e-05
1.66095e+07 0.614014 0.632588 0.0534376 6.89738e-05
3.84608e+07 0.882678 0.663517 0.163453 2.97867e-05
9.35055e+06 0.313753 0.647298 0.0523925 0.000122519
2.76359e+07 0.768235 0.611746 0.0801435 4.1454e-05
2.01051e+07 0.681191 0.60558 0.0387188 5.69815e-05
2.66128e+07 0.75926 0.641885 0.0565313 4.30477e-05
2.66128e+07 0.75926 0.641885 0.0565313 4.30477e-05
3.54491e+07 0.846514 0.60558 0.0743439 3.23173e-05
1.55528e+07 0.587528 0.735733 0.0890627 7.36602e-05
2.01051e+07 0.681191 0.60558 0.0387188 5.69815e-05
1.73348e+07 0.630102 0.641065 0.080637 6.60877e-05
1.73348e+07 0.630102 0.641065 0.080637 6.60877e-05
1.17327e+07 0.452916 0.820389 0.106922 9.76435e-05
2.26786e+07 0.717355 0.663517 0.127828 5.05155e-05
1.9129e+07 0.664891 0.622848 0.0901591 5.98893e-05
2.66128e+07 0.75926 0.641885 0.0565313 4.30477e-05
3.13041e+07 0.795425 0.641065 0.116262 3.65965e-05
2.26786e+07 0.717355 0.663517 0.127828 5.05155e-05
3.54491e+07 0.846514 0.60558 0.0743439 3.23173e-05
2.66128e+07 0.75926 0.641885 0.0565313 4.30477e-05
7.77587e+06 0.174298 0.851387 0 0.00014733
9.11924e+06 0.296379 0.671451 0 0.000125627
1.17327e+07 0.452916 0.820389 0.106922 9.76435e-05
1.57932e+07 0.593937 0.641885 0.0209063 7.25389e-05
3.54491e+07 0.846514 0.60558 0.0743439 3.23173e-05
2.01051e+07 0.681191 0.60558 0.0387188 5.69815e-05
1.27043e+07 0.49482 0.798757 0.0356251 9.01757e-05
8.0507e+06 0.202716 0.772167 0.0356251 0.000142301
1.0073e+07 0.363159 0.620036 0.0224847 0.000113731
9.17424e+06 0.300553 0.696634 0.0431706 0.000124874
1.6148e+07 0.602913 0.611746 0.0445184 7.09452e-05
1.59553e+07 0.598111 0.638287 0.0496866 7.18018e-05
2.66128e+07 0.75926 0.641885 0.0565313 4.30477e-05
1.35528e+07 0.52676 0.668893 0.0356251 8.45301e-05
1.57932e+07 0.593937 0.641885 0.0209063 7.25389e-05
2.01051e+07 0.681191 0.60558 0.0387188 5.69815e-05
2.26786e+07 0.717355 0.663517 0.127828 5.05155e-05
2.01051e+07 0.681191 0.60558 0.0387188 5.69815e-05
1.73348e+07 0.630102 0.641065 0.080637 6.60877e-05
3.54491e+07 0.846514 0.60558 0.0743439 3.23173e-05
2.26786e+07 0.717355 0.663517 0.127828 5.05155e-05
1.57932e+07 0.593937 0.641885 0.0209063 7.25389e-05
1.57932e+07 0.593937 0.641885 0.0209063 7.25389e-05
2.66128e+07 0.75926 0.641885 0.0565313 4.30477e-05
2.26786e+07 0.717355 0.663517 0.127828 5.05155e-05
2.66128e+07 0.75926 0.641885 0.0565313 4.30477e-05
1.53531e+07 0.582074 0.762452 0.0534376 7.46183e-05
2.66128e+07 0.75926 0.641885 0.0565313 4.30477e-05
2.01051e+07 0.681191 0.60558 0.0387188 5.69815e-05
2.01051e+07 0.681191 0.60558 0.0387188 5.69815e-05
2.01051e+07 0.681191 0.60558 0.0387188 5.69815e-05
1.75304e+07 0.634275 0.637468 0.109417 6.53506e-05
8.77719e+06 0.268613 0.797717 0.0287804 0.000130522
2.26786e+07 0.717355 0.663517 0.127828 5.05155e-05
1.32821e+07 0.517016 0.658135 0 8.62531e-05
2.66128e+07 0.75926 0.641885 0.0565313 4.30477e-05
1.28407e+07 0.500274 0.772039 0.0712501 8.92176e-05
1.1004e+07 0.416751 0.762452 0.0178125 0.000104109
2.66128e+07 0.75926 0.641885 0.0565313 4.30477e-05
1.73348e+07 0.630102 0.641065 0.080637 6.60877e-05
