2.57268e+07 0.596552 0.419645 0.132357 5.06214e-05
1.97783e+07 0.474968 0.494667 0.09738 6.58464e-05
1.38558e+07 0.250192 0.604766 0.051671 9.39918e-05
4.30874e+07 0.759132 0.611772 0.150641 3.02253e-05
1.41423e+07 0.26539 0.592942 0.0989699 9.20878e-05
2.30577e+07 0.549553 0.623596 0.13981 5.64813e-05
3.63958e+07 0.714943 0.482842 0.214634 3.57824e-05
2.23058e+07 0.534355 0.611772 0.0806863 5.83853e-05
2.42234e+07 0.571137 0.723461 0.104932 5.37632e-05
5.08723e+07 0.821328 0.419645 0.202312 2.56e-05
1.97783e+07 0.474968 0.494667 0.09738 6.58464e-05
4.30874e+07 0.759132 0.611772 0.150641 3.02253e-05
2.8654e+07 0.637548 0.686794 0.115664 4.54502e-05
2.51128e+07 0.586335 0.735285 0.164056 5.18592e-05
1.76922e+07 0.412771 0.686794 0.045709 7.36102e-05
5.21259e+07 0.801022 0.61048 0.115664 2.49843e-05
3.63958e+07 0.714943 0.482842 0.214634 3.57824e-05
3.43447e+07 0.697829 0.535458 0.0806863 3.79194e-05
4.30874e+07 0.759132 0.611772 0.150641 3.02253e-05
4.30874e+07 0.759132 0.611772 0.150641 3.02253e-05
3.43447e+07 0.697829 0.535458 0.0806863 3.79194e-05
6.35903e+07 0.922605 0.535458 0.150641 2.048e-05
2.45055e+07 0.576245 0.61048 0.045709 5.31443e-05
1.88776e+07 0.449553 0.798483 0.0699546 6.89882e-05
3.4557e+07 0.699745 0.494667 0.167335 3.76864e-05
1.94093e+07 0.464751 0.69206 0.0699546 6.70982e-05
1.97783e+07 0.474968 0.494667 0.09738 6.58464e-05
2.12666e+07 0.51175 0.503014 0.0699546 6.12384e-05
1.60225e+07 0.351469 0.720579 0 8.12811e-05
4.30874e+07 0.759132 0.611772 0.150641 3.02253e-05
1.76922e+07 0.412771 0.686794 0.045709 7.36102e-05
3.43447e+07 0.697829 0.535458 0.0806863 3.79194e-05
2.42234e+07 0.571137 0.723461 0.104932 5.37632e-05
4.30874e+07 0.759132 0.611772 0.150641 3.02253e-05
1.27993e+07 0.187995 0.796893 0 0.00010175
2.8654e+07 0.637548 0.686794 0.115664 4.54502e-05
3.43447e+07 0.697829 0.535458 0.0806863 3.79194e-05
2.8654e+07 0.637548 0.686794 0.115664 4.54502e-05
2.8654e+07 0.637548 0.686794 0.115664 4.54502e-05
4.59842e+07 0.77433 0.623596 0.209765 2.83213e-05
2.42234e+07 0.571137 0.723461 0.104932 5.37632e-05
2.30577e+07 0.549553 0.623596 0.13981 5.64813e-05
1.97783e+07 0.474968 0.494667 0.09738 6.58464e-05
1.97783e+07 0.474968 0.494667 0.09738 6.58464e-05
2.42549e+07 0.572031 0.402554 0.0604154 5.36934e-05
3.43447e+07 0.697829 0.535458 0.0806863 3.79194e-05
1.76922e+07 0.412771 0.686794 0.045709 7.36102e-05
2.8654e+07 0.637548 0.686794 0.115664 4.54502e-05
2.8654e+07 0.637548 0.686794 0.115664 4.54502e-05
2.57268e+07 0.596552 0.419645 0.132357 5.06214e-05
4.59842e+07 0.77433 0.623596 0.209765 2.83213e-05
3.4557e+07 0.699745 0.494667 0.167335 3.76864e-05
1.34075e+07 0.224777 0.860091 0 9.71341e-05
1.27993e+07 0.187995 0.796893 0 0.00010175
2.11908e+07 0.509834 0.647146 0.0349773 6.14573e-05
2.03672e+07 0.490166 0.482842 0.144679 6.39424e-05
4.59842e+07 0.77433 0.623596 0.209765 2.83213e-05
3.61604e+07 0.713027 0.547282 0.13981 3.60154e-05
1.88776e+07 0.449553 0.798483 0.0699546 6.89882e-05
1.34075e+07 0.224777 0.860091 0 9.71341e-05
1.27993e+07 0.187995 0.796893 0 0.00010175
1.77159e+07 0.413665 0.579328 0.0771091 7.35118e-05
1.76922e+07 0.412771 0.686794 0.045709 7.36102e-05
1.97783e+07 0.474968 0.494667 0.09738 6.58464e-05
6.35903e+07 0.863218 0.469229 0.192773 2.048e-05
2.12666e+07 0.51175 0.503014 0.0699546 6.12384e-05
1.97783e+07 0.474968 0.494667 0.09738 6.58464e-05
2.674e+07 0.61175 0.526067 0.23878 4.87034e-05
2.57268e+07 0.596552 0.419645 0.132357 5.06214e-05
2.674e+07 0.61175 0.526067 0.23878 4.87034e-05
1.76922e+07 0.412771 0.686794 0.045709 7.36102e-05
5.08723e+07 0.821328 0.419645 0.202312 2.56e-05
2.57268e+07 0.596552 0.419645 0.132357 5.06214e-05
2.87069e+07 0.638442 0.469229 0.122818 4.53664e-05
2.03672e+07 0.490166 0.482842 0.144679 6.39424e-05
2.8654e+07 0.637548 0.686794 0.115664 4.54502e-05
2.30577e+07 0.549553 0.623596 0.13981 5.64813e-05
3.4557e+07 0.699745 0.494667 0.167335 3.76864e-05
2.51128e+07 0.586335 0.735285 0.164056 5.18592e-05
2.8654e+07 0.637548 0.686794 0.115664 4.54502e-05
3.43447e+07 0.697829 0.535458 0.0806863 3.79194e-05
2.23058e+07 0.534355 0.611772 0.0806863 5.83853e-05
4.32073e+07 0.760026 0.394207 0.157795 3.01414e-05
1.97783e+07 0.474968 0.494667 0.09738 6.58464e-05
1.38558e+07 0.250192 0.604766 0.051671 9.39918e-05
2.23058e+07 0.534355 0.611772 0.0806863 5.83853e-05
2.67323e+07 0.61175 0.426302 0.158093 4.87174e-05
3.4557e+07 0.699745 0.494667 0.167335 3.76864e-05
1.88776e+07 0.449553 0.798483 0.0699546 6.89882e-05
1.62752e+07 0.361558 0.735285 0.0941009 8.00192e-05
3.4557e+07 0.699745 0.494667 0.167335 3.76864e-05
1.97783e+07 0.474968 0.494667 0.09738 6.58464e-05
