1.90549e+07 0.323168 0.747942 0.0326629 7.35429e-05
1.90549e+07 0.323168 0.747942 0.0326629 7.35429e-05
1.4282e+07 0.0971639 0.626952 0 9.812e-05
5.39839e+07 0.7614 0.724667 0.0653257 2.59587e-05
1.33938e+07 0.0367587 0.871923 0 0.000104627
1.80756e+07 0.286409 0.810693 0 7.75271e-05
6.37718e+07 0.798158 0.661917 0.0979886 2.19744e-05
1.80756e+07 0.286409 0.810693 0 7.75271e-05
5.53485e+07 0.767293 0.727356 0.108339 2.53187e-05
6.37718e+07 0.798158 0.661917 0.0979886 2.19744e-05
1.90549e+07 0.323168 0.747942 0.0326629 7.35429e-05
6.84253e+07 0.896943 0.654352 0.113631 2.048e-05
5.53485e+07 0.767293 0.727356 0.108339 2.53187e-05
5.39839e+07 0.7614 0.724667 0.0653257 2.59587e-05
1.80756e+07 0.286409 0.810693 0 7.75271e-05
5.39839e+07 0.7614 0.724667 0.0653257 2.59587e-05
6.37718e+07 0.798158 0.661917 0.0979886 2.19744e-05
1.80756e+07 0.286409 0.810693 0 7.75271e-05
5.39839e+07 0.7614 0.724667 0.0653257 2.59587e-05
5.39839e+07 0.7614 0.724667 0.0653257 2.59587e-05
1.80756e+07 0.286409 0.810693 0 7.75271e-05
5.39839e+07 0.7614 0.724667 0.0653257 2.59587e-05
1.80756e+07 0.286409 0.810693 0 7.75271e-05
5.39839e+07 0.7614 0.724667 0.0653257 2.59587e-05
6.56849e+07 0.804052 0.664605 0.141001 2.13344e-05
5.39839e+07 0.7614 0.724667 0.0653257 2.59587e-05
1.90549e+07 0.323168 0.747942 0.0326629 7.35429e-05
6.84253e+07 0.939595 0.594289 0.189307 2.048e-05
1.29038e+07 0 1 0 0.0001086
5.39839e+07 0.7614 0.724667 0.0653257 2.59587e-05
1.80756e+07 0.286409 0.810693 0 7.75271e-05
1.80756e+07 0.286409 0.810693 0 7.75271e-05
4.65874e+07 0.957348 0.560597 0.18924 3.008e-05
5.39839e+07 0.7614 0.724667 0.0653257 2.59587e-05
1.29038e+07 0 1 0 0.0001086
5.39839e+07 0.7614 0.724667 0.0653257 2.59587e-05
1.80756e+07 0.286409 0.810693 0 7.75271e-05
5.53485e+07 0.767293 0.727356 0.108339 2.53187e-05
5.39839e+07 0.7614 0.724667 0.0653257 2.59587e-05
5.39839e+07 0.7614 0.724667 0.0653257 2.59587e-05
6.84253e+07 0.896943 0.654352 0.113631 2.048e-05
1.80756e+07 0.286409 0.810693 0 7.75271e-05
1.90549e+07 0.323168 0.747942 0.0326629 7.35429e-05
1.90549e+07 0.323168 0.747942 0.0326629 7.35429e-05
1.90549e+07 0.323168 0.747942 0.0326629 7.35429e-05
1.80756e+07 0.286409 0.810693 0 7.75271e-05
1.80756e+07 0.286409 0.810693 0 7.75271e-05
5.39839e+07 0.7614 0.724667 0.0653257 2.59587e-05
5.39839e+07 0.7614 0.724667 0.0653257 2.59587e-05
1.90549e+07 0.323168 0.747942 0.0326629 7.35429e-05
5.39839e+07 0.7614 0.724667 0.0653257 2.59587e-05
6.37718e+07 0.798158 0.661917 0.0979886 2.19744e-05
2.48435e+07 0.480884 0.786011 0.0430128 5.64071e-05
1.37273e+07 0.0604052 0.755028 0 0.000102085
2.2307e+07 0.421952 0.740377 0.0483054 6.2821e-05
1.90549e+07 0.323168 0.747942 0.0326629 7.35429e-05
5.39839e+07 0.7614 0.724667 0.0653257 2.59587e-05
1.80756e+07 0.286409 0.810693 0 7.75271e-05
6.84253e+07 0.902836 0.65704 0.156644 2.048e-05
2.77292e+07 0.535396 0.538351 0 5.0537e-05
1.37273e+07 0.0604052 0.755028 0 0.000102085
1.4282e+07 0.0971639 0.626952 0 9.812e-05
1.80756e+07 0.286409 0.810693 0 7.75271e-05
1.90549e+07 0.323168 0.747942 0.0326629 7.35429e-05
6.37718e+07 0.798158 0.661917 0.0979886 2.19744e-05
4.56169e+07 0.994107 0.497846 0.221903 3.072e-05
1.90549e+07 0.323168 0.747942 0.0326629 7.35429e-05
1.90549e+07 0.323168 0.747942 0.0326629 7.35429e-05
1.90549e+07 0.323168 0.747942 0.0326629 7.35429e-05
1.90549e+07 0.323168 0.747942 0.0326629 7.35429e-05
1.80756e+07 0.286409 0.810693 0 7.75271e-05
6.37718e+07 0.798158 0.661917 0.0979886 2.19744e-05
1.90549e+07 0.323168 0.747942 0.0326629 7.35429e-05
1.90549e+07 0.323168 0.747942 0.0326629 7.35429e-05
1.90549e+07 0.323168 0.747942 0.0326629 7.35429e-05
5.39839e+07 0.7614 0.724667 0.0653257 2.59587e-05
1.80756e+07 0.286409 0.810693 0 7.75271e-05
6.56849e+07 0.804052 0.664605 0.141001 2.13344e-05
6.84253e+07 0.896943 0.654352 0.113631 2.048e-05
5.39839e+07 0.7614 0.724667 0.0653257 2.59587e-05
1.80756e+07 0.286409 0.810693 0 7.75271e-05
1.80756e+07 0.286409 0.810693 0 7.75271e-05
1.90549e+07 0.323168 0.747942 0.0326629 7.35429e-05
1.90549e+07 0.323168 0.747942 0.0326629 7.35429e-05
1.33938e+07 0.0367587 0.871923 0 0.000104627
1.80756e+07 0.286409 0.810693 0 7.75271e-05
2.64015e+07 0.51175 0.655246 0 5.30784e-05
6.37718e+07 0.798158 0.661917 0.0979886 2.19744e-05
5.39839e+07 0.7614 0.724667 0.0653257 2.59587e-05
1.80756e+07 0.286409 0.810693 0 7.75271e-05
6.37718e+07 0.798158 0.661917 0.0979886 2.19744e-05
2.38171e+07 0.458711 0.677626 0.0809683 5.8838e-05
