3.15893e+07 0.846051 0.601246 0.241676 3.1616e-05
2.36125e+07 0.770372 0.580359 0.114866 4.22966e-05
9.88313e+06 0.450377 0.664503 0.056854 0.000101054
1.99423e+07 0.728073 0.537053 0.0236033 5.00809e-05
1.12005e+07 0.515045 0.691928 0.108257 8.91684e-05
2.58448e+07 0.803752 0.55794 0.150413 3.86432e-05
2.36125e+07 0.770372 0.580359 0.114866 4.22966e-05
1.99423e+07 0.728073 0.537053 0.0236033 5.00809e-05
7.99212e+06 0.319995 0.799833 0 0.000124964
2.36125e+07 0.770372 0.580359 0.114866 4.22966e-05
3.15893e+07 0.846051 0.601246 0.241676 3.1616e-05
1.99423e+07 0.728073 0.537053 0.0236033 5.00809e-05
1.99423e+07 0.728073 0.537053 0.0236033 5.00809e-05
7.99212e+06 0.319995 0.799833 0 0.000124964
2.49682e+07 0.821312 0.547749 0.220848 4e-05
2.58448e+07 0.803752 0.55794 0.150413 3.86432e-05
2.36125e+07 0.770372 0.580359 0.114866 4.22966e-05
2.58448e+07 0.803752 0.55794 0.150413 3.86432e-05
1.99423e+07 0.728073 0.537053 0.0236033 5.00809e-05
2.58448e+07 0.803752 0.55794 0.150413 3.86432e-05
2.58448e+07 0.803752 0.55794 0.150413 3.86432e-05
1.99423e+07 0.728073 0.537053 0.0236033 5.00809e-05
2.58448e+07 0.803752 0.55794 0.150413 3.86432e-05
8.99123e+06 0.395674 0.7555 0.0941998 0.000111078
2.36125e+07 0.770372 0.580359 0.114866 4.22966e-05
7.99212e+06 0.319995 0.799833 0 0.000124964
3.25106e+07 0.910719 0.628671 0.293078 3.072e-05
8.5209e+06 0.362294 0.729431 0.0344084 0.000117209
1.05176e+07 0.483756 0.522501 0.0326101 9.49577e-05
2.58448e+07 0.803752 0.55794 0.150413 3.86432e-05
2.35395e+07 0.875472 0.50022 0.201049 4.24277e-05
1.99423e+07 0.728073 0.537053 0.0236033 5.00809e-05
7.99212e+06 0.319995 0.799833 0 0.000124964
2.58448e+07 0.803752 0.55794 0.150413 3.86432e-05
1.09775e+07 0.505536 0.450615 0.103045 9.09793e-05
2.13084e+07 0.745634 0.475909 0.068562 4.68701e-05
1.99423e+07 0.728073 0.537053 0.0236033 5.00809e-05
1.99423e+07 0.728073 0.537053 0.0236033 5.00809e-05
1.99423e+07 0.728073 0.537053 0.0236033 5.00809e-05
1.99423e+07 0.728073 0.537053 0.0236033 5.00809e-05
7.99212e+06 0.319995 0.799833 0 0.000124964
1.99423e+07 0.728073 0.537053 0.0236033 5.00809e-05
3.15893e+07 0.846051 0.601246 0.241676 3.1616e-05
3.15893e+07 0.846051 0.601246 0.241676 3.1616e-05
9.66606e+06 0.437973 0.685098 0.128608 0.000103323
2.58448e+07 0.803752 0.55794 0.150413 3.86432e-05
2.22591e+07 0.799794 0.414352 0.0417492 4.48683e-05
2.6148e+07 0.792741 0.564477 0.0750061 3.81952e-05
3.05983e+07 0.86842 0.585364 0.201816 3.264e-05
3.15893e+07 0.846051 0.601246 0.241676 3.1616e-05
1.99423e+07 0.728073 0.537053 0.0236033 5.00809e-05
2.36125e+07 0.770372 0.580359 0.114866 4.22966e-05
5.53327e+06 0.0175607 0.848939 0 0.000180495
9.17868e+06 0.408078 0.690013 0 0.000108809
8.99123e+06 0.395674 0.7555 0.0941998 0.000111078
2.36125e+07 0.770372 0.580359 0.114866 4.22966e-05
1.99423e+07 0.728073 0.537053 0.0236033 5.00809e-05
1.99423e+07 0.728073 0.537053 0.0236033 5.00809e-05
7.99212e+06 0.319995 0.799833 0 0.000124964
5.43724e+06 0 1 0 0.000183683
1.03561e+07 0.47558 0.592717 0 9.64383e-05
9.95743e+06 0.454596 0.602807 0.056854 0.0001003
2.23697e+07 0.810302 0.503334 0.119965 4.46464e-05
2.40403e+07 0.774591 0.518663 0.114866 4.15438e-05
2.36125e+07 0.770372 0.580359 0.114866 4.22966e-05
8.5209e+06 0.362294 0.729431 0.0344084 0.000117209
2.36125e+07 0.770372 0.580359 0.114866 4.22966e-05
2.36125e+07 0.770372 0.580359 0.114866 4.22966e-05
3.15893e+07 0.846051 0.601246 0.241676 3.1616e-05
2.36125e+07 0.770372 0.580359 0.114866 4.22966e-05
3.05983e+07 0.86842 0.585364 0.201816 3.264e-05
2.36125e+07 0.770372 0.580359 0.114866 4.22966e-05
3.15893e+07 0.846051 0.601246 0.241676 3.1616e-05
2.36125e+07 0.770372 0.580359 0.114866 4.22966e-05
2.36125e+07 0.770372 0.580359 0.114866 4.22966e-05
2.6148e+07 0.792741 0.564477 0.0750061 3.81952e-05
2.58448e+07 0.803752 0.55794 0.150413 3.86432e-05
2.36125e+07 0.770372 0.580359 0.114866 4.22966e-05
7.99212e+06 0.319995 0.799833 0 0.000124964
1.99423e+07 0.728073 0.537053 0.0236033 5.00809e-05
1.99423e+07 0.728073 0.537053 0.0236033 5.00809e-05
2.6148e+07 0.792741 0.564477 0.0750061 3.81952e-05
2.36125e+07 0.770372 0.580359 0.114866 4.22966e-05
2.59616e+07 0.850269 0.53955 0.241676 3.84693e-05
9.95743e+06 0.454596 0.602807 0.056854 0.0001003
2.58448e+07 0.803752 0.55794 0.150413 3.86432e-05
9.88313e+06 0.450377 0.664503 0.056854 0.000101054
2.36125e+07 0.770372 0.580359 0.114866 4.22966e-05
7.99212e+06 0.319995 0.799833 0 0.000124964
7.99212e+06 0.319995 0.799833 0 0.000124964
2.36125e+07 0.770372 0.580359 0.114866 4.22966e-05
3.15893e+07 0.846051 0.601246 0.241676 3.1616e-05
