1.6836e+07 0.595394 0.558592 0.0716186 6.75557e-05
2.4516e+07 0.722344 0.566994 0.0949594 4.6393e-05
1.24914e+07 0.454432 0.539603 0.0297406 9.1052e-05
3.95103e+07 0.840527 0.62395 0.0841322 2.87867e-05
1.20565e+07 0.43466 0.583453 0.0297406 9.43363e-05
1.5239e+07 0.552843 0.615547 0.0229643 7.46357e-05
2.79034e+07 0.756128 0.558592 0.109446 4.0761e-05
1.5239e+07 0.552843 0.615547 0.0229643 7.46357e-05
1.01278e+07 0.326491 0.893747 0.0756542 0.000112302
2.79034e+07 0.756128 0.558592 0.109446 4.0761e-05
1.6836e+07 0.595394 0.558592 0.0716186 6.75557e-05
2.3774e+07 0.713577 0.615547 0.0607914 4.7841e-05
3.95103e+07 0.84555 0.626314 0.121959 2.87867e-05
1.00528e+07 0.321468 0.891382 0.0378271 0.000113139
2.1874e+07 0.68861 0.641952 0.0954338 5.19964e-05
2.3774e+07 0.713577 0.615547 0.0607914 4.7841e-05
2.79034e+07 0.756128 0.558592 0.109446 4.0761e-05
1.5239e+07 0.552843 0.615547 0.0229643 7.46357e-05
2.3774e+07 0.713577 0.615547 0.0607914 4.7841e-05
2.3774e+07 0.713577 0.615547 0.0607914 4.7841e-05
1.5239e+07 0.552843 0.615547 0.0229643 7.46357e-05
2.3774e+07 0.713577 0.615547 0.0607914 4.7841e-05
1.5239e+07 0.552843 0.615547 0.0229643 7.46357e-05
1.02916e+07 0.337337 0.83163 0.0378271 0.000110514
2.84886e+07 0.761151 0.560956 0.147273 3.99237e-05
1.00528e+07 0.321468 0.891382 0.0378271 0.000113139
1.6836e+07 0.595394 0.558592 0.0716186 6.75557e-05
1.08079e+07 0.369042 0.77731 0.0945678 0.000105235
1.41745e+07 0.519058 0.686638 0.0233408 8.02406e-05
2.3774e+07 0.713577 0.615547 0.0607914 4.7841e-05
1.79359e+07 0.620285 0.536248 0.0649778 6.34132e-05
1.5239e+07 0.552843 0.615547 0.0229643 7.46357e-05
1.03532e+07 0.34124 0.847532 0.0378271 0.000109857
2.3774e+07 0.713577 0.615547 0.0607914 4.7841e-05
1.14558e+07 0.404893 0.632751 0.0491286 9.92832e-05
4.41343e+07 0.849344 0.641952 0.133261 2.57707e-05
1.5239e+07 0.552843 0.615547 0.0229643 7.46357e-05
2.41975e+07 0.7186 0.617911 0.0986185 4.70037e-05
2.3774e+07 0.713577 0.615547 0.0607914 4.7841e-05
2.3774e+07 0.713577 0.615547 0.0607914 4.7841e-05
1.00528e+07 0.321468 0.891382 0.0378271 0.000113139
1.5239e+07 0.552843 0.615547 0.0229643 7.46357e-05
1.6836e+07 0.595394 0.558592 0.0716186 6.75557e-05
2.4516e+07 0.722344 0.566994 0.0949594 4.6393e-05
8.56019e+06 0.203285 0.774946 0.0189136 0.000132867
1.5239e+07 0.552843 0.615547 0.0229643 7.46357e-05
1.79359e+07 0.620285 0.536248 0.0649778 6.34132e-05
2.3774e+07 0.713577 0.615547 0.0607914 4.7841e-05
2.3774e+07 0.713577 0.615547 0.0607914 4.7841e-05
1.6836e+07 0.595394 0.558592 0.0716186 6.75557e-05
2.3774e+07 0.713577 0.615547 0.0607914 4.7841e-05
3.85201e+07 0.883078 0.566994 0.132786 2.95266e-05
8.26376e+06 0.174575 0.846455 0.0378271 0.000137633
1.15918e+07 0.411881 0.634385 0 9.81184e-05
8.1279e+06 0.160734 0.891382 0 0.000139934
1.6836e+07 0.595394 0.558592 0.0716186 6.75557e-05
2.3774e+07 0.713577 0.615547 0.0607914 4.7841e-05
1.5239e+07 0.552843 0.615547 0.0229643 7.46357e-05
1.01278e+07 0.326491 0.893747 0.0756542 0.000112302
9.84832e+06 0.307455 0.842216 0 0.000115489
1.29913e+07 0.475355 0.581228 0.0233408 8.75483e-05
1.2582e+07 0.458399 0.505992 0.0446787 9.03964e-05
1.55465e+07 0.56166 0.633549 0.072093 7.31591e-05
1.69974e+07 0.599361 0.495105 0.0716186 6.69145e-05
2.79034e+07 0.756128 0.558592 0.109446 4.0761e-05
1.1065e+07 0.383791 0.731095 0.0567407 0.00010279
1.6836e+07 0.595394 0.558592 0.0716186 6.75557e-05
1.6836e+07 0.595394 0.558592 0.0716186 6.75557e-05
1.6836e+07 0.595394 0.558592 0.0716186 6.75557e-05
1.6836e+07 0.595394 0.558592 0.0716186 6.75557e-05
1.5239e+07 0.552843 0.615547 0.0229643 7.46357e-05
2.79034e+07 0.756128 0.558592 0.109446 4.0761e-05
1.6836e+07 0.595394 0.558592 0.0716186 6.75557e-05
1.6836e+07 0.595394 0.558592 0.0716186 6.75557e-05
2.4516e+07 0.722344 0.566994 0.0949594 4.6393e-05
2.3774e+07 0.713577 0.615547 0.0607914 4.7841e-05
1.5239e+07 0.552843 0.615547 0.0229643 7.46357e-05
2.84886e+07 0.761151 0.560956 0.147273 3.99237e-05
1.00528e+07 0.321468 0.891382 0.0378271 0.000113139
3.95103e+07 0.840527 0.62395 0.0841322 2.87867e-05
2.127e+07 0.679792 0.62395 0.0463052 5.3473e-05
1.5239e+07 0.552843 0.615547 0.0229643 7.46357e-05
1.6836e+07 0.595394 0.558592 0.0716186 6.75557e-05
1.69974e+07 0.599361 0.495105 0.0716186 6.69145e-05
1.62791e+07 0.581445 0.588121 0.112834 6.9867e-05
1.5239e+07 0.552843 0.615547 0.0229643 7.46357e-05
1.68327e+07 0.595394 0.507799 0.0297406 6.75691e-05
2.79034e+07 0.756128 0.558592 0.109446 4.0761e-05
1.00528e+07 0.321468 0.891382 0.0378271 0.000113139
8.2833e+06 0.176603 0.83163 0 0.000137309
2.79034e+07 0.756128 0.558592 0.109446 4.0761e-05
1.6836e+07 0.595394 0.558592 0.0716186 6.75557e-05
