2.60011e+07 0.800354 0.596895 0.32186 4.97518e-05
1.7649e+07 0.705759 0.513802 0.185899 7.32958e-05
7.08908e+06 0.266409 0.718768 0.0710182 0.000182478
2.87979e+07 0.855792 0.443958 0.131577 4.492e-05
7.167e+06 0.274389 0.71261 0.0956511 0.000180494
2.27267e+07 0.771525 0.587687 0.261798 5.69198e-05
2.28714e+07 0.773037 0.527479 0.209002 5.65598e-05
2.54888e+07 0.796493 0.424123 0.133107 5.07518e-05
1.40462e+07 0.630051 0.59252 0.114344 9.20958e-05
3.01662e+07 0.8926 0.459324 0.222431 4.28825e-05
1.58794e+07 0.672812 0.60975 0.253069 8.14638e-05
2.87979e+07 0.855792 0.443958 0.131577 4.492e-05
1.93839e+07 0.732111 0.520656 0.131657 6.67358e-05
1.42042e+07 0.63417 0.596295 0.106994 9.10718e-05
1.42757e+07 0.636004 0.594384 0.162216 9.06158e-05
2.15975e+07 0.759556 0.594384 0.200357 5.98958e-05
2.28714e+07 0.773037 0.527479 0.209002 5.65598e-05
2.19612e+07 0.763546 0.581529 0.231007 5.89038e-05
2.87979e+07 0.855792 0.443958 0.131577 4.492e-05
3.7301e+07 0.887098 0.581529 0.269148 3.468e-05
2.19612e+07 0.763546 0.581529 0.231007 5.89038e-05
2.87979e+07 0.855792 0.443958 0.131577 4.492e-05
1.42757e+07 0.636004 0.594384 0.162216 9.06158e-05
1.10594e+07 0.529955 0.663247 0.106325 0.000116968
2.24646e+07 0.768919 0.536021 0.222511 5.75838e-05
1.05356e+07 0.506628 0.609026 0.0381413 0.000122784
1.58794e+07 0.672812 0.60975 0.253069 8.14638e-05
1.12809e+07 0.539318 0.540163 0.096118 0.000114672
7.03633e+06 0.260907 0.682818 0.0386578 0.000183846
3.7301e+07 0.887098 0.581529 0.269148 3.468e-05
1.42757e+07 0.636004 0.594384 0.162216 9.06158e-05
1.93886e+07 0.732239 0.443958 0.0934362 6.67198e-05
1.39013e+07 0.62619 0.590137 0.0762031 9.30558e-05
3.7301e+07 0.887098 0.581529 0.269148 3.468e-05
7.03633e+06 0.260907 0.682818 0.0386578 0.000183846
1.9109e+07 0.72825 0.518272 0.0935156 6.76958e-05
1.93886e+07 0.732239 0.443958 0.0934362 6.67198e-05
1.93839e+07 0.732111 0.520656 0.131657 6.67358e-05
1.9109e+07 0.72825 0.518272 0.0935156 6.76958e-05
2.87979e+07 0.863771 0.450117 0.162369 4.492e-05
1.39013e+07 0.62619 0.590137 0.0762031 9.30558e-05
1.99828e+07 0.740219 0.450117 0.124227 6.47358e-05
1.58794e+07 0.672812 0.60975 0.253069 8.14638e-05
1.58794e+07 0.672812 0.60975 0.253069 8.14638e-05
1.2106e+07 0.570753 0.523721 0.15681 0.000106856
2.19612e+07 0.763546 0.581529 0.231007 5.89038e-05
1.31442e+07 0.604698 0.518272 0.0553744 9.84158e-05
1.9109e+07 0.72825 0.518272 0.0935156 6.76958e-05
2.15975e+07 0.759556 0.594384 0.200357 5.98958e-05
2.60011e+07 0.800354 0.596895 0.32186 4.97518e-05
2.87979e+07 0.863771 0.450117 0.162369 4.492e-05
2.20963e+07 0.765058 0.533637 0.184369 5.85438e-05
5.96197e+06 0.127413 0.926101 0.0381413 0.000216975
6.75106e+06 0.229601 0.743073 0 0.000191614
1.1154e+07 0.533945 0.650392 0.136975 0.000115976
1.48213e+07 0.649485 0.527479 0.170861 8.72798e-05
2.87979e+07 0.863771 0.450117 0.162369 4.492e-05
1.99828e+07 0.740219 0.450117 0.124227 6.47358e-05
1.04498e+07 0.50251 0.666834 0.0762825 0.000123792
5.9357e+06 0.123552 0.923717 0 0.000217935
6.75106e+06 0.229601 0.743073 0 0.000191614
7.08908e+06 0.266409 0.718768 0.0710182 0.000182478
1.31442e+07 0.604698 0.518272 0.0553744 9.84158e-05
1.44919e+07 0.641506 0.533637 0.146228 8.92638e-05
2.20963e+07 0.765058 0.533637 0.184369 5.85438e-05
1.11872e+07 0.535457 0.537779 0.0579767 0.000115632
1.7649e+07 0.705759 0.513802 0.185899 7.32958e-05
2.32797e+07 0.777027 0.514748 0.239714 5.55678e-05
2.60011e+07 0.800354 0.596895 0.32186 4.97518e-05
2.32797e+07 0.777027 0.514748 0.239714 5.55678e-05
1.42757e+07 0.636004 0.594384 0.162216 9.06158e-05
3.01662e+07 0.8926 0.459324 0.222431 4.28825e-05
2.60011e+07 0.800354 0.596895 0.32186 4.97518e-05
1.7649e+07 0.705759 0.513802 0.185899 7.32958e-05
1.48213e+07 0.649485 0.527479 0.170861 8.72798e-05
1.9109e+07 0.72825 0.518272 0.0935156 6.76958e-05
2.27267e+07 0.771525 0.587687 0.261798 5.69198e-05
2.24646e+07 0.768919 0.536021 0.222511 5.75838e-05
1.42042e+07 0.63417 0.596295 0.106994 9.10718e-05
2.50078e+07 0.792503 0.498436 0.133186 5.17278e-05
1.93886e+07 0.732239 0.443958 0.0934362 6.67198e-05
1.93886e+07 0.732239 0.443958 0.0934362 6.67198e-05
2.24709e+07 0.769048 0.459324 0.18429 5.75678e-05
1.58794e+07 0.672812 0.60975 0.253069 8.14638e-05
7.08908e+06 0.266409 0.718768 0.0710182 0.000182478
3.01287e+07 0.827799 0.561693 0.270678 4.29358e-05
1.09526e+07 0.525483 0.547472 0.126442 0.000118109
2.20963e+07 0.765058 0.533637 0.184369 5.85438e-05
1.03694e+07 0.498649 0.66445 0.0381413 0.000124752
1.06214e+07 0.510618 0.596295 0.0688529 0.000121792
2.20963e+07 0.765058 0.533637 0.184369 5.85438e-05
1.58794e+07 0.672812 0.60975 0.253069 8.14638e-05
