9.01979e+06 0.484473 0.603278 0.0883251 0.000124209
9.88688e+06 0.529618 0.705093 0.0622727 0.000113316
5.25744e+06 0.114857 0.878517 0 0.000213096
3.56887e+07 0.897586 0.573401 0.128915 3.1392e-05
5.30973e+06 0.123631 0.817878 0 0.000210998
9.17581e+06 0.493247 0.610016 0.122014 0.000122097
1.5062e+07 0.691535 0.537875 0.0719913 7.43818e-05
8.53628e+06 0.455174 0.654989 0.0497773 0.000131245
1.45661e+07 0.6809 0.66679 0.194863 7.69142e-05
1.88012e+07 0.752951 0.560906 0.0942053 5.95886e-05
7.94024e+06 0.414283 0.640887 0.0661111 0.000141096
1.88012e+07 0.752951 0.560906 0.0942053 5.95886e-05
2.7614e+07 0.831915 0.613787 0.151129 4.05714e-05
1.3164e+07 0.646868 0.634 0.100331 8.51062e-05
1.05414e+07 0.558917 0.653382 0.100821 0.00010628
1.61337e+07 0.71206 0.546804 0.110539 6.9441e-05
1.5062e+07 0.691535 0.537875 0.0719913 7.43818e-05
9.01979e+06 0.484473 0.603278 0.0883251 0.000124209
1.88012e+07 0.752951 0.560906 0.0942053 5.95886e-05
2.13178e+07 0.78225 0.509195 0.132753 5.25542e-05
9.01979e+06 0.484473 0.603278 0.0883251 0.000124209
1.88012e+07 0.752951 0.560906 0.0942053 5.95886e-05
7.94024e+06 0.414283 0.640887 0.0661111 0.000141096
1.27522e+07 0.635489 0.649911 0.166768 8.78546e-05
1.48611e+07 0.687281 0.601291 0.116419 7.53874e-05
1.10989e+07 0.581197 0.580711 0.0914694 0.000100942
7.94024e+06 0.414283 0.640887 0.0661111 0.000141096
1.08753e+07 0.572424 0.667648 0.088856 0.000103017
6.54173e+06 0.288791 0.762206 0.0347094 0.00017126
2.13178e+07 0.78225 0.509195 0.132753 5.25542e-05
7.94024e+06 0.414283 0.640887 0.0661111 0.000141096
8.53628e+06 0.455174 0.654989 0.0497773 0.000131245
1.28453e+07 0.638094 0.627262 0.066642 8.72182e-05
2.13178e+07 0.78225 0.509195 0.132753 5.25542e-05
5.43653e+06 0.144156 0.749711 0 0.000206076
2.68929e+07 0.827396 0.61101 0.106701 4.16594e-05
8.53628e+06 0.455174 0.654989 0.0497773 0.000131245
1.48611e+07 0.687281 0.601291 0.116419 7.53874e-05
1.46497e+07 0.682761 0.598515 0.0719913 7.64754e-05
1.94921e+07 0.761725 0.567644 0.127894 5.74766e-05
1.30047e+07 0.642614 0.603741 0.113683 8.61486e-05
8.67589e+06 0.463948 0.661727 0.0834658 0.000129133
7.94024e+06 0.414283 0.640887 0.0661111 0.000141096
1.05414e+07 0.558917 0.653382 0.100821 0.00010628
7.37844e+06 0.369616 0.669634 0.0607618 0.00015184
9.01979e+06 0.484473 0.603278 0.0883251 0.000124209
7.56313e+06 0.384984 0.692597 0.0275633 0.000148132
1.46497e+07 0.682761 0.598515 0.0719913 7.64754e-05
1.61337e+07 0.71206 0.546804 0.110539 6.9441e-05
9.01979e+06 0.484473 0.603278 0.0883251 0.000124209
1.94921e+07 0.761725 0.567644 0.127894 5.74766e-05
2.68929e+07 0.827396 0.61101 0.106701 4.16594e-05
7.24196e+06 0.357599 0.751726 0.112377 0.000154701
5.25744e+06 0.114857 0.878517 0 0.000213096
7.37844e+06 0.369616 0.669634 0.0607618 0.00015184
7.6716e+06 0.393757 0.631958 0.0275633 0.000146037
1.94921e+07 0.761725 0.567644 0.127894 5.74766e-05
8.67589e+06 0.463948 0.661727 0.0834658 0.000129133
1.08753e+07 0.572424 0.667648 0.088856 0.000103017
8.41171e+06 0.446932 0.781045 0.0692554 0.000133188
5.35996e+06 0.131873 0.805342 0 0.00020902
5.25744e+06 0.114857 0.878517 0 0.000213096
7.56313e+06 0.384984 0.692597 0.0275633 0.000148132
8.06352e+06 0.423269 0.635266 0.0643144 0.000138939
1.46497e+07 0.682761 0.598515 0.0719913 7.64754e-05
1.07616e+07 0.567904 0.664871 0.044428 0.000104105
7.56313e+06 0.384984 0.692597 0.0275633 0.000148132
8.67589e+06 0.463948 0.661727 0.0834658 0.000129133
9.01979e+06 0.484473 0.603278 0.0883251 0.000124209
8.67589e+06 0.463948 0.661727 0.0834658 0.000129133
7.94024e+06 0.414283 0.640887 0.0661111 0.000141096
1.88012e+07 0.752951 0.560906 0.0942053 5.95886e-05
9.01979e+06 0.484473 0.603278 0.0883251 0.000124209
7.56313e+06 0.384984 0.692597 0.0275633 0.000148132
1.00731e+07 0.538392 0.644454 0.0622727 0.000111221
1.46497e+07 0.682761 0.598515 0.0719913 7.64754e-05
9.17581e+06 0.493247 0.610016 0.122014 0.000122097
1.48611e+07 0.687281 0.601291 0.116419 7.53874e-05
1.3164e+07 0.646868 0.634 0.100331 8.51062e-05
2.68929e+07 0.827396 0.61101 0.106701 4.16594e-05
1.16183e+07 0.599809 0.667484 0.0844867 9.64285e-05
8.53628e+06 0.455174 0.654989 0.0497773 0.000131245
8.53628e+06 0.455174 0.654989 0.0497773 0.000131245
7.94024e+06 0.414283 0.640887 0.0661111 0.000141096
6.28416e+06 0.259492 0.891013 0.0347094 0.00017828
9.01979e+06 0.484473 0.603278 0.0883251 0.000124209
9.14696e+06 0.491598 0.620279 0.0336885 0.000122482
1.46497e+07 0.682761 0.598515 0.0719913 7.64754e-05
1.08734e+07 0.572424 0.64135 0.0914694 0.000103035
7.14671e+06 0.349091 0.728083 0.0559025 0.000156763
1.46497e+07 0.682761 0.598515 0.0719913 7.64754e-05
7.94024e+06 0.414283 0.640887 0.0661111 0.000141096
