3.02434e+07 0.503349 0.638309 0.0462234 4.43248e-05
2.23989e+07 0.329186 0.733006 0 5.98481e-05
1.53673e+07 0.0220096 0.778289 0 8.72329e-05
8.95474e+07 0.832536 0.638309 0.13867 1.49701e-05
1.50328e+07 0 1 0 8.91735e-05
3.02434e+07 0.503349 0.638309 0.0462234 4.43248e-05
4.39613e+07 0.658373 0.733006 0.0924466 3.04934e-05
3.02434e+07 0.503349 0.638309 0.0462234 4.43248e-05
8.95474e+07 0.832536 0.638309 0.13867 1.49701e-05
8.95474e+07 0.832536 0.638309 0.13867 1.49701e-05
2.23989e+07 0.329186 0.733006 0 5.98481e-05
6.54556e+07 0.97799 0.544922 0.202496 2.048e-05
4.39613e+07 0.658373 0.733006 0.0924466 3.04934e-05
8.95474e+07 0.832536 0.638309 0.13867 1.49701e-05
2.23989e+07 0.329186 0.733006 0 5.98481e-05
4.39613e+07 0.658373 0.733006 0.0924466 3.04934e-05
4.39613e+07 0.658373 0.733006 0.0924466 3.04934e-05
3.02434e+07 0.503349 0.638309 0.0462234 4.43248e-05
8.95474e+07 0.832536 0.638309 0.13867 1.49701e-05
8.95474e+07 0.832536 0.638309 0.13867 1.49701e-05
3.02434e+07 0.503349 0.638309 0.0462234 4.43248e-05
8.95474e+07 0.832536 0.638309 0.13867 1.49701e-05
2.23989e+07 0.329186 0.733006 0 5.98481e-05
4.39613e+07 0.658373 0.733006 0.0924466 3.04934e-05
4.39613e+07 0.658373 0.733006 0.0924466 3.04934e-05
4.39613e+07 0.658373 0.733006 0.0924466 3.04934e-05
2.23989e+07 0.329186 0.733006 0 5.98481e-05
7.64699e+07 0.803828 0.639619 0.156272 1.75302e-05
1.50328e+07 0 1 0 8.91735e-05
8.95474e+07 0.832536 0.638309 0.13867 1.49701e-05
2.23989e+07 0.329186 0.733006 0 5.98481e-05
3.02434e+07 0.503349 0.638309 0.0462234 4.43248e-05
6.54556e+07 1 0.508642 0.295211 2.048e-05
8.95474e+07 0.832536 0.638309 0.13867 1.49701e-05
1.50328e+07 0 1 0 8.91735e-05
4.39613e+07 0.658373 0.733006 0.0924466 3.04934e-05
3.02434e+07 0.503349 0.638309 0.0462234 4.43248e-05
4.39613e+07 0.658373 0.733006 0.0924466 3.04934e-05
4.39613e+07 0.658373 0.733006 0.0924466 3.04934e-05
8.95474e+07 0.832536 0.638309 0.13867 1.49701e-05
6.54556e+07 0.97799 0.544922 0.202496 2.048e-05
3.02434e+07 0.503349 0.638309 0.0462234 4.43248e-05
2.23989e+07 0.329186 0.733006 0 5.98481e-05
2.23989e+07 0.329186 0.733006 0 5.98481e-05
3.02434e+07 0.503349 0.638309 0.0462234 4.43248e-05
3.02434e+07 0.503349 0.638309 0.0462234 4.43248e-05
2.23989e+07 0.329186 0.733006 0 5.98481e-05
4.39613e+07 0.658373 0.733006 0.0924466 3.04934e-05
4.39613e+07 0.658373 0.733006 0.0924466 3.04934e-05
3.02434e+07 0.503349 0.638309 0.0462234 4.43248e-05
8.95474e+07 0.832536 0.638309 0.13867 1.49701e-05
4.39613e+07 0.658373 0.733006 0.0924466 3.04934e-05
2.24044e+07 0.329186 0.815107 0 5.98334e-05
1.53673e+07 0.0220096 0.778289 0 8.72329e-05
4.27444e+07 0.648804 0.544922 0.110049 3.13615e-05
2.23989e+07 0.329186 0.733006 0 5.98481e-05
8.95474e+07 0.832536 0.638309 0.13867 1.49701e-05
3.02434e+07 0.503349 0.638309 0.0462234 4.43248e-05
7.64699e+07 0.803828 0.639619 0.156272 1.75302e-05
2.31553e+07 0.351196 0.593396 0 5.78929e-05
1.53673e+07 0.0220096 0.778289 0 8.72329e-05
1.53673e+07 0.0220096 0.778289 0 8.72329e-05
2.23989e+07 0.329186 0.733006 0 5.98481e-05
2.23989e+07 0.329186 0.733006 0 5.98481e-05
4.39613e+07 0.658373 0.733006 0.0924466 3.04934e-05
6.54556e+07 0.825837 0.603339 0.248988 2.048e-05
2.23989e+07 0.329186 0.733006 0 5.98481e-05
3.02434e+07 0.503349 0.638309 0.0462234 4.43248e-05
3.02434e+07 0.503349 0.638309 0.0462234 4.43248e-05
3.02434e+07 0.503349 0.638309 0.0462234 4.43248e-05
2.23989e+07 0.329186 0.733006 0 5.98481e-05
8.95474e+07 0.832536 0.638309 0.13867 1.49701e-05
3.02434e+07 0.503349 0.638309 0.0462234 4.43248e-05
2.23989e+07 0.329186 0.733006 0 5.98481e-05
2.23989e+07 0.329186 0.733006 0 5.98481e-05
4.39613e+07 0.658373 0.733006 0.0924466 3.04934e-05
3.02434e+07 0.503349 0.638309 0.0462234 4.43248e-05
4.39613e+07 0.658373 0.733006 0.0924466 3.04934e-05
6.54556e+07 0.97799 0.544922 0.202496 2.048e-05
4.39613e+07 0.658373 0.733006 0.0924466 3.04934e-05
3.02434e+07 0.503349 0.638309 0.0462234 4.43248e-05
3.02434e+07 0.503349 0.638309 0.0462234 4.43248e-05
3.02434e+07 0.503349 0.638309 0.0462234 4.43248e-05
2.23989e+07 0.329186 0.733006 0 5.98481e-05
1.50328e+07 0 1 0 8.91735e-05
3.02434e+07 0.503349 0.638309 0.0462234 4.43248e-05
3.02434e+07 0.503349 0.627963 0 4.43248e-05
4.39613e+07 0.658373 0.733006 0.0924466 3.04934e-05
4.39613e+07 0.658373 0.733006 0.0924466 3.04934e-05
3.02434e+07 0.503349 0.638309 0.0462234 4.43248e-05
4.39613e+07 0.658373 0.733006 0.0924466 3.04934e-05
2.8592e+07 0.474641 0.639619 0.0638257 4.68849e-05
