1.7434e+07 0.603002 0.399898 0.0605675 6.90874e-05
1.31432e+07 0.472972 0.617063 0.0353401 9.16422e-05
9.92843e+06 0.302054 0.692201 0 0.000121315
2.59933e+07 0.733769 0.566037 0.111022 4.63377e-05
1.00897e+07 0.313289 0.61758 0 0.000119376
1.79409e+07 0.614237 0.40819 0.102024 6.71354e-05
2.00715e+07 0.655125 0.542441 0.0857948 6.00091e-05
1.62692e+07 0.574362 0.583028 0.14552 7.40337e-05
1.21943e+07 0.431716 0.803156 0.0756821 9.87731e-05
2.59933e+07 0.733769 0.566037 0.111022 4.63377e-05
1.4565e+07 0.524634 0.467914 0.120292 8.26959e-05
2.59933e+07 0.733769 0.566037 0.111022 4.63377e-05
1.94438e+07 0.64389 0.617063 0.0857948 6.19462e-05
1.24402e+07 0.442951 0.811447 0.117139 9.68211e-05
1.42211e+07 0.513123 0.450924 0.0353401 8.46959e-05
2.18995e+07 0.684041 0.450924 0.0857948 5.49999e-05
2.00715e+07 0.655125 0.542441 0.0857948 6.00091e-05
1.7434e+07 0.603002 0.399898 0.0605675 6.90874e-05
2.71658e+07 0.74528 0.583028 0.195974 4.43377e-05
3.0577e+07 0.77392 0.399898 0.111022 3.93914e-05
1.7434e+07 0.603002 0.399898 0.0605675 6.90874e-05
2.59933e+07 0.733769 0.566037 0.111022 4.63377e-05
1.42211e+07 0.513123 0.450924 0.0353401 8.46959e-05
1.12111e+07 0.381987 0.688042 0.0504548 0.000107435
1.94438e+07 0.64389 0.617063 0.0857948 6.19462e-05
1.56158e+07 0.556405 0.710809 0.10091 7.71314e-05
1.42211e+07 0.513123 0.450924 0.0353401 8.46959e-05
1.05303e+07 0.341836 0.854181 0.0504548 0.000114382
1.05312e+07 0.342205 0.526062 0 0.000114372
3.0577e+07 0.77392 0.399898 0.111022 3.93914e-05
1.42211e+07 0.513123 0.450924 0.0353401 8.46959e-05
1.58413e+07 0.562851 0.566037 0.0605675 7.60337e-05
1.21943e+07 0.431716 0.803156 0.0756821 9.87731e-05
3.0577e+07 0.77392 0.399898 0.111022 3.93914e-05
1.52341e+07 0.545538 0.45019 0.0468936 7.90639e-05
1.94438e+07 0.64389 0.617063 0.0857948 6.19462e-05
1.62692e+07 0.574362 0.583028 0.14552 7.40337e-05
2.00925e+07 0.655401 0.634053 0.170747 5.99462e-05
4.58322e+07 0.858735 0.565303 0.221202 2.628e-05
2.71365e+07 0.745004 0.574329 0.152479 4.43857e-05
1.21943e+07 0.431716 0.803156 0.0756821 9.87731e-05
1.67132e+07 0.585597 0.65765 0.220142 7.20668e-05
1.4565e+07 0.524634 0.467914 0.120292 8.26959e-05
1.42211e+07 0.513123 0.450924 0.0353401 8.46959e-05
9.91147e+06 0.300949 0.637017 0.0252274 0.000121523
1.7434e+07 0.603002 0.399898 0.0605675 6.90874e-05
1.31432e+07 0.472972 0.617063 0.0353401 9.16422e-05
1.94438e+07 0.64389 0.617063 0.0857948 6.19462e-05
2.18995e+07 0.684041 0.450924 0.0857948 5.49999e-05
1.7434e+07 0.603002 0.399898 0.0605675 6.90874e-05
2.71365e+07 0.745004 0.574329 0.152479 4.43857e-05
1.94438e+07 0.64389 0.617063 0.0857948 6.19462e-05
8.36073e+06 0.170918 0.89909 0 0.000144063
1.00949e+07 0.313565 0.709192 0.0849521 0.000119315
9.91147e+06 0.300949 0.637017 0.0252274 0.000121523
1.37355e+07 0.495718 0.625762 0.153458 8.76902e-05
2.71365e+07 0.745004 0.574329 0.152479 4.43857e-05
1.62587e+07 0.574086 0.574329 0.102024 7.40817e-05
1.05303e+07 0.341836 0.854181 0.0504548 0.000114382
8.36073e+06 0.170918 0.89909 0 0.000144063
9.92843e+06 0.302054 0.692201 0 0.000121315
9.92843e+06 0.302054 0.692201 0 0.000121315
1.31432e+07 0.472972 0.617063 0.0353401 9.16422e-05
1.31432e+07 0.472972 0.617063 0.0353401 9.16422e-05
1.94438e+07 0.64389 0.617063 0.0857948 6.19462e-05
1.05303e+07 0.341836 0.854181 0.0504548 0.000114382
1.31432e+07 0.472972 0.617063 0.0353401 9.16422e-05
1.62587e+07 0.574086 0.574329 0.102024 7.40817e-05
1.7434e+07 0.603002 0.399898 0.0605675 6.90874e-05
1.62587e+07 0.574086 0.574329 0.102024 7.40817e-05
1.4565e+07 0.524634 0.467914 0.120292 8.26959e-05
2.59933e+07 0.733769 0.566037 0.111022 4.63377e-05
1.7434e+07 0.603002 0.399898 0.0605675 6.90874e-05
1.31432e+07 0.472972 0.617063 0.0353401 9.16422e-05
1.3427e+07 0.484207 0.542441 0.0353401 8.97051e-05
1.94438e+07 0.64389 0.617063 0.0857948 6.19462e-05
1.79409e+07 0.614237 0.40819 0.102024 6.71354e-05
1.94438e+07 0.64389 0.617063 0.0857948 6.19462e-05
1.24402e+07 0.442951 0.811447 0.117139 9.68211e-05
1.94438e+07 0.64389 0.617063 0.0857948 6.19462e-05
1.58413e+07 0.562851 0.566037 0.0605675 7.60337e-05
1.58413e+07 0.562851 0.566037 0.0605675 7.60337e-05
1.58413e+07 0.562851 0.566037 0.0605675 7.60337e-05
1.42211e+07 0.513123 0.450924 0.0353401 8.46959e-05
9.92843e+06 0.302054 0.692201 0 0.000121315
1.7434e+07 0.603002 0.399898 0.0605675 6.90874e-05
1.62554e+07 0.574086 0.498103 0.0414566 7.40965e-05
2.00925e+07 0.655401 0.634053 0.170747 5.99462e-05
1.05303e+07 0.341836 0.854181 0.0504548 0.000114382
9.52021e+06 0.272032 0.811447 0.066684 0.000126517
1.94438e+07 0.64389 0.617063 0.0857948 6.19462e-05
1.42211e+07 0.513123 0.450924 0.0353401 8.46959e-05
