4.05593e+07 0.775286 0.396256 0.194714 3.28038e-05
2.73382e+07 0.666227 0.457606 0.163218 4.86682e-05
1.67637e+07 0.455145 0.548156 0.117288 7.9368e-05
5.02834e+07 0.923483 0.445631 0.140417 2.646e-05
1.71935e+07 0.468777 0.537985 0.157969 7.7384e-05
3.32987e+07 0.726033 0.455802 0.128278 3.99565e-05
4.33105e+07 0.890941 0.447436 0.266891 3.072e-05
3.17235e+07 0.712401 0.445631 0.0774262 4.19405e-05
1.9491e+07 0.531223 0.756239 0.0944863 6.82624e-05
4.33105e+07 0.986368 0.396256 0.257705 3.072e-05
2.73382e+07 0.666227 0.457606 0.163218 4.86682e-05
5.02834e+07 0.923483 0.445631 0.140417 2.646e-05
4.91235e+07 0.814424 0.506982 0.108922 2.70848e-05
2.00744e+07 0.544855 0.766409 0.145338 6.62784e-05
2.30171e+07 0.603342 0.506982 0.0459308 5.78048e-05
4.91235e+07 0.814424 0.506982 0.108922 2.70848e-05
4.33105e+07 0.890941 0.447436 0.266891 3.072e-05
3.17235e+07 0.712401 0.445631 0.0774262 4.19405e-05
5.02834e+07 0.923483 0.445631 0.140417 2.646e-05
5.02834e+07 0.923483 0.445631 0.140417 2.646e-05
3.17235e+07 0.712401 0.445631 0.0774262 4.19405e-05
5.02834e+07 0.923483 0.445631 0.140417 2.646e-05
2.30171e+07 0.603342 0.506982 0.0459308 5.78048e-05
1.58154e+07 0.422164 0.817589 0.0629908 8.41267e-05
4.37664e+07 0.877309 0.457606 0.226209 3.04e-05
1.61944e+07 0.435796 0.726055 0.0629908 8.21581e-05
2.73382e+07 0.666227 0.457606 0.163218 4.86682e-05
1.77351e+07 0.485048 0.533638 0.0629908 7.50208e-05
1.50329e+07 0.39226 0.597531 0 8.85056e-05
5.02834e+07 0.923483 0.445631 0.140417 2.646e-05
2.30171e+07 0.603342 0.506982 0.0459308 5.78048e-05
3.17235e+07 0.712401 0.445631 0.0774262 4.19405e-05
1.9491e+07 0.531223 0.756239 0.0944863 6.82624e-05
5.02834e+07 0.923483 0.445631 0.140417 2.646e-05
1.50329e+07 0.39226 0.597531 0 8.85056e-05
4.91235e+07 0.814424 0.506982 0.108922 2.70848e-05
3.17235e+07 0.712401 0.445631 0.0774262 4.19405e-05
4.91235e+07 0.814424 0.506982 0.108922 2.70848e-05
4.91235e+07 0.814424 0.506982 0.108922 2.70848e-05
5.26305e+07 0.937115 0.455802 0.191269 2.528e-05
1.9491e+07 0.531223 0.756239 0.0944863 6.82624e-05
3.32987e+07 0.726033 0.455802 0.128278 3.99565e-05
2.73382e+07 0.666227 0.457606 0.163218 4.86682e-05
2.73382e+07 0.666227 0.457606 0.163218 4.86682e-05
1.48037e+07 0.383026 0.472288 0.0314954 8.98765e-05
3.17235e+07 0.712401 0.445631 0.0774262 4.19405e-05
2.30171e+07 0.603342 0.506982 0.0459308 5.78048e-05
4.91235e+07 0.814424 0.506982 0.108922 2.70848e-05
4.91235e+07 0.814424 0.506982 0.108922 2.70848e-05
4.05593e+07 0.775286 0.396256 0.194714 3.28038e-05
5.26305e+07 0.937115 0.455802 0.191269 2.528e-05
4.37664e+07 0.877309 0.457606 0.226209 3.04e-05
1.15866e+07 0.211082 0.874018 0 0.000114831
1.50329e+07 0.39226 0.597531 0 8.85056e-05
1.34418e+07 0.320141 0.756239 0.0314954 9.89824e-05
2.85e+07 0.679859 0.447436 0.2039 4.66842e-05
5.26305e+07 0.937115 0.455802 0.191269 2.528e-05
3.32987e+07 0.726033 0.455802 0.128278 3.99565e-05
1.58154e+07 0.422164 0.817589 0.0629908 8.41267e-05
1.15866e+07 0.211082 0.874018 0 0.000114831
1.50329e+07 0.39226 0.597531 0 8.85056e-05
1.67637e+07 0.455145 0.548156 0.117288 7.9368e-05
2.30171e+07 0.603342 0.506982 0.0459308 5.78048e-05
2.73382e+07 0.666227 0.457606 0.163218 4.86682e-05
4.37664e+07 0.877309 0.457606 0.226209 3.04e-05
1.77351e+07 0.485048 0.533638 0.0629908 7.50208e-05
2.73382e+07 0.666227 0.457606 0.163218 4.86682e-05
4.31918e+07 0.788918 0.487789 0.286247 3.08045e-05
4.05593e+07 0.775286 0.396256 0.194714 3.28038e-05
4.31918e+07 0.788918 0.487789 0.286247 3.08045e-05
2.30171e+07 0.603342 0.506982 0.0459308 5.78048e-05
4.33105e+07 0.986368 0.396256 0.257705 3.072e-05
4.05593e+07 0.775286 0.396256 0.194714 3.28038e-05
2.73382e+07 0.666227 0.457606 0.163218 4.86682e-05
2.85e+07 0.679859 0.447436 0.2039 4.66842e-05
4.91235e+07 0.814424 0.506982 0.108922 2.70848e-05
3.32987e+07 0.726033 0.455802 0.128278 3.99565e-05
4.37664e+07 0.877309 0.457606 0.226209 3.04e-05
2.00744e+07 0.544855 0.766409 0.145338 6.62784e-05
4.91235e+07 0.814424 0.506982 0.108922 2.70848e-05
3.17235e+07 0.712401 0.445631 0.0774262 4.19405e-05
3.17235e+07 0.712401 0.445631 0.0774262 4.19405e-05
4.05593e+07 0.775286 0.396256 0.194714 3.28038e-05
2.73382e+07 0.666227 0.457606 0.163218 4.86682e-05
1.67637e+07 0.455145 0.548156 0.117288 7.9368e-05
3.17235e+07 0.712401 0.445631 0.0774262 4.19405e-05
4.31702e+07 0.788918 0.389366 0.208821 3.08198e-05
4.37664e+07 0.877309 0.457606 0.226209 3.04e-05
1.58154e+07 0.422164 0.817589 0.0629908 8.41267e-05
1.37167e+07 0.333773 0.766409 0.0823474 9.69984e-05
4.37664e+07 0.877309 0.457606 0.226209 3.04e-05
2.73382e+07 0.666227 0.457606 0.163218 4.86682e-05
