1.62526e+07 0.557186 0.683278 0.116246 6.50104e-05
2.6967e+07 0.733084 0.798751 0.0808451 3.91808e-05
9.96857e+06 0.277761 0.602962 0.0652502 0.000105992
2.44554e+07 0.705577 0.832281 0.0629915 4.32048e-05
9.44355e+06 0.237084 0.799687 0 0.000111885
1.53056e+07 0.529679 0.716808 0.0983927 6.90331e-05
1.31842e+07 0.453647 0.785793 0.0448499 8.01408e-05
1.26814e+07 0.432024 0.775669 0.0269963 8.33184e-05
1.00055e+07 0.28008 0.779896 0 0.000105601
1.31842e+07 0.453647 0.785793 0.0448499 8.01408e-05
1.64663e+07 0.56307 0.639625 0.116246 6.41666e-05
1.25538e+07 0.42614 0.819322 0.0269963 8.41648e-05
2.44554e+07 0.705577 0.832281 0.0629915 4.32048e-05
9.19825e+06 0.216563 0.896406 0 0.000114869
3.76371e+07 0.809116 0.729766 0.134388 2.80731e-05
1.53056e+07 0.529679 0.716808 0.0983927 6.90331e-05
1.31842e+07 0.453647 0.785793 0.0448499 8.01408e-05
1.53056e+07 0.529679 0.716808 0.0983927 6.90331e-05
1.26814e+07 0.432024 0.775669 0.0269963 8.33184e-05
1.53056e+07 0.529679 0.716808 0.0983927 6.90331e-05
1.53056e+07 0.529679 0.716808 0.0983927 6.90331e-05
1.25538e+07 0.42614 0.819322 0.0269963 8.41648e-05
1.53056e+07 0.529679 0.716808 0.0983927 6.90331e-05
1.27784e+07 0.436919 0.614369 0.110195 8.26858e-05
1.31842e+07 0.453647 0.785793 0.0448499 8.01408e-05
9.19825e+06 0.216563 0.896406 0 0.000114869
1.62526e+07 0.557186 0.683278 0.116246 6.50104e-05
9.53218e+06 0.24407 0.862877 0.0178536 0.000110844
1.76637e+07 0.592552 0.707953 0.0716843 5.98171e-05
1.53056e+07 0.529679 0.716808 0.0983927 6.90331e-05
1.53056e+07 0.529679 0.716808 0.0983927 6.90331e-05
1.25538e+07 0.42614 0.819322 0.0269963 8.41648e-05
9.37103e+06 0.231179 0.808119 0 0.000112751
1.53056e+07 0.529679 0.716808 0.0983927 6.90331e-05
1.04844e+07 0.313116 0.694995 0.0356892 0.000100777
2.44554e+07 0.705577 0.832281 0.0629915 4.32048e-05
1.26814e+07 0.432024 0.775669 0.0269963 8.33184e-05
1.26814e+07 0.432024 0.775669 0.0269963 8.33184e-05
1.26814e+07 0.432024 0.775669 0.0269963 8.33184e-05
1.25538e+07 0.42614 0.819322 0.0269963 8.41648e-05
9.19825e+06 0.216563 0.896406 0 0.000114869
1.26814e+07 0.432024 0.775669 0.0269963 8.33184e-05
1.64663e+07 0.56307 0.639625 0.116246 6.41666e-05
3.66099e+07 0.836623 0.696237 0.152241 2.88608e-05
1.10371e+07 0.347609 0.688984 0.0535608 9.57304e-05
1.53056e+07 0.529679 0.716808 0.0983927 6.90331e-05
1.25538e+07 0.42614 0.819322 0.0269963 8.41648e-05
1.25538e+07 0.42614 0.819322 0.0269963 8.41648e-05
1.53056e+07 0.529679 0.716808 0.0983927 6.90331e-05
1.62526e+07 0.557186 0.683278 0.116246 6.50104e-05
1.25538e+07 0.42614 0.819322 0.0269963 8.41648e-05
2.6967e+07 0.733084 0.798751 0.0808451 3.91808e-05
7.69506e+06 0.0635172 0.88349 0 0.000137308
9.68136e+06 0.256137 0.667348 0.0846515 0.000109137
1.05921e+07 0.320102 0.722513 0.0357072 9.97531e-05
1.33249e+07 0.459531 0.74214 0.0448499 7.92944e-05
1.25538e+07 0.42614 0.819322 0.0269963 8.41648e-05
1.25538e+07 0.42614 0.819322 0.0269963 8.41648e-05
9.19825e+06 0.216563 0.896406 0 0.000114869
1.02068e+07 0.294052 0.852681 0 0.000103519
9.45858e+06 0.238487 0.701833 0.0361481 0.000111707
9.62578e+06 0.2517 0.7114 0 0.000109767
1.25538e+07 0.42614 0.819322 0.0269963 8.41648e-05
1.49074e+07 0.517165 0.669283 0.0448499 7.08768e-05
1.31842e+07 0.453647 0.785793 0.0448499 8.01408e-05
9.71785e+06 0.258686 0.77459 0.0178536 0.000108727
1.31842e+07 0.453647 0.785793 0.0448499 8.01408e-05
1.31842e+07 0.453647 0.785793 0.0448499 8.01408e-05
1.62526e+07 0.557186 0.683278 0.116246 6.50104e-05
1.31842e+07 0.453647 0.785793 0.0448499 8.01408e-05
1.54949e+07 0.535563 0.673155 0.0983927 6.81893e-05
1.31842e+07 0.453647 0.785793 0.0448499 8.01408e-05
1.62526e+07 0.557186 0.683278 0.116246 6.50104e-05
1.31842e+07 0.453647 0.785793 0.0448499 8.01408e-05
2.6967e+07 0.733084 0.798751 0.0808451 3.91808e-05
1.25538e+07 0.42614 0.819322 0.0269963 8.41648e-05
1.53056e+07 0.529679 0.716808 0.0983927 6.90331e-05
1.31842e+07 0.453647 0.785793 0.0448499 8.01408e-05
9.19825e+06 0.216563 0.896406 0 0.000114869
2.44554e+07 0.705577 0.832281 0.0629915 4.32048e-05
2.44554e+07 0.705577 0.832281 0.0629915 4.32048e-05
1.25538e+07 0.42614 0.819322 0.0269963 8.41648e-05
1.31842e+07 0.453647 0.785793 0.0448499 8.01408e-05
1.62526e+07 0.557186 0.683278 0.116246 6.50104e-05
1.67275e+07 0.569821 0.672034 0.0359951 6.3165e-05
1.53056e+07 0.529679 0.716808 0.0983927 6.90331e-05
9.44355e+06 0.237084 0.799687 0 0.000111885
1.33249e+07 0.459531 0.74214 0.0448499 7.92944e-05
9.33586e+06 0.22833 0.808567 0 0.000113175
9.86473e+06 0.269863 0.755795 0 0.000107108
1.31842e+07 0.453647 0.785793 0.0448499 8.01408e-05
1.62526e+07 0.557186 0.683278 0.116246 6.50104e-05
