1.77084e+07 0.465076 0.751497 0.0319361 5.26455e-05
1.36417e+07 0.305423 0.815278 0 6.83393e-05
9.86124e+06 0.0390456 0.810016 0 9.45385e-05
4.12358e+07 0.770499 0.751497 0.0958085 2.26082e-05
9.47941e+06 0 1 0 9.83465e-05
1.77084e+07 0.465076 0.751497 0.0319361 5.26455e-05
2.43399e+07 0.610846 0.815278 0.0638724 3.8302e-05
1.77084e+07 0.465076 0.751497 0.0319361 5.26455e-05
4.12358e+07 0.770499 0.751497 0.0958085 2.26082e-05
4.12358e+07 0.770499 0.751497 0.0958085 2.26082e-05
1.36417e+07 0.305423 0.815278 0 6.83393e-05
4.55208e+07 0.909327 0.685266 0.141172 2.048e-05
2.43399e+07 0.610846 0.815278 0.0638724 3.8302e-05
4.12358e+07 0.770499 0.751497 0.0958085 2.26082e-05
1.36417e+07 0.305423 0.815278 0 6.83393e-05
2.43399e+07 0.610846 0.815278 0.0638724 3.8302e-05
2.43399e+07 0.610846 0.815278 0.0638724 3.8302e-05
1.77084e+07 0.465076 0.751497 0.0319361 5.26455e-05
4.12358e+07 0.770499 0.751497 0.0958085 2.26082e-05
4.12358e+07 0.770499 0.751497 0.0958085 2.26082e-05
1.77084e+07 0.465076 0.751497 0.0319361 5.26455e-05
4.12358e+07 0.770499 0.751497 0.0958085 2.26082e-05
1.36417e+07 0.305423 0.815278 0 6.83393e-05
2.43399e+07 0.610846 0.815278 0.0638724 3.8302e-05
2.43399e+07 0.610846 0.815278 0.0638724 3.8302e-05
2.49699e+07 0.620824 0.768826 0.127745 3.73357e-05
1.36417e+07 0.305423 0.815278 0 6.83393e-05
3.78069e+07 0.749675 0.749047 0.109236 2.46586e-05
9.47941e+06 0 1 0 9.83465e-05
4.12358e+07 0.770499 0.751497 0.0958085 2.26082e-05
1.36417e+07 0.305423 0.815278 0 6.83393e-05
1.77084e+07 0.465076 0.751497 0.0319361 5.26455e-05
4.55208e+07 0.948373 0.631374 0.209218 2.048e-05
4.12358e+07 0.770499 0.751497 0.0958085 2.26082e-05
9.47941e+06 0 1 0 9.83465e-05
2.43399e+07 0.610846 0.815278 0.0638724 3.8302e-05
1.77084e+07 0.465076 0.751497 0.0319361 5.26455e-05
2.43399e+07 0.610846 0.815278 0.0638724 3.8302e-05
2.43399e+07 0.610846 0.815278 0.0638724 3.8302e-05
4.12358e+07 0.770499 0.751497 0.0958085 2.26082e-05
4.55208e+07 0.919306 0.638813 0.205045 2.048e-05
1.77084e+07 0.465076 0.751497 0.0319361 5.26455e-05
1.36417e+07 0.305423 0.815278 0 6.83393e-05
1.36417e+07 0.305423 0.815278 0 6.83393e-05
1.77084e+07 0.465076 0.751497 0.0319361 5.26455e-05
1.77084e+07 0.465076 0.751497 0.0319361 5.26455e-05
1.36417e+07 0.305423 0.815278 0 6.83393e-05
2.43399e+07 0.610846 0.815278 0.0638724 3.8302e-05
2.43399e+07 0.610846 0.815278 0.0638724 3.8302e-05
1.77084e+07 0.465076 0.751497 0.0319361 5.26455e-05
4.12358e+07 0.770499 0.751497 0.0958085 2.26082e-05
2.43399e+07 0.610846 0.815278 0.0638724 3.8302e-05
1.45098e+07 0.347072 0.750317 0 6.42508e-05
9.86124e+06 0.0390456 0.810016 0 9.45385e-05
2.39027e+07 0.603904 0.685266 0.0773 3.90026e-05
1.36417e+07 0.305423 0.815278 0 6.83393e-05
4.12358e+07 0.770499 0.751497 0.0958085 2.26082e-05
1.77084e+07 0.465076 0.751497 0.0319361 5.26455e-05
3.78069e+07 0.749675 0.749047 0.109236 2.46586e-05
1.46694e+07 0.354447 0.635819 0.0638724 6.35519e-05
1.03069e+07 0.0806943 0.757757 0.0348394 9.04505e-05
9.86124e+06 0.0390456 0.810016 0 9.45385e-05
1.36417e+07 0.305423 0.815278 0 6.83393e-05
1.36417e+07 0.305423 0.815278 0 6.83393e-05
2.43399e+07 0.610846 0.815278 0.0638724 3.8302e-05
4.4746e+07 0.78872 0.695155 0.177282 2.08346e-05
1.36417e+07 0.305423 0.815278 0 6.83393e-05
1.77084e+07 0.465076 0.751497 0.0319361 5.26455e-05
1.77084e+07 0.465076 0.751497 0.0319361 5.26455e-05
1.77084e+07 0.465076 0.751497 0.0319361 5.26455e-05
1.36417e+07 0.305423 0.815278 0 6.83393e-05
4.12358e+07 0.770499 0.751497 0.0958085 2.26082e-05
1.77084e+07 0.465076 0.751497 0.0319361 5.26455e-05
1.36417e+07 0.305423 0.815278 0 6.83393e-05
1.36417e+07 0.305423 0.815278 0 6.83393e-05
2.43399e+07 0.610846 0.815278 0.0638724 3.8302e-05
1.77084e+07 0.465076 0.751497 0.0319361 5.26455e-05
2.43399e+07 0.610846 0.815278 0.0638724 3.8302e-05
4.55208e+07 0.909327 0.685266 0.141172 2.048e-05
2.43399e+07 0.610846 0.815278 0.0638724 3.8302e-05
1.77084e+07 0.465076 0.751497 0.0319361 5.26455e-05
1.77084e+07 0.465076 0.751497 0.0319361 5.26455e-05
1.77084e+07 0.465076 0.751497 0.0319361 5.26455e-05
1.36417e+07 0.305423 0.815278 0 6.83393e-05
9.47941e+06 0 1 0 9.83465e-05
1.77084e+07 0.465076 0.751497 0.0319361 5.26455e-05
1.77084e+07 0.465076 0.744601 0 5.26455e-05
2.43399e+07 0.610846 0.815278 0.0638724 3.8302e-05
2.49699e+07 0.620824 0.768826 0.127745 3.73357e-05
1.77084e+07 0.465076 0.751497 0.0319361 5.26455e-05
2.43399e+07 0.610846 0.815278 0.0638724 3.8302e-05
1.70445e+07 0.444252 0.749047 0.0453639 5.46959e-05
