3.34626e+07 0.711986 0.395902 0.138172 3.15786e-05
1.97337e+07 0.510886 0.558451 0.0417769 5.35479e-05
1.29512e+07 0.254302 0.659976 0 8.15912e-05
2.4696e+07 0.609154 0.643555 0.0739086 4.27883e-05
1.3536e+07 0.286667 0.564659 0.043536 7.80659e-05
3.25207e+07 0.703558 0.476652 0.192592 3.24932e-05
2.11244e+07 0.543252 0.463133 0.0853129 5.00228e-05
2.5178e+07 0.616645 0.652936 0.120816 4.19691e-05
1.59812e+07 0.395646 0.745725 0.0321316 6.61215e-05
2.75552e+07 0.649947 0.489255 0.0739086 3.83485e-05
2.29924e+07 0.580417 0.474479 0.152948 4.59588e-05
2.4696e+07 0.609154 0.643555 0.0739086 4.27883e-05
1.82228e+07 0.470092 0.71275 0.0417769 5.79877e-05
1.68812e+07 0.428011 0.672176 0.0865516 6.25963e-05
2.06315e+07 0.532132 0.619397 0.10604 5.12177e-05
4.38798e+07 0.780288 0.650474 0.168193 2.40817e-05
2.11244e+07 0.543252 0.463133 0.0853129 5.00228e-05
5.15967e+07 0.919349 0.581278 0.200324 2.048e-05
2.5178e+07 0.616645 0.652936 0.120816 4.19691e-05
2.93378e+07 0.671193 0.550202 0.138172 3.60183e-05
5.15967e+07 0.919349 0.581278 0.200324 2.048e-05
5.15967e+07 0.85731 0.550326 0.0739086 2.048e-05
4.38798e+07 0.780288 0.650474 0.168193 2.40817e-05
1.41742e+07 0.318623 0.721568 0.0642632 7.45509e-05
1.97337e+07 0.510886 0.558451 0.0417769 5.35479e-05
1.35806e+07 0.28895 0.632531 0 7.78097e-05
2.25897e+07 0.572925 0.465097 0.10604 4.6778e-05
1.37446e+07 0.297378 0.660621 0 7.68811e-05
2.02669e+07 0.523704 0.623472 0.0621524 5.21393e-05
2.93378e+07 0.671193 0.550202 0.138172 3.60183e-05
2.06315e+07 0.532132 0.619397 0.10604 5.12177e-05
5.15967e+07 0.85731 0.550326 0.0739086 2.048e-05
1.59812e+07 0.395646 0.745725 0.0321316 6.61215e-05
2.93378e+07 0.671193 0.550202 0.138172 3.60183e-05
1.33295e+07 0.275547 0.592396 0 7.92753e-05
1.82228e+07 0.470092 0.71275 0.0417769 5.79877e-05
5.15967e+07 0.864802 0.559708 0.120816 2.048e-05
1.8484e+07 0.477584 0.722132 0.0886844 5.71685e-05
1.8484e+07 0.477584 0.722132 0.0886844 5.71685e-05
2.69133e+07 0.641519 0.570005 0.128329 3.92631e-05
1.59812e+07 0.395646 0.745725 0.0321316 6.61215e-05
2.74968e+07 0.649011 0.654439 0.212762 3.84299e-05
2.29924e+07 0.580417 0.474479 0.152948 4.59588e-05
2.25897e+07 0.572925 0.465097 0.10604 4.6778e-05
3.8044e+07 0.746635 0.529148 0.158547 2.77757e-05
5.15967e+07 0.919349 0.581278 0.200324 2.048e-05
1.82228e+07 0.470092 0.71275 0.0417769 5.79877e-05
1.82228e+07 0.470092 0.71275 0.0417769 5.79877e-05
2.06315e+07 0.532132 0.619397 0.10604 5.12177e-05
3.34626e+07 0.711986 0.395902 0.138172 3.15786e-05
2.69133e+07 0.641519 0.570005 0.128329 3.92631e-05
1.97337e+07 0.510886 0.558451 0.0417769 5.35479e-05
9.66343e+06 0 1 0 0.00010935
1.24017e+07 0.221 0.823657 0.0469075 8.52059e-05
3.2801e+07 0.705841 0.683448 0.158547 3.22155e-05
2.14822e+07 0.550743 0.547567 0.169746 4.91895e-05
2.69133e+07 0.641519 0.570005 0.128329 3.92631e-05
4.43842e+07 0.889676 0.476777 0.128329 2.3808e-05
1.29942e+07 0.256584 0.814921 0 8.13209e-05
9.66343e+06 0 1 0 0.00010935
1.22836e+07 0.213508 0.814276 0 8.60251e-05
1.94e+07 0.502458 0.566747 0 5.44691e-05
1.82228e+07 0.470092 0.71275 0.0417769 5.79877e-05
1.97337e+07 0.510886 0.558451 0.0417769 5.35479e-05
3.99872e+07 0.759042 0.465222 0.0417769 2.6426e-05
1.37446e+07 0.297378 0.660621 0 7.68811e-05
1.97337e+07 0.510886 0.558451 0.0417769 5.35479e-05
3.03568e+07 0.682313 0.502777 0.171865 3.48093e-05
3.34626e+07 0.711986 0.395902 0.138172 3.15786e-05
3.03568e+07 0.682313 0.502777 0.171865 3.48093e-05
2.09669e+07 0.539623 0.628779 0.152948 5.03985e-05
2.75552e+07 0.649947 0.489255 0.0739086 3.83485e-05
3.34626e+07 0.711986 0.395902 0.138172 3.15786e-05
3.99872e+07 0.759042 0.465222 0.0417769 2.6426e-05
2.11244e+07 0.543252 0.463133 0.0853129 5.00228e-05
1.82228e+07 0.470092 0.71275 0.0417769 5.79877e-05
3.25207e+07 0.703558 0.476652 0.192592 3.24932e-05
1.97337e+07 0.510886 0.558451 0.0417769 5.35479e-05
1.68812e+07 0.428011 0.672176 0.0865516 6.25963e-05
1.82228e+07 0.470092 0.71275 0.0417769 5.79877e-05
5.15967e+07 0.85731 0.550326 0.0739086 2.048e-05
2.4696e+07 0.609154 0.643555 0.0739086 4.27883e-05
3.52421e+07 0.898104 0.396026 0.0739086 2.9984e-05
2.25897e+07 0.572925 0.465097 0.10604 4.6778e-05
1.29512e+07 0.254302 0.659976 0 8.15912e-05
2.93378e+07 0.671193 0.550202 0.138172 3.60183e-05
1.68086e+07 0.425729 0.540039 0.097956 6.28665e-05
2.00403e+07 0.518378 0.567832 0.0886844 5.27287e-05
1.29942e+07 0.256584 0.814921 0 8.13209e-05
1.68812e+07 0.428011 0.672176 0.0865516 6.25963e-05
1.97337e+07 0.510886 0.558451 0.0417769 5.35479e-05
2.25897e+07 0.572925 0.465097 0.10604 4.6778e-05
