2.48176e+07 0 1 0 6.84072e-05
2.48176e+07 0 1 0 6.84072e-05
3.18065e+07 0.220854 0.724197 0 5.33759e-05
5.379e+07 0.538891 0.896136 0 3.15616e-05
2.48176e+07 0 1 0 6.84072e-05
2.48176e+07 0 1 0 6.84072e-05
5.379e+07 0.538891 0.896136 0 3.15616e-05
2.48176e+07 0 1 0 6.84072e-05
8.00346e+07 0.690454 0.85881 0.103864 2.12121e-05
5.379e+07 0.538891 0.896136 0 3.15616e-05
2.48176e+07 0 1 0 6.84072e-05
5.379e+07 0.538891 0.896136 0 3.15616e-05
5.58277e+07 0.555731 0.899382 0.0519318 3.04096e-05
5.379e+07 0.538891 0.896136 0 3.15616e-05
2.55454e+07 0.0288157 0.888924 0 6.64582e-05
5.379e+07 0.538891 0.896136 0 3.15616e-05
5.379e+07 0.538891 0.896136 0 3.15616e-05
2.48176e+07 0 1 0 6.84072e-05
5.379e+07 0.538891 0.896136 0 3.15616e-05
5.379e+07 0.538891 0.896136 0 3.15616e-05
2.48176e+07 0 1 0 6.84072e-05
5.379e+07 0.538891 0.896136 0 3.15616e-05
2.48176e+07 0 1 0 6.84072e-05
7.5912e+07 0.673613 0.855565 0.0519318 2.23641e-05
5.58277e+07 0.555731 0.899382 0.0519318 3.04096e-05
5.379e+07 0.538891 0.896136 0 3.15616e-05
2.48176e+07 0 1 0 6.84072e-05
5.58277e+07 0.555731 0.899382 0.0519318 3.04096e-05
2.48176e+07 0 1 0 6.84072e-05
5.379e+07 0.538891 0.896136 0 3.15616e-05
2.48176e+07 0 1 0 6.84072e-05
2.48176e+07 0 1 0 6.84072e-05
4.49603e+07 0.759745 0.620333 0 3.776e-05
5.379e+07 0.538891 0.896136 0 3.15616e-05
2.55454e+07 0.0288157 0.888924 0 6.64582e-05
5.73197e+07 0.567706 0.78506 0 2.96181e-05
2.48176e+07 0 1 0 6.84072e-05
5.58277e+07 0.555731 0.899382 0.0519318 3.04096e-05
5.379e+07 0.538891 0.896136 0 3.15616e-05
5.379e+07 0.538891 0.896136 0 3.15616e-05
5.379e+07 0.538891 0.896136 0 3.15616e-05
2.48176e+07 0 1 0 6.84072e-05
2.48176e+07 0 1 0 6.84072e-05
2.48176e+07 0 1 0 6.84072e-05
2.48176e+07 0 1 0 6.84072e-05
2.48176e+07 0 1 0 6.84072e-05
2.48176e+07 0 1 0 6.84072e-05
5.379e+07 0.538891 0.896136 0 3.15616e-05
5.379e+07 0.538891 0.896136 0 3.15616e-05
2.48176e+07 0 1 0 6.84072e-05
5.379e+07 0.538891 0.896136 0 3.15616e-05
5.379e+07 0.538891 0.896136 0 3.15616e-05
8.28955e+07 0.779146 0.794256 0.167516 2.048e-05
3.18065e+07 0.220854 0.724197 0 5.33759e-05
2.48176e+07 0 1 0 6.84072e-05
2.48176e+07 0 1 0 6.84072e-05
5.379e+07 0.538891 0.896136 0 3.15616e-05
2.48176e+07 0 1 0 6.84072e-05
5.58277e+07 0.555731 0.899382 0.0519318 3.04096e-05
4.49603e+07 0.759745 0.620333 0 3.776e-05
3.44301e+07 0.280731 0.643414 0 4.93086e-05
3.18065e+07 0.220854 0.724197 0 5.33759e-05
2.55454e+07 0.0288157 0.888924 0 6.64582e-05
2.86638e+07 0.134723 0.855565 0 5.92281e-05
5.379e+07 0.538891 0.896136 0 3.15616e-05
4.49603e+07 0.759745 0.620333 0 3.776e-05
2.48176e+07 0 1 0 6.84072e-05
2.48176e+07 0 1 0 6.84072e-05
2.48176e+07 0 1 0 6.84072e-05
2.48176e+07 0 1 0 6.84072e-05
2.48176e+07 0 1 0 6.84072e-05
5.379e+07 0.538891 0.896136 0 3.15616e-05
2.48176e+07 0 1 0 6.84072e-05
2.48176e+07 0 1 0 6.84072e-05
2.48176e+07 0 1 0 6.84072e-05
5.379e+07 0.538891 0.896136 0 3.15616e-05
2.48176e+07 0 1 0 6.84072e-05
5.58277e+07 0.555731 0.899382 0.0519318 3.04096e-05
5.379e+07 0.538891 0.896136 0 3.15616e-05
5.379e+07 0.538891 0.896136 0 3.15616e-05
2.48176e+07 0 1 0 6.84072e-05
2.48176e+07 0 1 0 6.84072e-05
2.48176e+07 0 1 0 6.84072e-05
2.48176e+07 0 1 0 6.84072e-05
2.48176e+07 0 1 0 6.84072e-05
2.48176e+07 0 1 0 6.84072e-05
5.379e+07 0.538891 0.896136 0 3.15616e-05
5.379e+07 0.538891 0.896136 0 3.15616e-05
5.379e+07 0.538891 0.896136 0 3.15616e-05
2.48176e+07 0 1 0 6.84072e-05
5.379e+07 0.538891 0.896136 0 3.15616e-05
2.48176e+07 0 1 0 6.84072e-05
