2.68377e+07 0.756424 0.457106 0.233563 4.60826e-05
1.72587e+07 0.620728 0.543797 0.160231 7.16595e-05
8.34666e+06 0.214994 0.66948 0.0403052 0.000148173
1.88406e+07 0.652701 0.483817 0.0316684 6.56429e-05
8.45624e+06 0.225172 0.66257 0.0679431 0.000146253
2.18741e+07 0.700874 0.567007 0.183769 5.65395e-05
1.45343e+07 0.549487 0.558997 0.143648 8.50918e-05
2.45921e+07 0.734119 0.461706 0.075889 5.02906e-05
1.31867e+07 0.503435 0.559936 0 9.37875e-05
2.32184e+07 0.718429 0.380825 0.11601 5.32659e-05
1.54896e+07 0.577305 0.559274 0.192106 7.98438e-05
1.88406e+07 0.652701 0.483817 0.0316684 6.56429e-05
1.24436e+07 0.473582 0.668898 0.0316684 9.93888e-05
1.34623e+07 0.513612 0.566845 0.0345473 9.18675e-05
1.34107e+07 0.511577 0.662265 0.107765 9.22208e-05
1.94614e+07 0.663557 0.682902 0.149037 6.35488e-05
1.45343e+07 0.549487 0.558997 0.143648 8.50918e-05
4.02588e+07 0.842677 0.622006 0.21113 3.072e-05
1.88406e+07 0.652701 0.483817 0.0316684 6.56429e-05
2.11557e+07 0.690696 0.560097 0.149221 5.84595e-05
4.02588e+07 0.842677 0.622006 0.21113 3.072e-05
3.3452e+07 0.804682 0.46318 0.0523047 3.69709e-05
1.94614e+07 0.663557 0.682902 0.149037 6.35488e-05
1.0275e+07 0.36231 0.738385 0.0760963 0.000120365
1.42136e+07 0.53931 0.565907 0.11601 8.70118e-05
9.84448e+06 0.334492 0.682832 0 0.000125629
1.54896e+07 0.577305 0.559274 0.192106 7.98438e-05
1.07383e+07 0.390043 0.561416 0.0440363 0.000115172
9.91646e+06 0.339242 0.722355 0.0412726 0.000124717
2.11557e+07 0.690696 0.560097 0.149221 5.84595e-05
1.34107e+07 0.511577 0.662265 0.107765 9.22208e-05
3.3452e+07 0.804682 0.46318 0.0523047 3.69709e-05
1.31867e+07 0.503435 0.559936 0 9.37875e-05
2.11557e+07 0.690696 0.560097 0.149221 5.84595e-05
8.06284e+06 0.187261 0.701718 0 0.000153389
1.24436e+07 0.473582 0.668898 0.0316684 9.93888e-05
3.3452e+07 0.804682 0.46318 0.0523047 3.69709e-05
1.24436e+07 0.473582 0.668898 0.0316684 9.93888e-05
1.24436e+07 0.473582 0.668898 0.0316684 9.93888e-05
1.94083e+07 0.662878 0.490726 0.0662157 6.37229e-05
1.31867e+07 0.503435 0.559936 0 9.37875e-05
1.94083e+07 0.662878 0.490726 0.0662157 6.37229e-05
1.54896e+07 0.577305 0.559274 0.192106 7.98438e-05
1.54896e+07 0.577305 0.559274 0.192106 7.98438e-05
2.71484e+07 0.759138 0.514524 0.223498 4.55552e-05
4.02588e+07 0.842677 0.622006 0.21113 3.072e-05
1.24436e+07 0.473582 0.668898 0.0316684 9.93888e-05
1.24436e+07 0.473582 0.668898 0.0316684 9.93888e-05
1.34107e+07 0.511577 0.662265 0.107765 9.22208e-05
2.68377e+07 0.756424 0.457106 0.233563 4.60826e-05
1.94083e+07 0.662878 0.490726 0.0662157 6.37229e-05
1.42136e+07 0.53931 0.565907 0.11601 8.70118e-05
6.55558e+06 0 1 0 0.000188656
7.70446e+06 0.149266 0.860544 0 0.000160524
2.13539e+07 0.69341 0.698125 0.179462 5.79168e-05
1.45343e+07 0.549487 0.558997 0.143648 8.50918e-05
1.94083e+07 0.662878 0.490726 0.0662157 6.37229e-05
3.52844e+07 0.814859 0.47009 0.086852 3.50509e-05
9.69746e+06 0.324315 0.745018 0 0.000127533
6.55558e+06 0 1 0 0.000188656
7.70446e+06 0.149266 0.860544 0 0.000160524
1.03479e+07 0.366975 0.607571 0.0403052 0.000119517
1.24436e+07 0.473582 0.668898 0.0316684 9.93888e-05
1.42136e+07 0.53931 0.565907 0.11601 8.70118e-05
2.11935e+07 0.69129 0.503998 0.11601 5.83552e-05
1.07383e+07 0.390043 0.561416 0.0440363 0.000115172
1.72587e+07 0.620728 0.543797 0.160231 7.16595e-05
2.40938e+07 0.728607 0.443011 0.178195 5.13306e-05
2.68377e+07 0.756424 0.457106 0.233563 4.60826e-05
2.40938e+07 0.728607 0.443011 0.178195 5.13306e-05
1.34107e+07 0.511577 0.662265 0.107765 9.22208e-05
2.32184e+07 0.718429 0.380825 0.11601 5.32659e-05
2.68377e+07 0.756424 0.457106 0.233563 4.60826e-05
2.87597e+07 0.772708 0.481888 0.160231 4.30029e-05
1.45343e+07 0.549487 0.558997 0.143648 8.50918e-05
1.24436e+07 0.473582 0.668898 0.0316684 9.93888e-05
2.18741e+07 0.700874 0.567007 0.183769 5.65395e-05
1.42136e+07 0.53931 0.565907 0.11601 8.70118e-05
1.34623e+07 0.513612 0.566845 0.0345473 9.18675e-05
1.47168e+07 0.555 0.646788 0.075889 8.40365e-05
3.3452e+07 0.804682 0.46318 0.0523047 3.69709e-05
1.88406e+07 0.652701 0.483817 0.0316684 6.56429e-05
2.74492e+07 0.87041 0.360189 0.136646 4.5056e-05
1.54896e+07 0.577305 0.559274 0.192106 7.98438e-05
8.34666e+06 0.214994 0.66948 0.0403052 0.000148173
2.86901e+07 0.772114 0.537987 0.193442 4.31072e-05
1.09941e+07 0.404291 0.546583 0.10249 0.000112492
1.42136e+07 0.53931 0.565907 0.11601 8.70118e-05
9.69746e+06 0.324315 0.745018 0 0.000127533
1.34623e+07 0.513612 0.566845 0.0345473 9.18675e-05
1.42136e+07 0.53931 0.565907 0.11601 8.70118e-05
1.54896e+07 0.577305 0.559274 0.192106 7.98438e-05
