1.68175e+07 0.607798 0.581344 0.0925612 6.9721e-05
2.07891e+07 0.682781 0.624381 0.0925612 5.64013e-05
1.00162e+07 0.341138 0.583664 0.0366931 0.000117063
3.51478e+07 0.937292 0.49205 0.0785942 3.336e-05
1.00598e+07 0.343914 0.627743 0.0366931 0.000116556
1.64237e+07 0.598425 0.560749 0.0757534 7.13926e-05
2.12718e+07 0.689991 0.607858 0.138013 5.51213e-05
1.63637e+07 0.597037 0.500454 0.0757534 7.16544e-05
1.19995e+07 0.4499 0.765164 0.045452 9.77146e-05
3.00641e+07 0.780836 0.581344 0.138013 3.9001e-05
1.36202e+07 0.515564 0.632785 0.135172 8.60877e-05
2.7283e+07 0.758485 0.552226 0.0785942 4.29766e-05
3.95364e+07 0.833469 0.595264 0.0785942 2.9657e-05
1.22893e+07 0.462878 0.773687 0.0880633 9.54106e-05
1.94202e+07 0.66043 0.595264 0.0331421 6.0377e-05
1.91011e+07 0.654662 0.65544 0.0785942 6.13856e-05
2.12718e+07 0.689991 0.607858 0.138013 5.51213e-05
1.59102e+07 0.585447 0.552226 0.0331421 7.36966e-05
2.86441e+07 0.770075 0.500454 0.121205 4.09344e-05
2.7283e+07 0.758485 0.552226 0.0785942 4.29766e-05
1.59102e+07 0.585447 0.552226 0.0331421 7.36966e-05
2.7283e+07 0.758485 0.552226 0.0785942 4.29766e-05
1.27303e+07 0.481624 0.65544 0.0331421 9.21056e-05
1.00973e+07 0.346077 0.868378 0.045452 0.000116124
2.04238e+07 0.677013 0.684558 0.138013 5.74099e-05
1.03894e+07 0.364642 0.759862 0.0909041 0.000112858
1.33046e+07 0.503974 0.684558 0.0925612 8.81299e-05
1.04538e+07 0.368428 0.82411 0.0681781 0.000112163
1.28741e+07 0.487392 0.660601 0 9.10768e-05
2.7283e+07 0.758485 0.552226 0.0785942 4.29766e-05
1.27303e+07 0.481624 0.65544 0.0331421 9.21056e-05
1.59102e+07 0.585447 0.552226 0.0331421 7.36966e-05
1.19995e+07 0.4499 0.765164 0.045452 9.77146e-05
2.7283e+07 0.758485 0.552226 0.0785942 4.29766e-05
9.54779e+06 0.308585 0.720778 0 0.000122806
3.95364e+07 0.833469 0.595264 0.0785942 2.9657e-05
1.63637e+07 0.597037 0.500454 0.0757534 7.16544e-05
1.97584e+07 0.666252 0.603668 0.121205 5.93434e-05
1.97584e+07 0.666252 0.603668 0.121205 5.93434e-05
2.88285e+07 0.771463 0.560749 0.121205 4.06726e-05
1.21207e+07 0.455488 0.733348 0.0909041 9.67379e-05
1.69111e+07 0.610015 0.577154 0.152454 6.9335e-05
1.36202e+07 0.515564 0.632785 0.135172 8.60877e-05
2.07891e+07 0.682781 0.624381 0.0925612 5.64013e-05
9.41986e+06 0.299212 0.720896 0.022726 0.000124474
1.59102e+07 0.585447 0.552226 0.0331421 7.36966e-05
1.27303e+07 0.481624 0.65544 0.0331421 9.21056e-05
1.91011e+07 0.654662 0.65544 0.0785942 6.13856e-05
1.91011e+07 0.654662 0.65544 0.0785942 6.13856e-05
1.68175e+07 0.607798 0.581344 0.0925612 6.9721e-05
2.88285e+07 0.771463 0.560749 0.121205 4.06726e-05
4.5657e+07 0.855819 0.624381 0.138013 2.56813e-05
7.98573e+06 0.173038 0.909096 0 0.000146828
9.85598e+06 0.330377 0.601821 0.0694091 0.000118966
9.1294e+06 0.276862 0.765164 0 0.000128435
1.39947e+07 0.528542 0.624263 0.169262 8.37837e-05
2.88285e+07 0.771463 0.560749 0.121205 4.06726e-05
1.64237e+07 0.598425 0.560749 0.0757534 7.13926e-05
1.00973e+07 0.346077 0.868378 0.045452 0.000116124
1.02757e+07 0.357433 0.86407 0.0689356 0.000114108
9.54779e+06 0.308585 0.720778 0 0.000122806
9.86599e+06 0.330936 0.704443 0.0366931 0.000118846
1.27303e+07 0.481624 0.65544 0.0331421 9.21056e-05
1.33046e+07 0.503974 0.684558 0.0925612 8.81299e-05
2.04238e+07 0.677013 0.684558 0.138013 5.74099e-05
1.04538e+07 0.368428 0.82411 0.0681781 0.000112163
1.33046e+07 0.503974 0.684558 0.0925612 8.81299e-05
1.73922e+07 0.620775 0.589866 0.135172 6.7417e-05
1.68175e+07 0.607798 0.581344 0.0925612 6.9721e-05
1.73922e+07 0.620775 0.589866 0.135172 6.7417e-05
1.30189e+07 0.493214 0.603668 0.0757534 9.00634e-05
3.00641e+07 0.780836 0.581344 0.138013 3.9001e-05
1.68175e+07 0.607798 0.581344 0.0925612 6.9721e-05
1.33046e+07 0.503974 0.684558 0.0925612 8.81299e-05
2.16683e+07 0.695759 0.547681 0.0925612 5.41126e-05
1.91011e+07 0.654662 0.65544 0.0785942 6.13856e-05
1.64237e+07 0.598425 0.560749 0.0757534 7.13926e-05
2.04238e+07 0.677013 0.684558 0.138013 5.74099e-05
1.22893e+07 0.462878 0.773687 0.0880633 9.54106e-05
3.95364e+07 0.833469 0.595264 0.0785942 2.9657e-05
2.79387e+07 0.764253 0.49205 0.0331421 4.1968e-05
1.59102e+07 0.585447 0.552226 0.0331421 7.36966e-05
1.68175e+07 0.607798 0.581344 0.0925612 6.9721e-05
1.33046e+07 0.503974 0.684558 0.0925612 8.81299e-05
1.34594e+07 0.509742 0.644267 0.0366931 8.7116e-05
1.59102e+07 0.585447 0.552226 0.0331421 7.36966e-05
1.73882e+07 0.620775 0.518848 0.0793043 6.74323e-05
2.11772e+07 0.688603 0.632785 0.180625 5.53677e-05
1.03442e+07 0.361867 0.76275 0.114388 0.000113351
9.29616e+06 0.289839 0.773687 0.0426113 0.000126131
2.04238e+07 0.677013 0.684558 0.138013 5.74099e-05
1.33046e+07 0.503974 0.684558 0.0925612 8.81299e-05
