3.32266e+07 0.767219 0.481568 0.122386 3.04235e-05
2.19357e+07 0.646989 0.540511 0.0930212 4.60833e-05
1.33078e+07 0.41753 0.627347 0.0515388 7.59609e-05
2.92037e+07 0.735 0.502435 0.070847 3.46145e-05
1.36011e+07 0.430103 0.619302 0.0837191 7.43225e-05
3.06408e+07 0.747573 0.430029 0.070847 3.2991e-05
2.27444e+07 0.659562 0.532466 0.125202 4.44449e-05
2.92037e+07 0.735 0.502435 0.070847 3.46145e-05
1.19235e+07 0.349688 0.771256 0.0293645 8.47797e-05
3.32266e+07 0.767219 0.481568 0.122386 3.04235e-05
2.19357e+07 0.646989 0.540511 0.0930212 4.60833e-05
2.92037e+07 0.735 0.502435 0.070847 3.46145e-05
2.01071e+07 0.61477 0.561378 0.0414824 5.02742e-05
1.21563e+07 0.362261 0.69885 0.0293645 8.31563e-05
2.01071e+07 0.61477 0.561378 0.0414824 5.02742e-05
2.01071e+07 0.61477 0.561378 0.0414824 5.02742e-05
2.27444e+07 0.659562 0.532466 0.125202 4.44449e-05
2.92037e+07 0.735 0.502435 0.070847 3.46145e-05
2.92037e+07 0.735 0.502435 0.070847 3.46145e-05
2.92037e+07 0.735 0.502435 0.070847 3.46145e-05
2.92037e+07 0.735 0.502435 0.070847 3.46145e-05
2.92037e+07 0.735 0.502435 0.070847 3.46145e-05
2.01071e+07 0.61477 0.561378 0.0414824 5.02742e-05
1.00645e+07 0.229458 0.830199 0 0.000100439
2.19357e+07 0.646989 0.540511 0.0930212 4.60833e-05
1.02298e+07 0.242031 0.757793 0 9.8816e-05
2.19357e+07 0.646989 0.540511 0.0930212 4.60833e-05
1.05011e+07 0.261677 0.706254 0 9.62635e-05
1.26118e+07 0.385312 0.648214 0 8.01527e-05
2.92037e+07 0.735 0.502435 0.070847 3.46145e-05
2.76673e+07 0.720249 0.527534 0.163763 3.65366e-05
2.92037e+07 0.735 0.502435 0.070847 3.46145e-05
1.19235e+07 0.349688 0.771256 0.0293645 8.47797e-05
2.92037e+07 0.735 0.502435 0.070847 3.46145e-05
1.27393e+07 0.391516 0.641862 0.050818 7.93507e-05
2.01071e+07 0.61477 0.561378 0.0414824 5.02742e-05
2.92037e+07 0.735 0.502435 0.070847 3.46145e-05
2.01071e+07 0.61477 0.561378 0.0414824 5.02742e-05
2.01071e+07 0.61477 0.561378 0.0414824 5.02742e-05
3.06408e+07 0.747573 0.430029 0.070847 3.2991e-05
1.19235e+07 0.349688 0.771256 0.0293645 8.47797e-05
3.06408e+07 0.747573 0.430029 0.070847 3.2991e-05
2.19357e+07 0.646989 0.540511 0.0930212 4.60833e-05
2.19357e+07 0.646989 0.540511 0.0930212 4.60833e-05
1.25412e+07 0.381907 0.647311 0.0293645 8.06037e-05
2.92037e+07 0.735 0.502435 0.070847 3.46145e-05
4.68619e+07 0.834979 0.644992 0.281222 2.15713e-05
2.01071e+07 0.61477 0.561378 0.0414824 5.02742e-05
2.01071e+07 0.61477 0.561378 0.0414824 5.02742e-05
3.32266e+07 0.767219 0.481568 0.122386 3.04235e-05
3.06408e+07 0.747573 0.430029 0.070847 3.2991e-05
2.19357e+07 0.646989 0.540511 0.0930212 4.60833e-05
7.7574e+06 0 1 0 0.00013031
1.26118e+07 0.385312 0.648214 0 8.01527e-05
1.19235e+07 0.349688 0.771256 0.0293645 8.47797e-05
2.27444e+07 0.659562 0.532466 0.125202 4.44449e-05
3.06408e+07 0.747573 0.430029 0.070847 3.2991e-05
3.06408e+07 0.747573 0.430029 0.070847 3.2991e-05
1.00645e+07 0.229458 0.830199 0 0.000100439
7.7574e+06 0 1 0 0.00013031
1.50341e+07 0.484586 0.5572 0.0397018 6.72385e-05
1.34498e+07 0.423735 0.620995 0.102357 7.51589e-05
2.01071e+07 0.61477 0.561378 0.0414824 5.02742e-05
2.23238e+07 0.653193 0.534158 0.143839 4.52822e-05
2.19357e+07 0.646989 0.540511 0.0930212 4.60833e-05
1.05011e+07 0.261677 0.706254 0 9.62635e-05
2.19357e+07 0.646989 0.540511 0.0930212 4.60833e-05
3.30493e+07 0.779792 0.473523 0.154566 3.05867e-05
3.32266e+07 0.767219 0.481568 0.122386 3.04235e-05
3.30493e+07 0.779792 0.473523 0.154566 3.05867e-05
2.01071e+07 0.61477 0.561378 0.0414824 5.02742e-05
3.32266e+07 0.767219 0.481568 0.122386 3.04235e-05
3.32266e+07 0.767219 0.481568 0.122386 3.04235e-05
2.19357e+07 0.646989 0.540511 0.0930212 4.60833e-05
2.27444e+07 0.659562 0.532466 0.125202 4.44449e-05
2.01071e+07 0.61477 0.561378 0.0414824 5.02742e-05
3.06408e+07 0.747573 0.430029 0.070847 3.2991e-05
2.19357e+07 0.646989 0.540511 0.0930212 4.60833e-05
1.21563e+07 0.362261 0.69885 0.0293645 8.31563e-05
2.01071e+07 0.61477 0.561378 0.0414824 5.02742e-05
2.92037e+07 0.735 0.502435 0.070847 3.46145e-05
2.92037e+07 0.735 0.502435 0.070847 3.46145e-05
3.32266e+07 0.767219 0.481568 0.122386 3.04235e-05
2.23238e+07 0.653193 0.534158 0.143839 4.52822e-05
1.34498e+07 0.423735 0.620995 0.102357 7.51589e-05
2.92037e+07 0.735 0.502435 0.070847 3.46145e-05
1.72283e+07 0.550333 0.50163 0.0837191 5.8675e-05
2.19357e+07 0.646989 0.540511 0.0930212 4.60833e-05
1.00645e+07 0.229458 0.830199 0 0.000100439
1.21563e+07 0.362261 0.69885 0.0293645 8.31563e-05
2.19357e+07 0.646989 0.540511 0.0930212 4.60833e-05
2.19357e+07 0.646989 0.540511 0.0930212 4.60833e-05
