2.1133e+07 0.517725 0.70155 0.0907776 5.6278e-05
1.8883e+07 0.460078 0.764617 0.0482194 6.29838e-05
1.41542e+07 0.280071 0.61037 0 8.4026e-05
2.56983e+07 0.603437 0.748095 0.0269403 4.62801e-05
1.51596e+07 0.327399 0.747802 0.0291577 7.84534e-05
1.98086e+07 0.485387 0.748319 0.0694985 6.00405e-05
2.79724e+07 0.635775 0.701326 0.0482194 4.25176e-05
1.78185e+07 0.42774 0.811386 0.0269403 6.67463e-05
1.75046e+07 0.417473 0.816264 0.0316454 6.79431e-05
2.79724e+07 0.635775 0.701326 0.0482194 4.25176e-05
2.1133e+07 0.517725 0.70155 0.0907776 5.6278e-05
3.76319e+07 0.72972 0.625284 0.0269403 3.1604e-05
2.60587e+07 0.608928 0.750073 0.0585858 4.56401e-05
1.73413e+07 0.411982 0.814286 0 6.85831e-05
2.03971e+07 0.500308 0.704916 0.101946 5.83082e-05
3.00529e+07 0.661085 0.685029 0.0694985 3.95743e-05
2.79724e+07 0.635775 0.701326 0.0482194 4.25176e-05
1.98086e+07 0.485387 0.748319 0.0694985 6.00405e-05
2.56983e+07 0.603437 0.748095 0.0269403 4.62801e-05
3.00529e+07 0.661085 0.685029 0.0694985 3.95743e-05
1.98086e+07 0.485387 0.748319 0.0694985 6.00405e-05
2.56983e+07 0.603437 0.748095 0.0269403 4.62801e-05
1.98086e+07 0.485387 0.748319 0.0694985 6.00405e-05
1.92206e+07 0.46963 0.75122 0.0425581 6.18773e-05
2.83999e+07 0.641266 0.703304 0.0798648 4.18776e-05
1.73413e+07 0.411982 0.814286 0 6.85831e-05
2.69028e+07 0.621331 0.658752 0.119935 4.42081e-05
2.40255e+07 0.576093 0.646683 0.0529245 4.95024e-05
1.35794e+07 0.249102 0.731745 0 8.75829e-05
3.00529e+07 0.661085 0.685029 0.0694985 3.95743e-05
1.98086e+07 0.485387 0.748319 0.0694985 6.00405e-05
1.78185e+07 0.42774 0.811386 0.0269403 6.67463e-05
2.51071e+07 0.594543 0.622498 0.0556267 4.73698e-05
3.00529e+07 0.661085 0.685029 0.0694985 3.95743e-05
1.38534e+07 0.264023 0.688342 0.0324471 8.58506e-05
2.66894e+07 0.618358 0.639798 0.0269403 4.45615e-05
1.78185e+07 0.42774 0.811386 0.0269403 6.67463e-05
2.60587e+07 0.608928 0.750073 0.0585858 4.56401e-05
2.56983e+07 0.603437 0.748095 0.0269403 4.62801e-05
2.56983e+07 0.603437 0.748095 0.0269403 4.62801e-05
2.20642e+07 0.538265 0.691475 0 5.39028e-05
1.78185e+07 0.42774 0.811386 0.0269403 6.67463e-05
2.1133e+07 0.517725 0.70155 0.0907776 5.6278e-05
2.1133e+07 0.517725 0.70155 0.0907776 5.6278e-05
1.5135e+07 0.32627 0.767741 0.0638372 7.8581e-05
1.98086e+07 0.485387 0.748319 0.0694985 6.00405e-05
1.78185e+07 0.42774 0.811386 0.0269403 6.67463e-05
3.47651e+07 0.707044 0.705296 0.056098 3.42102e-05
4.32412e+07 0.764691 0.64223 0.0986562 2.75043e-05
2.1133e+07 0.517725 0.70155 0.0907776 5.6278e-05
2.56983e+07 0.603437 0.748095 0.0269403 4.62801e-05
2.79724e+07 0.635775 0.701326 0.0482194 4.25176e-05
1.26878e+07 0.196108 0.83039 0.0316454 9.37376e-05
1.35507e+07 0.247733 0.699698 0 8.77684e-05
1.75771e+07 0.420215 0.691699 0.0425581 6.76632e-05
1.8883e+07 0.460078 0.764617 0.0482194 6.29838e-05
2.56983e+07 0.603437 0.748095 0.0269403 4.62801e-05
1.78185e+07 0.42774 0.811386 0.0269403 6.67463e-05
2.23293e+07 0.543755 0.693453 0.0316454 5.32628e-05
1.32756e+07 0.231975 0.756479 0 8.95872e-05
1.35507e+07 0.247733 0.699698 0 8.77684e-05
1.41542e+07 0.280071 0.61037 0 8.4026e-05
2.24637e+07 0.546267 0.740912 0.0964088 5.29441e-05
1.8883e+07 0.460078 0.764617 0.0482194 6.29838e-05
2.79724e+07 0.635775 0.701326 0.0482194 4.25176e-05
2.72721e+07 0.62688 0.575729 0.0769058 4.36094e-05
1.8883e+07 0.460078 0.764617 0.0482194 6.29838e-05
1.8883e+07 0.460078 0.764617 0.0482194 6.29838e-05
2.1133e+07 0.517725 0.70155 0.0907776 5.6278e-05
1.8883e+07 0.460078 0.764617 0.0482194 6.29838e-05
2.47927e+07 0.588994 0.705521 0.0986562 4.79706e-05
2.79724e+07 0.635775 0.701326 0.0482194 4.25176e-05
2.1133e+07 0.517725 0.70155 0.0907776 5.6278e-05
1.8883e+07 0.460078 0.764617 0.0482194 6.29838e-05
1.8883e+07 0.460078 0.764617 0.0482194 6.29838e-05
3.47651e+07 0.707044 0.705296 0.056098 3.42102e-05
1.98086e+07 0.485387 0.748319 0.0694985 6.00405e-05
2.83999e+07 0.641266 0.703304 0.0798648 4.18776e-05
2.20642e+07 0.538265 0.691475 0 5.39028e-05
2.56983e+07 0.603437 0.748095 0.0269403 4.62801e-05
1.78185e+07 0.42774 0.811386 0.0269403 6.67463e-05
2.1752e+07 0.531347 0.768587 0.056098 5.46764e-05
1.8883e+07 0.460078 0.764617 0.0482194 6.29838e-05
2.1133e+07 0.517725 0.70155 0.0907776 5.6278e-05
1.31389e+07 0.223793 0.790601 0 9.05192e-05
1.98086e+07 0.485387 0.748319 0.0694985 6.00405e-05
1.69779e+07 0.39949 0.72731 0 7.0051e-05
2.79724e+07 0.635775 0.701326 0.0482194 4.25176e-05
1.73413e+07 0.411982 0.814286 0 6.85831e-05
1.33557e+07 0.236285 0.877577 0 8.90493e-05
2.79724e+07 0.635775 0.701326 0.0482194 4.25176e-05
2.85867e+07 0.644007 0.578739 0.0907776 4.1604e-05
