1.7416e+07 0.570035 0.491442 0.145334 6.89345e-05
1.58746e+07 0.528142 0.561506 0.0982363 7.56279e-05
1.16483e+07 0.356732 0.590547 0.0450323 0.000103068
1.43649e+07 0.478414 0.631702 0.0296554 8.35758e-05
3.34421e+07 0.776303 0.538045 0.191991 3.58997e-05
1.59527e+07 0.53054 0.498373 0.0767526 7.52577e-05
1.62261e+07 0.538375 0.554477 0.126354 7.39895e-05
1.43649e+07 0.478414 0.631702 0.0296554 8.35758e-05
9.04808e+06 0.17141 0.864552 0 0.000132687
1.58746e+07 0.528142 0.561506 0.0982363 7.56279e-05
1.7416e+07 0.570035 0.491442 0.145334 6.89345e-05
1.43649e+07 0.478414 0.631702 0.0296554 8.35758e-05
1.43649e+07 0.478414 0.631702 0.0296554 8.35758e-05
9.16025e+06 0.181644 0.801287 0 0.000131062
1.59625e+07 0.5307 0.591019 0.148969 7.52115e-05
1.56156e+07 0.520307 0.561638 0.0767526 7.68823e-05
1.62261e+07 0.538375 0.554477 0.126354 7.39895e-05
1.56156e+07 0.520307 0.561638 0.0767526 7.68823e-05
1.43649e+07 0.478414 0.631702 0.0296554 8.35758e-05
1.56156e+07 0.520307 0.561638 0.0767526 7.68823e-05
1.56156e+07 0.520307 0.561638 0.0767526 7.68823e-05
1.43649e+07 0.478414 0.631702 0.0296554 8.35758e-05
1.56156e+07 0.520307 0.561638 0.0767526 7.68823e-05
9.52877e+06 0.213303 0.794488 0.0470972 0.000125993
1.58746e+07 0.528142 0.561506 0.0982363 7.56279e-05
9.16025e+06 0.181644 0.801287 0 0.000131062
2.10392e+07 0.644228 0.444653 0.177186 5.70629e-05
9.62354e+06 0.221138 0.704292 0.0235486 0.000124752
1.15078e+07 0.348897 0.543581 0 0.000104326
1.56156e+07 0.520307 0.561638 0.0767526 7.68823e-05
1.56156e+07 0.520307 0.561638 0.0767526 7.68823e-05
4.01097e+07 0.813559 0.54603 0.07315 2.99319e-05
9.04808e+06 0.17141 0.864552 0 0.000132687
1.56156e+07 0.520307 0.561638 0.0767526 7.68823e-05
1.16951e+07 0.35929 0.572962 0.0722164 0.000102655
1.46555e+07 0.488807 0.589141 0.0659009 8.19187e-05
1.43649e+07 0.478414 0.631702 0.0296554 8.35758e-05
1.43649e+07 0.478414 0.631702 0.0296554 8.35758e-05
1.43649e+07 0.478414 0.631702 0.0296554 8.35758e-05
1.46497e+07 0.488647 0.568437 0.0296554 8.19511e-05
9.04808e+06 0.17141 0.864552 0 0.000132687
1.46497e+07 0.488647 0.568437 0.0296554 8.19511e-05
1.7416e+07 0.570035 0.491442 0.145334 6.89345e-05
1.7416e+07 0.570035 0.491442 0.145334 6.89345e-05
1.01692e+07 0.263032 0.634228 0.0706458 0.000118059
1.56156e+07 0.520307 0.561638 0.0767526 7.68823e-05
1.43649e+07 0.478414 0.631702 0.0296554 8.35758e-05
5.13938e+07 0.887752 0.58623 0.148497 2.336e-05
1.84671e+07 0.5945 0.514848 0.108605 6.50108e-05
1.7416e+07 0.570035 0.491442 0.145334 6.89345e-05
1.46497e+07 0.488647 0.568437 0.0296554 8.19511e-05
1.58746e+07 0.528142 0.561506 0.0982363 7.56279e-05
7.57656e+06 0.0103933 0.884948 0 0.000158457
1.08156e+07 0.307004 0.707839 0 0.000111003
9.52877e+06 0.213303 0.794488 0.0470972 0.000125993
1.62261e+07 0.538375 0.554477 0.126354 7.39895e-05
1.46497e+07 0.488647 0.568437 0.0296554 8.19511e-05
1.46497e+07 0.488647 0.568437 0.0296554 8.19511e-05
9.04808e+06 0.17141 0.864552 0 0.000132687
7.4987e+06 0 1 0 0.000160102
1.08156e+07 0.307004 0.707839 0 0.000111003
1.16483e+07 0.356732 0.590547 0.0450323 0.000103068
5.13938e+07 0.898145 0.62934 0.227578 2.336e-05
1.58746e+07 0.528142 0.561506 0.0982363 7.56279e-05
1.58746e+07 0.528142 0.561506 0.0982363 7.56279e-05
9.62354e+06 0.221138 0.704292 0.0235486 0.000124752
1.58746e+07 0.528142 0.561506 0.0982363 7.56279e-05
1.62261e+07 0.538375 0.554477 0.126354 7.39895e-05
1.7416e+07 0.570035 0.491442 0.145334 6.89345e-05
1.62261e+07 0.538375 0.554477 0.126354 7.39895e-05
1.84671e+07 0.5945 0.514848 0.108605 6.50108e-05
1.58746e+07 0.528142 0.561506 0.0982363 7.56279e-05
1.7416e+07 0.570035 0.491442 0.145334 6.89345e-05
1.58746e+07 0.528142 0.561506 0.0982363 7.56279e-05
1.62261e+07 0.538375 0.554477 0.126354 7.39895e-05
5.13938e+07 0.887752 0.58623 0.148497 2.336e-05
1.59527e+07 0.53054 0.498373 0.0767526 7.52577e-05
1.58746e+07 0.528142 0.561506 0.0982363 7.56279e-05
9.16025e+06 0.181644 0.801287 0 0.000131062
1.43649e+07 0.478414 0.631702 0.0296554 8.35758e-05
1.43649e+07 0.478414 0.631702 0.0296554 8.35758e-05
5.13938e+07 0.887752 0.58623 0.148497 2.336e-05
1.58746e+07 0.528142 0.561506 0.0982363 7.56279e-05
1.7416e+07 0.570035 0.491442 0.145334 6.89345e-05
1.16483e+07 0.356732 0.590547 0.0450323 0.000103068
1.56156e+07 0.520307 0.561638 0.0767526 7.68823e-05
1.18364e+07 0.366965 0.583517 0.07315 0.000101429
1.58746e+07 0.528142 0.561506 0.0982363 7.56279e-05
9.04808e+06 0.17141 0.864552 0 0.000132687
9.16025e+06 0.181644 0.801287 0 0.000131062
4.03414e+07 0.863287 0.475835 0.141731 2.976e-05
1.7416e+07 0.570035 0.491442 0.145334 6.89345e-05
