1.49215e+07 0.268026 0.881149 0 8.49756e-05
1.49215e+07 0.268026 0.881149 0 8.49756e-05
1.26885e+07 0.139791 0.649862 0 9.993e-05
3.79547e+07 0.71253 0.82714 0.0410131 3.34072e-05
1.09261e+07 0 1 0 0.000116049
1.49215e+07 0.268026 0.881149 0 8.49756e-05
3.79547e+07 0.71253 0.82714 0.0410131 3.34072e-05
1.49215e+07 0.268026 0.881149 0 8.49756e-05
3.9879e+07 0.72642 0.831391 0.109031 3.17952e-05
3.79547e+07 0.71253 0.82714 0.0410131 3.34072e-05
1.49215e+07 0.268026 0.881149 0 8.49756e-05
6.19121e+07 0.839373 0.782994 0.0713404 2.048e-05
3.9879e+07 0.72642 0.831391 0.109031 3.17952e-05
3.79547e+07 0.71253 0.82714 0.0410131 3.34072e-05
1.49215e+07 0.268026 0.881149 0 8.49756e-05
3.79547e+07 0.71253 0.82714 0.0410131 3.34072e-05
3.79547e+07 0.71253 0.82714 0.0410131 3.34072e-05
1.49215e+07 0.268026 0.881149 0 8.49756e-05
3.79547e+07 0.71253 0.82714 0.0410131 3.34072e-05
3.79547e+07 0.71253 0.82714 0.0410131 3.34072e-05
1.49215e+07 0.268026 0.881149 0 8.49756e-05
3.79547e+07 0.71253 0.82714 0.0410131 3.34072e-05
1.5063e+07 0.274971 0.857646 0.0205065 8.41774e-05
3.79547e+07 0.71253 0.82714 0.0410131 3.34072e-05
3.9879e+07 0.72642 0.831391 0.109031 3.17952e-05
3.79547e+07 0.71253 0.82714 0.0410131 3.34072e-05
1.49215e+07 0.268026 0.881149 0 8.49756e-05
6.19121e+07 0.853264 0.787245 0.139358 2.048e-05
1.10011e+07 0.00694537 0.935485 0 0.000115258
3.79547e+07 0.71253 0.82714 0.0410131 3.34072e-05
1.49215e+07 0.268026 0.881149 0 8.49756e-05
1.49215e+07 0.268026 0.881149 0 8.49756e-05
2.79903e+07 0.979164 0.527793 0.118809 4.53e-05
3.79547e+07 0.71253 0.82714 0.0410131 3.34072e-05
1.09261e+07 0 1 0 0.000116049
3.79547e+07 0.71253 0.82714 0.0410131 3.34072e-05
1.49215e+07 0.268026 0.881149 0 8.49756e-05
3.9879e+07 0.72642 0.831391 0.109031 3.17952e-05
3.79547e+07 0.71253 0.82714 0.0410131 3.34072e-05
3.79547e+07 0.71253 0.82714 0.0410131 3.34072e-05
6.19121e+07 0.839373 0.782994 0.0713404 2.048e-05
1.49215e+07 0.268026 0.881149 0 8.49756e-05
1.49215e+07 0.268026 0.881149 0 8.49756e-05
1.49215e+07 0.268026 0.881149 0 8.49756e-05
1.49215e+07 0.268026 0.881149 0 8.49756e-05
1.49215e+07 0.268026 0.881149 0 8.49756e-05
1.49215e+07 0.268026 0.881149 0 8.49756e-05
3.79547e+07 0.71253 0.82714 0.0410131 3.34072e-05
3.79547e+07 0.71253 0.82714 0.0410131 3.34072e-05
1.49215e+07 0.268026 0.881149 0 8.49756e-05
3.79547e+07 0.71253 0.82714 0.0410131 3.34072e-05
3.79547e+07 0.71253 0.82714 0.0410131 3.34072e-05
2.01636e+07 0.458395 0.868216 0.0680175 6.28836e-05
1.26885e+07 0.139791 0.649862 0 9.993e-05
1.80442e+07 0.394869 0.837003 0.0303273 7.02695e-05
1.49215e+07 0.268026 0.881149 0 8.49756e-05
3.79547e+07 0.71253 0.82714 0.0410131 3.34072e-05
1.49215e+07 0.268026 0.881149 0 8.49756e-05
6.19121e+07 0.860209 0.763742 0.159864 2.048e-05
2.62063e+07 0.584294 0.513826 0 4.83838e-05
1.26885e+07 0.139791 0.649862 0 9.993e-05
1.26885e+07 0.139791 0.649862 0 9.993e-05
1.49215e+07 0.268026 0.881149 0 8.49756e-05
1.49215e+07 0.268026 0.881149 0 8.49756e-05
3.79547e+07 0.71253 0.82714 0.0410131 3.34072e-05
2.79903e+07 0.979164 0.527793 0.118809 4.53e-05
1.5063e+07 0.274971 0.857646 0.0205065 8.41774e-05
1.49215e+07 0.268026 0.881149 0 8.49756e-05
1.49215e+07 0.268026 0.881149 0 8.49756e-05
1.49215e+07 0.268026 0.881149 0 8.49756e-05
1.49215e+07 0.268026 0.881149 0 8.49756e-05
3.79547e+07 0.71253 0.82714 0.0410131 3.34072e-05
1.49215e+07 0.268026 0.881149 0 8.49756e-05
1.49215e+07 0.268026 0.881149 0 8.49756e-05
1.49215e+07 0.268026 0.881149 0 8.49756e-05
3.79547e+07 0.71253 0.82714 0.0410131 3.34072e-05
1.49215e+07 0.268026 0.881149 0 8.49756e-05
3.9879e+07 0.72642 0.831391 0.109031 3.17952e-05
6.19121e+07 0.839373 0.782994 0.0713404 2.048e-05
3.79547e+07 0.71253 0.82714 0.0410131 3.34072e-05
1.49215e+07 0.268026 0.881149 0 8.49756e-05
1.49215e+07 0.268026 0.881149 0 8.49756e-05
1.49215e+07 0.268026 0.881149 0 8.49756e-05
1.49215e+07 0.268026 0.881149 0 8.49756e-05
1.09261e+07 0 1 0 0.000116049
1.49215e+07 0.268026 0.881149 0 8.49756e-05
1.96596e+07 0.444504 0.863965 0 6.44956e-05
3.79547e+07 0.71253 0.82714 0.0410131 3.34072e-05
3.79547e+07 0.71253 0.82714 0.0410131 3.34072e-05
1.49215e+07 0.268026 0.881149 0 8.49756e-05
3.79547e+07 0.71253 0.82714 0.0410131 3.34072e-05
1.80442e+07 0.394869 0.837003 0.0303273 7.02695e-05
