2.42177e+07 0.546603 0.609665 0.0449552 4.90551e-05
2.42177e+07 0.546603 0.609665 0.0449552 4.90551e-05
2.64144e+07 0.584518 0.544276 0.0449552 4.49754e-05
2.24993e+07 0.511848 0.6301 0 5.28015e-05
2.42177e+07 0.546603 0.609665 0.0449552 4.90551e-05
2.24993e+07 0.511848 0.6301 0 5.28015e-05
2.42177e+07 0.546603 0.609665 0.0449552 4.90551e-05
2.24993e+07 0.511848 0.6301 0 5.28015e-05
1.09967e+07 0 1 0 0.000108032
2.42177e+07 0.546603 0.609665 0.0449552 4.90551e-05
2.42177e+07 0.546603 0.609665 0.0449552 4.90551e-05
2.24993e+07 0.511848 0.6301 0 5.28015e-05
2.24993e+07 0.511848 0.6301 0 5.28015e-05
1.09967e+07 0 1 0 0.000108032
2.24993e+07 0.511848 0.6301 0 5.28015e-05
4.65677e+07 0.764613 0.551632 0 2.55112e-05
2.42177e+07 0.546603 0.609665 0.0449552 4.90551e-05
4.65677e+07 0.764613 0.551632 0 2.55112e-05
2.24993e+07 0.511848 0.6301 0 5.28015e-05
2.24993e+07 0.511848 0.6301 0 5.28015e-05
4.65677e+07 0.764613 0.551632 0 2.55112e-05
4.65677e+07 0.764613 0.551632 0 2.55112e-05
4.65677e+07 0.764613 0.551632 0 2.55112e-05
1.09967e+07 0 1 0 0.000108032
2.42177e+07 0.546603 0.609665 0.0449552 4.90551e-05
1.09967e+07 0 1 0 0.000108032
2.42177e+07 0.546603 0.609665 0.0449552 4.90551e-05
1.13908e+07 0.0347552 0.889655 0 0.000104295
4.65677e+07 0.764613 0.551632 0 2.55112e-05
2.24993e+07 0.511848 0.6301 0 5.28015e-05
3.18467e+07 0.655608 0.482646 0.136337 3.73037e-05
4.65677e+07 0.764613 0.551632 0 2.55112e-05
1.1429e+07 0.0379147 0.93461 0 0.000103946
2.24993e+07 0.511848 0.6301 0 5.28015e-05
2.33138e+07 0.529226 0.511091 0.062774 5.0957e-05
2.24993e+07 0.511848 0.6301 0 5.28015e-05
4.65677e+07 0.764613 0.551632 0 2.55112e-05
2.24993e+07 0.511848 0.6301 0 5.28015e-05
2.24993e+07 0.511848 0.6301 0 5.28015e-05
2.24993e+07 0.511848 0.6301 0 5.28015e-05
1.09967e+07 0 1 0 0.000108032
2.24993e+07 0.511848 0.6301 0 5.28015e-05
2.42177e+07 0.546603 0.609665 0.0449552 4.90551e-05
2.42177e+07 0.546603 0.609665 0.0449552 4.90551e-05
1.54304e+07 0.28752 0.8635 0.0261558 7.69911e-05
4.65677e+07 0.764613 0.551632 0 2.55112e-05
3.18467e+07 0.655608 0.482646 0.136337 3.73037e-05
2.24993e+07 0.511848 0.6301 0 5.28015e-05
2.24993e+07 0.511848 0.6301 0 5.28015e-05
2.42177e+07 0.546603 0.609665 0.0449552 4.90551e-05
2.24993e+07 0.511848 0.6301 0 5.28015e-05
2.42177e+07 0.546603 0.609665 0.0449552 4.90551e-05
1.09967e+07 0 1 0 0.000108032
2.43833e+07 0.549763 0.56471 0 4.87219e-05
1.47141e+07 0.252765 0.921533 0 8.0739e-05
2.42177e+07 0.546603 0.609665 0.0449552 4.90551e-05
2.24993e+07 0.511848 0.6301 0 5.28015e-05
4.65677e+07 0.764613 0.551632 0 2.55112e-05
1.09967e+07 0 1 0 0.000108032
1.1429e+07 0.0379147 0.93461 0 0.000103946
3.38606e+07 0.676145 0.470876 0.0408686 3.5085e-05
5.33405e+07 0.854661 0.556046 0.212352 2.2272e-05
2.24993e+07 0.511848 0.6301 0 5.28015e-05
2.51639e+07 0.563981 0.490656 0.107729 4.72105e-05
4.97211e+07 0.799368 0.58351 0.071111 2.38933e-05
1.1855e+07 0.0726699 0.824266 0 0.000100211
2.42177e+07 0.546603 0.609665 0.0449552 4.90551e-05
2.42177e+07 0.546603 0.609665 0.0449552 4.90551e-05
2.42177e+07 0.546603 0.609665 0.0449552 4.90551e-05
2.42177e+07 0.546603 0.609665 0.0449552 4.90551e-05
2.24993e+07 0.511848 0.6301 0 5.28015e-05
2.42177e+07 0.546603 0.609665 0.0449552 4.90551e-05
2.42177e+07 0.546603 0.609665 0.0449552 4.90551e-05
4.97211e+07 0.799368 0.58351 0.071111 2.38933e-05
2.42177e+07 0.546603 0.609665 0.0449552 4.90551e-05
2.24993e+07 0.511848 0.6301 0 5.28015e-05
2.24993e+07 0.511848 0.6301 0 5.28015e-05
2.42177e+07 0.546603 0.609665 0.0449552 4.90551e-05
1.09967e+07 0 1 0 0.000108032
2.24993e+07 0.511848 0.6301 0 5.28015e-05
4.65677e+07 0.764613 0.551632 0 2.55112e-05
2.24993e+07 0.511848 0.6301 0 5.28015e-05
4.97211e+07 0.799368 0.58351 0.071111 2.38933e-05
2.51639e+07 0.563981 0.490656 0.107729 4.72105e-05
2.51639e+07 0.563981 0.490656 0.107729 4.72105e-05
2.24993e+07 0.511848 0.6301 0 5.28015e-05
2.42177e+07 0.546603 0.609665 0.0449552 4.90551e-05
2.42177e+07 0.546603 0.609665 0.0449552 4.90551e-05
1.09967e+07 0 1 0 0.000108032
1.09967e+07 0 1 0 0.000108032
2.42177e+07 0.546603 0.609665 0.0449552 4.90551e-05
2.42177e+07 0.546603 0.609665 0.0449552 4.90551e-05
