3.13466e+07 0.680546 0.653813 0.137143 4.26075e-05
3.13466e+07 0.680546 0.653813 0.137143 4.26075e-05
1.90151e+07 0.473263 0.547012 0.0801091 7.02391e-05
5.88427e+07 0.843873 0.640436 0.0807252 2.26978e-05
1.88605e+07 0.468616 0.670383 0.105427 7.08148e-05
2.72052e+07 0.631943 0.58347 0.0333435 4.90935e-05
5.88427e+07 0.916403 0.647483 0.209843 2.26978e-05
2.6358e+07 0.619979 0.640436 0.0333435 5.06715e-05
1.83913e+07 0.454784 0.865993 0.0947633 7.26215e-05
5.88427e+07 0.904439 0.653813 0.184525 2.26978e-05
3.13466e+07 0.680546 0.653813 0.137143 4.26075e-05
5.88427e+07 0.843873 0.640436 0.0807252 2.26978e-05
5.88427e+07 0.85087 0.643398 0.128107 2.26978e-05
2.03517e+07 0.507606 0.708409 0.0790297 6.56258e-05
2.7222e+07 0.632114 0.60241 0.065486 4.90633e-05
5.88427e+07 0.843873 0.640436 0.0807252 2.26978e-05
5.88427e+07 0.916403 0.647483 0.209843 2.26978e-05
2.6358e+07 0.619979 0.640436 0.0333435 5.06715e-05
5.88427e+07 0.843873 0.640436 0.0807252 2.26978e-05
5.88427e+07 0.843873 0.640436 0.0807252 2.26978e-05
2.6358e+07 0.619979 0.640436 0.0333435 5.06715e-05
5.88427e+07 0.843873 0.640436 0.0807252 2.26978e-05
2.6358e+07 0.619979 0.640436 0.0333435 5.06715e-05
1.81583e+07 0.447787 0.863032 0.0473817 7.3553e-05
5.88427e+07 0.911436 0.656774 0.231907 2.26978e-05
1.85564e+07 0.459751 0.806065 0.0473817 7.1975e-05
3.13466e+07 0.680546 0.653813 0.137143 4.26075e-05
2.0679e+07 0.51535 0.719152 0.118454 6.45873e-05
1.65998e+07 0.396086 0.710717 0 8.04587e-05
5.88427e+07 0.843873 0.640436 0.0807252 2.26978e-05
2.6358e+07 0.619979 0.640436 0.0333435 5.06715e-05
2.6358e+07 0.619979 0.640436 0.0333435 5.06715e-05
1.87138e+07 0.464397 0.733331 0.0473817 7.13697e-05
5.88427e+07 0.843873 0.640436 0.0807252 2.26978e-05
1.69386e+07 0.408221 0.672692 0.0321425 7.88496e-05
5.50749e+07 0.856007 0.60241 0.112868 2.42506e-05
2.6358e+07 0.619979 0.640436 0.0333435 5.06715e-05
5.88427e+07 0.85087 0.643398 0.128107 2.26978e-05
5.88427e+07 0.843873 0.640436 0.0807252 2.26978e-05
4.85821e+07 0.855837 0.58347 0.0807252 2.74916e-05
1.81583e+07 0.447787 0.863032 0.0473817 7.3553e-05
2.72052e+07 0.631943 0.58347 0.0333435 4.90935e-05
3.13466e+07 0.680546 0.653813 0.137143 4.26075e-05
3.13466e+07 0.680546 0.653813 0.137143 4.26075e-05
1.40105e+07 0.28446 0.716191 0.0236908 9.53286e-05
2.6358e+07 0.619979 0.640436 0.0333435 5.06715e-05
2.6358e+07 0.619979 0.640436 0.0333435 5.06715e-05
5.88427e+07 0.843873 0.640436 0.0807252 2.26978e-05
5.88427e+07 0.843873 0.640436 0.0807252 2.26978e-05
3.13466e+07 0.680546 0.653813 0.137143 4.26075e-05
4.85821e+07 0.855837 0.58347 0.0807252 2.74916e-05
5.88427e+07 0.904439 0.653813 0.184525 2.26978e-05
1.3247e+07 0.243025 0.805888 0.0473817 0.000100823
1.70604e+07 0.412696 0.581017 0 7.82865e-05
1.29215e+07 0.223893 0.863032 0 0.000103363
3.2564e+07 0.69251 0.647483 0.162462 4.10146e-05
4.85821e+07 0.855837 0.58347 0.0807252 2.74916e-05
2.72052e+07 0.631943 0.58347 0.0333435 4.90935e-05
1.83913e+07 0.454784 0.865993 0.0947633 7.26215e-05
1.32025e+07 0.240504 0.775536 0 0.000101163
1.70604e+07 0.412696 0.581017 0 7.82865e-05
1.90151e+07 0.473263 0.547012 0.0801091 7.02391e-05
2.7222e+07 0.632114 0.60241 0.065486 4.90633e-05
3.13466e+07 0.680546 0.653813 0.137143 4.26075e-05
5.88427e+07 0.904439 0.653813 0.184525 2.26978e-05
2.10866e+07 0.524964 0.58649 0.0710725 6.33389e-05
3.13466e+07 0.680546 0.653813 0.137143 4.26075e-05
3.2564e+07 0.69251 0.647483 0.162462 4.10146e-05
3.13466e+07 0.680546 0.653813 0.137143 4.26075e-05
3.2564e+07 0.69251 0.647483 0.162462 4.10146e-05
2.6358e+07 0.619979 0.640436 0.0333435 5.06715e-05
5.88427e+07 0.904439 0.653813 0.184525 2.26978e-05
3.13466e+07 0.680546 0.653813 0.137143 4.26075e-05
3.13466e+07 0.680546 0.653813 0.137143 4.26075e-05
3.2564e+07 0.69251 0.647483 0.162462 4.10146e-05
5.88427e+07 0.843873 0.640436 0.0807252 2.26978e-05
2.72052e+07 0.631943 0.58347 0.0333435 4.90935e-05
5.88427e+07 0.911436 0.656774 0.231907 2.26978e-05
1.85564e+07 0.459751 0.806065 0.0473817 7.1975e-05
5.88427e+07 0.843873 0.640436 0.0807252 2.26978e-05
2.6358e+07 0.619979 0.640436 0.0333435 5.06715e-05
2.6358e+07 0.619979 0.640436 0.0333435 5.06715e-05
3.13466e+07 0.680546 0.653813 0.137143 4.26075e-05
3.13466e+07 0.680546 0.653813 0.137143 4.26075e-05
1.84456e+07 0.456653 0.676713 0.0801091 7.24077e-05
2.6358e+07 0.619979 0.640436 0.0333435 5.06715e-05
3.25522e+07 0.69251 0.57562 0.105427 4.10295e-05
5.88427e+07 0.904439 0.653813 0.184525 2.26978e-05
1.98695e+07 0.495642 0.702079 0.0473817 6.72187e-05
1.39948e+07 0.283712 0.708409 0.031648 9.54356e-05
5.88427e+07 0.904439 0.653813 0.184525 2.26978e-05
3.13466e+07 0.680546 0.653813 0.137143 4.26075e-05
