1.20992e+07 0 1 0 0.000105792
3.17763e+07 0.61948 0.766838 0 4.02816e-05
1.2625e+07 0.0417423 0.897636 0 0.000101386
7.8125e+07 0.92922 0.584859 0 1.6384e-05
1.20992e+07 0 1 0 0.000105792
1.20992e+07 0 1 0 0.000105792
1.75246e+07 0.30974 0.81802 0 7.30404e-05
1.20992e+07 0 1 0 0.000105792
1.75246e+07 0.30974 0.81802 0 7.30404e-05
1.75246e+07 0.30974 0.81802 0 7.30404e-05
1.20992e+07 0 1 0 0.000105792
1.75246e+07 0.30974 0.81802 0 7.30404e-05
7.8125e+07 0.92922 0.584859 0 1.6384e-05
1.75246e+07 0.30974 0.81802 0 7.30404e-05
3.17763e+07 0.61948 0.766838 0 4.02816e-05
1.75246e+07 0.30974 0.81802 0 7.30404e-05
1.75246e+07 0.30974 0.81802 0 7.30404e-05
1.20992e+07 0 1 0 0.000105792
1.75246e+07 0.30974 0.81802 0 7.30404e-05
1.75246e+07 0.30974 0.81802 0 7.30404e-05
1.20992e+07 0 1 0 0.000105792
1.75246e+07 0.30974 0.81802 0 7.30404e-05
1.20992e+07 0 1 0 0.000105792
1.75246e+07 0.30974 0.81802 0 7.30404e-05
1.75246e+07 0.30974 0.81802 0 7.30404e-05
1.77697e+07 0.319419 0.761152 0.0909899 7.20328e-05
1.20992e+07 0 1 0 0.000105792
1.75246e+07 0.30974 0.81802 0 7.30404e-05
3.17763e+07 0.61948 0.766838 0 4.02816e-05
1.75246e+07 0.30974 0.81802 0 7.30404e-05
1.20992e+07 0 1 0 0.000105792
1.20992e+07 0 1 0 0.000105792
1.86478e+07 0.351482 0.715657 0 6.86408e-05
1.75246e+07 0.30974 0.81802 0 7.30404e-05
1.20992e+07 0 1 0 0.000105792
7.8125e+07 0.92922 0.584859 0 1.6384e-05
1.20992e+07 0 1 0 0.000105792
1.75246e+07 0.30974 0.81802 0 7.30404e-05
1.75246e+07 0.30974 0.81802 0 7.30404e-05
1.75246e+07 0.30974 0.81802 0 7.30404e-05
1.77697e+07 0.319419 0.761152 0.0909899 7.20328e-05
1.20992e+07 0 1 0 0.000105792
1.20992e+07 0 1 0 0.000105792
3.17763e+07 0.61948 0.766838 0 4.02816e-05
1.20992e+07 0 1 0 0.000105792
1.20992e+07 0 1 0 0.000105792
1.20992e+07 0 1 0 0.000105792
1.75246e+07 0.30974 0.81802 0 7.30404e-05
1.75246e+07 0.30974 0.81802 0 7.30404e-05
1.20992e+07 0 1 0 0.000105792
1.75246e+07 0.30974 0.81802 0 7.30404e-05
7.8125e+07 0.92922 0.584859 0 1.6384e-05
1.75246e+07 0.30974 0.81802 0 7.30404e-05
1.2625e+07 0.0417423 0.897636 0 0.000101386
1.20992e+07 0 1 0 0.000105792
1.20992e+07 0 1 0 0.000105792
1.75246e+07 0.30974 0.81802 0 7.30404e-05
1.20992e+07 0 1 0 0.000105792
1.75246e+07 0.30974 0.81802 0 7.30404e-05
6.25e+07 1 0.630354 0.318465 2.048e-05
1.2625e+07 0.0417423 0.897636 0 0.000101386
1.2625e+07 0.0417423 0.897636 0 0.000101386
1.20992e+07 0 1 0 0.000105792
1.20992e+07 0 1 0 0.000105792
1.75246e+07 0.30974 0.81802 0 7.30404e-05
1.86478e+07 0.351482 0.715657 0 6.86408e-05
1.20992e+07 0 1 0 0.000105792
1.20992e+07 0 1 0 0.000105792
1.20992e+07 0 1 0 0.000105792
1.20992e+07 0 1 0 0.000105792
1.20992e+07 0 1 0 0.000105792
1.75246e+07 0.30974 0.81802 0 7.30404e-05
1.20992e+07 0 1 0 0.000105792
1.20992e+07 0 1 0 0.000105792
3.17763e+07 0.61948 0.766838 0 4.02816e-05
1.75246e+07 0.30974 0.81802 0 7.30404e-05
1.20992e+07 0 1 0 0.000105792
1.75246e+07 0.30974 0.81802 0 7.30404e-05
1.75246e+07 0.30974 0.81802 0 7.30404e-05
7.8125e+07 0.92922 0.584859 0 1.6384e-05
3.17763e+07 0.61948 0.766838 0 4.02816e-05
1.20992e+07 0 1 0 0.000105792
1.20992e+07 0 1 0 0.000105792
1.20992e+07 0 1 0 0.000105792
3.17763e+07 0.61948 0.766838 0 4.02816e-05
1.20992e+07 0 1 0 0.000105792
1.75246e+07 0.30974 0.81802 0 7.30404e-05
1.75246e+07 0.30974 0.81802 0 7.30404e-05
1.77697e+07 0.319419 0.761152 0.0909899 7.20328e-05
1.20992e+07 0 1 0 0.000105792
1.75246e+07 0.30974 0.81802 0 7.30404e-05
1.20992e+07 0 1 0 0.000105792
