4.63852e+07 0.839346 0.436058 0.102148 2.24192e-05
4.79662e+07 0.767952 0.531951 0.0388489 2.16803e-05
2.13804e+07 0.478252 0.636096 0 4.8639e-05
4.79662e+07 0.767952 0.531951 0.0388489 2.16803e-05
2.88472e+07 0.613482 0.593081 0.0915108 3.60492e-05
3.58099e+07 0.856937 0.349577 0.102148 2.904e-05
4.79597e+07 0.785542 0.44547 0.0388489 2.16832e-05
4.98046e+07 0.776747 0.54156 0.086894 2.088e-05
1.57126e+07 0.2897 0.818157 0 6.61838e-05
4.79662e+07 0.767952 0.531951 0.0388489 2.16803e-05
4.63852e+07 0.848141 0.445667 0.150193 2.24192e-05
4.79662e+07 0.767952 0.531951 0.0388489 2.16803e-05
4.79662e+07 0.767952 0.531951 0.0388489 2.16803e-05
1.61081e+07 0.307291 0.731676 0 6.45589e-05
4.60957e+07 0.855975 0.473096 0.193687 2.256e-05
4.63852e+07 0.839346 0.436058 0.102148 2.24192e-05
4.79597e+07 0.785542 0.44547 0.0388489 2.16832e-05
4.63852e+07 0.839346 0.436058 0.102148 2.24192e-05
4.98046e+07 0.776747 0.54156 0.086894 2.088e-05
4.63852e+07 0.839346 0.436058 0.102148 2.24192e-05
4.63852e+07 0.839346 0.436058 0.102148 2.24192e-05
4.79662e+07 0.767952 0.531951 0.0388489 2.16803e-05
4.63852e+07 0.839346 0.436058 0.102148 2.24192e-05
1.74637e+07 0.361094 0.722264 0.0632994 5.95477e-05
4.79662e+07 0.767952 0.531951 0.0388489 2.16803e-05
1.61081e+07 0.307291 0.731676 0 6.45589e-05
5.07773e+07 0.956985 0.479524 0.193659 2.048e-05
1.57126e+07 0.2897 0.818157 0 6.61838e-05
2.47444e+07 0.549646 0.413604 0 4.20265e-05
4.63852e+07 0.839346 0.436058 0.102148 2.24192e-05
4.63852e+07 0.839346 0.436058 0.102148 2.24192e-05
4.79662e+07 0.767952 0.531951 0.0388489 2.16803e-05
1.57126e+07 0.2897 0.818157 0 6.61838e-05
4.63852e+07 0.839346 0.436058 0.102148 2.24192e-05
2.56954e+07 0.566275 0.450642 0.091539 4.0471e-05
4.60957e+07 0.78458 0.471491 0.0816391 2.256e-05
4.98046e+07 0.776747 0.54156 0.086894 2.088e-05
4.98046e+07 0.776747 0.54156 0.086894 2.088e-05
4.98046e+07 0.776747 0.54156 0.086894 2.088e-05
4.79597e+07 0.785542 0.44547 0.0388489 2.16832e-05
1.57126e+07 0.2897 0.818157 0 6.61838e-05
4.98046e+07 0.794338 0.531951 0.12533 2.088e-05
4.63852e+07 0.848141 0.445667 0.150193 2.24192e-05
4.63852e+07 0.839346 0.436058 0.102148 2.24192e-05
1.74637e+07 0.361094 0.722264 0.0632994 5.95477e-05
4.63852e+07 0.839346 0.436058 0.102148 2.24192e-05
4.79662e+07 0.767952 0.531951 0.0388489 2.16803e-05
5.07773e+07 0.885591 0.575417 0.13036 2.048e-05
5.07773e+07 0.956985 0.479524 0.193659 2.048e-05
4.63852e+07 0.839346 0.436058 0.102148 2.24192e-05
4.79597e+07 0.785542 0.44547 0.0388489 2.16832e-05
4.79662e+07 0.767952 0.531951 0.0388489 2.16803e-05
1.13519e+07 0.0166289 0.85396 0 9.16078e-05
2.17467e+07 0.487047 0.645705 0.0480451 4.78198e-05
1.74637e+07 0.361094 0.722264 0.0632994 5.95477e-05
4.98046e+07 0.794338 0.531951 0.12533 2.088e-05
4.79597e+07 0.785542 0.44547 0.0388489 2.16832e-05
4.79597e+07 0.785542 0.44547 0.0388489 2.16832e-05
1.57126e+07 0.2897 0.818157 0 6.61838e-05
1.11652e+07 0 1 0 9.31392e-05
2.13804e+07 0.478252 0.636096 0 4.8639e-05
2.13804e+07 0.478252 0.636096 0 4.8639e-05
5.04081e+07 0.902219 0.514957 0.17315 2.063e-05
4.79662e+07 0.767952 0.531951 0.0388489 2.16803e-05
4.79662e+07 0.767952 0.531951 0.0388489 2.16803e-05
1.57126e+07 0.2897 0.818157 0 6.61838e-05
4.79662e+07 0.767952 0.531951 0.0388489 2.16803e-05
4.79597e+07 0.785542 0.44547 0.0388489 2.16832e-05
4.63852e+07 0.839346 0.436058 0.102148 2.24192e-05
4.79597e+07 0.785542 0.44547 0.0388489 2.16832e-05
5.07773e+07 0.96578 0.489133 0.241704 2.048e-05
4.79662e+07 0.767952 0.531951 0.0388489 2.16803e-05
4.63852e+07 0.839346 0.436058 0.102148 2.24192e-05
4.79662e+07 0.767952 0.531951 0.0388489 2.16803e-05
4.79597e+07 0.785542 0.44547 0.0388489 2.16832e-05
5.07773e+07 0.885591 0.575417 0.13036 2.048e-05
3.58099e+07 0.856937 0.349577 0.102148 2.904e-05
4.79662e+07 0.767952 0.531951 0.0388489 2.16803e-05
1.61081e+07 0.307291 0.731676 0 6.45589e-05
4.79662e+07 0.767952 0.531951 0.0388489 2.16803e-05
4.79662e+07 0.767952 0.531951 0.0388489 2.16803e-05
5.07773e+07 0.885591 0.575417 0.13036 2.048e-05
4.79662e+07 0.767952 0.531951 0.0388489 2.16803e-05
4.63852e+07 0.839346 0.436058 0.102148 2.24192e-05
2.13804e+07 0.478252 0.636096 0 4.8639e-05
4.63852e+07 0.839346 0.436058 0.102148 2.24192e-05
2.21205e+07 0.495843 0.549615 0 4.70115e-05
4.98046e+07 0.776747 0.54156 0.086894 2.088e-05
1.57126e+07 0.2897 0.818157 0 6.61838e-05
1.61081e+07 0.307291 0.731676 0 6.45589e-05
4.79662e+07 0.767952 0.531951 0.0388489 2.16803e-05
4.63852e+07 0.839346 0.436058 0.102148 2.24192e-05
