1.61246e+07 0.56664 0.643565 0.0762361 7.5812e-05
2.50479e+07 0.7212 0.655298 0.116529 4.8804e-05
8.35414e+06 0.162875 0.785021 0.0297618 0.000146327
2.39754e+07 0.708747 0.606134 0.0464743 5.09872e-05
8.46181e+06 0.173565 0.757784 0.0297618 0.000144466
1.61488e+07 0.567331 0.614833 0.0805287 7.56983e-05
1.39521e+07 0.499208 0.575742 0.0560896 8.76167e-05
1.87894e+07 0.628171 0.637613 0.0867672 6.506e-05
1.19064e+07 0.412812 0.72209 0.0201465 0.00010267
1.61246e+07 0.56664 0.643565 0.0762361 7.5812e-05
1.3428e+07 0.479471 0.686777 0.0560896 9.10368e-05
1.5448e+07 0.547594 0.657759 0.0464743 7.91328e-05
1.84625e+07 0.621578 0.649346 0.0263278 6.6212e-05
1.31376e+07 0.467913 0.703063 0.136707 9.30492e-05
1.84625e+07 0.621578 0.649346 0.0263278 6.6212e-05
1.65436e+07 0.577627 0.657015 0.0263278 7.3892e-05
1.39521e+07 0.499208 0.575742 0.0560896 8.76167e-05
2.08369e+07 0.664796 0.613803 0.0464743 5.86672e-05
1.5448e+07 0.547594 0.657759 0.0464743 7.91328e-05
1.5448e+07 0.547594 0.657759 0.0464743 7.91328e-05
2.08369e+07 0.664796 0.613803 0.0464743 5.86672e-05
2.08369e+07 0.664796 0.613803 0.0464743 5.86672e-05
1.65436e+07 0.577627 0.657015 0.0263278 7.3892e-05
1.03689e+07 0.325643 0.765302 0 0.000117895
1.3428e+07 0.479471 0.686777 0.0560896 9.10368e-05
1.06787e+07 0.34538 0.654268 0 0.000114475
1.3428e+07 0.479471 0.686777 0.0560896 9.10368e-05
1.06681e+07 0.344688 0.691584 0 0.000114589
1.19154e+07 0.413137 0.787432 0 0.000102593
1.5448e+07 0.547594 0.657759 0.0464743 7.91328e-05
1.29554e+07 0.460425 0.700971 0.0263278 9.43576e-05
2.08369e+07 0.664796 0.613803 0.0464743 5.86672e-05
1.20901e+07 0.421859 0.638292 0.0201465 0.000101111
1.5448e+07 0.547594 0.657759 0.0464743 7.91328e-05
8.08433e+06 0.134782 0.883013 0 0.000151211
1.84625e+07 0.621578 0.649346 0.0263278 6.6212e-05
2.08369e+07 0.664796 0.613803 0.0464743 5.86672e-05
1.29554e+07 0.460425 0.700971 0.0263278 9.43576e-05
1.29554e+07 0.460425 0.700971 0.0263278 9.43576e-05
1.61488e+07 0.567331 0.614833 0.0805287 7.56983e-05
1.19064e+07 0.412812 0.72209 0.0201465 0.00010267
1.61488e+07 0.567331 0.614833 0.0805287 7.56983e-05
1.3428e+07 0.479471 0.686777 0.0560896 9.10368e-05
1.94374e+07 0.640623 0.635151 0.0560896 6.28912e-05
1.54967e+07 0.549059 0.633721 0.0347985 7.8884e-05
2.08369e+07 0.664796 0.613803 0.0464743 5.86672e-05
1.29554e+07 0.460425 0.700971 0.0263278 9.43576e-05
1.29554e+07 0.460425 0.700971 0.0263278 9.43576e-05
1.29554e+07 0.460425 0.700971 0.0263278 9.43576e-05
1.61246e+07 0.56664 0.643565 0.0762361 7.5812e-05
1.61488e+07 0.567331 0.614833 0.0805287 7.56983e-05
1.94374e+07 0.640623 0.635151 0.0560896 6.28912e-05
6.99573e+06 0 1 0 0.000174741
8.16869e+06 0.143829 0.799215 0 0.000149649
1.48707e+07 0.530014 0.678134 0.0201465 8.22048e-05
1.39521e+07 0.499208 0.575742 0.0560896 8.76167e-05
1.61488e+07 0.567331 0.614833 0.0805287 7.56983e-05
2.21326e+07 0.684534 0.570877 0.0805287 5.52327e-05
1.03689e+07 0.325643 0.765302 0 0.000117895
8.53338e+06 0.180481 0.792604 0.0205637 0.000143254
8.16869e+06 0.143829 0.799215 0 0.000149649
9.71367e+06 0.280077 0.770369 0.0444138 0.000125847
1.29554e+07 0.460425 0.700971 0.0263278 9.43576e-05
1.3428e+07 0.479471 0.686777 0.0560896 9.10368e-05
1.73256e+07 0.596673 0.672125 0.0707416 7.05568e-05
1.08152e+07 0.353735 0.607786 0 0.000113029
1.58833e+07 0.560047 0.66663 0.0963826 7.6964e-05
1.68898e+07 0.586377 0.600639 0.110291 7.23775e-05
1.61246e+07 0.56664 0.643565 0.0762361 7.5812e-05
1.68898e+07 0.586377 0.600639 0.110291 7.23775e-05
1.29554e+07 0.460425 0.700971 0.0263278 9.43576e-05
1.61246e+07 0.56664 0.643565 0.0762361 7.5812e-05
1.61246e+07 0.56664 0.643565 0.0762361 7.5812e-05
2.16422e+07 0.677249 0.651978 0.111035 5.6484e-05
2.05552e+07 0.660361 0.524117 0.0560896 5.9471e-05
1.29554e+07 0.460425 0.700971 0.0263278 9.43576e-05
1.61488e+07 0.567331 0.614833 0.0805287 7.56983e-05
1.3428e+07 0.479471 0.686777 0.0560896 9.10368e-05
1.23185e+07 0.432549 0.679165 0.0542009 9.92359e-05
2.34522e+07 0.702155 0.669492 0.0867672 5.21248e-05
4.00517e+07 0.825949 0.562178 0.0464743 3.05216e-05
1.5448e+07 0.547594 0.657759 0.0464743 7.91328e-05
2.20928e+07 0.683842 0.628913 0.0908881 5.5332e-05
1.3428e+07 0.479471 0.686777 0.0560896 9.10368e-05
1.02092e+07 0.314981 0.817194 0.0297618 0.00011974
1.87894e+07 0.628171 0.637613 0.0867672 6.506e-05
9.45872e+06 0.260734 0.742388 0.0638163 0.000129239
1.3428e+07 0.479471 0.686777 0.0560896 9.10368e-05
1.09403e+07 0.361007 0.679451 0.0276315 0.000111737
1.31376e+07 0.467913 0.703063 0.136707 9.30492e-05
1.3428e+07 0.479471 0.686777 0.0560896 9.10368e-05
1.3428e+07 0.479471 0.686777 0.0560896 9.10368e-05
