2.78441e+07 0.644327 0.73084 0.100391 4.66156e-05
3.98852e+07 0.751919 0.712502 0.137067 3.25426e-05
1.9857e+07 0.501661 0.561772 0.0580882 6.53658e-05
2.41476e+07 0.589798 0.721098 0.0239647 5.37516e-05
1.73607e+07 0.429144 0.751888 0.0580882 7.47649e-05
2.41476e+07 0.589798 0.721098 0.0239647 5.37516e-05
2.78441e+07 0.644327 0.73084 0.100391 4.66156e-05
3.27121e+07 0.697389 0.70276 0.060641 3.96786e-05
1.27418e+07 0.221908 0.823287 0 0.000101867
2.78441e+07 0.644327 0.73084 0.100391 4.66156e-05
2.78441e+07 0.644327 0.73084 0.100391 4.66156e-05
2.41476e+07 0.589798 0.721098 0.0239647 5.37516e-05
2.45429e+07 0.596522 0.650038 0.0239647 5.28857e-05
1.26344e+07 0.215183 0.894347 0 0.000102733
2.48923e+07 0.60214 0.688788 0.049883 5.21434e-05
3.89948e+07 0.746295 0.681088 0.0239647 3.32857e-05
2.78441e+07 0.644327 0.73084 0.100391 4.66156e-05
3.89948e+07 0.746295 0.681088 0.0239647 3.32857e-05
2.41476e+07 0.589798 0.721098 0.0239647 5.37516e-05
2.41476e+07 0.589798 0.721098 0.0239647 5.37516e-05
3.89948e+07 0.746295 0.681088 0.0239647 3.32857e-05
3.89948e+07 0.746295 0.681088 0.0239647 3.32857e-05
3.89948e+07 0.746295 0.681088 0.0239647 3.32857e-05
1.26344e+07 0.215183 0.894347 0 0.000102733
2.83711e+07 0.651052 0.65978 0.100391 4.57497e-05
1.26344e+07 0.215183 0.894347 0 0.000102733
2.78441e+07 0.644327 0.73084 0.100391 4.66156e-05
1.36975e+07 0.276437 0.716852 0.0183382 9.47596e-05
2.11324e+07 0.531111 0.738811 0 6.14209e-05
2.41476e+07 0.589798 0.721098 0.0239647 5.37516e-05
2.41476e+07 0.589798 0.721098 0.0239647 5.37516e-05
3.89948e+07 0.746295 0.681088 0.0239647 3.32857e-05
1.39104e+07 0.287701 0.704232 0 9.33093e-05
2.41476e+07 0.589798 0.721098 0.0239647 5.37516e-05
1.61679e+07 0.386957 0.746511 0.0259183 8.02805e-05
2.48923e+07 0.60214 0.688788 0.049883 5.21434e-05
3.89948e+07 0.746295 0.681088 0.0239647 3.32857e-05
2.45429e+07 0.596522 0.650038 0.0239647 5.28857e-05
2.41476e+07 0.589798 0.721098 0.0239647 5.37516e-05
2.41476e+07 0.589798 0.721098 0.0239647 5.37516e-05
1.26344e+07 0.215183 0.894347 0 0.000102733
2.41476e+07 0.589798 0.721098 0.0239647 5.37516e-05
2.78441e+07 0.644327 0.73084 0.100391 4.66156e-05
2.78441e+07 0.644327 0.73084 0.100391 4.66156e-05
1.72728e+07 0.42621 0.774576 0.031675 7.51455e-05
3.89948e+07 0.746295 0.681088 0.0239647 3.32857e-05
2.41476e+07 0.589798 0.721098 0.0239647 5.37516e-05
2.41476e+07 0.589798 0.721098 0.0239647 5.37516e-05
2.41476e+07 0.589798 0.721098 0.0239647 5.37516e-05
2.78441e+07 0.644327 0.73084 0.100391 4.66156e-05
2.41476e+07 0.589798 0.721098 0.0239647 5.37516e-05
2.78441e+07 0.644327 0.73084 0.100391 4.66156e-05
1.01084e+07 0.0190669 0.844792 0 0.000128405
1.79072e+07 0.447132 0.588707 0 7.2483e-05
1.57774e+07 0.37168 0.854337 0 8.22674e-05
2.78441e+07 0.644327 0.73084 0.100391 4.66156e-05
2.41476e+07 0.589798 0.721098 0.0239647 5.37516e-05
3.89948e+07 0.746295 0.681088 0.0239647 3.32857e-05
1.27418e+07 0.221908 0.823287 0 0.000101867
1.06889e+07 0.0725174 0.809885 0 0.000121432
1.79072e+07 0.447132 0.588707 0 7.2483e-05
2.89172e+07 0.658158 0.548436 0.0714251 4.48858e-05
2.48923e+07 0.60214 0.688788 0.049883 5.21434e-05
2.78441e+07 0.644327 0.73084 0.100391 4.66156e-05
4.96629e+07 0.800824 0.717504 0.113728 2.61356e-05
1.50557e+07 0.34223 0.597798 0.0183382 8.6211e-05
3.98852e+07 0.751919 0.712502 0.137067 3.25426e-05
2.78441e+07 0.644327 0.73084 0.100391 4.66156e-05
2.78441e+07 0.644327 0.73084 0.100391 4.66156e-05
2.78441e+07 0.644327 0.73084 0.100391 4.66156e-05
2.41476e+07 0.589798 0.721098 0.0239647 5.37516e-05
2.78441e+07 0.644327 0.73084 0.100391 4.66156e-05
2.78441e+07 0.644327 0.73084 0.100391 4.66156e-05
5.64826e+07 0.908416 0.699165 0.150404 2.298e-05
2.78441e+07 0.644327 0.73084 0.100391 4.66156e-05
2.41476e+07 0.589798 0.721098 0.0239647 5.37516e-05
2.41476e+07 0.589798 0.721098 0.0239647 5.37516e-05
2.83711e+07 0.651052 0.65978 0.100391 4.57497e-05
1.26344e+07 0.215183 0.894347 0 0.000102733
3.27121e+07 0.697389 0.70276 0.060641 3.96786e-05
3.89948e+07 0.746295 0.681088 0.0239647 3.32857e-05
2.41476e+07 0.589798 0.721098 0.0239647 5.37516e-05
4.96629e+07 0.800824 0.717504 0.113728 2.61356e-05
2.78441e+07 0.644327 0.73084 0.100391 4.66156e-05
1.73607e+07 0.429144 0.751888 0.0580882 7.47649e-05
3.27121e+07 0.697389 0.70276 0.060641 3.96786e-05
1.73607e+07 0.429144 0.751888 0.0580882 7.47649e-05
2.78441e+07 0.644327 0.73084 0.100391 4.66156e-05
1.26344e+07 0.215183 0.894347 0 0.000102733
1.26344e+07 0.215183 0.894347 0 0.000102733
2.78441e+07 0.644327 0.73084 0.100391 4.66156e-05
2.78441e+07 0.644327 0.73084 0.100391 4.66156e-05
