1.53613e+07 0.676571 0.506989 0.160653 7.88506e-05
2.50739e+07 0.801998 0.575656 0.230971 4.83072e-05
7.95124e+06 0.374704 0.513162 0.0680821 0.000152335
3.22227e+07 0.888509 0.508412 0.14094 3.759e-05
7.83814e+06 0.365501 0.618436 0.0680821 0.000154533
1.38545e+07 0.641336 0.497437 0.0730612 8.74266e-05
1.86476e+07 0.733631 0.545171 0.179351 6.49549e-05
1.68056e+07 0.704444 0.477927 0.112081 7.20742e-05
8.81778e+06 0.435972 0.665204 0.0560915 0.000137364
2.4514e+07 0.797528 0.506989 0.198048 4.94106e-05
1.28317e+07 0.612674 0.545171 0.141956 9.43949e-05
2.08885e+07 0.762293 0.497437 0.110456 5.79866e-05
2.89314e+07 0.828556 0.470992 0.122243 4.18662e-05
8.75756e+06 0.432027 0.740805 0.0560915 0.000138309
1.67645e+07 0.703655 0.546594 0.0848486 7.22509e-05
1.64727e+07 0.698396 0.535619 0.0917584 7.35309e-05
1.86476e+07 0.733631 0.545171 0.179351 6.49549e-05
1.38545e+07 0.641336 0.497437 0.0730612 8.74266e-05
2.08885e+07 0.762293 0.497437 0.110456 5.79866e-05
2.08885e+07 0.762293 0.497437 0.110456 5.79866e-05
1.38545e+07 0.641336 0.497437 0.0730612 8.74266e-05
2.08885e+07 0.762293 0.497437 0.110456 5.79866e-05
1.1763e+07 0.577439 0.535619 0.054364 0.000102971
7.87275e+06 0.36813 0.778987 0.0373943 0.000153853
1.89228e+07 0.737576 0.469569 0.179351 6.40102e-05
7.87275e+06 0.36813 0.778987 0.0373943 0.000153853
1.28317e+07 0.612674 0.545171 0.141956 9.43949e-05
8.39028e+06 0.40731 0.576773 0.0569044 0.000144364
9.15018e+06 0.456482 0.658878 0.0304845 0.000132374
2.08885e+07 0.762293 0.497437 0.110456 5.79866e-05
1.1763e+07 0.577439 0.535619 0.054364 0.000102971
1.38545e+07 0.641336 0.497437 0.0730612 8.74266e-05
8.89965e+06 0.441231 0.635532 0.0560915 0.000136101
2.08885e+07 0.762293 0.497437 0.110456 5.79866e-05
7.42668e+06 0.330266 0.647904 0 0.000163094
2.8293e+07 0.824612 0.546594 0.122243 4.28109e-05
1.38545e+07 0.641336 0.497437 0.0730612 8.74266e-05
1.6687e+07 0.70234 0.460018 0.0917584 7.25862e-05
1.64727e+07 0.698396 0.535619 0.0917584 7.35309e-05
2.08885e+07 0.762293 0.497437 0.110456 5.79866e-05
8.75756e+06 0.432027 0.740805 0.0560915 0.000138309
1.38545e+07 0.641336 0.497437 0.0730612 8.74266e-05
1.28317e+07 0.612674 0.545171 0.141956 9.43949e-05
1.90224e+07 0.73889 0.556145 0.172441 6.36749e-05
7.60817e+06 0.346306 0.614193 0.0382073 0.000159204
1.38545e+07 0.641336 0.497437 0.0730612 8.74266e-05
1.1763e+07 0.577439 0.535619 0.054364 0.000102971
1.64727e+07 0.698396 0.535619 0.0917584 7.35309e-05
1.64727e+07 0.698396 0.535619 0.0917584 7.35309e-05
1.53613e+07 0.676571 0.506989 0.160653 7.88506e-05
2.08885e+07 0.762293 0.497437 0.110456 5.79866e-05
3.53806e+07 0.859847 0.556145 0.209835 3.42349e-05
5.68601e+06 0.124901 0.84961 0 0.000213023
7.52825e+06 0.339469 0.542631 0 0.000160894
7.2206e+06 0.31107 0.740805 0.0186972 0.000167749
1.28317e+07 0.612674 0.545171 0.141956 9.43949e-05
2.08885e+07 0.762293 0.497437 0.110456 5.79866e-05
1.38545e+07 0.641336 0.497437 0.0730612 8.74266e-05
7.92139e+06 0.372075 0.703386 0.0373943 0.000152909
6.69011e+06 0.256377 0.769944 0 0.000181051
7.52825e+06 0.339469 0.542631 0 0.000160894
7.95124e+06 0.374704 0.513162 0.0680821 0.000152335
1.1763e+07 0.577439 0.535619 0.054364 0.000102971
1.28317e+07 0.612674 0.545171 0.141956 9.43949e-05
1.86476e+07 0.733631 0.545171 0.179351 6.49549e-05
8.46424e+06 0.412569 0.547102 0.0569044 0.000143102
1.5324e+07 0.675782 0.525661 0.180976 7.90426e-05
1.53613e+07 0.676571 0.506989 0.160653 7.88506e-05
1.53613e+07 0.676571 0.506989 0.160653 7.88506e-05
1.53613e+07 0.676571 0.506989 0.160653 7.88506e-05
1.1763e+07 0.577439 0.535619 0.054364 0.000102971
2.4514e+07 0.797528 0.506989 0.198048 4.94106e-05
1.53613e+07 0.676571 0.506989 0.160653 7.88506e-05
1.5324e+07 0.675782 0.525661 0.180976 7.90426e-05
1.90224e+07 0.73889 0.556145 0.172441 6.36749e-05
1.64727e+07 0.698396 0.535619 0.0917584 7.35309e-05
1.38545e+07 0.641336 0.497437 0.0730612 8.74266e-05
1.89228e+07 0.737576 0.469569 0.179351 6.40102e-05
8.75756e+06 0.432027 0.740805 0.0560915 0.000138309
3.69284e+07 0.88772 0.566104 0.180773 3.28e-05
2.136e+07 0.767552 0.508412 0.103546 5.67066e-05
1.38545e+07 0.641336 0.497437 0.0730612 8.74266e-05
1.53613e+07 0.676571 0.506989 0.160653 7.88506e-05
1.28317e+07 0.612674 0.545171 0.141956 9.43949e-05
9.78291e+06 0.491717 0.62941 0.0985666 0.000123813
1.68056e+07 0.704444 0.477927 0.112081 7.20742e-05
1.10536e+07 0.550355 0.468071 0.0680821 0.00010958
1.86476e+07 0.733631 0.545171 0.179351 6.49549e-05
7.87275e+06 0.36813 0.778987 0.0373943 0.000153853
7.2206e+06 0.31107 0.740805 0.0186972 0.000167749
1.86476e+07 0.733631 0.545171 0.179351 6.49549e-05
1.28317e+07 0.612674 0.545171 0.141956 9.43949e-05
