1.70686e+07 0.404425 0.659024 0.0861487 8.62049e-05
1.33936e+07 0.240708 0.800392 0 0.000109859
1.01728e+07 0 1 0 0.00014464
6.90393e+07 0.853097 0.597448 0.102699 2.13125e-05
1.01728e+07 0 1 0 0.00014464
1.70686e+07 0.404425 0.659024 0.0861487 8.62049e-05
3.8519e+07 0.736283 0.655405 0.0684659 3.81993e-05
1.58264e+07 0.357522 0.742435 0.0342329 9.29715e-05
7.98286e+07 0.924779 0.658614 0.304321 1.8432e-05
6.90393e+07 0.853097 0.597448 0.102699 2.13125e-05
1.42702e+07 0.287611 0.613149 0 0.00010311
6.90393e+07 0.853097 0.597448 0.102699 2.13125e-05
3.97168e+07 0.744248 0.659936 0.140959 3.70473e-05
6.90393e+07 0.853097 0.597448 0.102699 2.13125e-05
1.42702e+07 0.287611 0.613149 0 0.00010311
4.67822e+07 0.783186 0.468162 0.0684659 3.14522e-05
3.8519e+07 0.736283 0.655405 0.0684659 3.81993e-05
1.70686e+07 0.404425 0.659024 0.0861487 8.62049e-05
6.90393e+07 0.853097 0.597448 0.102699 2.13125e-05
5.2535e+07 0.9 0.514037 0.154615 2.8008e-05
1.70686e+07 0.404425 0.659024 0.0861487 8.62049e-05
6.90393e+07 0.853097 0.597448 0.102699 2.13125e-05
1.42702e+07 0.287611 0.613149 0 0.00010311
4.75013e+07 0.846903 0.524798 0.197595 3.0976e-05
3.97168e+07 0.744248 0.659936 0.140959 3.70473e-05
3.8519e+07 0.736283 0.655405 0.0684659 3.81993e-05
1.42702e+07 0.287611 0.613149 0 0.00010311
3.97168e+07 0.744248 0.659936 0.140959 3.70473e-05
1.06714e+07 0.0469027 0.812757 0 0.000137883
5.2535e+07 0.9 0.514037 0.154615 2.8008e-05
1.42702e+07 0.287611 0.613149 0 0.00010311
1.58264e+07 0.357522 0.742435 0.0342329 9.29715e-05
6.90393e+07 0.853097 0.597448 0.102699 2.13125e-05
5.2535e+07 0.9 0.514037 0.154615 2.8008e-05
1.06714e+07 0.0469027 0.812757 0 0.000137883
3.8519e+07 0.736283 0.655405 0.0684659 3.81993e-05
1.58264e+07 0.357522 0.742435 0.0342329 9.29715e-05
3.97168e+07 0.744248 0.659936 0.140959 3.70473e-05
3.8519e+07 0.736283 0.655405 0.0684659 3.81993e-05
6.90393e+07 0.853097 0.597448 0.102699 2.13125e-05
6.90393e+07 0.853097 0.597448 0.102699 2.13125e-05
1.58264e+07 0.357522 0.742435 0.0342329 9.29715e-05
1.42702e+07 0.287611 0.613149 0 0.00010311
1.42702e+07 0.287611 0.613149 0 0.00010311
1.70686e+07 0.404425 0.659024 0.0861487 8.62049e-05
1.70686e+07 0.404425 0.659024 0.0861487 8.62049e-05
1.33936e+07 0.240708 0.800392 0 0.000109859
3.8519e+07 0.736283 0.655405 0.0684659 3.81993e-05
4.67822e+07 0.783186 0.468162 0.0684659 3.14522e-05
1.70686e+07 0.404425 0.659024 0.0861487 8.62049e-05
6.90393e+07 0.853097 0.597448 0.102699 2.13125e-05
3.8519e+07 0.736283 0.655405 0.0684659 3.81993e-05
2.51261e+07 0.595575 0.617648 0.177206 5.85605e-05
1.01728e+07 0 1 0 0.00014464
1.70686e+07 0.404425 0.659024 0.0861487 8.62049e-05
1.33936e+07 0.240708 0.800392 0 0.000109859
6.90393e+07 0.853097 0.597448 0.102699 2.13125e-05
1.58264e+07 0.357522 0.742435 0.0342329 9.29715e-05
3.97168e+07 0.744248 0.659936 0.140959 3.70473e-05
2.0157e+07 0.495575 0.718082 0 7.29969e-05
1.04682e+07 0.0283186 0.887233 0 0.000140559
1.01728e+07 0 1 0 0.00014464
1.33936e+07 0.240708 0.800392 0 0.000109859
1.4617e+07 0.304425 0.712041 0.0566354 0.000100663
3.8519e+07 0.736283 0.655405 0.0684659 3.81993e-05
3.8519e+07 0.736283 0.655405 0.0684659 3.81993e-05
1.33936e+07 0.240708 0.800392 0 0.000109859
1.58264e+07 0.357522 0.742435 0.0342329 9.29715e-05
1.70686e+07 0.404425 0.659024 0.0861487 8.62049e-05
1.58264e+07 0.357522 0.742435 0.0342329 9.29715e-05
1.42702e+07 0.287611 0.613149 0 0.00010311
6.90393e+07 0.853097 0.597448 0.102699 2.13125e-05
1.70686e+07 0.404425 0.659024 0.0861487 8.62049e-05
1.33936e+07 0.240708 0.800392 0 0.000109859
1.33936e+07 0.240708 0.800392 0 0.000109859
3.8519e+07 0.736283 0.655405 0.0684659 3.81993e-05
1.70686e+07 0.404425 0.659024 0.0861487 8.62049e-05
3.97168e+07 0.744248 0.659936 0.140959 3.70473e-05
6.90393e+07 0.853097 0.597448 0.102699 2.13125e-05
3.8519e+07 0.736283 0.655405 0.0684659 3.81993e-05
1.58264e+07 0.357522 0.742435 0.0342329 9.29715e-05
1.58264e+07 0.357522 0.742435 0.0342329 9.29715e-05
1.58264e+07 0.357522 0.742435 0.0342329 9.29715e-05
1.42702e+07 0.287611 0.613149 0 0.00010311
1.01728e+07 0 1 0 0.00014464
1.70686e+07 0.404425 0.659024 0.0861487 8.62049e-05
2.62148e+07 0.612389 0.591659 0 5.61285e-05
3.8519e+07 0.736283 0.655405 0.0684659 3.81993e-05
3.8519e+07 0.736283 0.655405 0.0684659 3.81993e-05
1.58264e+07 0.357522 0.742435 0.0342329 9.29715e-05
3.8519e+07 0.736283 0.655405 0.0684659 3.81993e-05
1.42702e+07 0.287611 0.613149 0 0.00010311
