2.13149e+07 0.650001 0.627049 0.144814 4.68221e-05
1.18305e+07 0.368746 0.785728 0.0303783 8.43594e-05
8.93636e+06 0.164057 0.864462 0 0.00011168
1.8484e+07 0.596289 0.627576 0.0546355 5.39932e-05
1.38818e+07 0.462088 0.740191 0.0759741 7.18934e-05
2.22267e+07 0.664381 0.63557 0.187418 4.49013e-05
1.21041e+07 0.383126 0.709041 0.0303783 8.24523e-05
1.8484e+07 0.596289 0.627576 0.0546355 5.39932e-05
1.31502e+07 0.432232 0.702357 0.0242572 7.58931e-05
1.8484e+07 0.596289 0.627576 0.0546355 5.39932e-05
1.29274e+07 0.422457 0.701874 0.0788927 7.72014e-05
1.8484e+07 0.596289 0.627576 0.0546355 5.39932e-05
1.18305e+07 0.368746 0.785728 0.0303783 8.43594e-05
1.34917e+07 0.446612 0.710878 0.0668613 7.39723e-05
1.35093e+07 0.44757 0.543353 0.118675 7.38757e-05
1.29274e+07 0.422457 0.701874 0.0788927 7.72014e-05
1.21041e+07 0.383126 0.709041 0.0303783 8.24523e-05
2.13149e+07 0.650001 0.627049 0.144814 4.68221e-05
1.8484e+07 0.596289 0.627576 0.0546355 5.39932e-05
2.13149e+07 0.650001 0.627049 0.144814 4.68221e-05
2.13149e+07 0.650001 0.627049 0.144814 4.68221e-05
1.8484e+07 0.596289 0.627576 0.0546355 5.39932e-05
1.29274e+07 0.422457 0.701874 0.0788927 7.72014e-05
1.04481e+07 0.285256 0.776656 0.0994363 9.55206e-05
1.18305e+07 0.368746 0.785728 0.0303783 8.43594e-05
9.56386e+06 0.219069 0.783822 0 0.000104352
1.52287e+07 0.509852 0.654291 0.111258 6.5535e-05
9.39221e+06 0.204688 0.86051 0 0.000106259
9.54648e+06 0.217769 0.683579 0 0.000104542
2.13149e+07 0.650001 0.627049 0.144814 4.68221e-05
1.29274e+07 0.422457 0.701874 0.0788927 7.72014e-05
3.59094e+07 0.792545 0.540359 0.0546355 2.77924e-05
1.31502e+07 0.432232 0.702357 0.0242572 7.58931e-05
2.13149e+07 0.650001 0.627049 0.144814 4.68221e-05
9.86015e+06 0.242882 0.525058 0.0397828 0.000101216
1.23141e+07 0.393859 0.547642 0.0303783 8.1046e-05
1.8484e+07 0.596289 0.627576 0.0546355 5.39932e-05
1.18305e+07 0.368746 0.785728 0.0303783 8.43594e-05
1.18305e+07 0.368746 0.785728 0.0303783 8.43594e-05
1.91658e+07 0.610669 0.636097 0.0972396 5.20724e-05
1.31502e+07 0.432232 0.702357 0.0242572 7.58931e-05
1.91658e+07 0.610669 0.636097 0.0972396 5.20724e-05
1.29274e+07 0.422457 0.701874 0.0788927 7.72014e-05
1.29274e+07 0.422457 0.701874 0.0788927 7.72014e-05
1.45226e+07 0.485943 0.701831 0.114435 6.87214e-05
2.13149e+07 0.650001 0.627049 0.144814 4.68221e-05
1.18305e+07 0.368746 0.785728 0.0303783 8.43594e-05
2.14726e+07 0.652396 0.738145 0.106352 4.64782e-05
1.52287e+07 0.509852 0.654291 0.111258 6.5535e-05
2.13149e+07 0.650001 0.627049 0.144814 4.68221e-05
1.91658e+07 0.610669 0.636097 0.0972396 5.20724e-05
1.18305e+07 0.368746 0.785728 0.0303783 8.43594e-05
7.66185e+06 0.0251129 0.761914 0 0.000130257
8.93636e+06 0.164057 0.864462 0 0.00011168
1.45226e+07 0.485943 0.701831 0.114435 6.87214e-05
1.21041e+07 0.383126 0.709041 0.0303783 8.24523e-05
1.91658e+07 0.610669 0.636097 0.0972396 5.20724e-05
1.91658e+07 0.610669 0.636097 0.0972396 5.20724e-05
9.39221e+06 0.204688 0.86051 0 0.000106259
7.47166e+06 0 1 0 0.000133573
8.93636e+06 0.164057 0.864462 0 0.00011168
8.93636e+06 0.164057 0.864462 0 0.00011168
2.31282e+07 0.677509 0.587276 0.149961 4.31512e-05
1.18305e+07 0.368746 0.785728 0.0303783 8.43594e-05
1.18305e+07 0.368746 0.785728 0.0303783 8.43594e-05
9.39221e+06 0.204688 0.86051 0 0.000106259
1.18305e+07 0.368746 0.785728 0.0303783 8.43594e-05
1.91658e+07 0.610669 0.636097 0.0972396 5.20724e-05
2.13149e+07 0.650001 0.627049 0.144814 4.68221e-05
1.91658e+07 0.610669 0.636097 0.0972396 5.20724e-05
1.52287e+07 0.509852 0.654291 0.111258 6.5535e-05
1.8484e+07 0.596289 0.627576 0.0546355 5.39932e-05
2.13149e+07 0.650001 0.627049 0.144814 4.68221e-05
1.18305e+07 0.368746 0.785728 0.0303783 8.43594e-05
1.21041e+07 0.383126 0.709041 0.0303783 8.24523e-05
2.14726e+07 0.652396 0.738145 0.106352 4.64782e-05
2.22267e+07 0.664381 0.63557 0.187418 4.49013e-05
1.18305e+07 0.368746 0.785728 0.0303783 8.43594e-05
1.34917e+07 0.446612 0.710878 0.0668613 7.39723e-05
1.18305e+07 0.368746 0.785728 0.0303783 8.43594e-05
1.8484e+07 0.596289 0.627576 0.0546355 5.39932e-05
3.60887e+07 0.87994 0.579993 0.13061 2.76544e-05
1.8484e+07 0.596289 0.627576 0.0546355 5.39932e-05
1.29274e+07 0.422457 0.701874 0.0788927 7.72014e-05
9.23039e+06 0.190913 0.762618 0 0.000108122
2.13149e+07 0.650001 0.627049 0.144814 4.68221e-05
1.25686e+07 0.405981 0.666316 0.0426041 7.94048e-05
1.18305e+07 0.368746 0.785728 0.0303783 8.43594e-05
9.39221e+06 0.204688 0.86051 0 0.000106259
1.41773e+07 0.473468 0.659956 0.0923223 7.0395e-05
1.71601e+07 0.565001 0.698511 0.0303783 5.81587e-05
1.29274e+07 0.422457 0.701874 0.0788927 7.72014e-05
