4.68894e+07 0.833687 0.620438 0.145846 2.44693e-05
2.63774e+07 0.661427 0.646764 0.0336109 4.34974e-05
1.14907e+07 0.221829 0.748753 0 9.98505e-05
4.06427e+07 0.780525 0.598212 0.0563984 2.82301e-05
1.15148e+07 0.223409 0.780128 0 9.9641e-05
5.60229e+07 0.848574 0.628117 0.18424 2.048e-05
2.75786e+07 0.676314 0.577655 0.0336109 4.16029e-05
4.06427e+07 0.780525 0.598212 0.0563984 2.82301e-05
2.08766e+07 0.572003 0.681753 0.0227875 5.49588e-05
4.06427e+07 0.780525 0.598212 0.0563984 2.82301e-05
3.12806e+07 0.714588 0.66899 0.123059 3.66793e-05
3.73486e+07 0.873675 0.554112 0.0864272 3.072e-05
2.63774e+07 0.661427 0.646764 0.0336109 4.34974e-05
2.16279e+07 0.586891 0.689431 0.0611813 5.30494e-05
3.27672e+07 0.727621 0.629987 0.157334 3.50152e-05
3.12806e+07 0.714588 0.66899 0.123059 3.66793e-05
2.75786e+07 0.676314 0.577655 0.0336109 4.16029e-05
4.68894e+07 0.833687 0.620438 0.145846 2.44693e-05
4.06427e+07 0.780525 0.598212 0.0563984 2.82301e-05
4.68894e+07 0.833687 0.620438 0.145846 2.44693e-05
4.68894e+07 0.833687 0.620438 0.145846 2.44693e-05
4.06427e+07 0.780525 0.598212 0.0563984 2.82301e-05
3.12806e+07 0.714588 0.66899 0.123059 3.66793e-05
1.80905e+07 0.506067 0.664785 0.045575 6.34228e-05
2.63774e+07 0.661427 0.646764 0.0336109 4.34974e-05
1.67909e+07 0.467792 0.661196 0 6.83316e-05
3.12806e+07 0.714588 0.66899 0.123059 3.66793e-05
1.96846e+07 0.546055 0.686205 0.0300287 5.82868e-05
1.21113e+07 0.261683 0.780314 0.043873 9.47338e-05
4.68894e+07 0.833687 0.620438 0.145846 2.44693e-05
3.12806e+07 0.714588 0.66899 0.123059 3.66793e-05
4.06427e+07 0.780525 0.598212 0.0563984 2.82301e-05
2.77673e+07 0.67846 0.619533 0.0939986 4.13203e-05
4.68894e+07 0.833687 0.620438 0.145846 2.44693e-05
1.23279e+07 0.274716 0.741311 0.0781485 9.30694e-05
2.74169e+07 0.674459 0.53921 0.0336109 4.18482e-05
4.06427e+07 0.780525 0.598212 0.0563984 2.82301e-05
2.63774e+07 0.661427 0.646764 0.0336109 4.34974e-05
2.63774e+07 0.661427 0.646764 0.0336109 4.34974e-05
4.3591e+07 0.795412 0.605891 0.0947922 2.63208e-05
2.66705e+07 0.665153 0.637653 0.0528163 4.30195e-05
4.3591e+07 0.795412 0.605891 0.0947922 2.63208e-05
3.12806e+07 0.714588 0.66899 0.123059 3.66793e-05
3.12806e+07 0.714588 0.66899 0.123059 3.66793e-05
2.38259e+07 0.625165 0.616233 0.0683625 4.81555e-05
4.68894e+07 0.833687 0.620438 0.145846 2.44693e-05
2.63774e+07 0.661427 0.646764 0.0336109 4.34974e-05
2.63774e+07 0.661427 0.646764 0.0336109 4.34974e-05
3.12806e+07 0.714588 0.66899 0.123059 3.66793e-05
4.68894e+07 0.833687 0.620438 0.145846 2.44693e-05
4.3591e+07 0.795412 0.605891 0.0947922 2.63208e-05
2.63774e+07 0.661427 0.646764 0.0336109 4.34974e-05
9.36436e+06 0.0449695 0.800197 0 0.000122523
1.14907e+07 0.221829 0.748753 0 9.98505e-05
3.16805e+07 0.718315 0.572134 0.0983913 3.62162e-05
2.75786e+07 0.676314 0.577655 0.0336109 4.16029e-05
4.3591e+07 0.795412 0.605891 0.0947922 2.63208e-05
4.3591e+07 0.795412 0.605891 0.0947922 2.63208e-05
1.96846e+07 0.546055 0.686205 0.0300287 5.82868e-05
9.06527e+06 0.0133071 0.899515 0 0.000126565
1.19814e+07 0.253766 0.709218 0.0263567 9.57613e-05
1.14907e+07 0.221829 0.748753 0 9.98505e-05
2.74169e+07 0.674459 0.53921 0.0336109 4.18482e-05
2.63774e+07 0.661427 0.646764 0.0336109 4.34974e-05
2.63774e+07 0.661427 0.646764 0.0336109 4.34974e-05
2.02757e+07 0.559362 0.668085 0.071211 5.65875e-05
2.63774e+07 0.661427 0.646764 0.0336109 4.34974e-05
4.3591e+07 0.795412 0.605891 0.0947922 2.63208e-05
4.68894e+07 0.833687 0.620438 0.145846 2.44693e-05
4.3591e+07 0.795412 0.605891 0.0947922 2.63208e-05
3.12806e+07 0.714588 0.66899 0.123059 3.66793e-05
4.06427e+07 0.780525 0.598212 0.0563984 2.82301e-05
4.68894e+07 0.833687 0.620438 0.145846 2.44693e-05
2.63774e+07 0.661427 0.646764 0.0336109 4.34974e-05
2.75786e+07 0.676314 0.577655 0.0336109 4.16029e-05
2.63774e+07 0.661427 0.646764 0.0336109 4.34974e-05
5.60229e+07 0.848574 0.628117 0.18424 2.048e-05
2.63774e+07 0.661427 0.646764 0.0336109 4.34974e-05
2.79092e+07 0.68004 0.645332 0.0912101 4.11102e-05
2.63774e+07 0.661427 0.646764 0.0336109 4.34974e-05
4.06427e+07 0.780525 0.598212 0.0563984 2.82301e-05
4.06427e+07 0.780525 0.598212 0.0563984 2.82301e-05
4.06427e+07 0.780525 0.598212 0.0563984 2.82301e-05
3.12806e+07 0.714588 0.66899 0.123059 3.66793e-05
1.12999e+07 0.208522 0.849237 0 0.000101537
4.68894e+07 0.833687 0.620438 0.145846 2.44693e-05
1.35985e+07 0.342507 0.762789 0.0383938 8.43731e-05
2.63774e+07 0.661427 0.646764 0.0336109 4.34974e-05
1.6338e+07 0.452905 0.730305 0 7.0226e-05
2.16279e+07 0.586891 0.689431 0.0611813 5.30494e-05
2.63774e+07 0.661427 0.646764 0.0336109 4.34974e-05
4.63763e+07 0.807738 0.624891 0.153088 2.474e-05
