1.45691e+07 0.413022 0.820794 0.0233074 6.78089e-05
1.17761e+07 0.273654 0.864797 0 8.38917e-05
9.51033e+06 0.100842 0.749389 0 0.000103878
2.72798e+07 0.686676 0.820794 0.069922 3.62142e-05
8.70749e+06 0.0174209 0.933231 0 0.000113456
1.50145e+07 0.430443 0.828213 0.0604012 6.57976e-05
1.96399e+07 0.564729 0.798028 0.0466146 5.03015e-05
1.45691e+07 0.413022 0.820794 0.0233074 6.78089e-05
2.80444e+07 0.695228 0.823707 0.116537 3.52269e-05
2.72798e+07 0.686676 0.820794 0.069922 3.62142e-05
1.17761e+07 0.273654 0.864797 0 8.38917e-05
4.69972e+07 0.818422 0.769814 0.104987 2.10208e-05
1.9254e+07 0.55586 0.86771 0.0932292 5.13097e-05
3.54043e+07 0.758861 0.739153 0.136691 2.79039e-05
1.17761e+07 0.273654 0.864797 0 8.38917e-05
1.88905e+07 0.547309 0.864797 0.0466146 5.2297e-05
1.96399e+07 0.564729 0.798028 0.0466146 5.03015e-05
1.45691e+07 0.413022 0.820794 0.0233074 6.78089e-05
2.72798e+07 0.686676 0.820794 0.069922 3.62142e-05
2.72798e+07 0.686676 0.820794 0.069922 3.62142e-05
1.45691e+07 0.413022 0.820794 0.0233074 6.78089e-05
2.72798e+07 0.686676 0.820794 0.069922 3.62142e-05
1.17761e+07 0.273654 0.864797 0 8.38917e-05
1.88905e+07 0.547309 0.864797 0.0466146 5.2297e-05
1.9254e+07 0.55586 0.86771 0.0932292 5.13097e-05
1.96399e+07 0.564729 0.798028 0.0466146 5.03015e-05
1.17761e+07 0.273654 0.864797 0 8.38917e-05
2.7355e+07 0.687606 0.81673 0.128294 3.61147e-05
8.55674e+06 0 1 0 0.000115455
2.72798e+07 0.686676 0.820794 0.069922 3.62142e-05
1.17761e+07 0.273654 0.864797 0 8.38917e-05
1.45691e+07 0.413022 0.820794 0.0233074 6.78089e-05
2.79942e+07 0.919264 0.630861 0.160816 3.529e-05
2.72798e+07 0.686676 0.820794 0.069922 3.62142e-05
8.55674e+06 0 1 0 0.000115455
1.88905e+07 0.547309 0.864797 0.0466146 5.2297e-05
1.45691e+07 0.413022 0.820794 0.0233074 6.78089e-05
1.9254e+07 0.55586 0.86771 0.0932292 5.13097e-05
1.88905e+07 0.547309 0.864797 0.0466146 5.2297e-05
2.8884e+07 0.704097 0.828213 0.107016 3.42029e-05
4.69972e+07 0.818422 0.769814 0.104987 2.10208e-05
1.50145e+07 0.430443 0.828213 0.0604012 6.57976e-05
1.17761e+07 0.273654 0.864797 0 8.38917e-05
1.17761e+07 0.273654 0.864797 0 8.38917e-05
1.45691e+07 0.413022 0.820794 0.0233074 6.78089e-05
1.45691e+07 0.413022 0.820794 0.0233074 6.78089e-05
1.17761e+07 0.273654 0.864797 0 8.38917e-05
1.88905e+07 0.547309 0.864797 0.0466146 5.2297e-05
1.88905e+07 0.547309 0.864797 0.0466146 5.2297e-05
1.45691e+07 0.413022 0.820794 0.0233074 6.78089e-05
2.8884e+07 0.704097 0.828213 0.107016 3.42029e-05
1.88905e+07 0.547309 0.864797 0.0466146 5.2297e-05
1.19186e+07 0.282206 0.909684 0.0466146 8.28886e-05
9.51033e+06 0.100842 0.749389 0 0.000103878
1.87762e+07 0.544768 0.769814 0.0583726 5.26155e-05
1.2063e+07 0.291075 0.798028 0 8.18962e-05
2.8884e+07 0.704097 0.828213 0.107016 3.42029e-05
1.50145e+07 0.430443 0.828213 0.0604012 6.57976e-05
2.7355e+07 0.687606 0.81673 0.128294 3.61147e-05
1.36636e+07 0.374496 0.65616 0 7.23026e-05
9.51033e+06 0.100842 0.749389 0 0.000103878
9.51033e+06 0.100842 0.749389 0 0.000103878
1.17761e+07 0.273654 0.864797 0 8.38917e-05
1.17761e+07 0.273654 0.864797 0 8.38917e-05
1.88905e+07 0.547309 0.864797 0.0466146 5.2297e-05
3.21588e+07 0.779896 0.674864 0.137509 3.072e-05
1.17761e+07 0.273654 0.864797 0 8.38917e-05
1.50145e+07 0.430443 0.828213 0.0604012 6.57976e-05
1.45691e+07 0.413022 0.820794 0.0233074 6.78089e-05
1.50145e+07 0.430443 0.828213 0.0604012 6.57976e-05
1.17761e+07 0.273654 0.864797 0 8.38917e-05
2.72798e+07 0.686676 0.820794 0.069922 3.62142e-05
1.45691e+07 0.413022 0.820794 0.0233074 6.78089e-05
1.17761e+07 0.273654 0.864797 0 8.38917e-05
1.2063e+07 0.291075 0.798028 0 8.18962e-05
1.88905e+07 0.547309 0.864797 0.0466146 5.2297e-05
1.50145e+07 0.430443 0.828213 0.0604012 6.57976e-05
1.9254e+07 0.55586 0.86771 0.0932292 5.13097e-05
4.82381e+07 0.835843 0.777233 0.142081 2.048e-05
1.88905e+07 0.547309 0.864797 0.0466146 5.2297e-05
1.45691e+07 0.413022 0.820794 0.0233074 6.78089e-05
1.45691e+07 0.413022 0.820794 0.0233074 6.78089e-05
1.45691e+07 0.413022 0.820794 0.0233074 6.78089e-05
1.17761e+07 0.273654 0.864797 0 8.38917e-05
8.55674e+06 0 1 0 0.000115455
1.45691e+07 0.413022 0.820794 0.0233074 6.78089e-05
1.50145e+07 0.430443 0.823572 0.0370939 6.57976e-05
1.88905e+07 0.547309 0.864797 0.0466146 5.2297e-05
2.147e+07 0.602072 0.716386 0.0466146 4.60138e-05
1.6604e+07 0.485206 0.739153 0.0900765 5.94986e-05
1.88905e+07 0.547309 0.864797 0.0466146 5.2297e-05
1.43809e+07 0.4054 0.813817 0.0350652 6.86967e-05
