1.84386e+07 0.646152 0.564267 0.155759 6.96911e-05
1.51694e+07 0.569753 0.613622 0.133484 8.47107e-05
9.02324e+06 0.276295 0.708409 0.0452005 0.000142411
2.74596e+07 0.762588 0.524922 0.130357 4.67963e-05
1.25181e+07 0.478468 0.657062 0.145574 0.000102652
1.77835e+07 0.633136 0.532574 0.124066 7.22587e-05
2.31569e+07 0.718304 0.60597 0.208641 5.54915e-05
1.73329e+07 0.623587 0.524922 0.0858067 7.41371e-05
1.34108e+07 0.513202 0.682076 0.111375 9.58188e-05
3.03424e+07 0.785153 0.564267 0.200309 4.23503e-05
1.51694e+07 0.569753 0.613622 0.133484 8.47107e-05
2.74596e+07 0.762588 0.524922 0.130357 4.67963e-05
2.1079e+07 0.690533 0.577061 0.152632 6.09615e-05
1.35557e+07 0.518408 0.686943 0.105084 9.47948e-05
1.46789e+07 0.555518 0.46749 0.0635317 8.75411e-05
2.07877e+07 0.686189 0.574277 0.108082 6.18159e-05
2.31569e+07 0.718304 0.60597 0.208641 5.54915e-05
1.73329e+07 0.623587 0.524922 0.0858067 7.41371e-05
2.74596e+07 0.762588 0.524922 0.130357 4.67963e-05
2.74596e+07 0.762588 0.524922 0.130357 4.67963e-05
1.73329e+07 0.623587 0.524922 0.0858067 7.41371e-05
2.74596e+07 0.762588 0.524922 0.130357 4.67963e-05
1.44129e+07 0.547188 0.574277 0.0635317 8.91567e-05
1.15049e+07 0.43246 0.728646 0.0445501 0.000111693
2.27373e+07 0.713098 0.616406 0.222584 5.65155e-05
1.17e+07 0.44201 0.65978 0.0445501 0.00010983
1.75921e+07 0.629102 0.569927 0.163205 7.30447e-05
1.20763e+07 0.459368 0.680374 0.113852 0.000106408
8.75093e+06 0.25373 0.718567 0 0.000146843
2.74596e+07 0.762588 0.524922 0.130357 4.67963e-05
1.44129e+07 0.547188 0.574277 0.0635317 8.91567e-05
2.68057e+07 0.756861 0.444832 0.0858067 4.79379e-05
1.32923e+07 0.508858 0.679291 0.0668251 9.66732e-05
2.74596e+07 0.762588 0.524922 0.130357 4.67963e-05
8.8484e+06 0.262059 0.61178 0 0.000145225
2.13456e+07 0.694519 0.46749 0.108082 6.02003e-05
1.73329e+07 0.623587 0.524922 0.0858067 7.41371e-05
2.1079e+07 0.690533 0.577061 0.152632 6.09615e-05
2.07877e+07 0.686189 0.574277 0.108082 6.18159e-05
2.86079e+07 0.772138 0.532574 0.168616 4.49179e-05
1.32923e+07 0.508858 0.679291 0.0668251 9.66732e-05
1.77835e+07 0.633136 0.532574 0.124066 7.22587e-05
1.51694e+07 0.569753 0.613622 0.133484 8.47107e-05
1.51694e+07 0.569753 0.613622 0.133484 8.47107e-05
1.07457e+07 0.392422 0.628235 0.0470268 0.000119583
1.73329e+07 0.623587 0.524922 0.0858067 7.41371e-05
1.44129e+07 0.547188 0.574277 0.0635317 8.91567e-05
4.18298e+07 0.878813 0.530582 0.177848 3.072e-05
2.56234e+07 0.745538 0.530582 0.137803 5.01499e-05
1.84386e+07 0.646152 0.564267 0.155759 6.96911e-05
2.86079e+07 0.772138 0.532574 0.168616 4.49179e-05
2.23987e+07 0.708754 0.613622 0.178034 5.73699e-05
7.69951e+06 0.151675 0.806898 0.0445501 0.000166895
8.75093e+06 0.25373 0.718567 0 0.000146843
1.03618e+07 0.369857 0.679291 0.022275 0.000124014
1.55134e+07 0.579303 0.60597 0.164091 8.28323e-05
2.86079e+07 0.772138 0.532574 0.168616 4.49179e-05
1.77835e+07 0.633136 0.532574 0.124066 7.22587e-05
1.15935e+07 0.436803 0.731431 0.0891002 0.000110838
7.58712e+06 0.139001 0.9109 0 0.000169367
8.75093e+06 0.25373 0.718567 0 0.000146843
9.02324e+06 0.276295 0.708409 0.0452005 0.000142411
2.58837e+07 0.748141 0.503885 0.173343 4.96455e-05
1.51694e+07 0.569753 0.613622 0.133484 8.47107e-05
2.23987e+07 0.708754 0.613622 0.178034 5.73699e-05
1.19801e+07 0.455025 0.67759 0.0693019 0.000107262
1.51694e+07 0.569753 0.613622 0.133484 8.47107e-05
1.89536e+07 0.655701 0.633133 0.224626 6.77976e-05
1.84386e+07 0.646152 0.564267 0.155759 6.96911e-05
1.89536e+07 0.655701 0.633133 0.224626 6.77976e-05
1.65828e+07 0.606537 0.530582 0.0932526 7.74907e-05
3.03424e+07 0.785153 0.564267 0.200309 4.23503e-05
1.84386e+07 0.646152 0.564267 0.155759 6.96911e-05
1.51694e+07 0.569753 0.613622 0.133484 8.47107e-05
1.55134e+07 0.579303 0.60597 0.164091 8.28323e-05
4.18298e+07 0.878813 0.530582 0.177848 3.072e-05
1.77835e+07 0.633136 0.532574 0.124066 7.22587e-05
2.27373e+07 0.713098 0.616406 0.222584 5.65155e-05
1.35557e+07 0.518408 0.686943 0.105084 9.47948e-05
2.07877e+07 0.686189 0.574277 0.108082 6.18159e-05
1.73329e+07 0.623587 0.524922 0.0858067 7.41371e-05
3.5442e+07 0.81621 0.481227 0.155573 3.62567e-05
1.84386e+07 0.646152 0.564267 0.155759 6.96911e-05
1.51694e+07 0.569753 0.613622 0.133484 8.47107e-05
9.02324e+06 0.276295 0.708409 0.0452005 0.000142411
1.73329e+07 0.623587 0.524922 0.0858067 7.41371e-05
1.30876e+07 0.501245 0.59427 0.114067 9.81856e-05
2.23987e+07 0.708754 0.613622 0.178034 5.73699e-05
1.15049e+07 0.43246 0.728646 0.0445501 0.000111693
1.05212e+07 0.379407 0.686943 0.0605342 0.000122136
4.12249e+07 0.842029 0.533532 0.178034 3.11707e-05
1.51694e+07 0.569753 0.613622 0.133484 8.47107e-05
