3.26304e+07 0.777485 0.572172 0.17316 3.58807e-05
2.40833e+07 0.698091 0.673777 0.10336 4.86147e-05
1.14703e+07 0.365776 0.615702 0.0319351 0.000102072
4.43498e+07 0.853156 0.649936 0.0905373 2.63992e-05
1.09873e+07 0.33748 0.753167 0.0319351 0.00010656
2.94657e+07 0.753558 0.54833 0.122113 3.97344e-05
4.50252e+07 0.877083 0.673777 0.141585 2.60032e-05
2.23144e+07 0.674164 0.649936 0.052313 5.24684e-05
1.60007e+07 0.545196 0.780149 0.0764487 7.3172e-05
4.50252e+07 0.877083 0.673777 0.141585 2.60032e-05
3.26304e+07 0.777485 0.572172 0.17316 3.58807e-05
4.43498e+07 0.853156 0.649936 0.0905373 2.63992e-05
4.48431e+07 0.85875 0.652325 0.128762 2.61088e-05
1.58064e+07 0.539602 0.77776 0.0382243 7.40712e-05
3.06666e+07 0.763192 0.570452 0.175097 3.81783e-05
3.51566e+07 0.93255 0.54833 0.160338 3.33024e-05
4.50252e+07 0.877083 0.673777 0.141585 2.60032e-05
2.94657e+07 0.753558 0.54833 0.122113 3.97344e-05
4.43498e+07 0.853156 0.649936 0.0905373 2.63992e-05
3.51566e+07 0.93255 0.54833 0.160338 3.33024e-05
2.94657e+07 0.753558 0.54833 0.122113 3.97344e-05
4.43498e+07 0.853156 0.649936 0.0905373 2.63992e-05
2.94657e+07 0.753558 0.54833 0.122113 3.97344e-05
1.90834e+07 0.618996 0.614125 0.0770098 6.13518e-05
4.6638e+07 0.882676 0.676167 0.179809 2.5104e-05
1.58064e+07 0.539602 0.77776 0.0382243 7.40712e-05
3.26304e+07 0.777485 0.572172 0.17316 3.58807e-05
1.68866e+07 0.569122 0.740121 0.0955608 6.93329e-05
1.19847e+07 0.392947 0.588373 0.0310148 9.7691e-05
3.51566e+07 0.93255 0.54833 0.160338 3.33024e-05
2.94657e+07 0.753558 0.54833 0.122113 3.97344e-05
2.23144e+07 0.674164 0.649936 0.052313 5.24684e-05
1.68289e+07 0.567898 0.640296 0.0382243 6.95706e-05
3.51566e+07 0.93255 0.54833 0.160338 3.33024e-05
1.21787e+07 0.402582 0.610495 0.0839986 9.61349e-05
3.64127e+07 0.86279 0.566091 0.0905373 3.21536e-05
2.23144e+07 0.674164 0.649936 0.052313 5.24684e-05
4.48431e+07 0.85875 0.652325 0.128762 2.61088e-05
4.43498e+07 0.853156 0.649936 0.0905373 2.63992e-05
4.43498e+07 0.853156 0.649936 0.0905373 2.63992e-05
1.58064e+07 0.539602 0.77776 0.0382243 7.40712e-05
2.23144e+07 0.674164 0.649936 0.052313 5.24684e-05
3.26304e+07 0.777485 0.572172 0.17316 3.58807e-05
3.26304e+07 0.777485 0.572172 0.17316 3.58807e-05
1.35687e+07 0.463931 0.574096 0.0578976 8.62871e-05
2.94657e+07 0.753558 0.54833 0.122113 3.97344e-05
2.23144e+07 0.674164 0.649936 0.052313 5.24684e-05
4.43498e+07 0.853156 0.649936 0.0905373 2.63992e-05
3.51566e+07 0.93255 0.54833 0.160338 3.33024e-05
3.26304e+07 0.777485 0.572172 0.17316 3.58807e-05
4.43498e+07 0.853156 0.649936 0.0905373 2.63992e-05
4.50252e+07 0.877083 0.673777 0.141585 2.60032e-05
9.03591e+06 0.194219 0.842095 0.0382243 0.000129572
1.10547e+07 0.34185 0.630085 0 0.00010591
1.29907e+07 0.440004 0.614125 0.0387855 9.01262e-05
2.40833e+07 0.698091 0.673777 0.10336 4.86147e-05
4.43498e+07 0.853156 0.649936 0.0905373 2.63992e-05
2.23144e+07 0.674164 0.649936 0.052313 5.24684e-05
1.60007e+07 0.545196 0.780149 0.0764487 7.3172e-05
9.18357e+06 0.207287 0.786087 0 0.000127489
1.10547e+07 0.34185 0.630085 0 0.00010591
1.14703e+07 0.365776 0.615702 0.0319351 0.000102072
2.29832e+07 0.683799 0.566091 0.052313 5.09415e-05
2.40833e+07 0.698091 0.673777 0.10336 4.86147e-05
4.50252e+07 0.877083 0.673777 0.141585 2.60032e-05
1.78114e+07 0.591825 0.600267 0.0573365 6.57331e-05
2.40833e+07 0.698091 0.673777 0.10336 4.86147e-05
2.40833e+07 0.698091 0.673777 0.10336 4.86147e-05
3.26304e+07 0.777485 0.572172 0.17316 3.58807e-05
2.40833e+07 0.698091 0.673777 0.10336 4.86147e-05
2.94657e+07 0.753558 0.54833 0.122113 3.97344e-05
4.50252e+07 0.877083 0.673777 0.141585 2.60032e-05
3.26304e+07 0.777485 0.572172 0.17316 3.58807e-05
2.40833e+07 0.698091 0.673777 0.10336 4.86147e-05
2.40833e+07 0.698091 0.673777 0.10336 4.86147e-05
4.43498e+07 0.853156 0.649936 0.0905373 2.63992e-05
2.94657e+07 0.753558 0.54833 0.122113 3.97344e-05
4.6638e+07 0.882676 0.676167 0.179809 2.5104e-05
1.58064e+07 0.539602 0.77776 0.0382243 7.40712e-05
4.43498e+07 0.853156 0.649936 0.0905373 2.63992e-05
2.23144e+07 0.674164 0.649936 0.052313 5.24684e-05
2.23144e+07 0.674164 0.649936 0.052313 5.24684e-05
2.40833e+07 0.698091 0.673777 0.10336 4.86147e-05
3.26304e+07 0.777485 0.572172 0.17316 3.58807e-05
1.09873e+07 0.33748 0.753167 0.0319351 0.00010656
2.94657e+07 0.753558 0.54833 0.122113 3.97344e-05
1.50468e+07 0.516472 0.676718 0.0319351 7.78103e-05
4.50252e+07 0.877083 0.673777 0.141585 2.60032e-05
1.58064e+07 0.539602 0.77776 0.0382243 7.40712e-05
1.13841e+07 0.360611 0.77776 0 0.000102846
4.50252e+07 0.877083 0.673777 0.141585 2.60032e-05
3.26304e+07 0.777485 0.572172 0.17316 3.58807e-05
