3.81898e+07 0.874687 0.553896 0.198383 3.072e-05
4.77814e+07 0.814563 0.619656 0.148462 2.45533e-05
2.28716e+07 0.567442 0.551973 0.0871012 5.12946e-05
3.83362e+07 0.742111 0.607436 0.0364005 3.06026e-05
2.2244e+07 0.555033 0.641496 0.0871012 5.27418e-05
4.23938e+07 0.802235 0.541676 0.0863212 2.76736e-05
4.77814e+07 0.814563 0.619656 0.148462 2.45533e-05
3.83362e+07 0.742111 0.607436 0.0364005 3.06026e-05
1.33806e+07 0.25953 0.855438 0 8.76787e-05
4.77814e+07 0.814563 0.619656 0.148462 2.45533e-05
3.81898e+07 0.874687 0.553896 0.198383 3.072e-05
3.83362e+07 0.742111 0.607436 0.0364005 3.06026e-05
3.83362e+07 0.742111 0.607436 0.0364005 3.06026e-05
1.33806e+07 0.25953 0.855438 0 8.76787e-05
4.23938e+07 0.802235 0.541676 0.0863212 2.76736e-05
4.23938e+07 0.802235 0.541676 0.0863212 2.76736e-05
4.77814e+07 0.814563 0.619656 0.148462 2.45533e-05
4.23938e+07 0.802235 0.541676 0.0863212 2.76736e-05
3.83362e+07 0.742111 0.607436 0.0364005 3.06026e-05
4.23938e+07 0.802235 0.541676 0.0863212 2.76736e-05
4.23938e+07 0.802235 0.541676 0.0863212 2.76736e-05
3.83362e+07 0.742111 0.607436 0.0364005 3.06026e-05
4.23938e+07 0.802235 0.541676 0.0863212 2.76736e-05
1.45598e+07 0.319654 0.789678 0.0499207 8.05772e-05
4.77814e+07 0.814563 0.619656 0.148462 2.45533e-05
1.33806e+07 0.25953 0.855438 0 8.76787e-05
3.81898e+07 0.874687 0.553896 0.198383 3.072e-05
1.48255e+07 0.331982 0.693456 0.0249603 7.91334e-05
2.16371e+07 0.542705 0.513595 0 5.42212e-05
4.23938e+07 0.802235 0.541676 0.0863212 2.76736e-05
3.80383e+07 0.915139 0.543157 0.19901 3.08424e-05
3.83362e+07 0.742111 0.607436 0.0364005 3.06026e-05
1.36049e+07 0.271939 0.765915 0 8.62329e-05
4.23938e+07 0.802235 0.541676 0.0863212 2.76736e-05
2.19523e+07 0.549347 0.508485 0.0408794 5.34427e-05
3.83362e+07 0.742111 0.607436 0.0364005 3.06026e-05
3.83362e+07 0.742111 0.607436 0.0364005 3.06026e-05
3.83362e+07 0.742111 0.607436 0.0364005 3.06026e-05
3.83362e+07 0.742111 0.607436 0.0364005 3.06026e-05
3.83362e+07 0.742111 0.607436 0.0364005 3.06026e-05
1.33806e+07 0.25953 0.855438 0 8.76787e-05
3.83362e+07 0.742111 0.607436 0.0364005 3.06026e-05
3.81898e+07 0.874687 0.553896 0.198383 3.072e-05
3.81898e+07 0.874687 0.553896 0.198383 3.072e-05
1.62871e+07 0.392106 0.627696 0.074881 7.20319e-05
4.23938e+07 0.802235 0.541676 0.0863212 2.76736e-05
3.63968e+07 0.855015 0.516398 0.10283 3.22333e-05
3.83362e+07 0.742111 0.607436 0.0364005 3.06026e-05
4.23938e+07 0.802235 0.541676 0.0863212 2.76736e-05
3.81898e+07 0.874687 0.553896 0.198383 3.072e-05
3.83362e+07 0.742111 0.607436 0.0364005 3.06026e-05
4.77814e+07 0.814563 0.619656 0.148462 2.45533e-05
9.91138e+06 0 1 0 0.000118368
1.96001e+07 0.49499 0.589674 0 5.98562e-05
1.45598e+07 0.319654 0.789678 0.0499207 8.05772e-05
4.77814e+07 0.814563 0.619656 0.148462 2.45533e-05
3.83362e+07 0.742111 0.607436 0.0364005 3.06026e-05
3.83362e+07 0.742111 0.607436 0.0364005 3.06026e-05
1.33806e+07 0.25953 0.855438 0 8.76787e-05
1.00345e+07 0.0124088 0.910477 0 0.000116916
2.47995e+07 0.601252 0.452647 0 4.73069e-05
2.32309e+07 0.574083 0.587743 0.14842 5.05013e-05
3.83362e+07 0.742111 0.607436 0.0364005 3.06026e-05
4.3815e+07 0.821204 0.614546 0.189341 2.6776e-05
4.77814e+07 0.814563 0.619656 0.148462 2.45533e-05
1.51014e+07 0.344391 0.603933 0.0249603 7.76876e-05
4.77814e+07 0.814563 0.619656 0.148462 2.45533e-05
4.77814e+07 0.814563 0.619656 0.148462 2.45533e-05
3.81898e+07 0.874687 0.553896 0.198383 3.072e-05
4.77814e+07 0.814563 0.619656 0.148462 2.45533e-05
4.23938e+07 0.802235 0.541676 0.0863212 2.76736e-05
4.77814e+07 0.814563 0.619656 0.148462 2.45533e-05
3.81898e+07 0.874687 0.553896 0.198383 3.072e-05
4.77814e+07 0.814563 0.619656 0.148462 2.45533e-05
4.77814e+07 0.814563 0.619656 0.148462 2.45533e-05
3.83362e+07 0.742111 0.607436 0.0364005 3.06026e-05
4.23938e+07 0.802235 0.541676 0.0863212 2.76736e-05
4.77814e+07 0.814563 0.619656 0.148462 2.45533e-05
1.33806e+07 0.25953 0.855438 0 8.76787e-05
3.83362e+07 0.742111 0.607436 0.0364005 3.06026e-05
3.83362e+07 0.742111 0.607436 0.0364005 3.06026e-05
3.83362e+07 0.742111 0.607436 0.0364005 3.06026e-05
4.77814e+07 0.814563 0.619656 0.148462 2.45533e-05
4.1395e+07 0.881329 0.548786 0.239262 2.83413e-05
2.25775e+07 0.561674 0.636386 0.127981 5.19629e-05
4.23938e+07 0.802235 0.541676 0.0863212 2.76736e-05
2.2244e+07 0.555033 0.641496 0.0871012 5.27418e-05
4.77814e+07 0.814563 0.619656 0.148462 2.45533e-05
1.33806e+07 0.25953 0.855438 0 8.76787e-05
1.33806e+07 0.25953 0.855438 0 8.76787e-05
4.77814e+07 0.814563 0.619656 0.148462 2.45533e-05
3.81898e+07 0.874687 0.553896 0.198383 3.072e-05
