2.15017e+07 0.59914 0.575194 0.148736 6.19905e-05
1.94169e+07 0.556042 0.572887 0.0673529 6.86465e-05
1.38624e+07 0.378057 0.52945 0.0418725 9.61522e-05
3.10976e+07 0.723046 0.54068 0.0509608 4.28619e-05
1.85379e+07 0.534825 0.669208 0.0843764 7.19015e-05
2.02255e+07 0.573862 0.542986 0.0813836 6.59019e-05
3.42204e+07 0.748324 0.572887 0.118314 3.89505e-05
1.83702e+07 0.530764 0.54068 0 7.25579e-05
1.41572e+07 0.390572 0.855904 0.101922 9.41497e-05
3.42204e+07 0.748324 0.572887 0.118314 3.89505e-05
2.15017e+07 0.59914 0.575194 0.148736 6.19905e-05
3.10976e+07 0.723046 0.54068 0.0509608 4.28619e-05
3.17857e+07 0.729055 0.543865 0.101922 4.19339e-05
1.40191e+07 0.384564 0.852719 0.0509608 9.50777e-05
2.0742e+07 0.584439 0.57102 0.151468 6.42609e-05
3.68145e+07 0.766143 0.542986 0.132344 3.62059e-05
3.42204e+07 0.748324 0.572887 0.118314 3.89505e-05
2.02255e+07 0.573862 0.542986 0.0813836 6.59019e-05
3.10976e+07 0.723046 0.54068 0.0509608 4.28619e-05
3.68145e+07 0.766143 0.542986 0.132344 3.62059e-05
2.02255e+07 0.573862 0.542986 0.0813836 6.59019e-05
3.10976e+07 0.723046 0.54068 0.0509608 4.28619e-05
2.02255e+07 0.573862 0.542986 0.0813836 6.59019e-05
1.50718e+07 0.427661 0.763647 0.0866554 8.84365e-05
3.50556e+07 0.754333 0.576072 0.169275 3.80225e-05
1.40191e+07 0.384564 0.852719 0.0509608 9.50777e-05
2.15017e+07 0.59914 0.575194 0.148736 6.19905e-05
1.47685e+07 0.415851 0.804366 0.127402 9.02531e-05
1.39461e+07 0.38158 0.618878 0.045689 9.55754e-05
3.68145e+07 0.766143 0.542986 0.132344 3.62059e-05
2.02255e+07 0.573862 0.542986 0.0813836 6.59019e-05
2.8889e+07 0.701829 0.54068 0.042504 4.61387e-05
1.4348e+07 0.39886 0.712961 0.0509608 9.2898e-05
3.68145e+07 0.766143 0.542986 0.132344 3.62059e-05
1.41896e+07 0.392157 0.646912 0.115774 9.39351e-05
3.23356e+07 0.733623 0.568714 0.121046 4.12209e-05
1.83702e+07 0.530764 0.54068 0 7.25579e-05
3.17857e+07 0.729055 0.543865 0.101922 4.19339e-05
3.10976e+07 0.723046 0.54068 0.0509608 4.28619e-05
3.10976e+07 0.723046 0.54068 0.0509608 4.28619e-05
1.40191e+07 0.384564 0.852719 0.0509608 9.50777e-05
1.83702e+07 0.530764 0.54068 0 7.25579e-05
2.15017e+07 0.59914 0.575194 0.148736 6.19905e-05
2.15017e+07 0.59914 0.575194 0.148736 6.19905e-05
1.1668e+07 0.260658 0.71211 0.061175 0.000114236
2.02255e+07 0.573862 0.542986 0.0813836 6.59019e-05
1.83702e+07 0.530764 0.54068 0 7.25579e-05
4.89461e+07 0.89411 0.54068 0.0934648 2.7232e-05
3.68145e+07 0.766143 0.542986 0.132344 3.62059e-05
2.15017e+07 0.59914 0.575194 0.148736 6.19905e-05
3.10976e+07 0.723046 0.54068 0.0509608 4.28619e-05
3.42204e+07 0.748324 0.572887 0.118314 3.89505e-05
1.09058e+07 0.208868 0.789128 0.0509608 0.00012222
1.33226e+07 0.352779 0.548203 0 0.000100048
1.12831e+07 0.235379 0.763647 0.0356946 0.000118133
1.94169e+07 0.556042 0.572887 0.0673529 6.86465e-05
3.10976e+07 0.723046 0.54068 0.0509608 4.28619e-05
1.83702e+07 0.530764 0.54068 0 7.25579e-05
1.41572e+07 0.390572 0.855904 0.101922 9.41497e-05
1.08739e+07 0.206579 0.75832 0 0.000122577
1.33226e+07 0.352779 0.548203 0 0.000100048
1.38624e+07 0.378057 0.52945 0.0418725 9.61522e-05
2.99544e+07 0.712406 0.568714 0.112589 4.44977e-05
1.94169e+07 0.556042 0.572887 0.0673529 6.86465e-05
3.42204e+07 0.748324 0.572887 0.118314 3.89505e-05
1.4976e+07 0.424139 0.661423 0.0764413 8.90022e-05
1.94169e+07 0.556042 0.572887 0.0673529 6.86465e-05
1.94169e+07 0.556042 0.572887 0.0673529 6.86465e-05
2.15017e+07 0.59914 0.575194 0.148736 6.19905e-05
1.94169e+07 0.556042 0.572887 0.0673529 6.86465e-05
2.02255e+07 0.573862 0.542986 0.0813836 6.59019e-05
3.42204e+07 0.748324 0.572887 0.118314 3.89505e-05
2.15017e+07 0.59914 0.575194 0.148736 6.19905e-05
1.94169e+07 0.556042 0.572887 0.0673529 6.86465e-05
1.94169e+07 0.556042 0.572887 0.0673529 6.86465e-05
4.89461e+07 0.89411 0.54068 0.0934648 2.7232e-05
2.02255e+07 0.573862 0.542986 0.0813836 6.59019e-05
3.50556e+07 0.754333 0.576072 0.169275 3.80225e-05
1.40191e+07 0.384564 0.852719 0.0509608 9.50777e-05
3.10976e+07 0.723046 0.54068 0.0509608 4.28619e-05
1.83702e+07 0.530764 0.54068 0 7.25579e-05
2.8889e+07 0.701829 0.54068 0.042504 4.61387e-05
1.94169e+07 0.556042 0.572887 0.0673529 6.86465e-05
2.15017e+07 0.59914 0.575194 0.148736 6.19905e-05
1.35567e+07 0.363761 0.669208 0.0418725 9.83207e-05
2.02255e+07 0.573862 0.542986 0.0813836 6.59019e-05
1.94169e+07 0.556042 0.567286 0.0418725 6.86465e-05
3.42204e+07 0.748324 0.572887 0.118314 3.89505e-05
1.40191e+07 0.384564 0.852719 0.0509608 9.50777e-05
1.06825e+07 0.192282 0.852719 0 0.000124774
5.65939e+07 0.919389 0.572887 0.160818 2.3552e-05
2.15017e+07 0.59914 0.575194 0.148736 6.19905e-05
