3.23358e+07 0.745226 0.560668 0.160976 3.89928e-05
2.12667e+07 0.61199 0.687314 0.119776 5.92881e-05
1.46959e+07 0.438487 0.591912 0.0700146 8.57966e-05
2.32878e+07 0.645854 0.605063 0.0291613 5.41426e-05
1.43988e+07 0.426625 0.701202 0.0929034 8.75672e-05
2.77278e+07 0.702764 0.555006 0.0989722 4.54728e-05
2.18808e+07 0.622893 0.681592 0.142665 5.76241e-05
2.32878e+07 0.645854 0.605063 0.0291613 5.41426e-05
1.15257e+07 0.283499 0.810001 0 0.000109396
2.74108e+07 0.69922 0.616447 0.119776 4.59986e-05
2.41164e+07 0.657995 0.631535 0.160976 5.22823e-05
2.32878e+07 0.645854 0.605063 0.0291613 5.41426e-05
1.86982e+07 0.558624 0.675931 0.0291613 6.74321e-05
1.17037e+07 0.294403 0.815723 0.0286111 0.000107732
2.08661e+07 0.60463 0.620151 0.0703612 6.04263e-05
3.15521e+07 0.73883 0.577895 0.0703612 3.99613e-05
2.18808e+07 0.622893 0.681592 0.142665 5.76241e-05
3.77401e+07 0.826061 0.535198 0.0844466 3.3409e-05
2.32878e+07 0.645854 0.605063 0.0291613 5.41426e-05
2.6749e+07 0.69186 0.549284 0.0703612 4.71368e-05
3.77401e+07 0.826061 0.535198 0.0844466 3.3409e-05
3.74558e+07 0.780055 0.590978 0.0432467 3.36626e-05
3.15521e+07 0.73883 0.577895 0.0703612 3.99613e-05
1.08996e+07 0.242274 0.825089 0.0411999 0.000115679
2.12667e+07 0.61199 0.687314 0.119776 5.92881e-05
1.04172e+07 0.207172 0.829368 0 0.000121036
2.41164e+07 0.657995 0.631535 0.160976 5.22823e-05
1.1005e+07 0.249634 0.752223 0.0206 0.000114571
1.80346e+07 0.542562 0.556304 0 6.99133e-05
2.6749e+07 0.69186 0.549284 0.0703612 4.71368e-05
2.67293e+07 0.691534 0.620952 0.164792 4.71715e-05
3.74558e+07 0.780055 0.590978 0.0432467 3.36626e-05
1.19003e+07 0.306264 0.694988 0 0.000105952
2.6749e+07 0.69186 0.549284 0.0703612 4.71368e-05
1.40712e+07 0.413473 0.594268 0.034339 8.96056e-05
1.86982e+07 0.558624 0.675931 0.0291613 6.74321e-05
3.74558e+07 0.780055 0.590978 0.0432467 3.36626e-05
1.86982e+07 0.558624 0.675931 0.0291613 6.74321e-05
1.86982e+07 0.558624 0.675931 0.0291613 6.74321e-05
2.40262e+07 0.656758 0.610785 0.0577723 5.24786e-05
1.15257e+07 0.283499 0.810001 0 0.000109396
2.40262e+07 0.656758 0.610785 0.0577723 5.24786e-05
2.41164e+07 0.657995 0.631535 0.160976 5.22823e-05
2.41164e+07 0.657995 0.631535 0.160976 5.22823e-05
1.70858e+07 0.517071 0.61149 0.0758853 7.37959e-05
3.77401e+07 0.826061 0.535198 0.0844466 3.3409e-05
2.32664e+07 0.645528 0.599472 0.0849623 5.41923e-05
1.86982e+07 0.558624 0.675931 0.0291613 6.74321e-05
2.08661e+07 0.60463 0.620151 0.0703612 6.04263e-05
3.23358e+07 0.745226 0.560668 0.160976 3.89928e-05
2.40262e+07 0.656758 0.610785 0.0577723 5.24786e-05
2.12667e+07 0.61199 0.687314 0.119776 5.92881e-05
8.26212e+06 0 1 0 0.000152607
1.3424e+07 0.385121 0.621728 0 9.39255e-05
1.53933e+07 0.463705 0.740136 0.0552854 8.19099e-05
2.18808e+07 0.622893 0.681592 0.142665 5.76241e-05
2.40262e+07 0.656758 0.610785 0.0577723 5.24786e-05
3.85231e+07 0.790959 0.5967 0.0718578 3.273e-05
1.02772e+07 0.196268 0.880868 0 0.000122685
8.45288e+06 0.0227656 0.884987 0 0.000149163
1.54757e+07 0.466913 0.506638 0 8.14736e-05
1.95349e+07 0.577799 0.579702 0.121523 6.4544e-05
1.86982e+07 0.558624 0.675931 0.0291613 6.74321e-05
2.15475e+07 0.617102 0.683022 0.154115 5.85155e-05
3.24771e+07 0.74619 0.645058 0.119776 3.88231e-05
1.13461e+07 0.2724 0.63721 0.0206 0.000111128
2.12667e+07 0.61199 0.687314 0.119776 5.92881e-05
2.84493e+07 0.710124 0.667947 0.171276 4.43196e-05
3.23358e+07 0.745226 0.560668 0.160976 3.89928e-05
2.84493e+07 0.710124 0.667947 0.171276 4.43196e-05
2.08661e+07 0.60463 0.620151 0.0703612 6.04263e-05
2.74108e+07 0.69922 0.616447 0.119776 4.59986e-05
3.23358e+07 0.745226 0.560668 0.160976 3.89928e-05
3.24771e+07 0.74619 0.645058 0.119776 3.88231e-05
2.18808e+07 0.622893 0.681592 0.142665 5.76241e-05
1.86982e+07 0.558624 0.675931 0.0291613 6.74321e-05
2.77278e+07 0.702764 0.555006 0.0989722 4.54728e-05
2.12667e+07 0.61199 0.687314 0.119776 5.92881e-05
1.17037e+07 0.294403 0.815723 0.0286111 0.000107732
1.86982e+07 0.558624 0.675931 0.0291613 6.74321e-05
3.74558e+07 0.780055 0.590978 0.0432467 3.36626e-05
2.32878e+07 0.645854 0.605063 0.0291613 5.41426e-05
4.10436e+07 0.833421 0.602362 0.133861 3.072e-05
2.44781e+07 0.663107 0.627243 0.195315 5.15096e-05
1.42538e+07 0.420833 0.702632 0.104354 8.84577e-05
2.6749e+07 0.69186 0.549284 0.0703612 4.71368e-05
1.69786e+07 0.513855 0.687557 0.121514 7.42618e-05
2.12667e+07 0.61199 0.687314 0.119776 5.92881e-05
1.02772e+07 0.196268 0.880868 0 0.000122685
1.17037e+07 0.294403 0.815723 0.0286111 0.000107732
2.12667e+07 0.61199 0.687314 0.119776 5.92881e-05
2.41164e+07 0.657995 0.631535 0.160976 5.22823e-05
