6.03514e+07 0.705778 0.711796 0 1.90234e-05
3.24451e+07 0.451698 0.834641 0 3.53856e-05
1.89218e+07 0.0595501 0.824292 0 6.06756e-05
6.03514e+07 0.705778 0.711796 0 1.90234e-05
1.88619e+07 0.0564623 0.838892 0 6.08683e-05
5.68486e+07 0.762241 0.651381 0.0503461 2.01956e-05
3.61332e+07 0.50816 0.673533 0 3.17738e-05
6.03514e+07 0.705778 0.711796 0 1.90234e-05
6.03514e+07 0.705778 0.711796 0 1.90234e-05
6.03514e+07 0.705778 0.711796 0 1.90234e-05
3.24451e+07 0.451698 0.834641 0 3.53856e-05
6.03514e+07 0.705778 0.711796 0 1.90234e-05
3.24451e+07 0.451698 0.834641 0 3.53856e-05
5.60591e+07 0.86105 0.68942 0.168939 2.048e-05
3.24451e+07 0.451698 0.834641 0 3.53856e-05
3.24451e+07 0.451698 0.834641 0 3.53856e-05
3.61332e+07 0.50816 0.673533 0 3.17738e-05
6.03514e+07 0.705778 0.711796 0 1.90234e-05
6.03514e+07 0.705778 0.711796 0 1.90234e-05
6.03514e+07 0.705778 0.711796 0 1.90234e-05
6.03514e+07 0.705778 0.711796 0 1.90234e-05
6.03514e+07 0.705778 0.711796 0 1.90234e-05
3.24451e+07 0.451698 0.834641 0 3.53856e-05
3.66594e+07 0.515218 0.705755 0 3.13178e-05
3.24451e+07 0.451698 0.834641 0 3.53856e-05
3.61332e+07 0.50816 0.673533 0 3.17738e-05
3.24451e+07 0.451698 0.834641 0 3.53856e-05
3.24451e+07 0.451698 0.834641 0 3.53856e-05
1.78044e+07 0 1 0 6.44836e-05
6.03514e+07 0.705778 0.711796 0 1.90234e-05
3.33846e+07 0.467578 0.697699 0 3.43898e-05
6.03514e+07 0.705778 0.711796 0 1.90234e-05
4.00422e+07 0.765329 0.536088 0 2.8672e-05
6.03514e+07 0.705778 0.711796 0 1.90234e-05
1.80847e+07 0.01588 0.863059 0 6.34841e-05
3.24451e+07 0.451698 0.834641 0 3.53856e-05
6.03514e+07 0.705778 0.711796 0 1.90234e-05
3.24451e+07 0.451698 0.834641 0 3.53856e-05
3.24451e+07 0.451698 0.834641 0 3.53856e-05
5.68486e+07 0.762241 0.651381 0.0503461 2.01956e-05
6.03514e+07 0.705778 0.711796 0 1.90234e-05
5.68486e+07 0.762241 0.651381 0.0503461 2.01956e-05
3.24451e+07 0.451698 0.834641 0 3.53856e-05
3.24451e+07 0.451698 0.834641 0 3.53856e-05
6.03514e+07 0.705778 0.711796 0 1.90234e-05
6.03514e+07 0.705778 0.711796 0 1.90234e-05
3.33846e+07 0.467578 0.697699 0 3.43898e-05
3.24451e+07 0.451698 0.834641 0 3.53856e-05
3.24451e+07 0.451698 0.834641 0 3.53856e-05
6.03514e+07 0.705778 0.711796 0 1.90234e-05
5.68486e+07 0.762241 0.651381 0.0503461 2.01956e-05
3.24451e+07 0.451698 0.834641 0 3.53856e-05
1.78044e+07 0 1 0 6.44836e-05
1.89218e+07 0.0595501 0.824292 0 6.06756e-05
6.03514e+07 0.705778 0.711796 0 1.90234e-05
3.61332e+07 0.50816 0.673533 0 3.17738e-05
5.68486e+07 0.762241 0.651381 0.0503461 2.01956e-05
5.68486e+07 0.762241 0.651381 0.0503461 2.01956e-05
3.24451e+07 0.451698 0.834641 0 3.53856e-05
1.89218e+07 0.0595501 0.824292 0 6.06756e-05
1.89218e+07 0.0595501 0.824292 0 6.06756e-05
1.92437e+07 0.0754301 0.751794 0.0322215 5.96605e-05
3.24451e+07 0.451698 0.834641 0 3.53856e-05
3.33846e+07 0.467578 0.697699 0 3.43898e-05
3.24451e+07 0.451698 0.834641 0 3.53856e-05
3.63545e+07 0.511248 0.658933 0 3.15805e-05
3.24451e+07 0.451698 0.834641 0 3.53856e-05
5.68486e+07 0.762241 0.651381 0.0503461 2.01956e-05
6.03514e+07 0.705778 0.711796 0 1.90234e-05
5.68486e+07 0.762241 0.651381 0.0503461 2.01956e-05
3.24451e+07 0.451698 0.834641 0 3.53856e-05
6.03514e+07 0.705778 0.711796 0 1.90234e-05
6.03514e+07 0.705778 0.711796 0 1.90234e-05
3.24451e+07 0.451698 0.834641 0 3.53856e-05
3.61332e+07 0.50816 0.673533 0 3.17738e-05
3.24451e+07 0.451698 0.834641 0 3.53856e-05
5.68486e+07 0.762241 0.651381 0.0503461 2.01956e-05
3.24451e+07 0.451698 0.834641 0 3.53856e-05
5.68486e+07 0.762241 0.651381 0.0503461 2.01956e-05
3.24451e+07 0.451698 0.834641 0 3.53856e-05
6.03514e+07 0.705778 0.711796 0 1.90234e-05
6.03514e+07 0.705778 0.711796 0 1.90234e-05
6.03514e+07 0.705778 0.711796 0 1.90234e-05
3.33846e+07 0.467578 0.697699 0 3.43898e-05
1.93293e+07 0.0794001 0.863059 0.064443 5.93963e-05
6.03514e+07 0.705778 0.711796 0 1.90234e-05
2.58052e+07 0.310543 0.81674 0.0503461 4.44907e-05
3.24451e+07 0.451698 0.834641 0 3.53856e-05
3.95404e+07 0.550507 0.71381 0.0391581 2.90359e-05
5.60591e+07 0.92457 0.624977 0.201161 2.048e-05
3.24451e+07 0.451698 0.834641 0 3.53856e-05
3.24451e+07 0.451698 0.834641 0 3.53856e-05
