2.46555e+07 0.599016 0.643986 0.0488391 5.50328e-05
1.84751e+07 0.464479 0.73057 0.0488391 7.34425e-05
1.3749e+07 0.28045 0.670583 0.0303396 9.86878e-05
4.09323e+07 0.758641 0.695484 0.036999 3.31489e-05
1.38721e+07 0.286687 0.684756 0.0485802 9.78123e-05
2.35825e+07 0.580849 0.614726 0.0357457 5.75366e-05
3.551e+07 0.721858 0.614801 0.104079 3.82107e-05
2.15516e+07 0.541056 0.695484 0 6.29587e-05
2.33652e+07 0.576507 0.808774 0.073998 5.80719e-05
4.41686e+07 0.816601 0.643986 0.0858381 3.072e-05
1.84751e+07 0.464479 0.73057 0.0488391 7.34425e-05
4.09323e+07 0.758641 0.695484 0.036999 3.31489e-05
2.68011e+07 0.630903 0.784381 0.073998 5.0627e-05
3.31022e+07 0.701407 0.725526 0.197046 4.099e-05
1.69986e+07 0.417861 0.755435 0.0250992 7.98218e-05
2.63169e+07 0.624104 0.782068 0.036999 5.15585e-05
3.551e+07 0.721858 0.614801 0.104079 3.82107e-05
2.15516e+07 0.541056 0.695484 0 6.29587e-05
4.09323e+07 0.758641 0.695484 0.036999 3.31489e-05
4.09323e+07 0.758641 0.695484 0.036999 3.31489e-05
2.15516e+07 0.541056 0.695484 0 6.29587e-05
4.09323e+07 0.758641 0.695484 0.036999 3.31489e-05
1.66755e+07 0.406518 0.782068 0 8.13683e-05
1.75275e+07 0.43517 0.893045 0.036999 7.74131e-05
3.17757e+07 0.688863 0.732882 0.122837 4.27011e-05
1.88437e+07 0.474964 0.740795 0.036999 7.2006e-05
1.84751e+07 0.464479 0.73057 0.0488391 7.34425e-05
1.97878e+07 0.49993 0.78318 0.0924975 6.85706e-05
1.22082e+07 0.188933 0.889023 0 0.000111143
4.09323e+07 0.758641 0.695484 0.036999 3.31489e-05
1.66755e+07 0.406518 0.782068 0 8.13683e-05
2.15516e+07 0.541056 0.695484 0 6.29587e-05
2.49183e+07 0.603264 0.676519 0.036999 5.44524e-05
4.09323e+07 0.758641 0.695484 0.036999 3.31489e-05
1.23807e+07 0.200276 0.86239 0.0250992 0.000109595
2.71307e+07 0.635446 0.755435 0.0620982 5.0012e-05
2.15516e+07 0.541056 0.695484 0 6.29587e-05
2.68011e+07 0.630903 0.784381 0.073998 5.0627e-05
2.63169e+07 0.624104 0.782068 0.036999 5.15585e-05
4.38136e+07 0.798435 0.614726 0.0727447 3.09689e-05
2.29963e+07 0.569708 0.806461 0.036999 5.90035e-05
2.35825e+07 0.580849 0.614726 0.0357457 5.75366e-05
1.84751e+07 0.464479 0.73057 0.0488391 7.34425e-05
1.84751e+07 0.464479 0.73057 0.0488391 7.34425e-05
1.67716e+07 0.410083 0.694283 0.0184995 8.09023e-05
2.15516e+07 0.541056 0.695484 0 6.29587e-05
1.66755e+07 0.406518 0.782068 0 8.13683e-05
2.63169e+07 0.624104 0.782068 0.036999 5.15585e-05
2.63169e+07 0.624104 0.782068 0.036999 5.15585e-05
2.46555e+07 0.599016 0.643986 0.0488391 5.50328e-05
4.38136e+07 0.798435 0.614726 0.0727447 3.09689e-05
3.10973e+07 0.682064 0.73057 0.0858381 4.36327e-05
1.2954e+07 0.235728 0.851483 0.036999 0.000104745
1.27294e+07 0.22249 0.759081 0 0.000106593
1.52777e+07 0.352122 0.806461 0 8.88133e-05
1.99478e+07 0.504272 0.614801 0.0670797 6.80205e-05
4.38136e+07 0.798435 0.614726 0.0727447 3.09689e-05
2.35825e+07 0.580849 0.614726 0.0357457 5.75366e-05
1.7741e+07 0.44197 0.895358 0.073998 7.64816e-05
1.32184e+07 0.251142 0.79606 0 0.000102649
1.27294e+07 0.22249 0.759081 0 0.000106593
1.3749e+07 0.28045 0.670583 0.0303396 9.86878e-05
1.69986e+07 0.417861 0.755435 0.0250992 7.98218e-05
1.84751e+07 0.464479 0.73057 0.0488391 7.34425e-05
3.10973e+07 0.682064 0.73057 0.0858381 4.36327e-05
2.089e+07 0.526687 0.650925 0.0554985 6.49526e-05
1.84751e+07 0.464479 0.73057 0.0488391 7.34425e-05
2.73583e+07 0.63881 0.599708 0.102825 4.95959e-05
2.46555e+07 0.599016 0.643986 0.0488391 5.50328e-05
2.73583e+07 0.63881 0.599708 0.102825 4.95959e-05
1.66755e+07 0.406518 0.782068 0 8.13683e-05
4.41686e+07 0.816601 0.643986 0.0858381 3.072e-05
2.46555e+07 0.599016 0.643986 0.0488391 5.50328e-05
1.84751e+07 0.464479 0.73057 0.0488391 7.34425e-05
1.99478e+07 0.504272 0.614801 0.0670797 6.80205e-05
2.63169e+07 0.624104 0.782068 0.036999 5.15585e-05
2.35825e+07 0.580849 0.614726 0.0357457 5.75366e-05
3.17757e+07 0.688863 0.732882 0.122837 4.27011e-05
2.53233e+07 0.609501 0.725703 0.0727447 5.35814e-05
2.63169e+07 0.624104 0.782068 0.036999 5.15585e-05
2.15516e+07 0.541056 0.695484 0 6.29587e-05
2.15516e+07 0.541056 0.695484 0 6.29587e-05
2.46555e+07 0.599016 0.643986 0.0488391 5.50328e-05
1.84751e+07 0.464479 0.73057 0.0488391 7.34425e-05
1.31443e+07 0.246894 0.800525 0.0303396 0.000103228
2.15516e+07 0.541056 0.695484 0 6.29587e-05
2.73583e+07 0.63881 0.595666 0.0843259 4.95959e-05
3.10973e+07 0.682064 0.73057 0.0858381 4.36327e-05
2.0913e+07 0.527076 0.696341 0.063036 6.48813e-05
1.91647e+07 0.483822 0.725526 0.160047 7.07998e-05
3.10973e+07 0.682064 0.73057 0.0858381 4.36327e-05
1.84751e+07 0.464479 0.73057 0.0488391 7.34425e-05
