4.16488e+07 0.85807 0.598073 0.173345 3.072e-05
3.99662e+07 0.81051 0.576417 0.096863 3.20133e-05
1.5466e+07 0.452288 0.519891 0.0319168 8.27265e-05
3.49935e+07 0.758201 0.589193 0.0261856 3.65625e-05
1.43286e+07 0.40828 0.670842 0.0319168 8.92935e-05
4.15428e+07 0.805761 0.61085 0.102668 3.07984e-05
3.99662e+07 0.81051 0.576417 0.096863 3.20133e-05
3.49935e+07 0.758201 0.589193 0.0261856 3.65625e-05
1.41874e+07 0.40223 0.775682 0 9.0182e-05
3.99662e+07 0.81051 0.576417 0.096863 3.20133e-05
4.16488e+07 0.85807 0.598073 0.173345 3.072e-05
3.67444e+07 0.856123 0.546273 0.0556735 3.48203e-05
3.49935e+07 0.758201 0.589193 0.0261856 3.65625e-05
1.41874e+07 0.40223 0.775682 0 9.0182e-05
4.15428e+07 0.805761 0.61085 0.102668 3.07984e-05
4.15428e+07 0.805761 0.61085 0.102668 3.07984e-05
3.99662e+07 0.81051 0.576417 0.096863 3.20133e-05
4.15428e+07 0.805761 0.61085 0.102668 3.07984e-05
3.49935e+07 0.758201 0.589193 0.0261856 3.65625e-05
4.15428e+07 0.805761 0.61085 0.102668 3.07984e-05
4.15428e+07 0.805761 0.61085 0.102668 3.07984e-05
3.49935e+07 0.758201 0.589193 0.0261856 3.65625e-05
4.15428e+07 0.805761 0.61085 0.102668 3.07984e-05
1.541e+07 0.449789 0.724009 0.0398172 8.30274e-05
3.99662e+07 0.81051 0.576417 0.096863 3.20133e-05
1.41874e+07 0.40223 0.775682 0 9.0182e-05
4.16488e+07 0.85807 0.598073 0.173345 3.072e-05
1.89351e+07 0.55246 0.656153 0.0682485 6.75704e-05
1.42159e+07 0.403532 0.703162 0.0366648 9.00012e-05
4.15428e+07 0.805761 0.61085 0.102668 3.07984e-05
4.15428e+07 0.805761 0.61085 0.102668 3.07984e-05
3.49935e+07 0.758201 0.589193 0.0261856 3.65625e-05
1.85883e+07 0.54416 0.674264 0.0757142 6.88308e-05
4.15428e+07 0.805761 0.61085 0.102668 3.07984e-05
1.42159e+07 0.403532 0.703162 0.0366648 9.00012e-05
3.49935e+07 0.758201 0.589193 0.0261856 3.65625e-05
3.49935e+07 0.758201 0.589193 0.0261856 3.65625e-05
3.49935e+07 0.758201 0.589193 0.0261856 3.65625e-05
3.49935e+07 0.758201 0.589193 0.0261856 3.65625e-05
3.49935e+07 0.758201 0.589193 0.0261856 3.65625e-05
1.69602e+07 0.500152 0.732763 0.0294879 7.54384e-05
3.49935e+07 0.758201 0.589193 0.0261856 3.65625e-05
4.16488e+07 0.85807 0.598073 0.173345 3.072e-05
4.16488e+07 0.85807 0.598073 0.173345 3.072e-05
1.70237e+07 0.502098 0.647399 0.0785778 7.5157e-05
4.15428e+07 0.805761 0.61085 0.102668 3.07984e-05
3.49935e+07 0.758201 0.589193 0.0261856 3.65625e-05
3.49935e+07 0.758201 0.589193 0.0261856 3.65625e-05
4.15428e+07 0.805761 0.61085 0.102668 3.07984e-05
4.16488e+07 0.85807 0.598073 0.173345 3.072e-05
3.49935e+07 0.758201 0.589193 0.0261856 3.65625e-05
3.99662e+07 0.81051 0.576417 0.096863 3.20133e-05
8.48668e+06 0 1 0 0.00015076
1.41257e+07 0.39998 0.610188 0 9.05763e-05
1.87366e+07 0.547712 0.68109 0.0693052 6.82863e-05
3.99662e+07 0.81051 0.576417 0.096863 3.20133e-05
3.49935e+07 0.758201 0.589193 0.0261856 3.65625e-05
3.49935e+07 0.758201 0.589193 0.0261856 3.65625e-05
1.69602e+07 0.500152 0.732763 0.0294879 7.54384e-05
8.87458e+06 0.0440082 0.849049 0 0.00014417
1.41257e+07 0.39998 0.610188 0 9.05763e-05
1.5466e+07 0.452288 0.519891 0.0319168 8.27265e-05
3.49935e+07 0.758201 0.589193 0.0261856 3.65625e-05
3.99662e+07 0.81051 0.576417 0.096863 3.20133e-05
3.99662e+07 0.81051 0.576417 0.096863 3.20133e-05
2.09874e+07 0.596468 0.597654 0.114475 6.09629e-05
3.99662e+07 0.81051 0.576417 0.096863 3.20133e-05
3.99662e+07 0.81051 0.576417 0.096863 3.20133e-05
4.16488e+07 0.85807 0.598073 0.173345 3.072e-05
3.99662e+07 0.81051 0.576417 0.096863 3.20133e-05
4.15428e+07 0.805761 0.61085 0.102668 3.07984e-05
3.99662e+07 0.81051 0.576417 0.096863 3.20133e-05
4.16488e+07 0.85807 0.598073 0.173345 3.072e-05
3.99662e+07 0.81051 0.576417 0.096863 3.20133e-05
3.99662e+07 0.81051 0.576417 0.096863 3.20133e-05
3.49935e+07 0.758201 0.589193 0.0261856 3.65625e-05
4.15428e+07 0.805761 0.61085 0.102668 3.07984e-05
3.99662e+07 0.81051 0.576417 0.096863 3.20133e-05
1.69602e+07 0.500152 0.732763 0.0294879 7.54384e-05
3.49935e+07 0.758201 0.589193 0.0261856 3.65625e-05
3.49935e+07 0.758201 0.589193 0.0261856 3.65625e-05
3.49935e+07 0.758201 0.589193 0.0261856 3.65625e-05
3.99662e+07 0.81051 0.576417 0.096863 3.20133e-05
4.16488e+07 0.85807 0.598073 0.173345 3.072e-05
1.43286e+07 0.40828 0.670842 0.0319168 8.92935e-05
4.15428e+07 0.805761 0.61085 0.102668 3.07984e-05
1.43286e+07 0.40828 0.670842 0.0319168 8.92935e-05
3.99662e+07 0.81051 0.576417 0.096863 3.20133e-05
1.41874e+07 0.40223 0.775682 0 9.0182e-05
1.41874e+07 0.40223 0.775682 0 9.0182e-05
3.99662e+07 0.81051 0.576417 0.096863 3.20133e-05
3.31808e+07 0.955992 0.555154 0.202833 3.856e-05
