3.40802e+07 0.425962 0.870604 0 3.78546e-05
3.40802e+07 0.425962 0.870604 0 3.78546e-05
2.29777e+07 0.149424 0.637616 0.0792884 5.61453e-05
7.41917e+07 0.736758 0.805042 0 1.73886e-05
1.95778e+07 0 1 0 6.58955e-05
3.40802e+07 0.425962 0.870604 0 3.78546e-05
7.41917e+07 0.736758 0.805042 0 1.73886e-05
3.48268e+07 0.438491 0.811137 0 3.7043e-05
7.41917e+07 0.736758 0.805042 0 1.73886e-05
7.41917e+07 0.736758 0.805042 0 1.73886e-05
3.48268e+07 0.438491 0.811137 0 3.7043e-05
7.41917e+07 0.736758 0.805042 0 1.73886e-05
7.41917e+07 0.736758 0.805042 0 1.73886e-05
6.29927e+07 0.825421 0.713051 0.0292238 2.048e-05
3.40802e+07 0.425962 0.870604 0 3.78546e-05
7.41917e+07 0.736758 0.805042 0 1.73886e-05
7.41917e+07 0.736758 0.805042 0 1.73886e-05
3.40802e+07 0.425962 0.870604 0 3.78546e-05
6.97497e+07 0.749286 0.745576 0 1.8496e-05
7.41917e+07 0.736758 0.805042 0 1.73886e-05
3.40802e+07 0.425962 0.870604 0 3.78546e-05
7.41917e+07 0.736758 0.805042 0 1.73886e-05
3.40802e+07 0.425962 0.870604 0 3.78546e-05
7.41917e+07 0.736758 0.805042 0 1.73886e-05
7.41917e+07 0.736758 0.805042 0 1.73886e-05
6.66063e+07 0.749384 0.762427 0.0327808 1.93689e-05
3.40802e+07 0.425962 0.870604 0 3.78546e-05
7.41917e+07 0.736758 0.805042 0 1.73886e-05
1.95778e+07 0 1 0 6.58955e-05
7.41917e+07 0.736758 0.805042 0 1.73886e-05
3.40802e+07 0.425962 0.870604 0 3.78546e-05
3.40802e+07 0.425962 0.870604 0 3.78546e-05
3.92554e+07 0.836066 0.520848 0 3.2864e-05
7.41917e+07 0.736758 0.805042 0 1.73886e-05
1.95778e+07 0 1 0 6.58955e-05
7.41917e+07 0.736758 0.805042 0 1.73886e-05
3.48268e+07 0.438491 0.811137 0 3.7043e-05
6.97497e+07 0.749286 0.745576 0 1.8496e-05
6.97497e+07 0.749286 0.745576 0 1.8496e-05
7.41917e+07 0.736758 0.805042 0 1.73886e-05
6.66063e+07 0.749384 0.762427 0.0327808 1.93689e-05
3.48268e+07 0.438491 0.811137 0 3.7043e-05
3.48268e+07 0.438491 0.811137 0 3.7043e-05
3.40802e+07 0.425962 0.870604 0 3.78546e-05
3.40802e+07 0.425962 0.870604 0 3.78546e-05
3.40802e+07 0.425962 0.870604 0 3.78546e-05
3.40802e+07 0.425962 0.870604 0 3.78546e-05
7.41917e+07 0.736758 0.805042 0 1.73886e-05
7.41917e+07 0.736758 0.805042 0 1.73886e-05
3.40802e+07 0.425962 0.870604 0 3.78546e-05
7.41917e+07 0.736758 0.805042 0 1.73886e-05
7.41917e+07 0.736758 0.805042 0 1.73886e-05
2.84e+07 0.310795 0.934438 0 4.54257e-05
2.33206e+07 0.161953 0.631009 0.105718 5.53197e-05
3.40802e+07 0.425962 0.870604 0 3.78546e-05
3.48268e+07 0.438491 0.811137 0 3.7043e-05
7.41917e+07 0.736758 0.805042 0 1.73886e-05
3.40802e+07 0.425962 0.870604 0 3.78546e-05
7.41917e+07 0.736758 0.805042 0 1.73886e-05
3.38289e+07 0.42273 0.60763 0.0327808 3.81357e-05
2.1714e+07 0.0993088 0.715806 0 5.94127e-05
2.1714e+07 0.0993088 0.715806 0 5.94127e-05
3.40802e+07 0.425962 0.870604 0 3.78546e-05
3.40802e+07 0.425962 0.870604 0 3.78546e-05
7.41917e+07 0.736758 0.805042 0 1.73886e-05
3.92554e+07 0.836066 0.520848 0 3.2864e-05
3.40802e+07 0.425962 0.870604 0 3.78546e-05
3.40802e+07 0.425962 0.870604 0 3.78546e-05
3.40802e+07 0.425962 0.870604 0 3.78546e-05
3.40802e+07 0.425962 0.870604 0 3.78546e-05
3.48268e+07 0.438491 0.811137 0 3.7043e-05
7.41917e+07 0.736758 0.805042 0 1.73886e-05
3.40802e+07 0.425962 0.870604 0 3.78546e-05
3.40802e+07 0.425962 0.870604 0 3.78546e-05
3.40802e+07 0.425962 0.870604 0 3.78546e-05
7.41917e+07 0.736758 0.805042 0 1.73886e-05
3.40802e+07 0.425962 0.870604 0 3.78546e-05
7.41917e+07 0.736758 0.805042 0 1.73886e-05
7.41917e+07 0.736758 0.805042 0 1.73886e-05
7.41917e+07 0.736758 0.805042 0 1.73886e-05
3.40802e+07 0.425962 0.870604 0 3.78546e-05
3.40802e+07 0.425962 0.870604 0 3.78546e-05
3.40802e+07 0.425962 0.870604 0 3.78546e-05
3.40802e+07 0.425962 0.870604 0 3.78546e-05
1.95778e+07 0 1 0 6.58955e-05
3.40802e+07 0.425962 0.870604 0 3.78546e-05
2.84e+07 0.310795 0.934438 0 4.54257e-05
6.97497e+07 0.749286 0.745576 0 1.8496e-05
5.78762e+07 0.888162 0.630206 0.160273 2.22905e-05
4.02736e+07 0.514625 0.778613 0.0292238 3.20331e-05
7.41917e+07 0.736758 0.805042 0 1.73886e-05
3.40802e+07 0.425962 0.870604 0 3.78546e-05
