3.07985e+07 0.53549 0.792163 0.0343993 4.43577e-05
2.21837e+07 0.354631 0.868655 0.0343993 6.15836e-05
2.95795e+07 0.517362 0.542862 0.138586 4.61857e-05
4.77656e+07 0.700789 0.759025 0 2.86011e-05
2.29885e+07 0.377238 0.862365 0.0595612 5.94276e-05
2.91226e+07 0.508647 0.813118 0.0314524 4.69104e-05
3.50633e+07 0.591988 0.814562 0.0595612 3.89624e-05
2.8399e+07 0.496269 0.755591 0 4.81055e-05
2.39539e+07 0.40232 0.877199 0.0239015 5.70325e-05
5.71791e+07 0.75024 0.74436 0.0343993 2.38925e-05
2.25353e+07 0.364861 0.817419 0.0343993 6.06228e-05
4.77656e+07 0.700789 0.759025 0 2.86011e-05
3.02332e+07 0.52664 0.83701 0.0239015 4.5187e-05
2.4608e+07 0.418217 0.881996 0.0314524 5.55165e-05
2.0608e+07 0.30518 0.88332 0 6.62923e-05
2.9811e+07 0.519929 0.835516 0 4.5827e-05
3.50633e+07 0.591988 0.814562 0.0595612 3.89624e-05
2.78429e+07 0.486039 0.806828 0 4.90664e-05
4.94261e+07 0.711019 0.707788 0 2.76403e-05
4.77656e+07 0.700789 0.759025 0 2.86011e-05
2.78429e+07 0.486039 0.806828 0 4.90664e-05
4.77656e+07 0.700789 0.759025 0 2.86011e-05
2.0608e+07 0.30518 0.88332 0 6.62923e-05
1.94044e+07 0.26223 0.867645 0 7.04041e-05
3.37501e+07 0.576091 0.822346 0.0583008 4.04784e-05
1.87767e+07 0.237357 0.895583 0 7.27577e-05
2.21837e+07 0.354631 0.868655 0.0343993 6.15836e-05
1.96377e+07 0.270912 0.870228 0.0239015 6.95676e-05
2.0608e+07 0.30518 0.88332 0 6.62923e-05
4.77656e+07 0.700789 0.759025 0 2.86011e-05
2.0608e+07 0.30518 0.88332 0 6.62923e-05
2.78429e+07 0.486039 0.806828 0 4.90664e-05
2.94017e+07 0.514141 0.613871 0 4.6465e-05
4.77656e+07 0.700789 0.759025 0 2.86011e-05
2.0608e+07 0.30518 0.88332 0 6.62923e-05
2.9811e+07 0.519929 0.835516 0 4.5827e-05
2.8399e+07 0.496269 0.755591 0 4.81055e-05
3.08901e+07 0.53687 0.785774 0.0239015 4.42261e-05
3.04495e+07 0.530159 0.78428 0 4.48661e-05
5.16598e+07 0.723396 0.765315 0.0314524 2.64451e-05
2.36881e+07 0.395609 0.875705 0 5.76725e-05
2.97315e+07 0.518877 0.761882 0.0314524 4.59495e-05
2.25353e+07 0.364861 0.817419 0.0343993 6.06228e-05
2.21837e+07 0.354631 0.868655 0.0343993 6.15836e-05
1.86005e+07 0.230311 0.840045 0 7.3447e-05
2.78429e+07 0.486039 0.806828 0 4.90664e-05
2.0608e+07 0.30518 0.88332 0 6.62923e-05
2.9811e+07 0.519929 0.835516 0 4.5827e-05
2.9811e+07 0.519929 0.835516 0 4.5827e-05
3.07985e+07 0.53549 0.792163 0.0343993 4.43577e-05
5.16598e+07 0.723396 0.765315 0.0314524 2.64451e-05
3.32248e+07 0.569381 0.820852 0.0343993 4.11184e-05
1.83976e+07 0.221461 0.953691 0.0239015 7.4257e-05
2.73685e+07 0.478141 0.551833 0.126958 4.99168e-05
1.74836e+07 0.18086 0.923508 0 7.8139e-05
2.33663e+07 0.387468 0.811128 0.0595612 5.84668e-05
5.16598e+07 0.723396 0.765315 0.0314524 2.64451e-05
2.91226e+07 0.508647 0.813118 0.0314524 4.69104e-05
1.83976e+07 0.221461 0.953691 0.0239015 7.4257e-05
2.14516e+07 0.333282 0.690363 0 6.36851e-05
2.58709e+07 0.447451 0.659495 0.104186 5.28064e-05
2.71207e+07 0.473163 0.606822 0.0343993 5.0373e-05
2.0608e+07 0.30518 0.88332 0 6.62923e-05
2.21837e+07 0.354631 0.868655 0.0343993 6.15836e-05
3.32248e+07 0.569381 0.820852 0.0343993 4.11184e-05
2.31563e+07 0.382733 0.606901 0 5.8997e-05
2.21837e+07 0.354631 0.868655 0.0343993 6.15836e-05
3.23832e+07 0.558098 0.848778 0.0910137 4.2187e-05
3.07985e+07 0.53549 0.792163 0.0343993 4.43577e-05
3.23832e+07 0.558098 0.848778 0.0910137 4.2187e-05
2.09111e+07 0.31541 0.832083 0 6.53314e-05
5.71791e+07 0.75024 0.74436 0.0343993 2.38925e-05
3.07985e+07 0.53549 0.792163 0.0343993 4.43577e-05
2.21837e+07 0.354631 0.868655 0.0343993 6.15836e-05
2.29885e+07 0.377238 0.862365 0.0595612 5.94276e-05
2.9811e+07 0.519929 0.835516 0 4.5827e-05
2.91226e+07 0.508647 0.813118 0.0314524 4.69104e-05
3.37501e+07 0.576091 0.822346 0.0583008 4.04784e-05
2.4608e+07 0.418217 0.881996 0.0314524 5.55165e-05
2.9811e+07 0.519929 0.835516 0 4.5827e-05
2.78429e+07 0.486039 0.806828 0 4.90664e-05
2.78429e+07 0.486039 0.806828 0 4.90664e-05
3.07985e+07 0.53549 0.792163 0.0343993 4.43577e-05
2.21837e+07 0.354631 0.868655 0.0343993 6.15836e-05
2.39292e+07 0.402111 0.784104 0.0343993 5.70912e-05
2.78429e+07 0.486039 0.806828 0 4.90664e-05
6.28932e+07 0.772848 0.800975 0.0910137 2.17218e-05
3.40198e+07 0.579611 0.769616 0.0343993 4.01575e-05
1.87196e+07 0.23521 0.850228 0 7.29795e-05
1.91147e+07 0.250947 0.887523 0.0525903 7.1471e-05
3.32248e+07 0.569381 0.820852 0.0343993 4.11184e-05
2.21837e+07 0.354631 0.868655 0.0343993 6.15836e-05
