3.5265e+07 0.872179 0.569486 0.220871 3.9552e-05
3.57275e+07 0.829424 0.516691 0.144151 3.904e-05
1.38748e+07 0.417904 0.503863 0.0850812 0.000100528
3.32945e+07 0.75772 0.568304 0.0433056 4.18929e-05
1.36055e+07 0.406027 0.651059 0.087245 0.000102517
4.23065e+07 0.809382 0.644962 0.168184 3.29689e-05
3.26247e+07 0.752821 0.529117 0.131045 4.27528e-05
3.93958e+07 0.845606 0.550005 0.0799037 3.54048e-05
1.44972e+07 0.442548 0.68326 0.0178045 9.62114e-05
3.35288e+07 0.831799 0.498701 0.125358 4.16e-05
3.69777e+07 0.781918 0.605775 0.203067 3.77201e-05
3.32945e+07 0.75772 0.568304 0.0433056 4.18929e-05
2.46788e+07 0.672951 0.533684 0.0255012 5.6518e-05
1.46516e+07 0.448337 0.760042 0.0471695 9.51978e-05
2.76353e+07 0.707838 0.675378 0.121015 5.04717e-05
2.76353e+07 0.707838 0.675378 0.121015 5.04717e-05
3.26247e+07 0.752821 0.529117 0.131045 4.27528e-05
3.9949e+07 0.7981 0.639089 0.138819 3.49145e-05
3.32945e+07 0.75772 0.568304 0.0433056 4.18929e-05
3.9949e+07 0.7981 0.639089 0.138819 3.49145e-05
3.9949e+07 0.7981 0.639089 0.138819 3.49145e-05
3.32945e+07 0.75772 0.568304 0.0433056 4.18929e-05
2.76353e+07 0.707838 0.675378 0.121015 5.04717e-05
1.31912e+07 0.387173 0.793981 0.0618829 0.000105737
3.1241e+07 0.747031 0.464081 0.107553 4.46464e-05
1.25918e+07 0.358076 0.737601 0 0.00011077
3.69777e+07 0.781918 0.605775 0.203067 3.77201e-05
1.40822e+07 0.426366 0.52244 0.018299 9.90472e-05
1.26505e+07 0.361045 0.710152 0.0336307 0.000110256
3.9949e+07 0.7981 0.639089 0.138819 3.49145e-05
2.76353e+07 0.707838 0.675378 0.121015 5.04717e-05
3.32945e+07 0.75772 0.568304 0.0433056 4.18929e-05
1.46901e+07 0.44997 0.654791 0.0178045 9.49482e-05
3.9949e+07 0.7981 0.639089 0.138819 3.49145e-05
1.26505e+07 0.361045 0.710152 0.0336307 0.000110256
2.42785e+07 0.667458 0.604593 0.0255012 5.74501e-05
3.32945e+07 0.75772 0.568304 0.0433056 4.18929e-05
2.46788e+07 0.672951 0.533684 0.0255012 5.6518e-05
2.42785e+07 0.667458 0.604593 0.0255012 5.74501e-05
3.4916e+07 0.769002 0.574177 0.0726707 3.99473e-05
1.43582e+07 0.437055 0.754169 0.0178045 9.71434e-05
3.4916e+07 0.769002 0.574177 0.0726707 3.99473e-05
3.69777e+07 0.781918 0.605775 0.203067 3.77201e-05
3.69777e+07 0.781918 0.605775 0.203067 3.77201e-05
1.8007e+07 0.551514 0.560584 0.0979864 7.74588e-05
3.9949e+07 0.7981 0.639089 0.138819 3.49145e-05
2.42785e+07 0.667458 0.604593 0.0255012 5.74501e-05
2.42785e+07 0.667458 0.604593 0.0255012 5.74501e-05
2.76353e+07 0.707838 0.675378 0.121015 5.04717e-05
3.5265e+07 0.872179 0.569486 0.220871 3.9552e-05
3.4916e+07 0.769002 0.574177 0.0726707 3.99473e-05
3.12047e+07 0.741538 0.53499 0.107553 4.46984e-05
8.13249e+06 0.00549287 0.929091 0 0.00017151
1.23131e+07 0.343824 0.567407 0 0.000113277
1.54668e+07 0.477435 0.757692 0.0796873 9.01802e-05
3.26247e+07 0.752821 0.529117 0.131045 4.27528e-05
3.4916e+07 0.769002 0.574177 0.0726707 3.99473e-05
3.4916e+07 0.769002 0.574177 0.0726707 3.99473e-05
1.24794e+07 0.352286 0.719549 0 0.000111769
8.19317e+06 0.0129157 0.900623 0 0.000170239
1.21276e+07 0.333581 0.663755 0 0.00011501
1.36374e+07 0.40766 0.557554 0.063753 0.000102278
2.42785e+07 0.667458 0.604593 0.0255012 5.74501e-05
3.12047e+07 0.741538 0.53499 0.107553 4.46984e-05
3.12047e+07 0.741538 0.53499 0.107553 4.46984e-05
1.42634e+07 0.433789 0.493971 0.018299 9.77887e-05
3.57275e+07 0.829424 0.516691 0.144151 3.904e-05
3.5265e+07 0.843082 0.551558 0.178215 3.9552e-05
3.5265e+07 0.872179 0.569486 0.220871 3.9552e-05
3.5265e+07 0.843082 0.551558 0.178215 3.9552e-05
2.76353e+07 0.707838 0.675378 0.121015 5.04717e-05
3.35288e+07 0.831799 0.498701 0.125358 4.16e-05
3.5265e+07 0.872179 0.569486 0.220871 3.9552e-05
3.57275e+07 0.829424 0.516691 0.144151 3.904e-05
3.26247e+07 0.752821 0.529117 0.131045 4.27528e-05
2.42785e+07 0.667458 0.604593 0.0255012 5.74501e-05
4.23065e+07 0.809382 0.644962 0.168184 3.29689e-05
3.1241e+07 0.747031 0.464081 0.107553 4.46464e-05
1.46516e+07 0.448337 0.760042 0.0471695 9.51978e-05
3.29721e+07 0.755344 0.586293 0.0620992 4.23025e-05
3.32945e+07 0.75772 0.568304 0.0433056 4.18929e-05
3.32945e+07 0.75772 0.568304 0.0433056 4.18929e-05
3.35288e+07 0.831799 0.498701 0.125358 4.16e-05
3.69777e+07 0.781918 0.605775 0.203067 3.77201e-05
1.33521e+07 0.394745 0.656932 0.063753 0.000104463
4.54036e+07 0.885986 0.62079 0.175417 3.072e-05
1.60397e+07 0.496289 0.637891 0.11661 8.69594e-05
3.12047e+07 0.741538 0.53499 0.107553 4.46984e-05
1.25698e+07 0.357037 0.694109 0 0.000110965
1.46516e+07 0.448337 0.760042 0.0471695 9.51978e-05
3.12047e+07 0.741538 0.53499 0.107553 4.46984e-05
3.69777e+07 0.781918 0.605775 0.203067 3.77201e-05
