1e+08 1 0.666667 0.666667 2.4e-07
3.33333e+07 1 0.714286 0.714286 2.4e-07
3.33333e+07 1 0.333333 0.190476 2.4e-07
1e+08 1 0.636364 0.272727 3.2e-07
3.33333e+07 1 0.555556 0.444444 2.4e-07
1.94175e+07 1 0.333333 0.333333 1.236e-06
3.33333e+07 1 0.636364 0.545455 2.4e-07
1e+08 1 0.666667 0.333333 8e-08
6.25e+07 1 0.428571 0.428571 5.12e-07
2.5e+07 1 0.611111 0.555556 3.2e-07
3.33333e+07 1 0.5 0.5 2.4e-07
1.15942e+07 1 0.75 0.625 6.9e-07
3.47826e+07 1 0.642857 0.642857 4.6e-07
1.73913e+07 1 0.6 0.5 4.6e-07
1.73913e+07 1 0.714286 0.714286 4.6e-07
3.33333e+07 1 0.555556 0.555556 2.4e-07
6.95652e+07 1 0.611111 0.611111 4.6e-07
1e+08 1 0.222222 0.222222 3.2e-07
1.15942e+07 1 0.692308 0.538462 6.9e-07
6.95652e+07 1 0.631579 0.631579 4.6e-07
1.94175e+07 1 0.5 0.5 4.12e-07
3.33333e+07 1 0.62963 0.518519 2.4e-07
6.25e+07 1 0.5 0.5 5.12e-07
3.33333e+07 1 0.590164 0.590164 2.4e-07
3.33333e+07 0.982533 0.375 0.375 2.4e-07
3.33333e+07 1 0.8 0.8 2.4e-07
8.69565e+06 1 0.826087 0.782609 9.2e-07
5.35714e+07 1 0.612903 0.419355 4.48e-07
1.5625e+07 1 0.68 0.6 5.12e-07
1.78571e+07 0.987539 0.387097 0.258065 4.48e-07
1.78571e+07 0.988042 0.424242 0.30303 4.48e-07
3.33333e+07 1 0.6 0.5 2.4e-07
3.33333e+07 1 0.6 0.5 2.4e-07
1.78571e+07 1 0.6 0.6 4.48e-07
1.15942e+07 1 0.555556 0.555556 6.9e-07
1.94175e+07 1 0.578947 0.473684 4.12e-07
1.5625e+07 1 0.6 0.6 5.12e-07
2.31884e+07 0.979203 0.37037 0.296296 6.9e-07
1.81324e+07 0.953191 0.222222 0.166667 4.412e-07
1e+08 1 0.714286 0.571429 8e-08
