5.98563e+07 0.895833 0.111111 0 4.0096e-07
6.44849e+06 0.704762 0.214286 0 1.2406e-06
4.16545e+06 0.698113 0.571429 0 1.92056e-06
1e+08 0.964912 0.363636 0 3.2e-07
3.33333e+07 0.960784 0.111111 0 2.4e-07
1.94175e+07 0.990446 0.666667 0.166667 1.236e-06
7.99616e+06 0.858757 0.272727 0 1.00048e-06
1e+08 1 0.666667 0.333333 8e-08
5.96988e+06 0.781759 0.809524 0.047619 5.36024e-06
8.32986e+06 0.755102 0.5 0.0555556 9.604e-07
1.42735e+07 0.915663 0.125 0 5.6048e-07
9.99251e+06 0.950249 0.3125 0 8.006e-07
2.66347e+07 0.946809 0.142857 0 6.0072e-07
1.73913e+07 0.974453 0.2 0 4.6e-07
7.40247e+06 0.908163 0.214286 0 1.08072e-06
2.85225e+07 0.955975 0.111111 0 2.8048e-07
2.28454e+07 0.884106 0.388889 0 1.40072e-06
1e+08 0.857143 0.444444 0.111111 3.2e-07
1.15942e+07 0.980337 0.769231 0.307692 6.9e-07
2.85531e+07 0.905085 0.368421 0 1.12072e-06
1.94175e+07 0.991837 0 0 4.12e-07
1.42796e+07 0.745455 0.777778 0.185185 5.6024e-07
5.59394e+06 0.770465 0.571429 0.0714286 5.72048e-06
3.03003e+06 0.528571 0.672131 0.0655738 2.64024e-06
2.59723e+06 0.663755 0.6875 0 3.0802e-06
4.25242e+06 0.827839 0.45 0 1.88128e-06
8.69565e+06 0.972414 0.391304 0 9.2e-07
6.38271e+06 0.820611 0.741935 0 3.76016e-06
694435 0.625 0.68 0 1.15202e-05
943387 0.669782 0.870968 0.0645161 8.48008e-06
836813 0.64275 0.878788 0.0606061 9.56008e-06
4.64987e+06 0.779487 0.3 0 1.72048e-06
4.54504e+06 0.77551 0.6 0 1.76016e-06
3.03021e+06 0.798165 0.8 0.1 2.64008e-06
6.0551e+06 0.920482 0.166667 0 1.3212e-06
1.94175e+07 0.968127 0.315789 0 4.12e-07
7.40631e+06 0.932161 0.2 0 1.08016e-06
3.30557e+06 0.790295 0.703704 0 4.84032e-06
2.40949e+06 0.646809 0.722222 0 3.3202e-06
1.81752e+07 0.710526 0.428571 0 4.4016e-07
