2.72504e+07 0.770833 0.222222 0 8.8072e-07
2.94092e+06 0.352381 0.642857 0 2.72024e-06
2.35283e+06 0.465409 0.809524 0 3.40016e-06
3.9984e+07 0.649123 0.727273 0 8.0032e-07
1.42796e+07 0.72549 0.333333 0 5.6024e-07
1.94175e+07 0.984076 0.666667 0 1.236e-06
3.2257e+06 0.649718 0.818182 0 2.48008e-06
1.11086e+07 0.666667 0.333333 0 7.2016e-07
2.2346e+06 0.416938 0.809524 0 1.43202e-05
3.27858e+06 0.377551 0.888889 0 2.44008e-06
3.92141e+06 0.692771 0.75 0 2.04008e-06
3.5084e+06 0.858209 0.6875 0 2.28024e-06
7.69112e+06 0.815603 0.571429 0 2.08032e-06
4.54525e+06 0.839416 0.8 0 1.76008e-06
3.12461e+06 0.782313 0.571429 0 2.56032e-06
4.54525e+06 0.72327 0.777778 0 1.76008e-06
1.11099e+07 0.761589 0.666667 0 2.88032e-06
1e+08 0.571429 0.444444 0 3.2e-07
1.15942e+07 0.969101 0.615385 0 6.9e-07
1.23062e+07 0.779661 0.684211 0 2.60032e-06
5.12794e+06 0.840816 0.75 0 1.56008e-06
6.66445e+06 0.454545 0.62963 0 1.2004e-06
2.17977e+06 0.410915 0.571429 0 1.46805e-05
1.94171e+06 0.264286 0.868852 0 4.12008e-06
1.75436e+06 0.502183 0.875 0 4.56008e-06
1.26576e+06 0.421245 0.75 0 6.32032e-06
1.66656e+06 0.793103 0.652174 0 4.80032e-06
1.99999e+06 0.427481 0.870968 0 1.20001e-05
390623 0.333333 0.84 0 2.04801e-05
478467 0.34891 0.870968 0 1.67201e-05
449436 0.334828 0.878788 0 1.78001e-05
2.49994e+06 0.589744 0.8 0 3.20008e-06
2.46907e+06 0.586735 0.8 0 3.24008e-06
1.94171e+06 0.685015 0.8 0 4.12008e-06
2.8569e+06 0.831325 0.666667 0 2.80024e-06
4.44425e+06 0.820717 0.789474 0 1.80008e-06
1.40843e+06 0.643216 0.6 0 5.68008e-06
1.72412e+06 0.59792 0.925926 0 9.28008e-06
1.66664e+06 0.489362 0.888889 0 4.80008e-06
8.6949e+06 0.394737 0.714286 0 9.2008e-07
