1e+08 1 0.666667 0.666667 2.4e-07
3.33333e+07 1 0.714286 0.714286 2.4e-07
3.33333e+07 1 0.333333 0.190476 2.4e-07
1e+08 1 0.636364 0.272727 3.2e-07
3.33333e+07 1 0.555556 0.444444 2.4e-07
1.94175e+07 1 0.333333 0.333333 1.236e-06
3.33333e+07 1 0.636364 0.545455 2.4e-07
1e+08 1 0.666667 0.333333 8e-08
6.25e+07 0.990228 0.285714 0.0952381 5.12e-07
2.5e+07 1 0.611111 0.555556 3.2e-07
3.33333e+07 1 0.5 0.5 2.4e-07
1.15942e+07 1 0.75 0.625 6.9e-07
3.47826e+07 1 0.642857 0.642857 4.6e-07
1.73913e+07 1 0.6 0.5 4.6e-07
1.73913e+07 1 0.714286 0.714286 4.6e-07
3.33333e+07 1 0.555556 0.555556 2.4e-07
6.95652e+07 0.993377 0.388889 0.388889 4.6e-07
1e+08 1 0.222222 0.222222 3.2e-07
1.15942e+07 1 0.692308 0.538462 6.9e-07
6.95652e+07 0.99322 0.368421 0.368421 4.6e-07
1.94175e+07 1 0.5 0.5 4.12e-07
3.33333e+07 1 0.62963 0.518519 2.4e-07
6.25e+07 1 0.5 0.5 5.12e-07
2.85103e+07 0.95 0.459016 0.327869 2.806e-07
1.33067e+07 0.934498 0.125 0.0625 6.012e-07
3.33333e+07 1 0.8 0.8 2.4e-07
8.69565e+06 1 0.826087 0.782609 9.2e-07
5.35714e+07 0.984733 0.451613 0.129032 4.48e-07
1.5625e+07 0.989583 0.48 0.24 5.12e-07
8.68772e+06 0.964174 0.387097 0.129032 9.2084e-07
3.99968e+06 0.925262 0.757576 0.242424 2.00016e-06
3.33333e+07 1 0.6 0.5 2.4e-07
3.33333e+07 1 0.6 0.5 2.4e-07
1.78571e+07 0.993884 0.3 0.3 4.48e-07
1.15942e+07 1 0.555556 0.555556 6.9e-07
1.94175e+07 1 0.578947 0.473684 4.12e-07
1.5625e+07 1 0.6 0.6 5.12e-07
1.24836e+07 0.944541 0.296296 0.037037 1.28168e-06
7.68256e+06 0.889362 0.166667 0 1.04132e-06
1e+08 1 0.714286 0.571429 8e-08
