1e+08 1 0.666667 0.666667 2.4e-07
3.33333e+07 1 0.714286 0.714286 2.4e-07
3.33333e+07 1 0.333333 0.190476 2.4e-07
1e+08 1 0.636364 0.272727 3.2e-07
3.33333e+07 1 0.555556 0.444444 2.4e-07
1.94175e+07 1 0.333333 0.333333 1.236e-06
3.33333e+07 1 0.636364 0.545455 2.4e-07
1e+08 1 0.666667 0.333333 8e-08
6.25e+07 0.996743 0.238095 0.238095 5.12e-07
2.5e+07 1 0.611111 0.555556 3.2e-07
3.33333e+07 1 0.5 0.5 2.4e-07
1.15942e+07 1 0.75 0.625 6.9e-07
3.47826e+07 1 0.642857 0.642857 4.6e-07
1.73913e+07 1 0.6 0.5 4.6e-07
1.73913e+07 1 0.714286 0.714286 4.6e-07
3.33333e+07 1 0.555556 0.555556 2.4e-07
6.95652e+07 1 0.611111 0.611111 4.6e-07
1e+08 1 0.222222 0.222222 3.2e-07
1.15942e+07 1 0.692308 0.538462 6.9e-07
6.95652e+07 1 0.631579 0.631579 4.6e-07
1.94175e+07 1 0.5 0.5 4.12e-07
3.33333e+07 1 0.62963 0.518519 2.4e-07
6.25e+07 1 0.5 0.5 5.12e-07
3.33333e+07 0.985714 0.327869 0.327869 2.4e-07
2.21558e+07 0.960699 0.1875 0.1875 3.6108e-07
3.33333e+07 1 0.8 0.8 2.4e-07
8.69565e+06 1 0.826087 0.782609 9.2e-07
5.35714e+07 0.98855 0.548387 0.290323 4.48e-07
1.5625e+07 0.992188 0.6 0.44 5.12e-07
1.53598e+07 0.979751 0.387097 0.193548 5.2084e-07
1.53633e+07 0.980568 0.484848 0.242424 5.2072e-07
3.33333e+07 1 0.6 0.5 2.4e-07
3.33333e+07 1 0.6 0.5 2.4e-07
1.78571e+07 1 0.6 0.6 4.48e-07
1.15942e+07 1 0.555556 0.555556 6.9e-07
1.94175e+07 1 0.578947 0.473684 4.12e-07
1.5625e+07 1 0.6 0.6 5.12e-07
1.99611e+07 0.965338 0.333333 0.111111 8.0156e-07
1.17378e+07 0.92766 0.0555556 0 6.8156e-07
1e+08 1 0.714286 0.571429 8e-08
