1e+08 1 0.666667 0.666667 2.4e-07
3.33333e+07 0.980952 0.428571 0.428571 2.4e-07
3.33333e+07 0.974843 0.285714 0.0952381 2.4e-07
1e+08 1 0.636364 0.272727 3.2e-07
3.33333e+07 1 0.555556 0.444444 2.4e-07
1.94175e+07 1 0.333333 0.333333 1.236e-06
3.33333e+07 0.988701 0.272727 0.181818 2.4e-07
1e+08 1 0.666667 0.333333 8e-08
1.85969e+07 0.929967 0.52381 0.0952381 1.72072e-06
5e+07 0.979592 0.777778 0.5 1.6e-07
3.33333e+07 1 0.5 0.5 2.4e-07
1.15942e+07 0.995025 0.5 0.375 6.9e-07
3.47826e+07 1 0.642857 0.642857 4.6e-07
1.73913e+07 1 0.6 0.5 4.6e-07
1.73913e+07 0.993197 0.428571 0.428571 4.6e-07
3.33333e+07 1 0.555556 0.555556 2.4e-07
6.95652e+07 0.966887 0.555556 0.333333 4.6e-07
1e+08 1 0.222222 0.222222 3.2e-07
1.15942e+07 1 0.692308 0.538462 6.9e-07
6.95652e+07 0.966102 0.526316 0.315789 4.6e-07
1.94175e+07 1 0.5 0.5 4.12e-07
3.33333e+07 1 0.62963 0.518519 2.4e-07
6.25e+07 0.99679 0.142857 0.142857 5.12e-07
1.24883e+07 0.885714 0.393443 0.196721 6.406e-07
7.40083e+06 0.882096 0.25 0.0625 1.08096e-06
3.31565e+07 0.978022 0.35 0.35 2.4128e-07
8.69565e+06 1 0.826087 0.782609 9.2e-07
2.9973e+07 0.961832 0.451613 0.0645161 8.0072e-07
4.44425e+06 0.941406 0.84 0.24 1.80008e-06
3.33306e+06 0.906542 0.677419 0.129032 2.4002e-06
2.2988e+06 0.869955 0.878788 0.181818 3.48008e-06
3.33333e+07 0.989744 0.3 0.2 2.4e-07
3.33333e+07 0.989796 0.3 0.2 2.4e-07
1.42735e+07 0.957187 0.3 0.2 5.6048e-07
1.15942e+07 0.963855 0.555556 0.5 6.9e-07
1.94175e+07 1 0.578947 0.473684 4.12e-07
1.5625e+07 1 0.6 0.6 5.12e-07
8.50304e+06 0.918544 0.296296 0 1.88168e-06
5.55139e+06 0.846809 0.277778 0 1.44108e-06
1e+08 1 0.714286 0.571429 8e-08
