2.2875e+07 0.653629 0.481235 0.110239 5.86257e-05
4.53061e+07 0.880114 0.604441 0.184243 2.96e-05
3.15841e+07 0.83634 0.405187 0.188524 4.246e-05
3.36611e+07 0.91268 0.467514 0.205015 3.984e-05
4.1622e+07 0.915617 0.522879 0.241711 3.222e-05
3.27407e+07 0.925318 0.429054 0.241711 4.096e-05
3.01627e+07 0.737548 0.440317 0.0931139 4.44609e-05
4.36543e+07 0.982303 0.557553 0.287677 3.072e-05
4.1622e+07 0.873634 0.501446 0.111485 3.222e-05
2.27203e+07 0.651194 0.508432 0.107158 5.90249e-05
3.36611e+07 0.825218 0.465695 0.188524 3.984e-05
1.73206e+07 0.542218 0.552097 0.0599143 7.74257e-05
4.36543e+07 0.902979 0.561339 0.205015 3.072e-05
3.11398e+07 0.745733 0.465067 0.126729 4.30657e-05
4.1622e+07 0.81258 0.504155 0.151828 3.222e-05
2.29081e+07 0.654131 0.490404 0.107158 5.85409e-05
4.1622e+07 0.876642 0.533686 0.173983 3.222e-05
4.1622e+07 0.881701 0.536133 0.213126 3.222e-05
4.53061e+07 0.903481 0.6194 0.22638 2.96e-05
2.88797e+07 0.725805 0.490142 0.105958 4.64361e-05
3.27407e+07 0.976742 0.497045 0.22717 4.096e-05
2.99199e+07 0.735506 0.396317 0.105958 4.48217e-05
4.1622e+07 0.904495 0.516156 0.208096 3.222e-05
3.00132e+07 0.736032 0.558893 0.126729 4.46824e-05
3.80559e+07 0.791989 0.540147 0.167256 3.52392e-05
3.00132e+07 0.736032 0.558893 0.126729 4.46824e-05
3.05881e+07 0.741091 0.483054 0.126729 4.38425e-05
1.86516e+07 0.574836 0.589774 0.133266 7.19005e-05
4.1622e+07 0.81258 0.504155 0.151828 3.222e-05
