2.21606e+07 0.572738 0.495314 0.0981857 6.39683e-05
3.96905e+07 0.761272 0.782111 0.147472 3.57159e-05
2.96366e+07 0.783241 0.558461 0.189709 4.7832e-05
4.54336e+07 0.791442 0.813773 0.203032 3.12012e-05
4.61452e+07 0.902741 0.704099 0.38314 3.072e-05
2.96366e+07 0.887463 0.580147 0.235292 4.7832e-05
3.01454e+07 0.686067 0.586349 0.230979 4.70247e-05
4.41301e+07 0.785271 0.811623 0.168621 3.21228e-05
3.6741e+07 0.742073 0.774284 0.0846842 3.85831e-05
1.79138e+07 0.470545 0.795612 0.0659254 7.91335e-05
2.96366e+07 0.770213 0.564136 0.167008 4.7832e-05
2.033e+07 0.534169 0.508141 0.0571127 6.97283e-05
4.54336e+07 0.791442 0.813773 0.203032 3.12012e-05
2.30074e+07 0.587796 0.811623 0.13421 6.1614e-05
2.90961e+07 0.674191 0.797763 0.134747 4.87207e-05
2.18459e+07 0.566567 0.497465 0.0659254 6.48899e-05
2.85559e+07 0.66802 0.795612 0.100336 4.96423e-05
4.14215e+07 0.77145 0.706234 0.134747 3.42233e-05
4.41301e+07 0.785271 0.811623 0.168621 3.21228e-05
2.73215e+07 0.653648 0.481813 0.0786503 5.18851e-05
4.41301e+07 0.785271 0.811623 0.168621 3.21228e-05
2.44107e+07 0.750907 0.472587 0.119802 5.8072e-05
2.96198e+07 0.874436 0.529068 0.184213 4.78592e-05
2.30074e+07 0.587796 0.811623 0.13421 6.1614e-05
2.14367e+07 0.557626 0.77996 0.0786503 6.61287e-05
2.30074e+07 0.587796 0.811623 0.13421 6.1614e-05
2.33498e+07 0.593967 0.744951 0.13421 6.07106e-05
2.33498e+07 0.593967 0.752986 0.118347 6.07106e-05
2.90961e+07 0.674191 0.797763 0.134747 4.87207e-05
