2.99549e+07 0.581822 0.473702 0.0977907 4.88201e-05
6.3649e+07 0.907352 0.639453 0.171807 2.2976e-05
4.76042e+07 0.866359 0.52659 0.273926 3.072e-05
7.14062e+07 0.960655 0.64506 0.293933 2.048e-05
4.76042e+07 0.985383 0.601099 0.30369 3.072e-05
4.76042e+07 1 0.559157 0.34238 3.072e-05
4.26306e+07 0.70755 0.424268 0.0751822 3.4304e-05
7.14062e+07 0.952742 0.64183 0.242256 2.048e-05
5.75567e+07 0.897351 0.585758 0.116205 2.5408e-05
2.78132e+07 0.549181 0.617786 0.0880341 5.25793e-05
4.76042e+07 0.849654 0.535113 0.239834 3.072e-05
3.14161e+07 0.601165 0.54007 0.0857688 4.65494e-05
7.14062e+07 0.946038 0.687002 0.255243 2.048e-05
4.17095e+07 0.699527 0.64183 0.19058 3.50616e-05
6.59733e+07 0.810309 0.621016 0.191387 2.21665e-05
2.93999e+07 0.573909 0.476932 0.0493439 4.97417e-05
6.33399e+07 0.802396 0.617786 0.139711 2.30881e-05
6.59733e+07 0.810309 0.621016 0.191387 2.21665e-05
7.14062e+07 0.938125 0.683773 0.203566 2.048e-05
3.98074e+07 0.68557 0.453426 0.0684535 3.67369e-05
7.14062e+07 0.952742 0.64183 0.242256 2.048e-05
4.17311e+07 0.700187 0.411484 0.107144 3.50434e-05
4.76042e+07 0.968678 0.524392 0.226982 3.072e-05
3.97861e+07 0.68491 0.683773 0.15189 3.67566e-05
3.69531e+07 0.660842 0.594281 0.107144 3.95745e-05
3.97861e+07 0.68491 0.683773 0.15189 3.67566e-05
4.07925e+07 0.692823 0.583649 0.15189 3.58497e-05
4.08093e+07 0.692823 0.681261 0.177728 3.5835e-05
6.59733e+07 0.810309 0.621016 0.191387 2.21665e-05
