2.61214e+07 0.657491 0.457315 0.0711849 3.81004e-05
5.3777e+07 0.871163 0.577857 0.192616 1.85067e-05
3.1004e+07 0.711294 0.649931 0.199783 3.21002e-05
3.1004e+07 0.711294 0.649931 0.199783 3.21002e-05
3.1004e+07 0.711294 0.649931 0.199783 3.21002e-05
3.1004e+07 0.711294 0.649931 0.199783 3.21002e-05
1.66616e+07 0.462411 0.645913 0.0711849 5.97322e-05
3.02158e+07 0.703752 0.645913 0.135484 3.29375e-05
3.91081e+07 0.771389 0.561014 0.17475 2.54483e-05
1.66616e+07 0.462411 0.645913 0.0711849 5.97322e-05
3.1004e+07 0.711294 0.649931 0.199783 3.21002e-05
1.8735e+07 0.522074 0.61169 0.0964488 5.31215e-05
3.1004e+07 0.711294 0.649931 0.199783 3.21002e-05
1.66616e+07 0.462411 0.645913 0.0711849 5.97322e-05
5.3777e+07 0.898833 0.585913 0.199783 1.85067e-05
2.55684e+07 0.649949 0.581895 0.0711849 3.89243e-05
3.02158e+07 0.703752 0.645913 0.135484 3.29375e-05
3.1004e+07 0.711294 0.649931 0.199783 3.21002e-05
4.85954e+07 0.897152 0.501009 0.160467 2.048e-05
1.88205e+07 0.524187 0.628385 0.0787103 5.28803e-05
3.02158e+07 0.703752 0.645913 0.135484 3.29375e-05
1.56858e+07 0.42888 0.718742 0.0390352 6.34482e-05
5.3777e+07 0.898833 0.585913 0.199783 1.85067e-05
2.55684e+07 0.649949 0.581895 0.0711849 3.89243e-05
1.56858e+07 0.42888 0.718742 0.0390352 6.34482e-05
2.0243e+07 0.557717 0.555556 0.11086 4.91643e-05
1.68946e+07 0.469953 0.521333 0.0711849 5.89083e-05
1.68946e+07 0.469953 0.563593 0.0642992 5.89083e-05
3.1004e+07 0.711294 0.649931 0.199783 3.21002e-05
