1.89278e+07 0.612461 0.521414 0.0527542 6.49805e-05
1.8644e+07 0.606051 0.704143 0.0400225 6.59697e-05
1.89278e+07 0.612461 0.521414 0.0527542 6.49805e-05
1.99239e+07 0.631435 0.691423 0.0693059 6.1732e-05
2.50232e+07 0.719419 0.521527 0.163931 4.9152e-05
2.24223e+07 0.70628 0.488305 0.0693059 5.48533e-05
3.00278e+07 1 0.620175 0.334244 4.096e-05
1.99239e+07 0.631435 0.691423 0.0693059 6.1732e-05
2.11031e+07 0.651924 0.771712 0.134052 5.82823e-05
3.55494e+07 0.793705 0.718585 0.139127 3.45981e-05
2.14617e+07 0.658334 0.534868 0.119726 5.73085e-05
1.0197e+07 0.279577 0.629867 0 0.000120618
2.27578e+07 0.677308 0.758993 0.163335 5.40447e-05
4.42127e+07 0.887525 0.739592 0.182736 2.78187e-05
1.58876e+07 0.537615 0.724531 0.0527542 7.74151e-05
2.14617e+07 0.658334 0.534868 0.119726 5.73085e-05
1.58876e+07 0.537615 0.724531 0.0527542 7.74151e-05
1.76353e+07 0.583489 0.737986 0.119726 6.97431e-05
1.99239e+07 0.631435 0.691423 0.0693059 6.1732e-05
2.22043e+07 0.891113 0.442823 0.0400225 5.5392e-05
1.99239e+07 0.631435 0.691423 0.0693059 6.1732e-05
2.47227e+07 0.751261 0.541472 0.152134 4.97493e-05
2.24223e+07 0.70628 0.488305 0.0693059 5.48533e-05
1.99239e+07 0.631435 0.691423 0.0693059 6.1732e-05
2.11031e+07 0.651924 0.771712 0.134052 5.82823e-05
4.42127e+07 0.887525 0.739592 0.182736 2.78187e-05
2.27578e+07 0.677308 0.758993 0.163335 5.40447e-05
1.34087e+07 0.452087 0.707106 0.0292834 9.17267e-05
1.76353e+07 0.583489 0.737986 0.119726 6.97431e-05
