4.47917e+07 0.980875 0.633722 0.362026 3.072e-05
3.65646e+07 0.840046 0.47961 0.0619392 3.7632e-05
2.7565e+07 0.718343 0.398621 0.178217 4.99185e-05
2.63811e+07 0.705593 0.431432 0.14005 5.21585e-05
2.58255e+07 0.699218 0.461564 0.1213 5.32808e-05
2.7565e+07 0.718343 0.398621 0.178217 4.99185e-05
2.53624e+07 0.693712 0.464109 0.0831324 5.42536e-05
2.59061e+07 0.700087 0.510312 0.14005 5.31149e-05
2.45273e+07 0.68328 0.47874 0.129905 5.61009e-05
2.59061e+07 0.700087 0.510312 0.14005 5.31149e-05
2.7565e+07 0.718343 0.398621 0.178217 4.99185e-05
9.94334e+06 0.217328 0.642728 0.0203562 0.000138384
3.44445e+07 0.774558 0.555444 0.164557 3.99483e-05
2.59061e+07 0.700087 0.510312 0.14005 5.31149e-05
3.3805e+07 0.887569 0.437525 0.214711 4.0704e-05
3.65646e+07 0.869893 0.475559 0.114939 3.7632e-05
2.59061e+07 0.700087 0.510312 0.14005 5.31149e-05
2.63811e+07 0.705593 0.431432 0.14005 5.21585e-05
4.68206e+07 0.857143 0.584706 0.114939 2.93888e-05
2.40391e+07 0.676905 0.432536 0.0729878 5.72401e-05
2.59061e+07 0.700087 0.510312 0.14005 5.31149e-05
2.50668e+07 0.690235 0.37495 0.0870497 5.48933e-05
4.47917e+07 0.963489 0.574796 0.254888 3.072e-05
4.68206e+07 0.945233 0.605062 0.176008 2.93888e-05
2.4091e+07 0.677485 0.484097 0.0870497 5.71167e-05
2.48098e+07 0.686757 0.567899 0.125988 5.54619e-05
3.44445e+07 0.774558 0.555444 0.164557 3.99483e-05
1.58798e+07 0.510287 0.511383 0.0326436 8.66509e-05
2.63811e+07 0.705593 0.431432 0.14005 5.21585e-05
