2.40403e+07 0.774591 0.518663 0.114866 4.15438e-05
1.99423e+07 0.728073 0.537053 0.0236033 5.00809e-05
2.40079e+07 0.787933 0.519215 0.159824 4.16e-05
2.40079e+07 0.787933 0.519215 0.159824 4.16e-05
2.36125e+07 0.770372 0.580359 0.114866 4.22966e-05
2.40079e+07 0.787933 0.519215 0.159824 4.16e-05
3.15893e+07 0.846051 0.601246 0.241676 3.1616e-05
2.40079e+07 0.852601 0.54664 0.211227 4.16e-05
2.3313e+07 0.893033 0.490029 0.271484 4.284e-05
2.49682e+07 0.863611 0.591056 0.312111 4e-05
2.49682e+07 0.863611 0.591056 0.312111 4e-05
8.57598e+06 0.366513 0.667735 0.0344084 0.000116456
3.15893e+07 0.846051 0.601246 0.241676 3.1616e-05
2.49682e+07 0.863611 0.591056 0.312111 4e-05
2.23697e+07 0.792152 0.457519 0.159824 4.46464e-05
3.15893e+07 0.846051 0.601246 0.241676 3.1616e-05
2.40079e+07 0.852601 0.54664 0.211227 4.16e-05
2.4383e+07 0.928279 0.61848 0.363514 4.096e-05
2.36125e+07 0.770372 0.580359 0.114866 4.22966e-05
2.22591e+07 0.799794 0.414352 0.0417492 4.48683e-05
2.40079e+07 0.852601 0.54664 0.211227 4.16e-05
2.49682e+07 0.821312 0.547749 0.220848 4e-05
2.36125e+07 0.770372 0.580359 0.114866 4.22966e-05
2.36125e+07 0.770372 0.580359 0.114866 4.22966e-05
2.4383e+07 0.88598 0.575174 0.272251 4.096e-05
2.49682e+07 0.917771 0.543526 0.292312 4e-05
3.15893e+07 0.846051 0.601246 0.241676 3.1616e-05
9.88313e+06 0.450377 0.664503 0.056854 0.000101054
2.49682e+07 0.863611 0.591056 0.312111 4e-05
