3.02553e+07 0.732799 0.439706 0.0365 4.896e-05
5.21291e+07 0.799953 0.667803 0 2.8416e-05
2.65962e+07 0.768431 0.385517 0.0927007 5.5696e-05
3.83201e+07 0.88555 0.597704 0.0927007 3.8656e-05
3.45452e+07 0.940026 0.481597 0.18396 4.288e-05
2.3812e+07 0.952918 0.303907 0.0927007 6.2208e-05
3.45452e+07 0.940026 0.481597 0.18396 4.288e-05
3.83201e+07 0.88555 0.597704 0.0927007 3.8656e-05
4.1056e+07 0.835585 0.613615 0.0562007 3.608e-05
4.24685e+07 0.725406 0.607438 0.121152 3.488e-05
2.65962e+07 0.768431 0.385517 0.0927007 5.5696e-05
1.67759e+07 0.117332 0.617293 0 8.82995e-05
4.82194e+07 0.849918 0.651893 0.0365 3.072e-05
3.83201e+07 0.88555 0.597704 0.0927007 3.8656e-05
4.82194e+07 0.701064 0.679315 0.0927007 3.072e-05
3.17821e+07 0.757141 0.453183 0.107628 4.6608e-05
4.82194e+07 0.701064 0.679315 0.0927007 3.072e-05
4.82194e+07 0.701064 0.679315 0.0927007 3.072e-05
4.82194e+07 0.849918 0.651893 0.0365 3.072e-05
2.67344e+07 0.86732 0.374006 0 5.5408e-05
3.83201e+07 0.88555 0.597704 0.0927007 3.8656e-05
2.5022e+07 0.902953 0.319817 0.0562007 5.92e-05
2.65962e+07 0.917285 0.358096 0.0365 5.5696e-05
4.82194e+07 0.849918 0.651893 0.0365 3.072e-05
4.1056e+07 0.835585 0.613615 0.0562007 3.608e-05
4.82194e+07 0.849918 0.651893 0.0365 3.072e-05
4.82194e+07 0.87426 0.6474 0.0986436 3.072e-05
4.82194e+07 0.87426 0.6474 0.0986436 3.072e-05
4.82194e+07 0.701064 0.679315 0.0927007 3.072e-05
