1.73192e+07 0.630051 0.537203 0.0640768 6.61473e-05
3.53668e+07 0.851967 0.578861 0.109969 3.23925e-05
2.6872e+07 0.800175 0.481882 0.0801435 4.26325e-05
3.53668e+07 0.855489 0.575441 0.097956 3.23925e-05
2.6872e+07 0.878454 0.475715 0.0743439 4.26325e-05
2.4502e+07 0.887429 0.445577 0.097956 4.67563e-05
2.55287e+07 0.749295 0.533652 0.127828 4.48758e-05
3.53668e+07 0.855489 0.575441 0.097956 3.23925e-05
3.72923e+07 0.96806 0.649966 0.323115 3.072e-05
1.77632e+07 0.639077 0.610927 0.104249 6.4494e-05
2.67169e+07 0.83634 0.481063 0.139874 4.288e-05
1.38296e+07 0.536387 0.609796 0.0856404 8.28384e-05
3.84608e+07 0.882678 0.663517 0.163453 2.97867e-05
2.34173e+07 0.726331 0.633378 0.15144 4.89219e-05
2.81363e+07 0.772409 0.608149 0.108924 4.07169e-05
1.89518e+07 0.662041 0.511201 0.080637 6.04491e-05
2.76359e+07 0.768235 0.611746 0.0801435 4.1454e-05
3.27294e+07 0.8044 0.610927 0.139874 3.50028e-05
3.53668e+07 0.851967 0.578861 0.109969 3.23925e-05
2.79692e+07 0.784084 0.485459 0.122362 4.096e-05
3.53668e+07 0.855489 0.575441 0.097956 3.23925e-05
2.6468e+07 0.758271 0.503514 0.15144 4.32833e-05
2.6872e+07 0.878454 0.475715 0.0743439 4.26325e-05
2.01051e+07 0.681191 0.60558 0.0387188 5.69815e-05
2.34173e+07 0.726331 0.633378 0.15144 4.89219e-05
3.02665e+07 0.788309 0.706824 0.228253 3.78511e-05
2.26786e+07 0.717355 0.663517 0.127828 5.05155e-05
1.32821e+07 0.517016 0.658135 0 8.62531e-05
3.27294e+07 0.8044 0.610927 0.139874 3.50028e-05
