1.78525e+07 0.378657 0.561015 0.0471114 6.52092e-05
2.78077e+07 0.601259 0.703855 0.100504 4.18643e-05
3.80939e+07 0.73681 0.561844 0.189206 3.056e-05
3.9951e+07 0.722602 0.656786 0.189206 2.91394e-05
3.47807e+07 0.681553 0.542481 0.100049 3.34711e-05
3.47807e+07 0.681553 0.542481 0.100049 3.34711e-05
1.76364e+07 0.370963 0.610482 0.0251261 6.60082e-05
3.33204e+07 0.667345 0.637423 0.100049 3.49381e-05
2.63913e+07 0.579751 0.72776 0.100504 4.41112e-05
1.7253e+07 0.356755 0.705424 0.0251261 6.74752e-05
3.18797e+07 0.65235 0.610482 0.0753782 3.6517e-05
3.78955e+07 1 0.528146 0.349799 3.072e-05
3.33204e+07 0.667345 0.637423 0.100049 3.49381e-05
1.80686e+07 0.385958 0.637423 0.0497965 6.44293e-05
3.12946e+07 0.645837 0.611987 0.0753782 3.71997e-05
1.76364e+07 0.370963 0.610482 0.0251261 6.60082e-05
3.06485e+07 0.638143 0.705424 0.0753782 3.7984e-05
3.06485e+07 0.638143 0.705424 0.0753782 3.7984e-05
3.42598e+07 0.676627 0.599734 0.150301 3.398e-05
1.81194e+07 0.387749 0.616498 0.111143 6.42489e-05
3.33204e+07 0.667345 0.637423 0.100049 3.49381e-05
1.6432e+07 0.324798 0.646602 0 7.08466e-05
3.18797e+07 0.65235 0.610482 0.0753782 3.6517e-05
1.98557e+07 0.441215 0.656786 0.138954 5.86306e-05
1.60986e+07 0.31059 0.741544 0 7.23136e-05
1.82913e+07 0.393652 0.543986 0.0497965 6.3645e-05
1.80686e+07 0.385958 0.637423 0.0497965 6.44293e-05
1.80686e+07 0.385958 0.62778 0.0246705 6.44293e-05
3.06485e+07 0.638143 0.705424 0.0753782 3.7984e-05
