1.97783e+07 0.474968 0.494667 0.09738 6.58464e-05
4.59842e+07 0.77433 0.623596 0.209765 2.83213e-05
3.63958e+07 0.714943 0.482842 0.214634 3.57824e-05
6.33942e+07 0.836526 0.526067 0.308734 2.05434e-05
6.33942e+07 0.836526 0.526067 0.308734 2.05434e-05
6.33942e+07 0.836526 0.526067 0.308734 2.05434e-05
4.32073e+07 0.760026 0.394207 0.157795 3.01414e-05
6.33942e+07 0.836526 0.526067 0.308734 2.05434e-05
4.30874e+07 0.759132 0.611772 0.150641 3.02253e-05
2.87069e+07 0.638442 0.469229 0.122818 4.53664e-05
3.4557e+07 0.699745 0.494667 0.167335 3.76864e-05
2.1949e+07 0.526948 0.491189 0.117254 5.93344e-05
6.33942e+07 0.836526 0.526067 0.308734 2.05434e-05
4.61437e+07 0.775223 0.500629 0.264218 2.82234e-05
3.4557e+07 0.699745 0.494667 0.167335 3.76864e-05
1.97783e+07 0.474968 0.494667 0.09738 6.58464e-05
3.4557e+07 0.699745 0.494667 0.167335 3.76864e-05
3.4557e+07 0.699745 0.494667 0.167335 3.76864e-05
6.33942e+07 0.836526 0.526067 0.308734 2.05434e-05
3.61604e+07 0.713027 0.547282 0.13981 3.60154e-05
6.33942e+07 0.836526 0.526067 0.308734 2.05434e-05
2.30577e+07 0.549553 0.623596 0.13981 5.64813e-05
5.08723e+07 0.821328 0.419645 0.202312 2.56e-05
2.674e+07 0.61175 0.526067 0.23878 4.87034e-05
2.30577e+07 0.549553 0.623596 0.13981 5.64813e-05
4.61437e+07 0.775223 0.500629 0.264218 2.82234e-05
2.674e+07 0.61175 0.526067 0.23878 4.87034e-05
2.67323e+07 0.61175 0.426302 0.158093 4.87174e-05
3.4557e+07 0.699745 0.494667 0.167335 3.76864e-05
