2.0454e+07 0.53827 0.503882 0.0293573 6.17206e-05
5.01155e+07 0.851909 0.602154 0.172906 2.51904e-05
4.14183e+07 0.814502 0.503882 0.0915258 3.048e-05
4.14183e+07 0.814502 0.503882 0.0915258 3.048e-05
4.14183e+07 0.814502 0.503882 0.0915258 3.048e-05
4.14183e+07 0.814502 0.503882 0.0915258 3.048e-05
2.46805e+07 0.617495 0.540547 0.128276 5.11508e-05
4.12451e+07 0.80587 0.499997 0.0293573 3.0608e-05
5.1235e+07 0.831383 0.562619 0.0989191 2.464e-05
2.28615e+07 0.586802 0.637253 0.128276 5.52207e-05
4.40301e+07 0.900249 0.516802 0.241907 2.8672e-05
4.12451e+07 0.80587 0.499997 0.0293573 3.0608e-05
4.35009e+07 0.871667 0.516802 0.190445 2.90208e-05
2.28615e+07 0.586802 0.637253 0.128276 5.52207e-05
3.5325e+07 0.843085 0.400959 0.0915258 3.57376e-05
2.45537e+07 0.615385 0.637253 0.179738 5.1415e-05
4.12451e+07 0.80587 0.499997 0.0293573 3.0608e-05
4.35009e+07 0.871667 0.516802 0.190445 2.90208e-05
4.12451e+07 0.80587 0.499997 0.0293573 3.0608e-05
1.8824e+07 0.497986 0.674036 0 6.70648e-05
4.12451e+07 0.80587 0.499997 0.0293573 3.0608e-05
2.28015e+07 0.585843 0.590249 0.0989191 5.53661e-05
4.14183e+07 0.814502 0.503882 0.0915258 3.048e-05
2.00865e+07 0.529637 0.624334 0.0293573 6.28495e-05
2.26932e+07 0.583733 0.686956 0.150381 5.56303e-05
2.28615e+07 0.586802 0.637253 0.128276 5.52207e-05
2.33387e+07 0.595434 0.516802 0.128276 5.40918e-05
1.44324e+07 0.345099 0.668208 0.0621685 8.74721e-05
4.35009e+07 0.871667 0.516802 0.190445 2.90208e-05
