3.12259e+07 0.756978 0.494349 0.135737 3.984e-05
4.20284e+07 0.859742 0.621343 0.0974135 2.96e-05
3.12259e+07 0.944577 0.533998 0.231971 3.984e-05
4.04961e+07 0.915995 0.598131 0.198254 3.072e-05
3.40303e+07 0.934591 0.56628 0.207668 3.65568e-05
3.12259e+07 0.944577 0.533998 0.231971 3.984e-05
2.83561e+07 0.788377 0.437546 0.125401 4.3872e-05
4.04961e+07 0.910444 0.595883 0.162289 3.072e-05
3.77623e+07 0.901126 0.527763 0.109133 3.2944e-05
3.40303e+07 0.769781 0.536832 0.149704 3.65568e-05
3.03721e+07 1 0.504875 0.300243 4.096e-05
2.0372e+07 0.61433 0.549111 0.0539479 6.10663e-05
4.04961e+07 0.942957 0.571362 0.197331 3.072e-05
3.40303e+07 0.769781 0.536832 0.149704 3.65568e-05
3.86905e+07 0.934469 0.568203 0.213218 3.21536e-05
3.03721e+07 0.806851 0.467474 0.170292 4.096e-05
4.04961e+07 0.910444 0.595883 0.162289 3.072e-05
3.40303e+07 0.952943 0.53908 0.221635 3.65568e-05
4.20284e+07 0.900458 0.628165 0.137985 2.96e-05
2.66189e+07 0.705161 0.487528 0.0254829 4.67352e-05
4.04961e+07 0.910444 0.595883 0.162289 3.072e-05
2.83561e+07 0.752097 0.396195 0.0731673 4.3872e-05
3.40303e+07 0.934591 0.56628 0.207668 3.65568e-05
2.83482e+07 0.722846 0.628165 0.10202 4.38843e-05
3.04245e+07 0.741988 0.527763 0.103095 4.08894e-05
3.26845e+07 0.759794 0.569114 0.125401 3.8062e-05
3.34421e+07 0.765345 0.499431 0.125401 3.71998e-05
1.79812e+07 0.562614 0.652905 0.109483 6.91856e-05
3.40303e+07 0.952943 0.53908 0.221635 3.65568e-05
