9.98118e+06 0.534138 0.619014 0.0622727 0.000112245
3.90744e+07 0.953685 0.640574 0.360079 2.8672e-05
1.52856e+07 0.696054 0.540652 0.116419 7.32938e-05
1.98682e+07 0.766245 0.57042 0.172322 5.63886e-05
1.98682e+07 0.766245 0.57042 0.172322 5.63886e-05
1.98682e+07 0.766245 0.57042 0.172322 5.63886e-05
9.32534e+06 0.501489 0.530102 0.0883251 0.000120139
1.94921e+07 0.761725 0.567644 0.127894 5.74766e-05
2.17607e+07 0.78677 0.485674 0.179795 5.14847e-05
7.94024e+06 0.414283 0.640887 0.0661111 0.000141096
1.63905e+07 0.71658 0.549581 0.154967 6.8353e-05
1.10989e+07 0.581197 0.580711 0.0914694 0.000100942
2.27e+07 0.795544 0.51871 0.21087 4.93542e-05
9.17581e+06 0.493247 0.610016 0.122014 0.000122097
2.7614e+07 0.831915 0.613787 0.151129 4.05714e-05
1.05414e+07 0.558917 0.653382 0.100821 0.00010628
1.46497e+07 0.682761 0.598515 0.0719913 7.64754e-05
1.63905e+07 0.71658 0.549581 0.154967 6.8353e-05
3.64694e+07 0.91088 0.601046 0.231859 3.072e-05
8.67589e+06 0.463948 0.661727 0.0834658 0.000129133
1.94921e+07 0.761725 0.567644 0.127894 5.74766e-05
9.49221e+06 0.510263 0.53684 0.122014 0.000118027
3.22381e+07 0.902106 0.576178 0.173343 3.4752e-05
1.18785e+07 0.608582 0.674222 0.118175 9.43165e-05
9.17581e+06 0.493247 0.610016 0.122014 0.000122097
9.17581e+06 0.493247 0.610016 0.122014 0.000122097
9.25698e+06 0.497767 0.523936 0.122014 0.000121027
9.22894e+06 0.496118 0.623056 0.0781165 0.000121394
1.63905e+07 0.71658 0.549581 0.154967 6.8353e-05
