3.81724e+07 0.692857 0.486524 0.0697421 2.70353e-05
2.50745e+07 0.531778 0.63182 0 4.11574e-05
2.82429e+07 0.584548 0.520523 0.0414094 3.65402e-05
2.5934e+07 0.547376 0.590265 0.0414094 3.97932e-05
2.72264e+07 0.56895 0.562078 0 3.79043e-05
2.82429e+07 0.584548 0.520523 0.0414094 3.65402e-05
3.1468e+07 0.627259 0.48943 0.0464947 3.27953e-05
2.5934e+07 0.547376 0.590265 0.0414094 3.97932e-05
3.03184e+07 0.612974 0.584453 0.170723 3.40387e-05
2.97636e+07 0.605685 0.590265 0.124228 3.46732e-05
3.28451e+07 0.642857 0.520523 0.124228 3.14202e-05
1.62649e+07 0.277697 0.800944 0.0523066 6.34496e-05
3.99617e+07 0.706706 0.442935 0.0464947 2.58247e-05
2.97636e+07 0.605685 0.590265 0.124228 3.46732e-05
2.63543e+07 0.554665 0.584453 0.0879041 3.91587e-05
3.1468e+07 0.627259 0.48943 0.0464947 3.27953e-05
2.5934e+07 0.547376 0.590265 0.0414094 3.97932e-05
2.97636e+07 0.605685 0.590265 0.124228 3.46732e-05
2.50745e+07 0.531778 0.63182 0 4.11574e-05
2.76981e+07 0.576239 0.602761 0.0697421 3.72588e-05
2.5934e+07 0.547376 0.590265 0.0414094 3.97932e-05
3.28451e+07 0.642857 0.520523 0.124228 3.14202e-05
3.72822e+07 0.685569 0.445841 0 2.76807e-05
3.33616e+07 0.648397 0.515583 0 3.09338e-05
2.97636e+07 0.605685 0.590265 0.124228 3.46732e-05
2.91412e+07 0.597376 0.55336 0.0929895 3.54138e-05
3.99617e+07 0.706706 0.442935 0.0464947 2.58247e-05
2.50745e+07 0.531778 0.63182 0 4.11574e-05
2.97636e+07 0.605685 0.590265 0.124228 3.46732e-05
