1.44241e+07 0.421459 0.748342 0.126588 7.58175e-05
1.74143e+07 0.521058 0.590014 0.0940791 6.27991e-05
1.51231e+07 0.448478 0.502507 0.126588 7.23133e-05
1.90708e+07 0.562808 0.478449 0.179457 5.73444e-05
1.85386e+07 0.550081 0.629121 0.179457 5.89905e-05
1.90708e+07 0.562808 0.478449 0.179457 5.73444e-05
4.05901e+07 0.794743 0.618424 0.281944 2.69425e-05
1.90708e+07 0.562808 0.478449 0.179457 5.73444e-05
1.94449e+07 0.571285 0.432478 0.1525 5.6241e-05
2.71693e+07 0.69314 0.632034 0.299188 4.02513e-05
1.62286e+07 0.485977 0.601379 0.237878 6.73873e-05
1.12387e+07 0.257512 0.65401 0.0316959 9.73067e-05
2.09419e+07 0.601871 0.537033 0.242849 5.22205e-05
5.33984e+07 1 0.574123 0.432164 2.048e-05
1.47442e+07 0.434187 0.597671 0.126588 7.41713e-05
1.58384e+07 0.47325 0.656254 0.18998 6.90475e-05
2.15173e+07 0.612425 0.597671 0.176041 5.08241e-05
1.62286e+07 0.485977 0.601379 0.237878 6.73873e-05
1.85386e+07 0.550081 0.629121 0.179457 5.89905e-05
3.06647e+07 0.728221 0.559359 0.124734 3.56631e-05
3.21674e+07 0.741047 0.478449 0.228909 3.39972e-05
2.01144e+07 0.585577 0.443052 0.205369 5.4369e-05
1.79684e+07 0.535789 0.618547 0.126588 6.08625e-05
1.85386e+07 0.550081 0.629121 0.179457 5.89905e-05
3.52527e+07 0.763815 0.443052 0.254821 3.10218e-05
4.3621e+07 0.809034 0.628998 0.334813 2.50705e-05
2.09419e+07 0.601871 0.537033 0.242849 5.22205e-05
1.25644e+07 0.335882 0.665877 0.106551 8.70395e-05
2.48319e+07 0.664216 0.601379 0.287331 4.40401e-05
