1.78793e+07 0.70962 0.439903 0.185899 7.23518e-05
2.87979e+07 0.867632 0.4525 0.20051 4.492e-05
2.32663e+07 0.776898 0.529863 0.247143 5.55998e-05
3.1582e+07 0.90444 0.517132 0.315996 4.096e-05
3.1582e+07 0.90444 0.517132 0.315996 4.096e-05
3.1582e+07 0.90444 0.517132 0.315996 4.096e-05
2.60011e+07 0.800354 0.596895 0.32186 4.97518e-05
3.1582e+07 0.900579 0.514748 0.277855 4.096e-05
3.7301e+07 0.887098 0.581529 0.269148 3.468e-05
1.58794e+07 0.672812 0.60975 0.253069 8.14638e-05
2.59843e+07 0.800225 0.612134 0.329352 4.97838e-05
1.13825e+07 0.543436 0.531621 0.0826096 0.000113648
4.21094e+07 1 0.634867 0.493238 3.072e-05
2.709e+07 0.808333 0.652319 0.377284 4.77519e-05
2.24646e+07 0.768919 0.536021 0.222511 5.75838e-05
1.58794e+07 0.672812 0.60975 0.253069 8.14638e-05
2.20963e+07 0.765058 0.533637 0.184369 5.85438e-05
2.59843e+07 0.800225 0.612134 0.329352 4.97838e-05
3.1582e+07 0.900579 0.514748 0.277855 4.096e-05
1.99828e+07 0.740219 0.450117 0.124227 6.47358e-05
3.1582e+07 0.900579 0.514748 0.277855 4.096e-05
2.27267e+07 0.771525 0.587687 0.261798 5.69198e-05
3.01662e+07 0.960714 0.441872 0.300243 4.28825e-05
3.1582e+07 0.841281 0.494913 0.279385 4.096e-05
2.27267e+07 0.771525 0.587687 0.261798 5.69198e-05
2.709e+07 0.808333 0.652319 0.377284 4.77519e-05
3.60938e+07 0.876448 0.558584 0.416955 3.584e-05
1.10424e+07 0.529344 0.549856 0.164584 0.000117149
2.59843e+07 0.800225 0.612134 0.329352 4.97838e-05
