3.52839e+07 0.621296 0.716543 0.0414458 3.16669e-05
4.94103e+07 0.889706 0.488431 0.106006 2.26133e-05
3.63714e+07 0.769228 0.420875 0.187144 3.072e-05
3.63714e+07 0.989952 0.393616 0.251704 3.072e-05
4.94103e+07 0.889706 0.488431 0.106006 2.26133e-05
3.60791e+07 0.909565 0.339736 0.106006 3.09689e-05
5.45571e+07 0.842019 0.560164 0.0414458 2.048e-05
3.63714e+07 0.919613 0.424381 0.190651 3.072e-05
3.63714e+07 0.861878 0.411469 0.0414458 3.072e-05
3.82771e+07 0.651203 0.577253 0.088471 2.91906e-05
3.72075e+07 0.641154 0.567848 0.0414458 3.00297e-05
2.50186e+07 0.465972 0.576742 0.098673 4.466e-05
4.94103e+07 0.889706 0.488431 0.106006 2.26133e-05
3.60791e+07 0.909565 0.339736 0.106006 3.09689e-05
3.72075e+07 0.641154 0.567848 0.0414458 3.00297e-05
3.62443e+07 0.631344 0.725948 0.088471 3.08277e-05
3.72075e+07 0.641154 0.567848 0.0414458 3.00297e-05
3.72075e+07 0.641154 0.567848 0.0414458 3.00297e-05
5.45571e+07 0.899755 0.573076 0.190651 2.048e-05
3.63714e+07 0.970093 0.44826 0.204679 3.072e-05
3.60791e+07 0.909565 0.339736 0.106006 3.09689e-05
3.60791e+07 0.909565 0.339736 0.106006 3.09689e-05
5.45571e+07 0.842019 0.560164 0.0414458 2.048e-05
3.63714e+07 0.970093 0.44826 0.204679 3.072e-05
3.60791e+07 0.909565 0.339736 0.106006 3.09689e-05
4.94103e+07 0.889706 0.488431 0.106006 2.26133e-05
4.94103e+07 0.889706 0.488431 0.106006 2.26133e-05
3.04961e+07 0.561857 0.672419 0.149205 3.66385e-05
3.72075e+07 0.641154 0.567848 0.0414458 3.00297e-05
