2.85081e+07 0.7477 0.710464 0.0808451 3.70627e-05
3.11316e+07 0.769094 0.715771 0.0629915 3.39395e-05
1.35421e+07 0.468263 0.697506 0.0448499 7.80227e-05
1.31842e+07 0.453647 0.785793 0.0448499 8.01408e-05
1.39105e+07 0.482557 0.618703 0.080998 7.59562e-05
1.35421e+07 0.468263 0.697506 0.0448499 7.80227e-05
1.73699e+07 0.586096 0.516188 0.152394 6.08287e-05
1.33249e+07 0.459531 0.74214 0.0448499 7.92944e-05
1.53056e+07 0.529679 0.716808 0.0983927 6.90331e-05
1.69161e+07 0.574837 0.590589 0.135648 6.24605e-05
1.91688e+07 0.625102 0.519574 0.148843 5.51204e-05
9.71785e+06 0.258686 0.77459 0.0178536 0.000108727
1.62526e+07 0.557186 0.683278 0.116246 6.50104e-05
1.62526e+07 0.557186 0.683278 0.116246 6.50104e-05
3.36269e+07 0.786384 0.65814 0.0808451 3.1421e-05
2.58933e+07 0.922189 0.530645 0.249641 4.08056e-05
1.31842e+07 0.453647 0.785793 0.0448499 8.01408e-05
1.62526e+07 0.557186 0.683278 0.116246 6.50104e-05
2.75625e+07 0.738967 0.755098 0.0808451 3.83344e-05
1.28779e+07 0.440756 0.731035 0.0269963 8.20467e-05
1.31842e+07 0.453647 0.785793 0.0448499 8.01408e-05
1.57892e+07 0.544295 0.628521 0.0983927 6.69186e-05
2.85081e+07 0.7477 0.710464 0.0808451 3.70627e-05
2.6967e+07 0.733084 0.798751 0.0808451 3.91808e-05
1.72483e+07 0.582979 0.641391 0.13099 6.12575e-05
1.62526e+07 0.557186 0.683278 0.116246 6.50104e-05
1.66858e+07 0.568953 0.59544 0.116246 6.33229e-05
1.04042e+07 0.308035 0.598984 0.0357 0.000101555
1.62526e+07 0.557186 0.683278 0.116246 6.50104e-05
