2.62016e+07 0.650937 0.373778 0.101371 4.83845e-05
5.2085e+07 0.959981 0.469025 0.247096 2.434e-05
5.3878e+07 0.879713 0.486552 0.264623 2.353e-05
5.3878e+07 0.992598 0.525379 0.345818 2.353e-05
5.3878e+07 0.992598 0.525379 0.345818 2.353e-05
5.3878e+07 0.992598 0.525379 0.345818 2.353e-05
3.76309e+07 0.757113 0.430678 0.132088 3.36891e-05
5.3878e+07 0.993292 0.532131 0.337345 2.353e-05
4.92521e+07 0.939163 0.45509 0.135183 2.574e-05
2.62617e+07 0.651631 0.5034 0.154332 4.82737e-05
5.3878e+07 0.865603 0.496648 0.22424 2.353e-05
1.74785e+07 0.476058 0.671261 0.101817 7.2532e-05
5.3878e+07 0.992598 0.525379 0.345818 2.353e-05
3.99641e+07 0.771224 0.521539 0.222949 3.17222e-05
5.3878e+07 0.865603 0.496648 0.22424 2.353e-05
2.62617e+07 0.651631 0.5034 0.154332 4.82737e-05
4.92521e+07 0.858894 0.492808 0.162805 2.574e-05
5.3878e+07 0.865603 0.496648 0.22424 2.353e-05
5.3878e+07 0.993292 0.532131 0.337345 2.353e-05
3.49805e+07 0.738607 0.465185 0.124227 3.62417e-05
5.3878e+07 0.985889 0.521539 0.284384 2.353e-05
3.49805e+07 0.738607 0.465185 0.124227 3.62417e-05
4.19229e+07 0.978487 0.434518 0.254957 3.024e-05
3.99641e+07 0.771224 0.521539 0.222949 3.17222e-05
3.49805e+07 0.738607 0.465185 0.124227 3.62417e-05
3.99641e+07 0.771224 0.521539 0.222949 3.17222e-05
4.11486e+07 0.777932 0.402509 0.222949 3.08091e-05
4.25632e+07 0.785334 0.443157 0.263597 2.97851e-05
5.3878e+07 0.865603 0.496648 0.22424 2.353e-05
