1.3456e+07 0.396456 0.6386 0.0565501 8.7366e-05
1.64398e+07 0.506189 0.543953 0.0535738 7.15092e-05
1.43718e+07 0.43505 0.536482 0.175677 8.17988e-05
1.85501e+07 0.562483 0.513862 0.229251 6.33744e-05
1.76417e+07 0.539817 0.605265 0.152983 6.66376e-05
1.85501e+07 0.562483 0.513862 0.229251 6.33744e-05
1.70484e+07 0.523888 0.508832 0.0565501 6.89568e-05
2.31314e+07 0.649207 0.564013 0.317499 5.08228e-05
1.66634e+07 0.512926 0.441835 0.0762683 7.055e-05
1.39781e+07 0.419121 0.547197 0.132818 8.41028e-05
1.39781e+07 0.419121 0.547197 0.132818 8.41028e-05
8.55004e+06 0.049557 0.851779 0.0428591 0.000137496
1.76417e+07 0.539817 0.605265 0.152983 6.66376e-05
3.82682e+07 0.913275 0.513862 0.317737 3.072e-05
1.39781e+07 0.419121 0.547197 0.132818 8.41028e-05
1.3456e+07 0.396456 0.6386 0.0565501 8.7366e-05
3.82682e+07 0.856639 0.597348 0.309553 3.072e-05
1.64302e+07 0.505846 0.597348 0.221066 7.15512e-05
1.76417e+07 0.539817 0.605265 0.152983 6.66376e-05
1.64398e+07 0.506189 0.543953 0.0535738 7.15092e-05
3.82682e+07 1 0.564013 0.405985 3.072e-05
1.72259e+07 0.528855 0.45255 0.129842 6.8246e-05
1.70484e+07 0.523888 0.508832 0.0565501 6.89568e-05
1.76417e+07 0.539817 0.605265 0.152983 6.66376e-05
3.82682e+07 0.966372 0.502701 0.306576 3.072e-05
1.76417e+07 0.539817 0.605265 0.152983 6.66376e-05
1.76417e+07 0.539817 0.605265 0.152983 6.66376e-05
1.76417e+07 0.539817 0.605265 0.152983 6.66376e-05
3.5236e+07 0.769914 0.547197 0.221305 3.33636e-05
