1.43353e+07 0.287794 0.591407 0 8.37966e-05
2.05201e+07 0.502653 0.524095 0.0424759 5.85402e-05
1.43353e+07 0.287794 0.591407 0 8.37966e-05
2.19195e+07 0.534631 0.361206 0.0424759 5.48027e-05
2.19195e+07 0.534631 0.361206 0.0424759 5.48027e-05
2.19195e+07 0.534631 0.361206 0.0424759 5.48027e-05
5.86548e+07 1 0.5751 0.391569 2.048e-05
2.19195e+07 0.534631 0.361206 0.0424759 5.48027e-05
2.32453e+07 0.560893 0.650867 0.246609 5.16771e-05
4.13132e+07 0.753164 0.629974 0.26143 2.90766e-05
1.56111e+07 0.346033 0.600692 0.14539 7.69486e-05
1.43353e+07 0.287794 0.591407 0 8.37966e-05
2.50575e+07 0.59287 0.487979 0.246609 4.79397e-05
5.86548e+07 1 0.5751 0.391569 2.048e-05
1.43353e+07 0.287794 0.591407 0 8.37966e-05
1.56111e+07 0.346033 0.600692 0.14539 7.69486e-05
1.43353e+07 0.287794 0.591407 0 8.37966e-05
1.56111e+07 0.346033 0.600692 0.14539 7.69486e-05
2.19195e+07 0.534631 0.361206 0.0424759 5.48027e-05
5.01859e+07 0.909784 0.379134 0.0713957 2.3936e-05
2.19195e+07 0.534631 0.361206 0.0424759 5.48027e-05
2.32453e+07 0.560893 0.650867 0.246609 5.16771e-05
2.19195e+07 0.534631 0.361206 0.0424759 5.48027e-05
2.19195e+07 0.534631 0.361206 0.0424759 5.48027e-05
2.32453e+07 0.560893 0.650867 0.246609 5.16771e-05
5.86548e+07 1 0.5751 0.391569 2.048e-05
2.50575e+07 0.59287 0.487979 0.246609 4.79397e-05
1.41565e+07 0.278813 0.52196 0 8.48552e-05
1.56111e+07 0.346033 0.600692 0.14539 7.69486e-05
