1.44463e+07 0.344469 0.625295 0 6.45332e-05
4.3077e+07 0.780477 0.705044 0.159681 2.16419e-05
2.70254e+07 0.649892 0.625295 0.0638724 3.44959e-05
4.12358e+07 0.770499 0.751497 0.0958085 2.26082e-05
4.45918e+07 0.809545 0.561513 0.0958085 2.09067e-05
4.45918e+07 0.809545 0.561513 0.0958085 2.09067e-05
2.08319e+07 0.54577 0.509254 0.0667755 4.47519e-05
4.12358e+07 0.770499 0.751497 0.0958085 2.26082e-05
4.3077e+07 0.780477 0.705044 0.159681 2.16419e-05
1.36417e+07 0.305423 0.815278 0 6.83393e-05
2.70254e+07 0.649892 0.625295 0.0638724 3.44959e-05
2.78035e+07 0.65987 0.578842 0.127745 3.35306e-05
4.12358e+07 0.770499 0.751497 0.0958085 2.26082e-05
1.77084e+07 0.465076 0.751497 0.0319361 5.26455e-05
2.43399e+07 0.610846 0.815278 0.0638724 3.8302e-05
1.44463e+07 0.344469 0.625295 0 6.45332e-05
2.43399e+07 0.610846 0.815278 0.0638724 3.8302e-05
3.78069e+07 0.749675 0.749047 0.109236 2.46586e-05
4.3077e+07 0.780477 0.705044 0.159681 2.16419e-05
1.90882e+07 0.504121 0.561513 0.0319361 4.88399e-05
4.12358e+07 0.770499 0.751497 0.0958085 2.26082e-05
2.99855e+07 0.684599 0.579114 0.180185 3.10906e-05
4.45918e+07 0.809545 0.561513 0.0958085 2.09067e-05
1.77084e+07 0.465076 0.751497 0.0319361 5.26455e-05
1.77084e+07 0.465076 0.751497 0.0319361 5.26455e-05
1.77084e+07 0.465076 0.751497 0.0319361 5.26455e-05
1.77084e+07 0.465076 0.751497 0.0319361 5.26455e-05
1.77084e+07 0.465076 0.744601 0 5.26455e-05
2.43399e+07 0.610846 0.815278 0.0638724 3.8302e-05
