3.73516e+07 0.943428 0.361102 0.129885 3.072e-05
3.65893e+07 0.911814 0.320993 0.0455784 3.136e-05
3.73516e+07 0.943428 0.361102 0.129885 3.072e-05
3.73516e+07 0.943428 0.361102 0.129885 3.072e-05
3.73516e+07 0.943428 0.361102 0.129885 3.072e-05
3.73516e+07 0.943428 0.361102 0.129885 3.072e-05
4.63275e+07 1 0.487616 0.300596 2.4768e-05
3.73516e+07 0.943428 0.361102 0.129885 3.072e-05
4.15402e+07 0.968386 0.447507 0.21629 2.76224e-05
4.63275e+07 1 0.487616 0.300596 2.4768e-05
4.63275e+07 1 0.487616 0.300596 2.4768e-05
1.91659e+07 0.514143 0.56195 0.031822 5.98689e-05
4.63275e+07 1 0.487616 0.300596 2.4768e-05
4.63275e+07 1 0.487616 0.300596 2.4768e-05
3.73516e+07 0.943428 0.361102 0.129885 3.072e-05
4.63275e+07 1 0.487616 0.300596 2.4768e-05
3.73516e+07 0.943428 0.361102 0.129885 3.072e-05
4.63275e+07 1 0.487616 0.300596 2.4768e-05
3.73516e+07 0.943428 0.361102 0.129885 3.072e-05
3.65893e+07 0.911814 0.320993 0.0455784 3.136e-05
3.73516e+07 0.943428 0.361102 0.129885 3.072e-05
4.15402e+07 0.968386 0.447507 0.21629 2.76224e-05
3.73516e+07 0.943428 0.361102 0.129885 3.072e-05
3.73516e+07 0.943428 0.361102 0.129885 3.072e-05
4.15402e+07 0.968386 0.447507 0.21629 2.76224e-05
4.63275e+07 1 0.487616 0.300596 2.4768e-05
4.63275e+07 1 0.487616 0.300596 2.4768e-05
1.72761e+07 0.460899 0.579491 0.0524842 6.64179e-05
4.63275e+07 1 0.487616 0.300596 2.4768e-05
