9.83081e+06 0.322214 0.620962 0.074911 0.000126818
1.57938e+07 0.57826 0.585101 0.0458432 7.89371e-05
1.75454e+07 0.620517 0.474467 0.16119 7.10568e-05
1.71692e+07 0.612074 0.580064 0.16119 7.26139e-05
1.71336e+07 0.611344 0.517445 0.120754 7.27648e-05
1.75454e+07 0.620517 0.474467 0.16119 7.10568e-05
9.83081e+06 0.322214 0.620962 0.074911 0.000126818
2.0664e+07 0.677786 0.548639 0.212949 6.03331e-05
1.61431e+07 0.587433 0.542123 0.0862794 7.72291e-05
9.84253e+06 0.322944 0.683581 0.115347 0.000126667
1.75454e+07 0.620517 0.474467 0.16119 7.10568e-05
1.22924e+07 0.458018 0.591386 0.0687647 0.000101422
1.67746e+07 0.602902 0.623042 0.120754 7.43219e-05
1.76711e+07 0.623026 0.683581 0.210315 7.05515e-05
1.71692e+07 0.612074 0.580064 0.16119 7.26139e-05
9.83081e+06 0.322214 0.620962 0.074911 0.000126818
6.0875e+07 0.991558 0.696982 0.498313 2.048e-05
2.0664e+07 0.677786 0.548639 0.212949 6.03331e-05
1.67746e+07 0.602902 0.623042 0.120754 7.43219e-05
9.48561e+06 0.297572 0.583021 0 0.000131433
5.07292e+07 0.977868 0.645686 0.35644 2.4576e-05
9.6105e+06 0.306745 0.540043 0.0404362 0.000129725
1.71336e+07 0.611344 0.517445 0.120754 7.27648e-05
9.84682e+06 0.323355 0.584223 0.074911 0.000126611
1.98251e+07 0.664096 0.607745 0.183927 6.28859e-05
9.71157e+06 0.313772 0.726559 0.074911 0.000128375
9.71157e+06 0.313772 0.726559 0.074911 0.000128375
1.25026e+07 0.467099 0.618975 0.0519895 9.97171e-05
4.87732e+07 0.912157 0.580064 0.256158 2.55616e-05
