3.50241e+07 0.700338 0.573762 0.119013 3.15931e-05
4.69886e+07 0.776699 0.638835 0.0894109 2.35487e-05
3.77793e+07 0.722251 0.563858 0.158629 2.92891e-05
3.60195e+07 0.897556 0.54295 0.208148 3.072e-05
3.60195e+07 0.897556 0.54295 0.208148 3.072e-05
3.60195e+07 0.897556 0.54295 0.208148 3.072e-05
2.91952e+07 0.943939 0.384329 0.172714 3.79008e-05
3.60195e+07 0.897556 0.54295 0.208148 3.072e-05
3.91251e+07 0.823082 0.559447 0.0935925 2.82816e-05
3.60195e+07 0.768634 0.504277 0.172714 3.072e-05
3.60195e+07 0.802782 0.553665 0.246796 3.072e-05
1.87593e+07 0.439815 0.554779 0.0664667 5.89851e-05
3.60195e+07 0.965852 0.473465 0.26185 3.072e-05
3.60195e+07 0.965852 0.473465 0.26185 3.072e-05
3.60195e+07 0.734486 0.524374 0.143707 3.072e-05
3.60195e+07 0.802782 0.553665 0.246796 3.072e-05
3.50241e+07 0.700338 0.573762 0.119013 3.15931e-05
3.60195e+07 0.768634 0.504277 0.172714 3.072e-05
3.60195e+07 0.897556 0.54295 0.208148 3.072e-05
4.69886e+07 0.776699 0.638835 0.0894109 2.35487e-05
3.60195e+07 0.897556 0.54295 0.208148 3.072e-05
4.34953e+07 0.844995 0.569351 0.143112 2.544e-05
3.45787e+07 0.875643 0.453814 0.119013 3.2e-05
3.60195e+07 0.897556 0.54295 0.208148 3.072e-05
4.34953e+07 0.879143 0.569351 0.1925 2.544e-05
3.60195e+07 0.965852 0.473465 0.26185 3.072e-05
3.60195e+07 0.965852 0.473465 0.26185 3.072e-05
2.87321e+07 0.634659 0.515736 0.166101 3.85116e-05
3.60195e+07 0.768634 0.504277 0.172714 3.072e-05
