2.07891e+07 0.682781 0.624381 0.0925612 5.64013e-05
3.56609e+07 0.955857 0.515723 0.190141 3.288e-05
2.12718e+07 0.689991 0.607858 0.138013 5.51213e-05
3.19517e+07 0.793814 0.589866 0.180625 3.6697e-05
3.19517e+07 0.793814 0.589866 0.180625 3.6697e-05
3.19517e+07 0.793814 0.589866 0.180625 3.6697e-05
1.68175e+07 0.607798 0.581344 0.0925612 6.9721e-05
3.38496e+07 0.805404 0.606272 0.257325 3.46394e-05
2.79174e+07 0.764073 0.52041 0.124046 4.2e-05
1.39104e+07 0.525767 0.565602 0.16197 8.42918e-05
2.04238e+07 0.677013 0.684558 0.138013 5.74099e-05
1.07672e+07 0.386993 0.715593 0.11363 0.000108898
3.19517e+07 0.793814 0.589866 0.180625 3.6697e-05
1.73922e+07 0.620775 0.589866 0.135172 6.7417e-05
4.5657e+07 0.855819 0.624381 0.138013 2.56813e-05
2.23071e+07 0.704573 0.505425 0.16197 5.25632e-05
2.04238e+07 0.677013 0.684558 0.138013 5.74099e-05
2.04238e+07 0.677013 0.684558 0.138013 5.74099e-05
3.81683e+07 0.989798 0.561246 0.32626 3.072e-05
1.64237e+07 0.598425 0.560749 0.0757534 7.13926e-05
3.19517e+07 0.793814 0.589866 0.180625 3.6697e-05
1.64237e+07 0.598425 0.560749 0.0757534 7.13926e-05
3.81683e+07 0.959642 0.521167 0.138013 3.072e-05
3.28547e+07 0.799582 0.52969 0.135172 3.56883e-05
1.64237e+07 0.598425 0.560749 0.0757534 7.13926e-05
1.73922e+07 0.620775 0.589866 0.135172 6.7417e-05
1.7864e+07 0.630977 0.469087 0.135172 6.56365e-05
1.84421e+07 0.642567 0.468069 0.182802 6.35789e-05
2.04238e+07 0.677013 0.684558 0.138013 5.74099e-05
