3.25081e+07 0.237694 0.720951 0.0486861 5.22239e-05
8.00346e+07 0.690454 0.85881 0.103864 2.12121e-05
4.36292e+07 0.805401 0.609875 0.100618 3.8912e-05
5.96394e+07 0.584547 0.788306 0.0519318 2.84661e-05
5.52637e+07 0.776585 0.720951 0.100618 3.072e-05
4.36292e+07 0.805401 0.609875 0.100618 3.8912e-05
3.44301e+07 0.280731 0.643414 0 4.93086e-05
5.73197e+07 0.567706 0.78506 0 2.96181e-05
5.73197e+07 0.567706 0.78506 0 2.96181e-05
2.55454e+07 0.0288157 0.888924 0 6.64582e-05
4.36292e+07 0.805401 0.609875 0.100618 3.8912e-05
4.49603e+07 0.759745 0.620333 0 3.776e-05
5.58277e+07 0.555731 0.899382 0.0519318 3.04096e-05
2.55454e+07 0.0288157 0.888924 0 6.64582e-05
5.96394e+07 0.584547 0.788306 0.0519318 2.84661e-05
3.18065e+07 0.220854 0.724197 0 5.33759e-05
5.73197e+07 0.567706 0.78506 0 2.96181e-05
5.96394e+07 0.584547 0.788306 0.0519318 2.84661e-05
5.379e+07 0.538891 0.896136 0 3.15616e-05
3.18065e+07 0.220854 0.724197 0 5.33759e-05
5.73197e+07 0.567706 0.78506 0 2.96181e-05
3.5842e+07 0.309546 0.532338 0 4.73662e-05
5.52637e+07 0.776585 0.720951 0.100618 3.072e-05
2.48176e+07 0 1 0 6.84072e-05
2.55454e+07 0.0288157 0.888924 0 6.64582e-05
2.48176e+07 0 1 0 6.84072e-05
2.52357e+07 0.0168403 0.899382 0 6.72736e-05
5.58277e+07 0.555731 0.899382 0.0519318 3.04096e-05
5.96394e+07 0.584547 0.788306 0.0519318 2.84661e-05
