1.72587e+07 0.620728 0.543797 0.160231 7.16595e-05
1.94083e+07 0.662878 0.490726 0.0662157 6.37229e-05
1.45343e+07 0.549487 0.558997 0.143648 8.50918e-05
2.40938e+07 0.728607 0.443011 0.178195 5.13306e-05
2.40938e+07 0.728607 0.443011 0.178195 5.13306e-05
2.40938e+07 0.728607 0.443011 0.178195 5.13306e-05
3.06734e+07 0.908405 0.519015 0.295472 4.032e-05
2.40938e+07 0.728607 0.443011 0.178195 5.13306e-05
2.11557e+07 0.690696 0.560097 0.149221 5.84595e-05
2.41686e+07 0.729285 0.57991 0.233379 5.11718e-05
1.54896e+07 0.577305 0.559274 0.192106 7.98438e-05
1.09204e+07 0.400221 0.554506 0.0716742 0.000113252
3.26423e+07 0.84802 0.497181 0.339969 3.7888e-05
4.02588e+07 0.918582 0.5812 0.357657 3.072e-05
1.42136e+07 0.53931 0.565907 0.11601 8.70118e-05
1.54896e+07 0.577305 0.559274 0.192106 7.98438e-05
1.42136e+07 0.53931 0.565907 0.11601 8.70118e-05
1.54896e+07 0.577305 0.559274 0.192106 7.98438e-05
2.40938e+07 0.728607 0.443011 0.178195 5.13306e-05
3.52844e+07 0.814859 0.47009 0.086852 3.50509e-05
2.40938e+07 0.728607 0.443011 0.178195 5.13306e-05
2.18741e+07 0.700874 0.567007 0.183769 5.65395e-05
2.95026e+07 0.799847 0.358715 0.160231 4.192e-05
3.01941e+07 0.810025 0.4209 0.222416 4.096e-05
2.18741e+07 0.700874 0.567007 0.183769 5.65395e-05
4.02588e+07 0.918582 0.5812 0.357657 3.072e-05
3.26423e+07 0.84802 0.497181 0.339969 3.7888e-05
1.09941e+07 0.404291 0.546583 0.10249 0.000112492
1.54896e+07 0.577305 0.559274 0.192106 7.98438e-05
