2.12973e+07 0.521846 0.582408 0.077887 5.58436e-05
2.60587e+07 0.608928 0.750073 0.0585858 4.56401e-05
2.96182e+07 0.712464 0.474111 0.109532 4.0155e-05
2.96153e+07 0.656186 0.595007 0.0798648 4.0159e-05
3.36312e+07 0.697543 0.582408 0.109532 3.53636e-05
2.96182e+07 0.712464 0.474111 0.109532 4.0155e-05
2.38906e+07 0.574003 0.52132 0.0907776 4.9782e-05
3.87148e+07 0.754302 0.630852 0.117688 3.072e-05
3.14286e+07 0.676005 0.641625 0.101946 3.78419e-05
2.18041e+07 0.532646 0.658147 0.123225 5.45457e-05
2.96182e+07 0.770111 0.475939 0.184538 4.0155e-05
2.03929e+07 0.500598 0.587287 0.0212791 5.83204e-05
3.38146e+07 0.698913 0.640237 0.122423 3.51717e-05
2.18041e+07 0.532646 0.658147 0.123225 5.45457e-05
2.96153e+07 0.656186 0.595007 0.0798648 4.0159e-05
2.38906e+07 0.574003 0.52132 0.0907776 4.9782e-05
3.87148e+07 0.754302 0.630852 0.117688 3.072e-05
3.87148e+07 0.943722 0.582924 0.259878 3.072e-05
2.79724e+07 0.635775 0.701326 0.0482194 4.25176e-05
1.97417e+07 0.484018 0.631155 0.0269403 6.0244e-05
3.87148e+07 0.754302 0.630852 0.117688 3.072e-05
3.20717e+07 0.682868 0.584206 0.193112 3.70832e-05
3.36312e+07 0.697543 0.582408 0.109532 3.53636e-05
1.8883e+07 0.460078 0.764617 0.0482194 6.29838e-05
2.57292e+07 0.603914 0.742739 0.171414 4.62245e-05
2.1133e+07 0.517725 0.70155 0.0907776 5.6278e-05
2.13708e+07 0.523216 0.640237 0.0907776 5.56517e-05
1.71345e+07 0.40498 0.729288 0.0316454 6.9411e-05
3.55664e+07 0.713833 0.596834 0.15487 3.34394e-05
