2.84708e+07 0.748266 0.600841 0.0599045 3.97207e-05
3.14278e+07 0.81977 0.580301 0.0440872 3.59834e-05
2.51487e+07 0.799033 0.452033 0.08308 4.49678e-05
2.17097e+07 0.900007 0.417215 0.100991 5.20911e-05
3.14278e+07 0.84924 0.566023 0.0778159 3.59834e-05
2.57455e+07 0.859509 0.488728 0.0778159 4.39253e-05
3.3338e+07 0.936035 0.59697 0.206107 3.39217e-05
2.57455e+07 0.859509 0.488728 0.0778159 4.39253e-05
3.23396e+07 0.916834 0.585776 0.198291 3.49689e-05
2.78024e+07 0.858528 0.489435 0.209385 4.06756e-05
2.78024e+07 0.84533 0.548533 0.185216 4.06756e-05
9.77955e+06 0.265588 0.696653 0 0.000115637
3.3338e+07 0.936035 0.59697 0.206107 3.39217e-05
2.78024e+07 0.946304 0.571498 0.232019 4.06756e-05
2.72064e+07 0.758535 0.523546 0.0599045 4.15667e-05
2.78024e+07 0.848259 0.514907 0.183473 4.06756e-05
2.72064e+07 0.758535 0.523546 0.0599045 4.15667e-05
2.78024e+07 0.84533 0.548533 0.185216 4.06756e-05
3.14278e+07 0.84924 0.566023 0.0778159 3.59834e-05
2.51487e+07 0.860268 0.462437 0.0440872 4.49678e-05
2.57455e+07 0.859509 0.488728 0.0778159 4.39253e-05
3.23396e+07 0.916834 0.585776 0.198291 3.49689e-05
3.14278e+07 0.84924 0.566023 0.0778159 3.59834e-05
2.51487e+07 0.889738 0.448159 0.0778159 4.49678e-05
3.23396e+07 0.916834 0.585776 0.198291 3.49689e-05
3.3338e+07 0.936035 0.59697 0.206107 3.39217e-05
2.78024e+07 0.949233 0.537872 0.230276 4.06756e-05
2.15161e+07 0.666817 0.522499 0.0578974 5.25597e-05
2.78024e+07 0.84533 0.548533 0.185216 4.06756e-05
