4.95241e+07 0.902398 0.44386 0 2.816e-05
5.98027e+07 0.867076 0.610345 0 2.332e-05
4.95241e+07 0.902398 0.44386 0 2.816e-05
5.98027e+07 0.867076 0.610345 0 2.332e-05
5.41718e+07 0.934932 0.511532 0.168881 2.5744e-05
4.95241e+07 0.902398 0.44386 0 2.816e-05
5.41718e+07 0.934932 0.511532 0.168881 2.5744e-05
5.98027e+07 0.883807 0.621125 0.0538983 2.332e-05
5.98027e+07 0.867076 0.610345 0 2.332e-05
5.41718e+07 0.917271 0.513329 0.0970169 2.5744e-05
4.95241e+07 0.902398 0.44386 0 2.816e-05
2.09883e+07 0.0353226 0.833514 0 6.64466e-05
5.98027e+07 0.867076 0.610345 0 2.332e-05
5.98027e+07 0.867076 0.610345 0 2.332e-05
5.98027e+07 0.867076 0.610345 0 2.332e-05
4.95241e+07 0.952593 0.476199 0.161695 2.816e-05
5.98027e+07 0.867076 0.610345 0 2.332e-05
5.98027e+07 0.867076 0.610345 0 2.332e-05
5.98027e+07 0.883807 0.621125 0.0538983 2.332e-05
4.95241e+07 0.902398 0.44386 0 2.816e-05
5.98027e+07 0.867076 0.610345 0 2.332e-05
4.95241e+07 0.902398 0.44386 0 2.816e-05
4.95241e+07 0.902398 0.44386 0 2.816e-05
5.98027e+07 0.867076 0.610345 0 2.332e-05
5.98027e+07 0.867076 0.610345 0 2.332e-05
5.98027e+07 0.867076 0.610345 0 2.332e-05
4.89677e+07 0.900539 0.416312 0 2.848e-05
5.41718e+07 0.917271 0.513329 0.0970169 2.5744e-05
5.45618e+07 0.881948 0.524108 0 2.556e-05
