2.23238e+07 0.653193 0.534158 0.143839 4.52822e-05
3.06408e+07 0.747573 0.430029 0.070847 3.2991e-05
2.27444e+07 0.659562 0.532466 0.125202 4.44449e-05
3.30493e+07 0.779792 0.473523 0.154566 3.05867e-05
3.30493e+07 0.779792 0.473523 0.154566 3.05867e-05
3.30493e+07 0.779792 0.473523 0.154566 3.05867e-05
3.32266e+07 0.767219 0.481568 0.122386 3.04235e-05
3.30493e+07 0.779792 0.473523 0.154566 3.05867e-05
3.6596e+07 0.840479 0.468591 0.193128 2.76224e-05
2.19357e+07 0.646989 0.540511 0.0930212 4.60833e-05
2.19357e+07 0.646989 0.540511 0.0930212 4.60833e-05
1.07724e+07 0.280455 0.590221 0.0321803 9.3839e-05
3.30493e+07 0.779792 0.473523 0.154566 3.05867e-05
3.30493e+07 0.779792 0.473523 0.154566 3.05867e-05
2.23238e+07 0.653193 0.534158 0.143839 4.52822e-05
2.19357e+07 0.646989 0.540511 0.0930212 4.60833e-05
2.19357e+07 0.646989 0.540511 0.0930212 4.60833e-05
2.19357e+07 0.646989 0.540511 0.0930212 4.60833e-05
3.30493e+07 0.779792 0.473523 0.154566 3.05867e-05
3.29059e+07 0.853052 0.396185 0.193128 3.072e-05
3.30493e+07 0.779792 0.473523 0.154566 3.05867e-05
3.06408e+07 0.747573 0.430029 0.070847 3.2991e-05
3.32266e+07 0.767219 0.481568 0.122386 3.04235e-05
3.30493e+07 0.779792 0.473523 0.154566 3.05867e-05
3.06408e+07 0.747573 0.430029 0.070847 3.2991e-05
3.29059e+07 0.885271 0.439679 0.276847 3.072e-05
3.30493e+07 0.779792 0.473523 0.154566 3.05867e-05
1.72283e+07 0.550333 0.50163 0.0837191 5.8675e-05
2.19357e+07 0.646989 0.540511 0.0930212 4.60833e-05
