1.9142e+07 0.58968 0.55856 0.121472 6.11113e-05
4.89589e+07 0.859382 0.618091 0.13968 2.38933e-05
3.42712e+07 0.790392 0.510441 0.0786588 3.41333e-05
4.89589e+07 0.859382 0.618091 0.13968 2.38933e-05
3.42712e+07 0.895541 0.53967 0.13968 3.41333e-05
3.42712e+07 0.895541 0.53967 0.13968 3.41333e-05
2.47035e+07 0.682202 0.532087 0.0555566 4.73532e-05
4.89589e+07 0.859382 0.618091 0.13968 2.38933e-05
3.66292e+07 0.950697 0.575801 0.254628 3.1936e-05
1.71191e+07 0.540894 0.657116 0.0324543 6.83326e-05
3.52192e+07 0.777248 0.578695 0.0786588 3.32146e-05
1.46168e+07 0.46232 0.614859 0.0928329 8.00303e-05
4.89589e+07 0.859382 0.618091 0.13968 2.38933e-05
2.30488e+07 0.659186 0.618091 0.0934752 5.07528e-05
3.18473e+07 0.753716 0.543724 0.121048 3.67312e-05
1.85743e+07 0.577053 0.578695 0.0324543 6.29789e-05
3.03304e+07 0.741089 0.657116 0.0786588 3.85683e-05
3.03304e+07 0.741089 0.657116 0.0786588 3.85683e-05
4.89589e+07 0.859382 0.618091 0.13968 2.38933e-05
3.80791e+07 0.799805 0.598221 0.292971 3.072e-05
4.89589e+07 0.859382 0.618091 0.13968 2.38933e-05
2.57668e+07 0.695345 0.53967 0.0934752 4.53991e-05
3.42712e+07 0.882397 0.532087 0.101761 3.41333e-05
2.30488e+07 0.659186 0.618091 0.0934752 5.07528e-05
2.30488e+07 0.659186 0.618091 0.0934752 5.07528e-05
3.31885e+07 0.763646 0.583384 0.246342 3.52468e-05
2.30488e+07 0.659186 0.618091 0.0934752 5.07528e-05
2.3042e+07 0.659186 0.548122 0.0379186 5.07677e-05
3.03304e+07 0.741089 0.657116 0.0786588 3.85683e-05
