2.08597e+07 0.494124 0.603029 0.0480442 5.28805e-05
2.64845e+07 0.601533 0.70452 0.0668075 4.16496e-05
2.39809e+07 0.560347 0.468784 0.0592679 4.59978e-05
3.08278e+07 0.657946 0.595528 0.0969664 3.57817e-05
2.87344e+07 0.633112 0.559891 0.0668075 3.83885e-05
2.87344e+07 0.633112 0.559891 0.0668075 3.83885e-05
3.83721e+07 0.819724 0.533416 0.0480442 2.87467e-05
2.64845e+07 0.601533 0.70452 0.0668075 4.16496e-05
3.43503e+07 0.693101 0.596463 0.0823642 3.21124e-05
3.09432e+07 0.658968 0.733457 0.029109 3.56483e-05
2.06048e+07 0.487787 0.645633 0.029109 5.35346e-05
1.66752e+07 0.367195 0.498237 0.0490941 6.61505e-05
2.64845e+07 0.601533 0.70452 0.0668075 4.16496e-05
5.38426e+07 0.804293 0.685584 0.0857427 2.04869e-05
1.96428e+07 0.462545 0.709788 0.029109 5.61563e-05
2.06048e+07 0.487787 0.645633 0.029109 5.35346e-05
1.94211e+07 0.456208 0.790262 0.029109 5.67976e-05
1.94211e+07 0.456208 0.790262 0.029109 5.67976e-05
2.64845e+07 0.601533 0.70452 0.0668075 4.16496e-05
3.59072e+07 1 0.445058 0.225962 3.072e-05
2.64845e+07 0.601533 0.70452 0.0668075 4.16496e-05
2.87344e+07 0.633112 0.559891 0.0668075 3.83885e-05
2.75259e+07 0.616965 0.552351 0.029109 4.00738e-05
3.08278e+07 0.657946 0.595528 0.0969664 3.57817e-05
2.64845e+07 0.601533 0.70452 0.0668075 4.16496e-05
5.38608e+07 0.912008 0.660808 0.176868 2.048e-05
2.64845e+07 0.601533 0.70452 0.0668075 4.16496e-05
1.61218e+07 0.344813 0.783982 0.0376985 6.84209e-05
1.94211e+07 0.456208 0.790262 0.029109 5.67976e-05
