2.8679e+07 0.552958 0.449542 0.0520813 4.52279e-05
6.33345e+07 0.955847 0.569206 0.240095 2.048e-05
6.33345e+07 0.849487 0.435973 0.186469 2.048e-05
6.33345e+07 1 0.485396 0.294369 2.048e-05
6.33345e+07 1 0.485396 0.294369 2.048e-05
6.33345e+07 1 0.485396 0.294369 2.048e-05
4.31952e+07 0.703471 0.363279 0.0921382 3.00285e-05
6.33345e+07 1 0.485396 0.294369 2.048e-05
6.33345e+07 0.937033 0.555637 0.172252 2.048e-05
2.8679e+07 0.552958 0.449542 0.0520813 4.52279e-05
6.33345e+07 0.830673 0.449542 0.132195 2.048e-05
3.3601e+07 0.618396 0.563344 0.134388 3.86027e-05
6.33345e+07 1 0.485396 0.294369 2.048e-05
4.61373e+07 0.722286 0.485396 0.214255 2.81137e-05
6.33345e+07 0.830673 0.449542 0.132195 2.048e-05
2.8679e+07 0.552958 0.449542 0.0520813 4.52279e-05
6.33345e+07 0.830673 0.449542 0.132195 2.048e-05
6.33345e+07 0.830673 0.449542 0.132195 2.048e-05
6.33345e+07 1 0.485396 0.294369 2.048e-05
3.98277e+07 0.678133 0.569206 0.159981 3.25675e-05
6.33345e+07 1 0.485396 0.294369 2.048e-05
3.98277e+07 0.678133 0.569206 0.159981 3.25675e-05
5.68301e+07 0.981186 0.363279 0.172252 2.2824e-05
4.61373e+07 0.722286 0.485396 0.214255 2.81137e-05
3.98277e+07 0.678133 0.569206 0.159981 3.25675e-05
4.61373e+07 0.722286 0.485396 0.214255 2.81137e-05
4.61373e+07 0.722286 0.485396 0.214255 2.81137e-05
4.61143e+07 0.722286 0.371621 0.122117 2.81277e-05
6.33345e+07 0.830673 0.449542 0.132195 2.048e-05
