3.37708e+07 0.629045 0.575164 0 2.95653e-05
3.22978e+07 0.442219 0.854901 0 3.09137e-05
3.37708e+07 0.629045 0.575164 0 2.95653e-05
3.22978e+07 0.442219 0.854901 0 3.09137e-05
3.4823e+07 0.668721 0.626645 0.146636 2.8672e-05
3.37708e+07 0.629045 0.575164 0 2.95653e-05
3.25014e+07 0.742681 0.584614 0.174658 3.072e-05
3.22978e+07 0.442219 0.854901 0 3.09137e-05
5.67985e+07 0.699538 0.767362 0.0380819 1.75787e-05
3.22978e+07 0.442219 0.854901 0 3.09137e-05
3.37708e+07 0.629045 0.575164 0 2.95653e-05
2.21402e+07 0.186826 0.720263 0 4.50963e-05
3.22978e+07 0.442219 0.854901 0 3.09137e-05
3.22978e+07 0.442219 0.854901 0 3.09137e-05
3.22978e+07 0.442219 0.854901 0 3.09137e-05
3.37708e+07 0.629045 0.575164 0 2.95653e-05
3.22978e+07 0.442219 0.854901 0 3.09137e-05
3.22978e+07 0.442219 0.854901 0 3.09137e-05
3.22978e+07 0.442219 0.854901 0 3.09137e-05
2.62343e+07 0.886364 0.487625 0.0380819 3.80587e-05
3.22978e+07 0.442219 0.854901 0 3.09137e-05
2.70142e+07 0.703004 0.533132 0.0280211 3.696e-05
3.37708e+07 0.629045 0.575164 0 2.95653e-05
3.22978e+07 0.442219 0.854901 0 3.09137e-05
3.22978e+07 0.442219 0.854901 0 3.09137e-05
5.67985e+07 0.699538 0.767362 0.0380819 1.75787e-05
3.22978e+07 0.442219 0.854901 0 3.09137e-05
3.22978e+07 0.442219 0.854901 0 3.09137e-05
3.22978e+07 0.442219 0.854901 0 3.09137e-05
