3.56761e+07 0.661222 0.664475 0 3.58784e-05
7.8125e+07 0.938899 0.70997 0.18198 1.6384e-05
1.86478e+07 0.351482 0.715657 0 6.86408e-05
1.75246e+07 0.30974 0.81802 0 7.30404e-05
1.86478e+07 0.351482 0.715657 0 6.86408e-05
1.86478e+07 0.351482 0.715657 0 6.86408e-05
1.2625e+07 0.0417423 0.897636 0 0.000101386
1.75246e+07 0.30974 0.81802 0 7.30404e-05
1.77697e+07 0.319419 0.761152 0.0909899 7.20328e-05
1.20992e+07 0 1 0 0.000105792
1.86478e+07 0.351482 0.715657 0 6.86408e-05
1.89256e+07 0.361162 0.658788 0.0909899 6.76332e-05
1.75246e+07 0.30974 0.81802 0 7.30404e-05
1.20992e+07 0 1 0 0.000105792
7.8125e+07 0.92922 0.584859 0 1.6384e-05
3.56761e+07 0.661222 0.664475 0 3.58784e-05
1.80259e+07 0.329099 0.749778 0.0909899 7.10088e-05
1.75246e+07 0.30974 0.81802 0 7.30404e-05
7.8125e+07 0.938899 0.70997 0.18198 1.6384e-05
1.2625e+07 0.0417423 0.897636 0 0.000101386
1.75246e+07 0.30974 0.81802 0 7.30404e-05
1.2625e+07 0.0417423 0.897636 0 0.000101386
6.94444e+07 0.970962 0.482495 0 1.8432e-05
3.34435e+07 0.638838 0.516616 0 3.82735e-05
1.20992e+07 0 1 0 0.000105792
1.20992e+07 0 1 0 0.000105792
1.20992e+07 0 1 0 0.000105792
1.75246e+07 0.30974 0.81802 0 7.30404e-05
1.75246e+07 0.30974 0.81802 0 7.30404e-05
