1.58746e+07 0.528142 0.561506 0.0982363 7.56279e-05
1.46497e+07 0.488647 0.568437 0.0296554 8.19511e-05
1.65978e+07 0.548769 0.511916 0.1626 7.23324e-05
1.65978e+07 0.548769 0.511916 0.1626 7.23324e-05
1.62261e+07 0.538375 0.554477 0.126354 7.39895e-05
1.65978e+07 0.548769 0.511916 0.1626 7.23324e-05
1.7416e+07 0.570035 0.491442 0.145334 6.89345e-05
1.98568e+07 0.622961 0.465126 0.194452 6.04609e-05
1.59625e+07 0.5307 0.591019 0.148969 7.52115e-05
1.78486e+07 0.580429 0.520823 0.21755 6.72636e-05
1.78486e+07 0.580429 0.520823 0.21755 6.72636e-05
9.75161e+06 0.231372 0.697262 0.0516663 0.000123114
1.784e+07 0.580269 0.484413 0.173451 6.72961e-05
3.90807e+07 0.925807 0.513794 0.331998 3.072e-05
1.62302e+07 0.538535 0.518945 0.134482 7.39708e-05
1.7416e+07 0.570035 0.491442 0.145334 6.89345e-05
3.90807e+07 0.947873 0.559145 0.296159 3.072e-05
2.16739e+07 0.654621 0.474034 0.249402 5.53921e-05
1.62261e+07 0.538375 0.554477 0.126354 7.39895e-05
1.46497e+07 0.488647 0.568437 0.0296554 8.19511e-05
3.90807e+07 0.958107 0.552115 0.324277 3.072e-05
1.63149e+07 0.540934 0.527754 0.148969 7.35868e-05
1.58746e+07 0.528142 0.561506 0.0982363 7.56279e-05
1.62261e+07 0.538375 0.554477 0.126354 7.39895e-05
3.90807e+07 0.950272 0.567953 0.310646 3.072e-05
1.784e+07 0.580269 0.484413 0.173451 6.72961e-05
1.784e+07 0.580269 0.484413 0.173451 6.72961e-05
1.18364e+07 0.366965 0.583517 0.07315 0.000101429
4.03414e+07 0.915574 0.520823 0.30388 2.976e-05
