1.88539e+07 0.421707 0.526759 0.0637664 6.72518e-05
3.9879e+07 0.72642 0.831391 0.109031 3.17952e-05
3.09561e+07 0.866211 0.608785 0.172797 4.096e-05
3.9879e+07 0.72642 0.831391 0.109031 3.17952e-05
3.09561e+07 0.866211 0.608785 0.172797 4.096e-05
3.09561e+07 0.866211 0.608785 0.172797 4.096e-05
1.84126e+07 0.407817 0.53101 0 6.88638e-05
3.79547e+07 0.71253 0.82714 0.0410131 3.34072e-05
3.79547e+07 0.71253 0.82714 0.0410131 3.34072e-05
1.5063e+07 0.274971 0.857646 0.0205065 8.41774e-05
3.09561e+07 0.866211 0.608785 0.172797 4.096e-05
2.79903e+07 0.85232 0.477001 0.0410131 4.53e-05
3.9879e+07 0.72642 0.831391 0.109031 3.17952e-05
1.49215e+07 0.268026 0.881149 0 8.49756e-05
3.9879e+07 0.72642 0.831391 0.109031 3.17952e-05
1.84126e+07 0.407817 0.53101 0 6.88638e-05
3.79547e+07 0.71253 0.82714 0.0410131 3.34072e-05
6.19121e+07 0.853264 0.787245 0.139358 2.048e-05
3.79547e+07 0.71253 0.82714 0.0410131 3.34072e-05
1.84126e+07 0.407817 0.53101 0 6.88638e-05
3.79547e+07 0.71253 0.82714 0.0410131 3.34072e-05
2.34225e+07 0.53466 0.581802 0.0777961 5.41344e-05
3.09561e+07 0.866211 0.608785 0.172797 4.096e-05
1.49215e+07 0.268026 0.881149 0 8.49756e-05
1.49215e+07 0.268026 0.881149 0 8.49756e-05
1.49215e+07 0.268026 0.881149 0 8.49756e-05
1.52043e+07 0.281917 0.749365 0 8.33947e-05
2.01636e+07 0.458395 0.868216 0.0680175 6.28836e-05
3.9879e+07 0.72642 0.831391 0.109031 3.17952e-05
