5.13982e+07 0.975466 0.523199 0.28104 2.2872e-05
3.78438e+07 0.792295 0.38165 0.037026 3.1064e-05
3.82676e+07 0.851776 0.362935 0.16713 3.072e-05
3.82676e+07 0.830245 0.416785 0.113735 3.072e-05
3.82676e+07 0.851776 0.362935 0.16713 3.072e-05
3.82676e+07 0.851776 0.362935 0.16713 3.072e-05
3.82676e+07 0.826668 0.441326 0.113735 3.072e-05
5.62909e+07 0.82967 0.601967 0.188566 2.0884e-05
5.02562e+07 0.767186 0.566832 0.037026 2.33917e-05
5.62909e+07 0.813315 0.610282 0.155308 2.0884e-05
3.82676e+07 0.83542 0.437767 0.16713 3.072e-05
1.8198e+07 0.355929 0.539169 0.0284775 6.45993e-05
4.87874e+07 0.970291 0.502218 0.227645 2.4096e-05
5.13982e+07 0.821492 0.527136 0.113735 2.2872e-05
4.844e+07 0.81389 0.491617 0.113735 2.42688e-05
4.1001e+07 0.834845 0.449641 0.155308 2.8672e-05
5.62909e+07 0.805137 0.601967 0.113735 2.0884e-05
4.844e+07 0.81389 0.491617 0.113735 2.42688e-05
5.62909e+07 0.82967 0.601967 0.188566 2.0884e-05
3.63282e+07 0.805073 0.331359 0.037026 3.236e-05
5.13982e+07 0.821492 0.527136 0.113735 2.2872e-05
3.63282e+07 0.805073 0.331359 0.037026 3.236e-05
5.13982e+07 0.975466 0.523199 0.28104 2.2872e-05
4.70744e+07 0.961538 0.498658 0.17069 2.49728e-05
4.70744e+07 0.783542 0.492 0.037026 2.49728e-05
5.13982e+07 0.821492 0.527136 0.113735 2.2872e-05
4.87874e+07 0.970291 0.502218 0.227645 2.4096e-05
2.65246e+07 0.558331 0.524641 0.123063 4.43204e-05
4.844e+07 0.81389 0.491617 0.113735 2.42688e-05
