2.89287e+07 0.620853 0.446192 0.165272 4.10665e-05
2.24993e+07 0.511848 0.6301 0 5.28015e-05
2.64144e+07 0.584518 0.544276 0.0449552 4.49754e-05
2.42177e+07 0.546603 0.609665 0.0449552 4.90551e-05
2.64144e+07 0.584518 0.544276 0.0449552 4.49754e-05
2.64144e+07 0.584518 0.544276 0.0449552 4.49754e-05
4.28365e+07 0.837283 0.51812 0.071111 2.77334e-05
2.42177e+07 0.546603 0.609665 0.0449552 4.90551e-05
3.18467e+07 0.655608 0.482646 0.136337 3.73037e-05
4.97211e+07 0.799368 0.58351 0.071111 2.38933e-05
2.64144e+07 0.584518 0.544276 0.0449552 4.49754e-05
1.20759e+07 0.0900474 0.632021 0.0261558 9.83777e-05
2.42177e+07 0.546603 0.609665 0.0449552 4.90551e-05
4.97211e+07 0.799368 0.58351 0.071111 2.38933e-05
2.51639e+07 0.563981 0.490656 0.107729 4.72105e-05
2.64144e+07 0.584518 0.544276 0.0449552 4.49754e-05
2.42177e+07 0.546603 0.609665 0.0449552 4.90551e-05
2.42177e+07 0.546603 0.609665 0.0449552 4.90551e-05
2.42177e+07 0.546603 0.609665 0.0449552 4.90551e-05
4.46214e+07 0.946287 0.495724 0.214805 2.6624e-05
2.42177e+07 0.546603 0.609665 0.0449552 4.90551e-05
2.43833e+07 0.549763 0.56471 0 4.87219e-05
2.64144e+07 0.584518 0.544276 0.0449552 4.49754e-05
2.42177e+07 0.546603 0.609665 0.0449552 4.90551e-05
2.24993e+07 0.511848 0.6301 0 5.28015e-05
5.0396e+07 0.943128 0.540679 0.25976 2.35733e-05
2.42177e+07 0.546603 0.609665 0.0449552 4.90551e-05
2.42177e+07 0.546603 0.609665 0.0449552 4.90551e-05
2.42177e+07 0.546603 0.609665 0.0449552 4.90551e-05
