3.38146e+07 0.704153 0.521151 0.181564 3.94977e-05
5.75248e+07 0.862833 0.586431 0.128107 2.32178e-05
4.34766e+07 1 0.537198 0.397084 3.072e-05
4.34766e+07 0.98339 0.578059 0.352664 3.072e-05
4.38829e+07 0.94001 0.609585 0.301645 3.04356e-05
4.38829e+07 0.952145 0.571559 0.333788 3.04356e-05
3.30355e+07 0.697156 0.524113 0.137143 4.04293e-05
4.38829e+07 0.928538 0.609458 0.241986 3.04356e-05
5.50749e+07 0.856007 0.60241 0.112868 2.42506e-05
3.25761e+07 0.692681 0.615787 0.169286 4.09993e-05
4.38829e+07 0.940181 0.577889 0.308469 3.04356e-05
2.41086e+07 0.584783 0.482504 0.128039 5.53993e-05
5.88427e+07 0.9234 0.650445 0.257225 2.26978e-05
3.38929e+07 0.704644 0.609458 0.194604 3.94065e-05
4.69547e+07 0.923571 0.618749 0.264049 2.84444e-05
3.30355e+07 0.697156 0.524113 0.137143 4.04293e-05
4.69547e+07 0.916574 0.615787 0.216668 2.84444e-05
4.69547e+07 0.923571 0.618749 0.264049 2.84444e-05
5.88427e+07 0.916403 0.647483 0.209843 2.26978e-05
3.11023e+07 0.696409 0.356112 0.0649915 4.29422e-05
4.38829e+07 0.928538 0.609458 0.241986 3.04356e-05
2.94772e+07 0.660688 0.415744 0.065486 4.53096e-05
4.69547e+07 0.928047 0.615914 0.276327 2.84444e-05
3.85283e+07 0.740365 0.549827 0.19411 3.46654e-05
2.81266e+07 0.644078 0.545444 0.065486 4.74854e-05
3.2564e+07 0.69251 0.647483 0.162462 4.10146e-05
3.33084e+07 0.699506 0.555681 0.162462 4.0098e-05
3.33084e+07 0.699506 0.578581 0.152809 4.0098e-05
4.69547e+07 0.923571 0.618749 0.264049 2.84444e-05
