1.78786e+07 0.427167 0.596368 0.0210823 6.70141e-05
1.71824e+07 0.403327 0.79906 0 6.97294e-05
1.78786e+07 0.427167 0.596368 0.0210823 6.70141e-05
1.82334e+07 0.437816 0.759363 0.0210823 6.571e-05
2.32126e+07 0.559285 0.517741 0.0210823 5.16152e-05
2.32126e+07 0.559285 0.517741 0.0210823 5.16152e-05
2.80842e+07 0.8691 0.521801 0.121047 4.26617e-05
1.82334e+07 0.437816 0.759363 0.0210823 6.571e-05
1.91669e+07 0.46529 0.745321 0.0421646 6.25098e-05
2.66532e+07 0.615513 0.803518 0.10178 4.49522e-05
2.00362e+07 0.48913 0.542629 0.0632469 5.97977e-05
1.78786e+07 0.427167 0.596368 0.0210823 6.70141e-05
2.04841e+07 0.499779 0.705623 0.0632469 5.84904e-05
4.05694e+07 0.747631 0.763423 0.121047 2.95326e-05
1.47709e+07 0.305698 0.837991 0.0210823 8.11138e-05
2.00362e+07 0.48913 0.542629 0.0632469 5.97977e-05
1.47709e+07 0.305698 0.837991 0.0210823 8.11138e-05
2.04354e+07 0.498561 0.738029 0.0950452 5.86296e-05
1.82334e+07 0.437816 0.759363 0.0210823 6.571e-05
2.80842e+07 0.772648 0.538171 0.0192666 4.26617e-05
1.82334e+07 0.437816 0.759363 0.0210823 6.571e-05
2.9251e+07 0.717659 0.558983 0.124716 4.096e-05
2.32126e+07 0.559285 0.517741 0.0210823 5.16152e-05
1.82334e+07 0.437816 0.759363 0.0210823 6.571e-05
1.91669e+07 0.46529 0.745321 0.0421646 6.25098e-05
4.05694e+07 0.747631 0.763423 0.121047 2.95326e-05
2.04841e+07 0.499779 0.705623 0.0632469 5.84904e-05
1.23069e+07 0.166607 0.839511 0 9.73537e-05
1.6214e+07 0.367661 0.784251 0.0632469 7.38941e-05
