2.43292e+07 0.613508 0.428987 0.110633 6.34366e-05
5.02396e+07 0.928705 0.604597 0.153869 3.072e-05
4.12928e+07 0.793621 0.509779 0.191425 3.7376e-05
5.02396e+07 0.958099 0.586889 0.195071 3.072e-05
3.67607e+07 0.986241 0.42769 0.232943 4.1984e-05
3.67607e+07 0.986241 0.42769 0.232943 4.1984e-05
3.24126e+07 0.8005 0.349423 0.11428 4.7616e-05
5.02396e+07 0.95247 0.584364 0.154676 3.072e-05
5.02396e+07 0.923077 0.602072 0.113473 3.072e-05
2.31493e+07 0.593496 0.589659 0.10362 6.66698e-05
4.12928e+07 0.793621 0.509779 0.191425 3.7376e-05
2.39808e+07 0.60788 0.424674 0.0403959 6.43582e-05
5.02396e+07 0.958099 0.586889 0.195071 3.072e-05
4.12942e+07 0.772358 0.584364 0.11428 3.73748e-05
4.01023e+07 0.765478 0.668978 0.153553 3.84856e-05
2.48507e+07 0.621639 0.447292 0.149907 6.21054e-05
3.91644e+07 0.75985 0.666453 0.113158 3.94072e-05
4.01023e+07 0.765478 0.668978 0.153553 3.84856e-05
5.02396e+07 0.95247 0.584364 0.154676 3.072e-05
3.37273e+07 0.771107 0.367131 0.0730773 4.576e-05
5.02396e+07 0.95247 0.584364 0.154676 3.072e-05
3.37273e+07 0.771107 0.367131 0.0730773 4.576e-05
3.67607e+07 0.986241 0.42769 0.232943 4.1984e-05
4.12942e+07 0.772358 0.584364 0.11428 3.73748e-05
3.659e+07 0.742964 0.602072 0.0730773 4.21798e-05
4.12942e+07 0.772358 0.584364 0.11428 3.73748e-05
4.38136e+07 0.791745 0.495928 0.17845 3.52256e-05
2.36209e+07 0.601626 0.590045 0.145769 6.53386e-05
4.01023e+07 0.765478 0.668978 0.153553 3.84856e-05
