3.04964e+07 0.476431 0.455866 0.0355721 4.59998e-05
5.51792e+07 0.710419 0.793816 0.071144 2.54232e-05
4.5665e+07 0.83164 0.455866 0.106716 3.072e-05
6.54418e+07 0.755976 0.725581 0.106716 2.14363e-05
4.5665e+07 0.83164 0.455866 0.106716 3.072e-05
4.5665e+07 0.83164 0.455866 0.106716 3.072e-05
3.04964e+07 0.476431 0.455866 0.0355721 4.59998e-05
6.54418e+07 0.755976 0.725581 0.106716 2.14363e-05
5.51792e+07 0.710419 0.793816 0.071144 2.54232e-05
2.66784e+07 0.400766 0.725581 0.0355721 5.2583e-05
4.5665e+07 0.83164 0.455866 0.106716 3.072e-05
4.5665e+07 0.83164 0.455866 0.106716 3.072e-05
6.54418e+07 0.755976 0.725581 0.106716 2.14363e-05
2.66784e+07 0.400766 0.725581 0.0355721 5.2583e-05
6.54418e+07 0.755976 0.725581 0.106716 2.14363e-05
3.04964e+07 0.476431 0.455866 0.0355721 4.59998e-05
6.54418e+07 0.755976 0.725581 0.106716 2.14363e-05
6.84976e+07 0.924336 0.648893 0.159404 2.048e-05
6.54418e+07 0.755976 0.725581 0.106716 2.14363e-05
2.80648e+07 0.430874 0.524102 0 4.99854e-05
6.54418e+07 0.755976 0.725581 0.106716 2.14363e-05
3.98376e+07 0.599234 0.612605 0.135283 3.52137e-05
4.5665e+07 0.83164 0.455866 0.106716 3.072e-05
2.66784e+07 0.400766 0.725581 0.0355721 5.2583e-05
2.47982e+07 0.355209 0.793816 0 5.65699e-05
2.66784e+07 0.400766 0.725581 0.0355721 5.2583e-05
2.66784e+07 0.400766 0.725581 0.0355721 5.2583e-05
2.66784e+07 0.400766 0.718332 0 5.2583e-05
6.54418e+07 0.755976 0.725581 0.106716 2.14363e-05
