3.6621e+07 0.700784 0.538411 0 3.23967e-05
3.58852e+07 0.489237 0.842548 0 3.30609e-05
3.6621e+07 0.700784 0.538411 0 3.23967e-05
3.58852e+07 0.489237 0.842548 0 3.30609e-05
3.6621e+07 0.700784 0.538411 0 3.23967e-05
3.6621e+07 0.700784 0.538411 0 3.23967e-05
2.89648e+07 0.764124 0.496245 0.0281106 4.096e-05
3.58852e+07 0.489237 0.842548 0 3.30609e-05
3.58852e+07 0.489237 0.842548 0 3.30609e-05
3.58852e+07 0.489237 0.842548 0 3.30609e-05
3.6621e+07 0.700784 0.538411 0 3.23967e-05
3.6621e+07 0.700784 0.538411 0 3.23967e-05
3.58852e+07 0.489237 0.842548 0 3.30609e-05
3.58852e+07 0.489237 0.842548 0 3.30609e-05
3.58852e+07 0.489237 0.842548 0 3.30609e-05
3.6621e+07 0.700784 0.538411 0 3.23967e-05
3.58852e+07 0.489237 0.842548 0 3.30609e-05
6.24421e+07 0.725113 0.783104 0.0408917 1.9e-05
3.58852e+07 0.489237 0.842548 0 3.30609e-05
3.6621e+07 0.700784 0.538411 0 3.23967e-05
3.58852e+07 0.489237 0.842548 0 3.30609e-05
2.89648e+07 1 0.567196 0.1342 4.096e-05
3.6621e+07 0.700784 0.538411 0 3.23967e-05
3.58852e+07 0.489237 0.842548 0 3.30609e-05
3.58852e+07 0.489237 0.842548 0 3.30609e-05
3.58852e+07 0.489237 0.842548 0 3.30609e-05
3.58852e+07 0.489237 0.842548 0 3.30609e-05
1.83464e+07 0 1 0 6.46666e-05
3.58852e+07 0.489237 0.842548 0 3.30609e-05
