1.66439e+07 0.553105 0.578614 0.105117 7.09679e-05
3.44485e+07 0.784578 0.432255 0.0816157 3.42883e-05
3.48602e+07 0.786954 0.530548 0.265358 3.38833e-05
3.84499e+07 0.870881 0.513993 0.300071 3.072e-05
3.98568e+07 0.833939 0.493461 0.211181 2.96356e-05
3.98568e+07 0.833939 0.493461 0.211181 2.96356e-05
3.17548e+07 0.766151 0.475541 0.122207 3.71969e-05
3.98568e+07 0.833939 0.493461 0.211181 2.96356e-05
3.15797e+07 0.764851 0.48032 0.0469021 3.74032e-05
2.33888e+07 0.682224 0.527344 0.105117 5.05019e-05
2.7556e+07 0.730285 0.578614 0.152019 4.28648e-05
1.37904e+07 0.46039 0.66582 0.183692 8.56526e-05
3.98568e+07 0.833939 0.493461 0.211181 2.96356e-05
3.46712e+07 0.785878 0.476371 0.181368 3.4068e-05
2.7556e+07 0.730285 0.578614 0.152019 4.28648e-05
1.66439e+07 0.553105 0.578614 0.105117 7.09679e-05
2.7556e+07 0.730285 0.578614 0.152019 4.28648e-05
2.7556e+07 0.730285 0.578614 0.152019 4.28648e-05
3.98568e+07 0.833939 0.493461 0.211181 2.96356e-05
3.27697e+07 0.773459 0.435697 0.140694 3.60448e-05
3.98568e+07 0.833939 0.493461 0.211181 2.96356e-05
1.89318e+07 0.607398 0.432255 0.0347136 6.23914e-05
3.98568e+07 0.814212 0.492631 0.152019 2.96356e-05
2.42634e+07 0.693701 0.513993 0.253169 4.86815e-05
1.89318e+07 0.607398 0.432255 0.0347136 6.23914e-05
3.46712e+07 0.785878 0.476371 0.181368 3.4068e-05
2.16539e+07 0.656759 0.493461 0.164279 5.4548e-05
2.16539e+07 0.656759 0.487848 0.140828 5.4548e-05
2.7556e+07 0.730285 0.578614 0.152019 4.28648e-05
