1.38491e+07 0.383048 0.611272 0.0437013 7.13342e-05
2.97426e+07 0.712649 0.831126 0.15363 3.32155e-05
2.41191e+07 0.728886 0.548672 0.166606 4.096e-05
3.67029e+07 0.767412 0.742066 0.183306 2.69166e-05
3.21588e+07 0.813491 0.667917 0.197332 3.072e-05
3.21588e+07 0.813491 0.667917 0.197332 3.072e-05
1.7566e+07 0.513864 0.570183 0.0233074 5.62403e-05
2.8884e+07 0.704097 0.828213 0.107016 3.42029e-05
2.72798e+07 0.686676 0.820794 0.069922 3.62142e-05
1.17761e+07 0.273654 0.864797 0 8.38917e-05
2.48717e+07 0.656702 0.704501 0.136931 3.97205e-05
2.28205e+07 0.720334 0.458357 0.0762899 4.32908e-05
2.97426e+07 0.712649 0.831126 0.15363 3.32155e-05
1.50145e+07 0.430443 0.828213 0.0604012 6.57976e-05
1.9254e+07 0.55586 0.86771 0.0932292 5.13097e-05
1.36601e+07 0.374496 0.614186 0 7.23215e-05
1.88905e+07 0.547309 0.864797 0.0466146 5.2297e-05
2.7355e+07 0.687606 0.81673 0.128294 3.61147e-05
2.8884e+07 0.704097 0.828213 0.107016 3.42029e-05
2.06097e+07 0.586048 0.488542 0.0900765 4.79346e-05
2.8884e+07 0.704097 0.828213 0.107016 3.42029e-05
2.53255e+07 0.663031 0.63828 0.151295 3.90088e-05
3.21588e+07 0.79607 0.660499 0.160238 3.072e-05
1.6604e+07 0.485206 0.739153 0.0900765 5.94986e-05
1.50145e+07 0.430443 0.828213 0.0604012 6.57976e-05
1.50145e+07 0.430443 0.828213 0.0604012 6.57976e-05
1.52395e+07 0.438995 0.737897 0.0604012 6.4826e-05
1.52432e+07 0.438995 0.826485 0.0837085 6.48102e-05
1.9254e+07 0.55586 0.86771 0.0932292 5.13097e-05
