3.70549e+07 0.866043 0.451554 0.134517 3.3486e-05
3.48251e+07 0.937631 0.431316 0.154348 3.563e-05
1.92516e+07 0.660566 0.425223 0.115691 6.44528e-05
2.56809e+07 0.745661 0.457965 0.180997 4.83168e-05
2.56809e+07 0.745661 0.457965 0.180997 4.83168e-05
2.56809e+07 0.745661 0.457965 0.180997 4.83168e-05
2.87867e+07 0.773249 0.41383 0.205425 4.3104e-05
2.56809e+07 0.745661 0.457965 0.180997 4.83168e-05
2.60283e+07 0.749105 0.432974 0.15995 4.7672e-05
2.09513e+07 0.688154 0.461226 0.180188 5.9224e-05
2.09513e+07 0.688154 0.461226 0.180188 5.9224e-05
8.20381e+06 0.202269 0.735456 0.0320551 0.000151249
3.02108e+07 0.783886 0.485954 0.277549 4.1072e-05
3.02108e+07 0.783886 0.485954 0.277549 4.1072e-05
3.70549e+07 0.866043 0.451554 0.134517 3.3486e-05
3.51786e+07 0.904268 0.479543 0.231069 3.5272e-05
1.86677e+07 0.649929 0.433237 0.0836358 6.64688e-05
2.09513e+07 0.688154 0.461226 0.180188 5.9224e-05
4.03913e+07 0.961775 0.476282 0.231878 3.072e-05
2.34556e+07 0.721517 0.412999 0.103467 5.29008e-05
2.56809e+07 0.745661 0.457965 0.180997 4.83168e-05
2.71776e+07 0.759742 0.440988 0.200019 4.5656e-05
3.25248e+07 0.951138 0.404158 0.159754 3.815e-05
4.03913e+07 0.961775 0.476282 0.231878 3.072e-05
2.71776e+07 0.759742 0.440988 0.200019 4.5656e-05
3.02108e+07 0.783886 0.485954 0.277549 4.1072e-05
3.02108e+07 0.783886 0.485954 0.277549 4.1072e-05
1.54985e+07 0.578172 0.477605 0.117599 8.00608e-05
2.09513e+07 0.688154 0.461226 0.180188 5.9224e-05
