3.62157e+07 0.831161 0.593447 0.208128 3.584e-05
2.45429e+07 0.596522 0.650038 0.0239647 5.28857e-05
2.89725e+07 0.735911 0.506122 0.160693 4.48e-05
2.94047e+07 0.663394 0.627469 0.126309 4.41415e-05
3.16887e+07 0.723569 0.538433 0.134775 4.096e-05
2.89725e+07 0.735911 0.506122 0.160693 4.48e-05
3.16887e+07 0.873341 0.527388 0.113728 4.096e-05
2.8839e+07 0.65667 0.69853 0.126309 4.50074e-05
2.48923e+07 0.60214 0.688788 0.049883 5.21434e-05
4.22516e+07 0.813167 0.685193 0.139646 3.072e-05
2.89725e+07 0.735911 0.506122 0.160693 4.48e-05
1.50557e+07 0.34223 0.597798 0.0183382 8.6211e-05
4.09937e+07 0.758643 0.714795 0.173744 3.16626e-05
4.22516e+07 0.813167 0.685193 0.139646 3.072e-05
2.94047e+07 0.663394 0.627469 0.126309 4.41415e-05
3.16887e+07 0.716845 0.540725 0.100391 4.096e-05
2.8839e+07 0.65667 0.69853 0.126309 4.50074e-05
2.94047e+07 0.663394 0.627469 0.126309 4.41415e-05
2.78441e+07 0.644327 0.73084 0.100391 4.66156e-05
3.04545e+07 0.818812 0.490972 0.0239647 4.262e-05
2.8839e+07 0.65667 0.69853 0.126309 4.50074e-05
3.03718e+07 0.674658 0.498672 0.049883 4.2736e-05
3.62157e+07 0.831161 0.593447 0.208128 3.584e-05
3.98852e+07 0.751919 0.712502 0.137067 3.25426e-05
2.48923e+07 0.60214 0.688788 0.049883 5.21434e-05
4.96629e+07 0.800824 0.717504 0.113728 2.61356e-05
4.09937e+07 0.758643 0.714795 0.173744 3.16626e-05
1.75616e+07 0.435868 0.680827 0.0580882 7.39097e-05
2.94047e+07 0.663394 0.627469 0.126309 4.41415e-05
