2.744e+07 0.674734 0.546279 0.0336109 4.1813e-05
4.3591e+07 0.795412 0.605891 0.0947922 2.63208e-05
2.91759e+07 0.702654 0.369616 0.0336109 3.93253e-05
3.68528e+07 0.808445 0.498336 0.0947922 3.11333e-05
3.84845e+07 0.808719 0.505406 0.0947922 2.98133e-05
2.86456e+07 0.821752 0.397851 0.0947922 4.00533e-05
3.73486e+07 0.878931 0.480419 0.172203 3.072e-05
3.68528e+07 0.808445 0.498336 0.0947922 3.11333e-05
3.84845e+07 0.846719 0.581435 0.180122 2.98133e-05
3.27672e+07 0.727621 0.629987 0.157334 3.50152e-05
3.4423e+07 0.740928 0.529503 0.157334 3.33309e-05
1.72153e+07 0.481099 0.560711 0 6.66472e-05
5.60229e+07 0.848574 0.628117 0.18424 2.048e-05
3.84845e+07 0.861606 0.589114 0.218516 2.98133e-05
2.74169e+07 0.674459 0.53921 0.0336109 4.18482e-05
3.27862e+07 0.727895 0.568506 0.123059 3.49949e-05
2.74169e+07 0.674459 0.53921 0.0336109 4.18482e-05
3.73486e+07 0.820771 0.585888 0.187363 3.072e-05
4.3591e+07 0.795412 0.605891 0.0947922 2.63208e-05
3.84845e+07 0.808719 0.505406 0.0947922 2.98133e-05
3.68528e+07 0.808445 0.498336 0.0947922 3.11333e-05
2.80115e+07 1 0.487359 0.316083 4.096e-05
3.84845e+07 0.793832 0.497727 0.0563984 2.98133e-05
4.3591e+07 0.795412 0.605891 0.0947922 2.63208e-05
3.84845e+07 0.861606 0.589114 0.218516 2.98133e-05
5.60229e+07 0.848574 0.628117 0.18424 2.048e-05
5.60229e+07 0.848574 0.628117 0.18424 2.048e-05
1.35985e+07 0.342507 0.762789 0.0383938 8.43731e-05
3.27672e+07 0.727621 0.629987 0.157334 3.50152e-05
