1.18305e+07 0.368746 0.785728 0.0303783 8.43594e-05
1.91658e+07 0.610669 0.636097 0.0972396 5.20724e-05
1.26109e+07 0.408239 0.470954 0.0303783 7.91389e-05
2.04682e+07 0.635782 0.39801 0.0972396 4.8759e-05
1.91658e+07 0.610669 0.636097 0.0972396 5.20724e-05
2.04682e+07 0.635782 0.39801 0.0972396 4.8759e-05
2.13149e+07 0.650001 0.627049 0.144814 4.68221e-05
2.38018e+07 0.723177 0.350427 0.129605 4.193e-05
2.29446e+07 0.675113 0.468528 0.184596 4.34964e-05
1.35093e+07 0.44757 0.543353 0.118675 7.38757e-05
1.41973e+07 0.474426 0.543353 0.169597 7.02957e-05
9.56386e+06 0.219069 0.783822 0 0.000104352
2.22267e+07 0.664381 0.63557 0.187418 4.49013e-05
3.24873e+07 0.885749 0.477049 0.270809 3.072e-05
1.28801e+07 0.420714 0.445798 0.0303783 7.74844e-05
1.3556e+07 0.449313 0.701874 0.129815 7.36214e-05
2.31282e+07 0.677509 0.587276 0.149961 4.31512e-05
1.60428e+07 0.534965 0.49577 0.151041 6.22093e-05
1.91658e+07 0.610669 0.636097 0.0972396 5.20724e-05
1.91658e+07 0.610669 0.636097 0.0972396 5.20724e-05
2.63366e+07 0.919433 0.437644 0.216822 3.78944e-05
2.40047e+07 0.689494 0.477049 0.2272 4.15756e-05
1.8484e+07 0.596289 0.627576 0.0546355 5.39932e-05
1.91658e+07 0.610669 0.636097 0.0972396 5.20724e-05
3.24873e+07 1 0.567605 0.423166 3.072e-05
2.22267e+07 0.664381 0.63557 0.187418 4.49013e-05
2.22267e+07 0.664381 0.63557 0.187418 4.49013e-05
1.316e+07 0.432837 0.615394 0.0680651 7.58365e-05
2.09396e+07 0.643826 0.543353 0.162284 4.76613e-05
