2.58747e+07 0.730247 0.5715 0.116529 4.72447e-05
2.57071e+07 0.728484 0.563208 0.0805287 4.75527e-05
1.53053e+07 0.543619 0.515843 0.138596 7.98706e-05
1.84684e+07 0.621741 0.624538 0.192797 6.61907e-05
1.72617e+07 0.595424 0.516841 0.110291 7.08182e-05
1.72617e+07 0.595424 0.516841 0.110291 7.08182e-05
2.27335e+07 0.692889 0.545115 0.0908881 5.37727e-05
1.68898e+07 0.586377 0.600639 0.110291 7.23775e-05
1.5448e+07 0.547594 0.657759 0.0464743 7.91328e-05
1.73256e+07 0.596673 0.672125 0.0707416 7.05568e-05
1.3662e+07 0.488518 0.602979 0.0560896 8.94775e-05
1.18199e+07 0.408836 0.52065 0.0825065 0.000103423
2.09664e+07 0.666953 0.580493 0.150583 5.83047e-05
2.35549e+07 0.703579 0.585987 0.124943 5.18975e-05
1.94374e+07 0.640623 0.635151 0.0560896 6.28912e-05
1.99316e+07 0.64967 0.551353 0.0560896 6.13319e-05
1.36939e+07 0.489751 0.573677 0.0560896 8.92691e-05
1.3428e+07 0.479471 0.686777 0.0560896 9.10368e-05
2.76371e+07 0.74753 0.549014 0.110291 4.42319e-05
2.57428e+07 0.728945 0.510978 0.163035 4.74866e-05
1.68898e+07 0.586377 0.600639 0.110291 7.23775e-05
1.64885e+07 0.576378 0.531035 0.0805287 7.4139e-05
3.81776e+07 0.817416 0.528288 0.136676 3.20199e-05
3.9793e+07 0.873751 0.524169 0.275342 3.072e-05
1.61488e+07 0.567331 0.614833 0.0805287 7.56983e-05
2.35549e+07 0.703579 0.585987 0.124943 5.18975e-05
2.09664e+07 0.666953 0.580493 0.150583 5.83047e-05
9.45872e+06 0.260734 0.742388 0.0638163 0.000129239
1.3428e+07 0.479471 0.686777 0.0560896 9.10368e-05
