3.08468e+07 0.741222 0.488488 0.105045 4.14182e-05
3.04776e+07 0.930255 0.284831 0.0622304 4.192e-05
3.08468e+07 0.741222 0.488488 0.105045 4.14182e-05
3.11919e+07 0.955107 0.318391 0.130714 4.096e-05
3.11919e+07 0.955107 0.318391 0.130714 4.096e-05
3.11919e+07 0.955107 0.318391 0.130714 4.096e-05
4.15892e+07 1 0.506981 0.319304 3.072e-05
3.11919e+07 0.955107 0.318391 0.130714 4.096e-05
4.15892e+07 0.975148 0.473421 0.25082 3.072e-05
3.73192e+07 0.786115 0.578854 0.244523 3.42349e-05
3.73192e+07 0.786115 0.578854 0.244523 3.42349e-05
1.34567e+07 0.405804 0.648784 0.0261931 9.49427e-05
4.15892e+07 1 0.506981 0.319304 3.072e-05
4.15892e+07 1 0.506981 0.319304 3.072e-05
3.08468e+07 0.741222 0.488488 0.105045 4.14182e-05
3.73192e+07 0.786115 0.578854 0.244523 3.42349e-05
3.08468e+07 0.741222 0.488488 0.105045 4.14182e-05
3.73192e+07 0.786115 0.578854 0.244523 3.42349e-05
3.11919e+07 0.955107 0.318391 0.130714 4.096e-05
3.04776e+07 0.930255 0.284831 0.0622304 4.192e-05
3.11919e+07 0.955107 0.318391 0.130714 4.096e-05
4.15892e+07 0.975148 0.473421 0.25082 3.072e-05
3.11919e+07 0.955107 0.318391 0.130714 4.096e-05
3.11919e+07 0.955107 0.318391 0.130714 4.096e-05
4.15892e+07 0.975148 0.473421 0.25082 3.072e-05
4.15892e+07 1 0.506981 0.319304 3.072e-05
4.15892e+07 1 0.506981 0.319304 3.072e-05
1.87605e+07 0.574154 0.441739 0.0422909 6.81016e-05
3.73192e+07 0.786115 0.578854 0.244523 3.42349e-05
