2.70895e+07 0.73198 0.533924 0.139196 4.32197e-05
4.48431e+07 0.85875 0.652325 0.128762 2.61088e-05
2.93876e+07 0.920606 0.526527 0.215644 3.984e-05
3.74028e+07 0.89231 0.592321 0.179809 3.13025e-05
3.8112e+07 0.910972 0.610373 0.215644 3.072e-05
2.93876e+07 0.920606 0.526527 0.215644 3.984e-05
2.8584e+07 0.805781 0.434707 0.17316 4.096e-05
3.74028e+07 0.886717 0.589932 0.141585 3.13025e-05
3.8112e+07 0.942184 0.570452 0.213321 3.072e-05
3.41097e+07 0.787119 0.594294 0.226144 3.43246e-05
2.8584e+07 1 0.530889 0.338428 4.096e-05
1.78114e+07 0.591825 0.600267 0.0573365 6.57331e-05
3.8112e+07 0.96207 0.574561 0.249609 3.072e-05
3.41097e+07 0.787119 0.594294 0.226144 3.43246e-05
3.74028e+07 0.89231 0.592321 0.179809 3.13025e-05
2.8584e+07 0.805781 0.434707 0.17316 4.096e-05
3.74028e+07 0.886717 0.589932 0.141585 3.13025e-05
3.8112e+07 0.971704 0.596683 0.302593 3.072e-05
4.50252e+07 0.877083 0.673777 0.141585 2.60032e-05
2.44048e+07 0.70246 0.512472 0.052313 4.79742e-05
3.74028e+07 0.886717 0.589932 0.141585 3.13025e-05
2.73935e+07 0.791488 0.432988 0.175097 4.274e-05
3.8112e+07 0.910972 0.610373 0.215644 3.072e-05
2.40833e+07 0.698091 0.673777 0.10336 4.86147e-05
3.06666e+07 0.763192 0.570452 0.175097 3.81783e-05
3.26304e+07 0.777485 0.572172 0.17316 3.58807e-05
3.34552e+07 0.783078 0.498112 0.17316 3.49961e-05
1.52228e+07 0.522065 0.679107 0.0701594 7.69111e-05
3.8112e+07 0.971704 0.596683 0.302593 3.072e-05
