4.1395e+07 0.833613 0.565903 0.209781 2.83413e-05
3.83362e+07 0.742111 0.607436 0.0364005 3.06026e-05
3.81898e+07 0.826971 0.530133 0.148462 3.072e-05
4.77814e+07 0.814563 0.619656 0.148462 2.45533e-05
3.81898e+07 0.826971 0.530133 0.148462 3.072e-05
3.81898e+07 0.826971 0.530133 0.148462 3.072e-05
3.54887e+07 0.887096 0.464373 0.198383 3.30581e-05
4.77814e+07 0.814563 0.619656 0.148462 2.45533e-05
3.80383e+07 0.915139 0.543157 0.19901 3.08424e-05
3.81898e+07 0.874687 0.553896 0.198383 3.072e-05
3.54887e+07 0.887096 0.464373 0.198383 3.30581e-05
1.52542e+07 0.351032 0.557944 0.0454001 7.69092e-05
3.81898e+07 0.874687 0.553896 0.198383 3.072e-05
3.81898e+07 0.874687 0.553896 0.198383 3.072e-05
4.3815e+07 0.821204 0.614546 0.189341 2.6776e-05
3.54887e+07 0.887096 0.464373 0.198383 3.30581e-05
4.77814e+07 0.814563 0.619656 0.148462 2.45533e-05
3.81898e+07 0.874687 0.553896 0.198383 3.072e-05
4.77814e+07 0.814563 0.619656 0.148462 2.45533e-05
3.40489e+07 0.867424 0.467755 0.123269 3.4456e-05
4.77814e+07 0.814563 0.619656 0.148462 2.45533e-05
3.40489e+07 0.814644 0.452153 0.0863212 3.4456e-05
3.81898e+07 0.826971 0.530133 0.148462 3.072e-05
4.77814e+07 0.814563 0.619656 0.148462 2.45533e-05
4.23938e+07 0.802235 0.541676 0.0863212 2.76736e-05
3.81898e+07 0.987591 0.555378 0.311072 3.072e-05
3.81898e+07 0.874687 0.553896 0.198383 3.072e-05
2.2244e+07 0.555033 0.641496 0.0871012 5.27418e-05
3.81898e+07 0.874687 0.553896 0.198383 3.072e-05
