2.2901e+07 0.639867 0.602349 0.171284 5.5057e-05
2.40262e+07 0.656758 0.610785 0.0577723 5.24786e-05
2.32714e+07 0.645659 0.56658 0.142665 5.41806e-05
2.84493e+07 0.710124 0.667947 0.171276 4.43196e-05
3.08458e+07 0.732889 0.552934 0.171276 4.08762e-05
3.08458e+07 0.732889 0.552934 0.171276 4.08762e-05
2.91852e+07 0.902192 0.43157 0.175061 4.32021e-05
2.84493e+07 0.710124 0.667947 0.171276 4.43196e-05
3.72133e+07 0.778764 0.550084 0.164792 3.3882e-05
3.96282e+07 0.792196 0.589279 0.160976 3.18173e-05
2.58167e+07 0.680761 0.516523 0.160976 4.88389e-05
1.16004e+07 0.288416 0.592857 0.0606584 0.000108691
3.37907e+07 0.756129 0.612168 0.212476 3.73138e-05
4.10436e+07 0.89033 0.598082 0.226561 3.072e-05
2.15475e+07 0.617102 0.683022 0.154115 5.85155e-05
2.58167e+07 0.680761 0.516523 0.160976 4.88389e-05
2.12667e+07 0.61199 0.687314 0.119776 5.92881e-05
2.41164e+07 0.657995 0.631535 0.160976 5.22823e-05
2.84493e+07 0.710124 0.667947 0.171276 4.43196e-05
2.93428e+07 0.900629 0.439568 0.144828 4.297e-05
2.84493e+07 0.710124 0.667947 0.171276 4.43196e-05
2.91852e+07 0.725529 0.439993 0.0989722 4.32021e-05
2.96288e+07 0.721986 0.501435 0.119776 4.25553e-05
2.84493e+07 0.710124 0.667947 0.171276 4.43196e-05
2.77278e+07 0.702764 0.555006 0.0989722 4.54728e-05
4.10436e+07 0.977234 0.598883 0.320991 3.072e-05
3.37907e+07 0.756129 0.612168 0.212476 3.73138e-05
1.69786e+07 0.513855 0.687557 0.121514 7.42618e-05
2.41164e+07 0.657995 0.631535 0.160976 5.22823e-05
