3.35288e+07 0.847833 0.488222 0.21506 4.16e-05
3.57502e+07 0.774495 0.503268 0.0726707 3.90152e-05
2.99859e+07 0.771229 0.427452 0.165356 4.65152e-05
3.1241e+07 0.848575 0.480649 0.178215 4.46464e-05
3.04042e+07 0.86149 0.449893 0.212525 4.58752e-05
3.04042e+07 0.86149 0.449893 0.212525 4.58752e-05
3.10452e+07 0.885095 0.470109 0.220871 4.4928e-05
3.5265e+07 0.843082 0.551558 0.178215 3.9552e-05
3.9949e+07 0.7981 0.639089 0.138819 3.49145e-05
3.642e+07 0.792162 0.552083 0.224395 3.82976e-05
3.44838e+07 0.800327 0.50411 0.237377 4.0448e-05
1.45529e+07 0.445071 0.488098 0.041791 9.58431e-05
4.54036e+07 0.976841 0.606331 0.346924 3.072e-05
4.54036e+07 0.883462 0.622343 0.273728 3.072e-05
3.1241e+07 0.747031 0.464081 0.107553 4.46464e-05
3.10452e+07 0.805077 0.452706 0.224395 4.4928e-05
3.12047e+07 0.741538 0.53499 0.107553 4.46984e-05
3.5265e+07 0.787411 0.534866 0.203067 3.9552e-05
3.5265e+07 0.843082 0.551558 0.178215 3.9552e-05
3.19322e+07 0.781918 0.474799 0.0726707 4.368e-05
3.5265e+07 0.843082 0.551558 0.178215 3.9552e-05
3.9127e+07 0.822298 0.545584 0.168184 3.5648e-05
3.1241e+07 0.938094 0.451933 0.232864 4.46464e-05
3.5265e+07 0.930968 0.533259 0.214813 3.9552e-05
4.23065e+07 0.809382 0.644962 0.168184 3.29689e-05
4.54036e+07 0.883462 0.622343 0.273728 3.072e-05
4.54036e+07 0.987084 0.589238 0.386552 3.072e-05
1.65489e+07 0.512025 0.513291 0.137938 8.42836e-05
3.5265e+07 0.787411 0.534866 0.203067 3.9552e-05
