3.29028e+07 0.73209 0.621573 0.153413 3.45056e-05
4.42107e+07 0.912124 0.572835 0.140785 2.568e-05
4.80258e+07 0.97114 0.621573 0.204998 2.364e-05
4.80258e+07 0.97114 0.621573 0.204998 2.364e-05
4.80258e+07 0.97114 0.621573 0.204998 2.364e-05
4.80258e+07 0.97114 0.621573 0.204998 2.364e-05
3.29028e+07 0.73209 0.621573 0.153413 3.45056e-05
3.84389e+07 0.978187 0.553141 0.204998 2.9536e-05
4.42107e+07 0.912124 0.572835 0.140785 2.568e-05
3.56803e+07 0.753231 0.476892 0.183827 3.18195e-05
4.80258e+07 0.97114 0.621573 0.204998 2.364e-05
1.97183e+07 0.552554 0.647124 0.128964 5.75776e-05
4.80258e+07 0.97114 0.621573 0.204998 2.364e-05
3.29028e+07 0.73209 0.621573 0.153413 3.45056e-05
4.80258e+07 0.97114 0.621573 0.204998 2.364e-05
3.56803e+07 0.753231 0.476892 0.183827 3.18195e-05
4.80258e+07 0.97114 0.621573 0.204998 2.364e-05
4.80258e+07 0.97114 0.621573 0.204998 2.364e-05
3.69574e+07 0.985906 0.517032 0.256584 3.072e-05
2.6353e+07 0.665355 0.608945 0.0376144 4.30816e-05
4.80258e+07 0.97114 0.621573 0.204998 2.364e-05
2.6353e+07 0.665355 0.608945 0.0376144 4.30816e-05
4.80258e+07 0.97114 0.621573 0.204998 2.364e-05
3.29028e+07 0.73209 0.621573 0.153413 3.45056e-05
2.6353e+07 0.665355 0.608945 0.0376144 4.30816e-05
3.29028e+07 0.73209 0.621573 0.153413 3.45056e-05
3.46929e+07 0.746184 0.484495 0.153413 3.27251e-05
3.16777e+07 0.753231 0.396289 0.12042 3.584e-05
4.80258e+07 0.97114 0.621573 0.204998 2.364e-05
