3.75608e+07 0.527128 0.586434 0.0322215 3.05662e-05
5.68486e+07 0.762241 0.651381 0.0503461 2.01956e-05
4.00422e+07 0.66652 0.535865 0.118593 2.8672e-05
5.60591e+07 0.86105 0.68942 0.168939 2.048e-05
3.7722e+07 0.821791 0.475673 0.0503461 3.04356e-05
3.7722e+07 0.821791 0.475673 0.0503461 3.04356e-05
4.00422e+07 0.765329 0.536088 0 2.8672e-05
5.68486e+07 0.762241 0.651381 0.0503461 2.01956e-05
5.04531e+07 0.721658 0.574855 0 2.27556e-05
3.24451e+07 0.451698 0.834641 0 3.53856e-05
4.17327e+07 0.574768 0.530047 0 2.75106e-05
3.73727e+07 0.6824 0.463366 0.150815 3.072e-05
5.68486e+07 0.762241 0.651381 0.0503461 2.01956e-05
5.68486e+07 0.762241 0.651381 0.0503461 2.01956e-05
3.78883e+07 0.531098 0.697699 0.064443 3.0302e-05
4.17327e+07 0.574768 0.530047 0 2.75106e-05
3.24451e+07 0.451698 0.834641 0 3.53856e-05
3.24451e+07 0.451698 0.834641 0 3.53856e-05
5.68486e+07 0.762241 0.651381 0.0503461 2.01956e-05
3.73727e+07 0.93648 0.441214 0.201161 3.072e-05
5.68486e+07 0.762241 0.651381 0.0503461 2.01956e-05
3.7722e+07 0.821791 0.475673 0.0503461 3.04356e-05
4.00422e+07 0.765329 0.536088 0 2.8672e-05
5.60591e+07 0.86105 0.68942 0.168939 2.048e-05
5.68486e+07 0.825761 0.586938 0.0825676 2.01956e-05
4.71525e+07 0.778121 0.514439 0.0503461 2.43484e-05
5.68486e+07 0.762241 0.651381 0.0503461 2.01956e-05
2.84098e+07 0.374063 0.752297 0.0825676 4.04118e-05
3.24451e+07 0.451698 0.834641 0 3.53856e-05
