1.99643e+07 0.504835 0.598315 0.0835256 6.79643e-05
4.38136e+07 0.805234 0.617038 0.109744 3.09689e-05
3.31265e+07 0.865463 0.575336 0.347965 4.096e-05
3.31265e+07 0.966443 0.620812 0.349024 4.096e-05
3.29264e+07 0.896751 0.541451 0.21151 4.12089e-05
3.29264e+07 0.908094 0.514818 0.236609 4.12089e-05
2.68735e+07 0.632573 0.514044 0.0488391 5.04907e-05
3.49253e+07 0.867738 0.573074 0.164924 3.88504e-05
4.29354e+07 0.769984 0.668851 0.0620982 3.16023e-05
1.88726e+07 0.475822 0.703936 0.0739383 7.18959e-05
3.70812e+07 0.733763 0.64568 0.182623 3.65916e-05
2.89031e+07 0.658387 0.53498 0.19804 4.69451e-05
4.38136e+07 0.863194 0.602021 0.176823 3.09689e-05
2.82389e+07 0.650153 0.573074 0.127925 4.80493e-05
3.29698e+07 0.700206 0.706249 0.147936 4.11546e-05
1.96944e+07 0.498035 0.600628 0.0488391 6.88959e-05
3.22401e+07 0.693407 0.703936 0.110937 4.20861e-05
3.29698e+07 0.700206 0.706249 0.147936 4.11546e-05
4.38136e+07 0.856395 0.599708 0.139824 3.09689e-05
3.03594e+07 0.706312 0.484607 0.160047 4.46933e-05
3.49253e+07 0.867738 0.573074 0.164924 3.88504e-05
2.63712e+07 0.625749 0.45815 0.0608449 5.14524e-05
3.56429e+07 0.856957 0.585729 0.157524 3.80681e-05
3.31265e+07 0.730716 0.599531 0.227126 4.096e-05
2.42339e+07 0.592192 0.588092 0.0608449 5.59901e-05
2.73583e+07 0.63881 0.599708 0.102825 4.95959e-05
2.78735e+07 0.645609 0.528022 0.102825 4.86793e-05
2.7882e+07 0.645609 0.597978 0.121325 4.86643e-05
3.29698e+07 0.700206 0.706249 0.147936 4.11546e-05
