4.50614e+07 0.943463 0.331256 0.10349 2.8672e-05
9.87647e+07 0.819788 0.796332 0.0631039 1.30816e-05
3.40215e+07 0.477032 0.399408 0 3.7976e-05
3.09292e+07 0.424028 0.619641 0 4.17728e-05
3.40215e+07 0.477032 0.399408 0 3.7976e-05
3.40215e+07 0.477032 0.399408 0 3.7976e-05
3.40215e+07 0.477032 0.399408 0 3.7976e-05
3.09292e+07 0.424028 0.619641 0 4.17728e-05
2.88024e+07 0.381625 0.601972 0 4.48573e-05
3.09292e+07 0.424028 0.619641 0 4.17728e-05
3.8123e+07 0.533569 0.318635 0.0403865 3.38903e-05
2.03293e+07 0.123675 0.534924 0.0403865 6.35535e-05
3.09292e+07 0.424028 0.619641 0 4.17728e-05
3.09292e+07 0.424028 0.619641 0 4.17728e-05
6.94923e+07 0.946996 0.632262 0.22465 1.8592e-05
4.85276e+07 0.985866 0.422126 0.143877 2.6624e-05
3.09292e+07 0.424028 0.619641 0 4.17728e-05
3.09292e+07 0.424028 0.619641 0 4.17728e-05
7.00955e+07 0.876325 0.642359 0.0631039 1.8432e-05
3.14863e+07 0.434629 0.462512 0.0403865 4.10337e-05
3.09292e+07 0.424028 0.619641 0 4.17728e-05
3.07268e+07 0.420495 0.553382 0 4.2048e-05
4.50614e+07 0.929329 0.422126 0.0631039 2.8672e-05
7.00955e+07 0.876325 0.642359 0.0631039 1.8432e-05
3.09199e+07 0.424028 0.612069 0 4.17853e-05
3.16776e+07 0.438163 0.447998 0 4.07859e-05
3.09292e+07 0.424028 0.619641 0 4.17728e-05
3.42728e+07 0.480565 0.538868 0.0403865 3.76975e-05
3.09292e+07 0.424028 0.619641 0 4.17728e-05
