2.74697e+07 0.479873 0.605328 0.0568069 4.9733e-05
5.2941e+07 0.730107 0.766809 0.055354 2.58051e-05
3.43461e+07 0.717231 0.599037 0.10587 3.9776e-05
6.48025e+07 0.779559 0.802469 0.114915 2.10818e-05
3.43461e+07 0.92183 0.623459 0.241509 3.9776e-05
3.43461e+07 0.89809 0.58545 0.137323 3.9776e-05
3.38827e+07 0.677762 0.568339 0.138586 4.032e-05
6.32219e+07 0.783078 0.749738 0.0910137 2.16088e-05
4.77656e+07 0.700789 0.759025 0 2.86011e-05
2.32788e+07 0.385321 0.760993 0.0571711 5.86863e-05
2.93695e+07 0.742103 0.520776 0.0807085 4.6516e-05
2.40346e+07 0.40534 0.60061 0.0251619 5.6841e-05
6.48025e+07 0.779559 0.802469 0.114915 2.10818e-05
3.23832e+07 0.558098 0.848778 0.0910137 4.2187e-05
3.79598e+07 0.623571 0.737795 0.0583008 3.59894e-05
2.79765e+07 0.551332 0.456884 0.078309 4.8832e-05
3.32248e+07 0.569381 0.820852 0.0343993 4.11184e-05
3.37501e+07 0.576091 0.822346 0.0583008 4.04784e-05
6.32219e+07 0.783078 0.749738 0.0910137 2.16088e-05
3.08571e+07 0.627178 0.551285 0.0314524 4.42735e-05
6.28932e+07 0.772848 0.800975 0.0910137 2.17218e-05
3.08571e+07 0.627178 0.551285 0.0314524 4.42735e-05
2.93695e+07 0.875483 0.528836 0.0807085 4.6516e-05
3.23832e+07 0.558098 0.848778 0.0910137 4.2187e-05
3.22181e+07 0.556126 0.770842 0.0525903 4.24032e-05
3.23832e+07 0.558098 0.848778 0.0910137 4.2187e-05
3.44639e+07 0.585269 0.7005 0.0910137 3.964e-05
4.81853e+07 0.857728 0.694807 0.179963 2.8352e-05
3.37501e+07 0.576091 0.822346 0.0583008 4.04784e-05
