4.11135e+07 0.525271 0.58641 0 3.13787e-05
6.66063e+07 0.749384 0.762427 0.0327808 1.93689e-05
3.30996e+07 0.924729 0.428857 0.0292238 3.8976e-05
6.29927e+07 0.825421 0.713051 0.0292238 2.048e-05
3.92554e+07 0.836066 0.520848 0 3.2864e-05
3.92554e+07 0.836066 0.520848 0 3.2864e-05
4.11135e+07 0.525271 0.58641 0 3.13787e-05
6.97497e+07 0.749286 0.745576 0 1.8496e-05
6.66063e+07 0.749384 0.762427 0.0327808 1.93689e-05
3.81879e+07 0.488607 0.627229 0.0264295 3.37827e-05
3.92554e+07 0.836066 0.520848 0 3.2864e-05
2.99297e+07 0.937355 0.386242 0.0620046 4.3104e-05
7.41917e+07 0.736758 0.805042 0 1.73886e-05
3.40802e+07 0.425962 0.870604 0 3.78546e-05
7.41917e+07 0.736758 0.805042 0 1.73886e-05
4.3571e+07 0.587916 0.501612 0.105718 2.96089e-05
7.41917e+07 0.736758 0.805042 0 1.73886e-05
7.41917e+07 0.736758 0.805042 0 1.73886e-05
6.66063e+07 0.761913 0.702961 0.0327808 1.93689e-05
3.92554e+07 0.613934 0.494419 0.0292238 3.2864e-05
7.41917e+07 0.736758 0.805042 0 1.73886e-05
4.11135e+07 0.525271 0.58641 0 3.13787e-05
3.92554e+07 0.836066 0.520848 0 3.2864e-05
4.02736e+07 0.514625 0.778613 0.0292238 3.20331e-05
3.40802e+07 0.425962 0.870604 0 3.78546e-05
3.40802e+07 0.425962 0.870604 0 3.78546e-05
3.72769e+07 0.476078 0.633837 0 3.46083e-05
3.11997e+07 0.37344 0.691064 0.0264295 4.13494e-05
7.41917e+07 0.736758 0.805042 0 1.73886e-05
