2.03357e+07 0.576348 0.429944 0.115129 6.55447e-05
3.17857e+07 0.729055 0.543865 0.101922 4.19339e-05
3.89848e+07 0.779207 0.5599 0.287135 3.41903e-05
3.66368e+07 0.764911 0.604106 0.239359 3.63814e-05
3.71984e+07 0.76863 0.531866 0.21705 3.58322e-05
3.89848e+07 0.779207 0.5599 0.287135 3.41903e-05
2.22831e+07 0.613437 0.435436 0.148736 5.98167e-05
3.57255e+07 0.758902 0.600921 0.188399 3.73094e-05
3.85623e+07 0.776721 0.57102 0.202429 3.45649e-05
2.20864e+07 0.609718 0.603228 0.218821 6.03494e-05
4.33887e+07 0.822305 0.562206 0.368519 3.072e-05
1.4976e+07 0.424139 0.661423 0.0764413 8.90022e-05
4.24944e+07 0.797431 0.578379 0.250658 3.13665e-05
3.92835e+07 0.780782 0.603228 0.261325 3.39302e-05
3.66368e+07 0.764911 0.604106 0.239359 3.63814e-05
2.22831e+07 0.613437 0.435436 0.148736 5.98167e-05
5.43952e+07 0.929966 0.600921 0.230903 2.4504e-05
4.48404e+07 0.808008 0.606413 0.320743 2.97254e-05
3.42204e+07 0.748324 0.572887 0.118314 3.89505e-05
1.89373e+07 0.545061 0.400922 0 7.0385e-05
5.43952e+07 0.929966 0.600921 0.230903 2.4504e-05
2.14682e+07 0.598736 0.431262 0.151468 6.20871e-05
3.71984e+07 0.76863 0.531866 0.21705 3.58322e-05
1.94169e+07 0.556042 0.572887 0.0673529 6.86465e-05
3.52231e+07 0.755504 0.57102 0.193972 3.78417e-05
2.15017e+07 0.59914 0.575194 0.148736 6.19905e-05
2.18232e+07 0.605149 0.476457 0.148736 6.10773e-05
1.9683e+07 0.562051 0.570471 0.0928333 6.77185e-05
5.43952e+07 0.985703 0.615199 0.407179 2.4504e-05
