4.15029e+07 0.825402 0.535593 0.176919 3.108e-05
3.74756e+07 0.87469 0.436137 0.112118 3.442e-05
3.98612e+07 0.836138 0.528662 0.204643 3.236e-05
3.74756e+07 0.87469 0.436137 0.112118 3.442e-05
4.15029e+07 0.922027 0.553908 0.259761 3.108e-05
4.15029e+07 0.825402 0.535593 0.176919 3.108e-05
4.15029e+07 0.922027 0.553908 0.259761 3.108e-05
4.19893e+07 0.989264 0.513936 0.352493 3.072e-05
4.15029e+07 0.922027 0.553908 0.259761 3.108e-05
3.74756e+07 0.941927 0.451613 0.232574 3.442e-05
4.19893e+07 0.903374 0.558 0.332031 3.072e-05
1.9181e+07 0.620836 0.483293 0.159051 6.72494e-05
4.19893e+07 0.903374 0.558 0.332031 3.072e-05
1.47386e+07 0.506263 0.568142 0 8.75192e-05
4.19893e+07 0.903374 0.558 0.332031 3.072e-05
4.19893e+07 1 0.576315 0.414873 3.072e-05
4.19893e+07 0.989264 0.513936 0.352493 3.072e-05
3.27284e+07 0.778065 0.473271 0.0570007 3.94126e-05
4.19893e+07 1 0.576315 0.414873 3.072e-05
4.15029e+07 0.922027 0.553908 0.259761 3.108e-05
3.74756e+07 0.952663 0.458544 0.26723 3.442e-05
4.15029e+07 0.825402 0.535593 0.176919 3.108e-05
4.19893e+07 1 0.576315 0.414873 3.072e-05
4.15029e+07 0.922027 0.553908 0.259761 3.108e-05
3.27284e+07 0.778065 0.473271 0.0570007 3.94126e-05
4.19893e+07 0.903374 0.558 0.332031 3.072e-05
4.19893e+07 0.989264 0.513936 0.352493 3.072e-05
3.74756e+07 0.87469 0.436137 0.112118 3.442e-05
3.98612e+07 0.836138 0.528662 0.204643 3.236e-05
3.98612e+07 0.836138 0.528662 0.204643 3.236e-05
3.74756e+07 0.87469 0.436137 0.112118 3.442e-05
4.19893e+07 0.914111 0.551069 0.359755 3.072e-05
4.15029e+07 0.922027 0.553908 0.259761 3.108e-05
3.7885e+07 0.911291 0.491529 0.197381 3.4048e-05
4.15029e+07 0.825402 0.535593 0.176919 3.108e-05
4.15029e+07 0.922027 0.553908 0.259761 3.108e-05
3.74756e+07 0.952663 0.458544 0.26723 3.442e-05
4.19893e+07 0.903374 0.558 0.332031 3.072e-05
1.78398e+07 0.592152 0.593388 0.0551174 7.23053e-05
3.7885e+07 0.911291 0.491529 0.197381 3.4048e-05
4.15029e+07 0.922027 0.553908 0.259761 3.108e-05
3.74756e+07 0.952663 0.458544 0.26723 3.442e-05
4.19893e+07 1 0.576315 0.414873 3.072e-05
4.19893e+07 1 0.576315 0.414873 3.072e-05
1.26944e+07 0.426501 0.681424 0.138779 0.000101613
4.19893e+07 0.903374 0.558 0.332031 3.072e-05
