4.57921e+07 0.537522 0.729649 0 2.41489e-05
5.19189e+07 0.888307 0.39531 0.0469381 2.12992e-05
5.24533e+07 0.596858 0.496483 0 2.10822e-05
5.39956e+07 1 0.434933 0.223718 2.048e-05
5.19189e+07 0.888307 0.39531 0.0469381 2.12992e-05
4.57921e+07 0.537522 0.729649 0 2.41489e-05
5.19189e+07 0.888307 0.39531 0.0469381 2.12992e-05
7.88898e+07 0.82897 0.628477 0.0469381 1.40174e-05
5.19189e+07 0.888307 0.39531 0.0469381 2.12992e-05
7.88898e+07 0.82897 0.628477 0.0469381 1.40174e-05
4.57921e+07 0.537522 0.729649 0 2.41489e-05
4.57921e+07 0.537522 0.729649 0 2.41489e-05
4.57921e+07 0.537522 0.729649 0 2.41489e-05
5.39956e+07 0.708551 0.536106 0.17678 2.048e-05
4.57921e+07 0.537522 0.729649 0 2.41489e-05
5.19189e+07 0.888307 0.39531 0.0469381 2.12992e-05
7.88898e+07 0.82897 0.628477 0.0469381 1.40174e-05
4.57921e+07 0.537522 0.729649 0 2.41489e-05
5.19189e+07 0.888307 0.39531 0.0469381 2.12992e-05
5.19189e+07 0.888307 0.39531 0.0469381 2.12992e-05
5.19189e+07 0.888307 0.39531 0.0469381 2.12992e-05
4.57921e+07 0.537522 0.729649 0 2.41489e-05
5.19189e+07 0.888307 0.39531 0.0469381 2.12992e-05
5.19189e+07 0.888307 0.39531 0.0469381 2.12992e-05
4.57921e+07 0.537522 0.729649 0 2.41489e-05
4.57921e+07 0.537522 0.729649 0 2.41489e-05
5.39956e+07 0.940663 0.436457 0.107897 2.048e-05
5.19189e+07 0.888307 0.39531 0.0469381 2.12992e-05
5.24533e+07 0.596858 0.496483 0 2.10822e-05
5.24533e+07 0.596858 0.496483 0 2.10822e-05
5.39956e+07 1 0.434933 0.223718 2.048e-05
5.24533e+07 0.596858 0.496483 0 2.10822e-05
5.39956e+07 1 0.434933 0.223718 2.048e-05
7.88898e+07 0.82897 0.628477 0.0469381 1.40174e-05
4.57921e+07 0.537522 0.729649 0 2.41489e-05
5.19189e+07 0.888307 0.39531 0.0469381 2.12992e-05
5.19189e+07 0.888307 0.39531 0.0469381 2.12992e-05
4.57921e+07 0.537522 0.729649 0 2.41489e-05
5.39956e+07 1 0.434933 0.223718 2.048e-05
7.88898e+07 0.82897 0.628477 0.0469381 1.40174e-05
5.19189e+07 0.888307 0.39531 0.0469381 2.12992e-05
5.19189e+07 0.888307 0.39531 0.0469381 2.12992e-05
5.19189e+07 0.888307 0.39531 0.0469381 2.12992e-05
5.19189e+07 0.888307 0.39531 0.0469381 2.12992e-05
3.26186e+07 0.350786 0.571785 0 3.39018e-05
4.57921e+07 0.537522 0.729649 0 2.41489e-05
