4.84234e+07 0.968125 0.666533 0.323858 2.8416e-05
3.78521e+07 0.834541 0.558491 0.0619392 3.6352e-05
2.7565e+07 0.718343 0.398621 0.178217 4.99185e-05
2.45013e+07 0.68299 0.405216 0.0870497 5.61603e-05
2.47833e+07 0.686468 0.494375 0.0831324 5.55213e-05
3.65646e+07 0.862649 0.505826 0.114939 3.7632e-05
2.63811e+07 0.705593 0.431432 0.14005 5.21585e-05
2.43636e+07 0.680962 0.573256 0.0831324 5.64777e-05
2.47833e+07 0.686468 0.494375 0.0831324 5.55213e-05
2.45273e+07 0.68328 0.47874 0.129905 5.61009e-05
2.59061e+07 0.700087 0.510312 0.14005 5.31149e-05
9.78317e+06 0.204289 0.764062 0.0203562 0.00014065
2.63811e+07 0.705593 0.431432 0.14005 5.21585e-05
9.66501e+06 0.194726 0.6818 0 0.000142369
2.64112e+07 0.705882 0.504955 0.182905 5.20991e-05
2.47833e+07 0.686468 0.494375 0.0831324 5.55213e-05
2.59061e+07 0.700087 0.510312 0.14005 5.31149e-05
3.18519e+07 0.864967 0.41131 0.161712 4.32e-05
2.43636e+07 0.680962 0.573256 0.0831324 5.64777e-05
2.47833e+07 0.686468 0.494375 0.0831324 5.55213e-05
2.27515e+07 0.65836 0.54704 0.0301326 6.04795e-05
3.65646e+07 0.869893 0.475559 0.114939 3.7632e-05
3.36257e+07 0.769052 0.552899 0.123845 4.09211e-05
2.48098e+07 0.686757 0.567899 0.125988 5.54619e-05
2.4091e+07 0.677485 0.484097 0.0870497 5.71167e-05
2.59061e+07 0.700087 0.510312 0.14005 5.31149e-05
2.59061e+07 0.700087 0.510312 0.14005 5.31149e-05
2.40391e+07 0.676905 0.432536 0.0729878 5.72401e-05
4.68206e+07 0.857143 0.584706 0.114939 2.93888e-05
3.64914e+07 0.787308 0.522633 0.202725 3.77075e-05
2.40391e+07 0.676905 0.432536 0.0729878 5.72401e-05
2.59061e+07 0.700087 0.510312 0.14005 5.31149e-05
2.43636e+07 0.680962 0.573256 0.0831324 5.64777e-05
2.58255e+07 0.699218 0.461564 0.1213 5.32808e-05
3.20896e+07 0.806433 0.459689 0.259642 4.288e-05
2.47833e+07 0.686468 0.494375 0.0831324 5.55213e-05
2.50668e+07 0.690235 0.37495 0.0870497 5.48933e-05
2.7565e+07 0.718343 0.398621 0.178217 4.99185e-05
9.66325e+06 0.194436 0.770323 0.0381679 0.000142395
4.84234e+07 0.950739 0.607607 0.21672 2.8416e-05
4.68206e+07 0.945233 0.605062 0.176008 2.93888e-05
2.27515e+07 0.65836 0.54704 0.0301326 6.04795e-05
2.48098e+07 0.686757 0.567899 0.125988 5.54619e-05
3.44445e+07 0.774558 0.555444 0.164557 3.99483e-05
1.58798e+07 0.510287 0.511383 0.0326436 8.66509e-05
2.47833e+07 0.686468 0.494375 0.0831324 5.55213e-05
