3.01596e+07 0.835607 0.416845 0.0917131 3.89488e-05
2.61309e+07 0.930644 0.29417 0.0750593 4.49536e-05
2.60346e+07 0.848665 0.340848 0.0917131 4.512e-05
2.61309e+07 0.930644 0.29417 0.0750593 4.49536e-05
2.61309e+07 0.953134 0.323021 0.133934 4.49536e-05
3.01596e+07 0.835607 0.416845 0.0917131 3.89488e-05
2.61309e+07 0.953134 0.323021 0.133934 4.49536e-05
2.86787e+07 0.980412 0.403926 0.211086 4.096e-05
2.86787e+07 0.959663 0.399019 0.209932 4.096e-05
2.86787e+07 0.957922 0.375075 0.152211 4.096e-05
3.75364e+07 0.882472 0.514638 0.253306 3.12944e-05
1.12861e+07 0.410476 0.701649 0.100157 0.000104082
3.75364e+07 0.875943 0.506194 0.211086 3.12944e-05
1.04073e+07 0.360708 0.663631 0 0.00011287
3.75364e+07 0.875943 0.506194 0.211086 3.12944e-05
2.86787e+07 0.993471 0.41237 0.253306 4.096e-05
2.86787e+07 0.980412 0.403926 0.211086 4.096e-05
2.86586e+07 0.813117 0.387994 0.0328385 4.09888e-05
3.75364e+07 1 0.488368 0.329304 3.12944e-05
2.86787e+07 0.959663 0.399019 0.209932 4.096e-05
3.52393e+07 0.97751 0.459517 0.270429 3.33344e-05
3.01596e+07 0.842136 0.42529 0.133934 3.89488e-05
2.86787e+07 0.993471 0.41237 0.253306 4.096e-05
2.61309e+07 0.953134 0.323021 0.133934 4.49536e-05
2.86586e+07 0.813117 0.387994 0.0328385 4.09888e-05
3.75364e+07 0.875943 0.506194 0.211086 3.12944e-05
2.86787e+07 0.980412 0.403926 0.211086 4.096e-05
2.61309e+07 0.930644 0.29417 0.0750593 4.49536e-05
3.01596e+07 0.855194 0.416845 0.167711 3.89488e-05
3.01596e+07 0.855194 0.416845 0.167711 3.89488e-05
2.61309e+07 0.930644 0.29417 0.0750593 4.49536e-05
3.34096e+07 0.889002 0.430197 0.211086 3.516e-05
2.61309e+07 0.953134 0.323021 0.133934 4.49536e-05
2.61309e+07 0.940075 0.314577 0.0917131 4.49536e-05
3.01596e+07 0.835607 0.416845 0.0917131 3.89488e-05
2.61309e+07 0.953134 0.323021 0.133934 4.49536e-05
2.86787e+07 0.970981 0.383519 0.194432 4.096e-05
3.75364e+07 0.875943 0.506194 0.211086 3.12944e-05
1.24376e+07 0.465177 0.645804 0.0422209 9.44461e-05
2.61309e+07 0.940075 0.314577 0.0917131 4.49536e-05
2.61309e+07 0.953134 0.323021 0.133934 4.49536e-05
2.86787e+07 0.970981 0.383519 0.194432 4.096e-05
2.86787e+07 0.993471 0.41237 0.253306 4.096e-05
2.86787e+07 0.993471 0.41237 0.253306 4.096e-05
1.71348e+07 0.612014 0.548678 0.154575 6.85552e-05
3.75364e+07 0.875943 0.506194 0.211086 3.12944e-05
