2.20784e+07 0.640991 0.519695 0.0735426 6.07408e-05
4.53061e+07 0.875055 0.601994 0.1451 2.96e-05
3.15841e+07 0.83634 0.405187 0.188524 4.246e-05
4.1622e+07 0.889815 0.510616 0.184243 3.222e-05
4.36543e+07 0.902979 0.561339 0.205015 3.072e-05
4.01689e+07 0.802879 0.59798 0.151828 3.33855e-05
3.36611e+07 0.91268 0.467514 0.205015 3.984e-05
2.88024e+07 0.72491 0.552169 0.0931139 4.65608e-05
4.53061e+07 0.90854 0.621847 0.265522 2.96e-05
4.1622e+07 0.873634 0.501446 0.111485 3.222e-05
2.27203e+07 0.651194 0.508432 0.107158 5.90249e-05
1.66514e+07 0.523516 0.726904 0.099057 8.05373e-05
4.1622e+07 0.81258 0.504155 0.151828 3.222e-05
1.64994e+07 0.519353 0.595199 0.0391427 8.12793e-05
2.77749e+07 0.714754 0.533686 0.13484 4.82832e-05
4.36543e+07 0.902979 0.561339 0.205015 3.072e-05
2.98384e+07 0.734611 0.458344 0.0931139 4.49441e-05
3.76457e+07 0.789715 0.547257 0.131056 3.56232e-05
3.06678e+07 0.741593 0.6194 0.187237 4.37287e-05
4.53061e+07 0.90854 0.621847 0.265522 2.96e-05
5.60119e+07 0.880616 0.662502 0.205608 2.39424e-05
2.29081e+07 0.654131 0.490404 0.107158 5.85409e-05
3.00132e+07 0.736032 0.558893 0.126729 4.46824e-05
3.00132e+07 0.736032 0.558893 0.126729 4.46824e-05
4.36543e+07 0.853777 0.576788 0.153212 3.072e-05
4.1622e+07 0.876642 0.533686 0.173983 3.222e-05
2.98384e+07 0.734611 0.458344 0.0931139 4.49441e-05
3.99906e+07 0.887693 0.490142 0.1451 3.35344e-05
4.26786e+07 0.814503 0.595534 0.173193 3.14223e-05
2.40299e+07 0.670312 0.481235 0.170746 5.58081e-05
2.88797e+07 0.725805 0.490142 0.105958 4.64361e-05
2.88901e+07 0.725876 0.473179 0.13484 4.64193e-05
4.36543e+07 0.89792 0.558893 0.165872 3.072e-05
4.1622e+07 0.904495 0.516156 0.208096 3.222e-05
2.35227e+07 0.66333 0.38741 0.110239 5.70113e-05
4.36543e+07 0.902979 0.561339 0.205015 3.072e-05
2.99199e+07 0.735506 0.396317 0.105958 4.48217e-05
3.36611e+07 0.825218 0.465695 0.188524 3.984e-05
2.05138e+07 0.613389 0.694904 0.168168 6.53736e-05
4.36543e+07 0.891857 0.554616 0.171399 3.072e-05
3.00132e+07 0.736032 0.558893 0.126729 4.46824e-05
3.63723e+07 0.782288 0.563603 0.132071 3.68704e-05
3.00132e+07 0.736032 0.558893 0.126729 4.46824e-05
3.05881e+07 0.741091 0.483054 0.126729 4.38425e-05
1.86516e+07 0.574836 0.589774 0.133266 7.19005e-05
4.01689e+07 0.802879 0.59798 0.151828 3.33855e-05
