2.74024e+07 0.542477 0.559605 0.0493439 5.33675e-05
6.3649e+07 0.899439 0.636223 0.12013 2.2976e-05
4.76042e+07 0.866359 0.52659 0.273926 3.072e-05
6.01316e+07 0.921969 0.59751 0.210497 2.432e-05
7.14062e+07 0.946038 0.687002 0.255243 2.048e-05
6.12869e+07 0.795692 0.662958 0.152697 2.38616e-05
7.14062e+07 0.960655 0.64506 0.293933 2.048e-05
3.77716e+07 0.668205 0.607065 0.0751822 3.87169e-05
7.14062e+07 0.946038 0.687002 0.255243 2.048e-05
5.75567e+07 0.897351 0.585758 0.116205 2.5408e-05
2.78132e+07 0.549181 0.617786 0.0880341 5.25793e-05
2.80641e+07 0.553028 0.734619 0.103353 5.21092e-05
6.59733e+07 0.810309 0.621016 0.191387 2.21665e-05
2.86486e+07 0.562479 0.591208 0.0516766 5.10461e-05
2.78132e+07 0.549181 0.617786 0.0880341 5.25793e-05
7.14062e+07 0.946038 0.687002 0.255243 2.048e-05
3.95009e+07 0.682822 0.565123 0.113872 3.70219e-05
5.48439e+07 0.771623 0.641651 0.142043 2.66648e-05
3.97861e+07 0.68491 0.683773 0.15189 3.67566e-05
7.14062e+07 0.946038 0.687002 0.255243 2.048e-05
6.3649e+07 0.899439 0.636223 0.12013 2.2976e-05
2.93999e+07 0.573909 0.476932 0.0493439 4.97417e-05
3.97861e+07 0.68491 0.683773 0.15189 3.67566e-05
3.97861e+07 0.68491 0.683773 0.15189 3.67566e-05
5.30117e+07 0.76371 0.638421 0.0903667 2.75864e-05
6.33399e+07 0.802396 0.617786 0.139711 2.30881e-05
3.95009e+07 0.682822 0.565123 0.113872 3.70219e-05
4.26306e+07 0.938784 0.453426 0.12013 3.4304e-05
6.40349e+07 0.804484 0.651206 0.135113 2.28376e-05
3.11982e+07 0.598527 0.465179 0.131883 4.68745e-05
3.98074e+07 0.68557 0.453426 0.0684535 3.67369e-05
2.88819e+07 0.565886 0.609263 0.122126 5.06337e-05
7.14062e+07 0.938125 0.683773 0.203566 2.048e-05
4.76042e+07 0.968678 0.524392 0.226982 3.072e-05
3.10313e+07 0.596439 0.43176 0.136481 4.71266e-05
7.14062e+07 0.946038 0.687002 0.255243 2.048e-05
4.17311e+07 0.700187 0.411484 0.107144 3.50434e-05
4.76042e+07 0.849654 0.535113 0.239834 3.072e-05
4.2348e+07 0.704033 0.723898 0.220253 3.45329e-05
6.02108e+07 0.929333 0.610295 0.178535 2.4288e-05
3.97861e+07 0.68491 0.683773 0.15189 3.67566e-05
3.54353e+07 0.646225 0.636223 0.0684535 4.12696e-05
3.97861e+07 0.68491 0.683773 0.15189 3.67566e-05
4.07925e+07 0.692823 0.583649 0.15189 3.58497e-05
4.08093e+07 0.692823 0.681261 0.177728 3.5835e-05
6.12869e+07 0.795692 0.662958 0.152697 2.38616e-05
