1.58876e+07 0.537615 0.724531 0.0527542 7.74151e-05
1.8644e+07 0.606051 0.704143 0.0400225 6.59697e-05
1.89278e+07 0.612461 0.521414 0.0527542 6.49805e-05
1.8644e+07 0.606051 0.704143 0.0400225 6.59697e-05
1.99239e+07 0.631435 0.691423 0.0693059 6.1732e-05
1.58876e+07 0.537615 0.724531 0.0527542 7.74151e-05
1.99239e+07 0.631435 0.691423 0.0693059 6.1732e-05
3.22988e+07 0.925155 0.597878 0.221537 3.808e-05
1.99239e+07 0.631435 0.691423 0.0693059 6.1732e-05
2.11031e+07 0.651924 0.771712 0.134052 5.82823e-05
3.55494e+07 0.793705 0.718585 0.139127 3.45981e-05
1.01374e+07 0.275097 0.715415 0.0331033 0.000121327
1.76353e+07 0.583489 0.737986 0.119726 6.97431e-05
9.85239e+06 0.254193 0.701154 0 0.000124837
1.76353e+07 0.583489 0.737986 0.119726 6.97431e-05
2.27578e+07 0.677308 0.758993 0.163335 5.40447e-05
4.42127e+07 0.887525 0.739592 0.182736 2.78187e-05
1.50631e+07 0.512231 0.737251 0.0234707 8.16527e-05
4.42127e+07 0.887525 0.739592 0.182736 2.78187e-05
1.99239e+07 0.631435 0.691423 0.0693059 6.1732e-05
2.11031e+07 0.651924 0.771712 0.134052 5.82823e-05
1.9593e+07 0.625599 0.554635 0.147379 6.27744e-05
4.42127e+07 0.887525 0.739592 0.182736 2.78187e-05
1.99239e+07 0.631435 0.691423 0.0693059 6.1732e-05
1.50631e+07 0.512231 0.737251 0.0234707 8.16527e-05
1.76353e+07 0.583489 0.737986 0.119726 6.97431e-05
2.27578e+07 0.677308 0.758993 0.163335 5.40447e-05
2.29744e+07 0.680896 0.501025 0.0400225 5.35352e-05
1.58876e+07 0.537615 0.724531 0.0527542 7.74151e-05
1.89278e+07 0.612461 0.521414 0.0527542 6.49805e-05
2.22043e+07 0.891113 0.442823 0.0400225 5.5392e-05
1.76353e+07 0.583489 0.737986 0.119726 6.97431e-05
4.00371e+07 0.841652 0.672022 0.0887065 3.072e-05
2.24223e+07 0.70628 0.488305 0.0693059 5.48533e-05
2.24223e+07 0.822677 0.502013 0.0721547 5.48533e-05
1.99239e+07 0.631435 0.691423 0.0693059 6.1732e-05
2.60581e+07 0.726769 0.568595 0.134052 4.72e-05
2.14617e+07 0.658334 0.534868 0.119726 5.73085e-05
1.12678e+07 0.348013 0.668046 0.0165517 0.000109155
1.99239e+07 0.631435 0.691423 0.0693059 6.1732e-05
4.00371e+07 0.841652 0.672022 0.0887065 3.072e-05
2.11031e+07 0.651924 0.771712 0.134052 5.82823e-05
4.42127e+07 0.887525 0.739592 0.182736 2.78187e-05
2.27578e+07 0.677308 0.758993 0.163335 5.40447e-05
1.34087e+07 0.452087 0.707106 0.0292834 9.17267e-05
1.76353e+07 0.583489 0.737986 0.119726 6.97431e-05
