2.40403e+07 0.774591 0.518663 0.114866 4.15438e-05
1.99423e+07 0.728073 0.537053 0.0236033 5.00809e-05
2.40079e+07 0.787933 0.519215 0.159824 4.16e-05
2.13084e+07 0.745634 0.475909 0.068562 4.68701e-05
2.36125e+07 0.770372 0.580359 0.114866 4.22966e-05
2.23954e+07 0.837874 0.483063 0.114866 4.45952e-05
2.40079e+07 0.787933 0.519215 0.159824 4.16e-05
3.15893e+07 0.846051 0.601246 0.241676 3.1616e-05
2.36125e+07 0.770372 0.580359 0.114866 4.22966e-05
2.3313e+07 0.825531 0.486053 0.220848 4.284e-05
2.49682e+07 0.863611 0.591056 0.312111 4e-05
9.66606e+06 0.437973 0.685098 0.128608 0.000103323
2.49682e+07 0.863611 0.591056 0.312111 4e-05
8.04056e+06 0.324214 0.738137 0 0.000124211
2.4383e+07 1 0.56076 0.41415 4.096e-05
3.15893e+07 0.846051 0.601246 0.241676 3.1616e-05
2.49682e+07 0.863611 0.591056 0.312111 4e-05
2.14658e+07 0.749853 0.414213 0.068562 4.65264e-05
3.15893e+07 0.846051 0.601246 0.241676 3.1616e-05
2.36125e+07 0.770372 0.580359 0.114866 4.22966e-05
2.58448e+07 0.803752 0.55794 0.150413 3.86432e-05
2.36125e+07 0.770372 0.580359 0.114866 4.22966e-05
3.15893e+07 0.846051 0.601246 0.241676 3.1616e-05
2.23954e+07 0.842093 0.457659 0.133012 4.45952e-05
2.23697e+07 0.810302 0.503334 0.119965 4.46464e-05
2.4383e+07 0.928279 0.61848 0.363514 4.096e-05
2.49682e+07 0.863611 0.591056 0.312111 4e-05
2.22591e+07 0.799794 0.414352 0.0417492 4.48683e-05
2.36125e+07 0.770372 0.580359 0.114866 4.22966e-05
2.36125e+07 0.770372 0.580359 0.114866 4.22966e-05
2.02466e+07 0.732292 0.475357 0.0236033 4.93281e-05
2.4383e+07 0.928279 0.61848 0.363514 4.096e-05
2.36125e+07 0.770372 0.580359 0.114866 4.22966e-05
2.36125e+07 0.770372 0.580359 0.114866 4.22966e-05
2.40079e+07 0.787933 0.519215 0.159824 4.16e-05
2.36125e+07 0.770372 0.580359 0.114866 4.22966e-05
2.49682e+07 0.821312 0.547749 0.220848 4e-05
2.49682e+07 0.863611 0.591056 0.312111 4e-05
7.99212e+06 0.319995 0.799833 0 0.000124964
2.36125e+07 0.770372 0.580359 0.114866 4.22966e-05
2.36125e+07 0.770372 0.580359 0.114866 4.22966e-05
3.05983e+07 0.86842 0.585364 0.201816 3.264e-05
2.59616e+07 0.850269 0.53955 0.241676 3.84693e-05
3.15893e+07 0.846051 0.601246 0.241676 3.1616e-05
9.88313e+06 0.450377 0.664503 0.056854 0.000101054
3.15893e+07 0.846051 0.601246 0.241676 3.1616e-05
