1.74559e+07 0.364449 0.611987 0.0251261 6.66909e-05
2.78077e+07 0.601259 0.703855 0.100504 4.18643e-05
3.47807e+07 0.681553 0.542481 0.100049 3.34711e-05
3.14434e+07 0.647234 0.760907 0.13941 3.70237e-05
3.33204e+07 0.667345 0.637423 0.100049 3.49381e-05
3.14415e+07 0.647424 0.667735 0.12563 3.70259e-05
3.33204e+07 0.667345 0.637423 0.100049 3.49381e-05
1.7253e+07 0.356755 0.705424 0.0251261 6.74752e-05
3.33204e+07 0.667345 0.637423 0.100049 3.49381e-05
2.63913e+07 0.579751 0.72776 0.100504 4.41112e-05
1.7253e+07 0.356755 0.705424 0.0251261 6.74752e-05
3.06485e+07 0.638143 0.705424 0.0753782 3.7984e-05
3.06485e+07 0.638143 0.705424 0.0753782 3.7984e-05
5.68433e+07 0.924632 0.632267 0.300003 2.048e-05
1.74559e+07 0.364449 0.611987 0.0251261 6.66909e-05
3.33204e+07 0.667345 0.637423 0.100049 3.49381e-05
1.7253e+07 0.356755 0.705424 0.0251261 6.74752e-05
2.58303e+07 0.570469 0.765449 0.0502521 4.50692e-05
1.80686e+07 0.385958 0.637423 0.0497965 6.44293e-05
3.33204e+07 0.667345 0.637423 0.100049 3.49381e-05
6.03534e+07 0.838191 0.686995 0.0846042 1.92889e-05
1.76364e+07 0.370963 0.610482 0.0251261 6.60082e-05
1.80686e+07 0.385958 0.637423 0.0497965 6.44293e-05
1.82913e+07 0.393652 0.543986 0.0497965 6.3645e-05
2.53885e+07 0.562775 0.858886 0.0502521 4.58535e-05
3.06485e+07 0.638143 0.705424 0.0753782 3.7984e-05
1.88661e+07 0.412012 0.608148 0.0559641 6.1706e-05
2.87045e+07 0.613879 0.597135 0.0722374 4.05564e-05
3.42598e+07 0.676627 0.599734 0.150301 3.398e-05
1.84896e+07 0.400166 0.542481 0.0497965 6.29623e-05
1.81194e+07 0.387749 0.616498 0.111143 6.42489e-05
1.80686e+07 0.385958 0.637423 0.0497965 6.44293e-05
3.9951e+07 0.722602 0.656786 0.189206 2.91394e-05
3.18797e+07 0.65235 0.610482 0.0753782 3.6517e-05
1.76364e+07 0.370963 0.610482 0.0251261 6.60082e-05
3.33204e+07 0.667345 0.637423 0.100049 3.49381e-05
1.6432e+07 0.324798 0.646602 0 7.08466e-05
3.18797e+07 0.65235 0.610482 0.0753782 3.6517e-05
3.27406e+07 0.661442 0.665965 0.13941 3.55567e-05
3.06485e+07 0.638143 0.705424 0.0753782 3.7984e-05
1.80686e+07 0.385958 0.637423 0.0497965 6.44293e-05
1.60986e+07 0.31059 0.741544 0 7.23136e-05
1.82913e+07 0.393652 0.543986 0.0497965 6.3645e-05
1.80686e+07 0.385958 0.637423 0.0497965 6.44293e-05
1.80686e+07 0.385958 0.62778 0.0246705 6.44293e-05
3.06485e+07 0.638143 0.705424 0.0753782 3.7984e-05
