4.42067e+07 0.665432 0.733503 0.0365 3.35085e-05
5.21291e+07 0.799953 0.667803 0 2.8416e-05
2.65962e+07 0.768431 0.385517 0.0927007 5.5696e-05
4.1056e+07 0.835585 0.613615 0.0562007 3.608e-05
4.82194e+07 0.849918 0.651893 0.0365 3.072e-05
4.42067e+07 0.665432 0.733503 0.0365 3.35085e-05
3.83201e+07 0.88555 0.597704 0.0927007 3.8656e-05
4.17644e+07 0.872659 0.565528 0.0790272 3.5468e-05
4.82194e+07 0.849918 0.651893 0.0365 3.072e-05
4.1056e+07 0.835585 0.613615 0.0562007 3.608e-05
4.82194e+07 0.701064 0.679315 0.0927007 3.072e-05
1.56023e+07 0.049965 0.91109 0 9.49413e-05
4.82194e+07 0.701064 0.679315 0.0927007 3.072e-05
1.5883e+07 0.0673674 0.706203 0 9.32634e-05
4.82194e+07 0.701064 0.679315 0.0927007 3.072e-05
4.82194e+07 0.849918 0.651893 0.0365 3.072e-05
3.83201e+07 0.88555 0.597704 0.0927007 3.8656e-05
4.2384e+07 0.651099 0.695225 0.0562007 3.49495e-05
4.82194e+07 0.849918 0.651893 0.0365 3.072e-05
4.82194e+07 0.849918 0.651893 0.0365 3.072e-05
5.21291e+07 0.799953 0.667803 0 2.8416e-05
4.24685e+07 0.779882 0.576684 0.255088 3.488e-05
4.82194e+07 0.849918 0.651893 0.0365 3.072e-05
4.82194e+07 0.849918 0.651893 0.0365 3.072e-05
4.2384e+07 0.651099 0.695225 0.0562007 3.49495e-05
4.82194e+07 0.701064 0.679315 0.0927007 3.072e-05
3.83201e+07 0.909892 0.593212 0.154844 3.8656e-05
2.67344e+07 0.86732 0.374006 0 5.5408e-05
4.42067e+07 0.665432 0.733503 0.0365 3.35085e-05
3.02553e+07 0.732799 0.439706 0.0365 4.896e-05
2.67344e+07 0.86732 0.374006 0 5.5408e-05
4.82194e+07 0.701064 0.679315 0.0927007 3.072e-05
4.82194e+07 0.849918 0.651893 0.0365 3.072e-05
3.02949e+07 0.941627 0.438957 0.141321 4.8896e-05
2.65962e+07 0.768431 0.385517 0.0927007 5.5696e-05
4.82194e+07 0.849918 0.651893 0.0365 3.072e-05
2.5022e+07 0.902953 0.319817 0.0562007 5.92e-05
2.65962e+07 0.768431 0.385517 0.0927007 5.5696e-05
1.97877e+07 0.251854 0.624593 0 7.48595e-05
4.82194e+07 0.849918 0.651893 0.0365 3.072e-05
4.82194e+07 0.849918 0.651893 0.0365 3.072e-05
5.21291e+07 0.799953 0.667803 0 2.8416e-05
4.82194e+07 0.849918 0.651893 0.0365 3.072e-05
4.82194e+07 0.849918 0.651893 0.0365 3.072e-05
4.82194e+07 0.849918 0.651893 0.0365 3.072e-05
4.42067e+07 0.665432 0.733503 0.0365 3.35085e-05
