1.80243e+07 0.439358 0.805228 0.0397041 6.76926e-05
1.70782e+07 0.408222 0.844286 0.0220762 7.14426e-05
2.14317e+07 0.529399 0.537766 0.0397041 5.69303e-05
1.74783e+07 0.421947 0.75887 0.0220762 6.98071e-05
1.80243e+07 0.439358 0.805228 0.0397041 6.76926e-05
1.80243e+07 0.439358 0.805228 0.0397041 6.76926e-05
1.84705e+07 0.453083 0.719812 0.0397041 6.60572e-05
5.95757e+07 0.886514 0.730221 0.10949 2.048e-05
1.82206e+07 0.445405 0.809932 0.0632246 6.6963e-05
1.93322e+07 0.47743 0.760164 0.0843084 6.31127e-05
3.97171e+07 0.91159 0.677052 0.173191 3.072e-05
1.47157e+07 0.313221 0.806914 0.0528838 8.29118e-05
2.05535e+07 0.508567 0.721105 0.101936 5.93628e-05
1.44905e+07 0.302917 0.716585 0 8.42006e-05
2.05535e+07 0.508567 0.721105 0.101936 5.93628e-05
1.99979e+07 0.494842 0.752569 0.07496 6.10119e-05
4.12199e+07 0.900239 0.698757 0.136466 2.96e-05
1.74783e+07 0.421947 0.75887 0.0220762 6.98071e-05
5.95757e+07 0.892561 0.734925 0.13301 2.048e-05
1.82206e+07 0.445405 0.809932 0.0632246 6.6963e-05
1.90546e+07 0.469752 0.796332 0.0808525 6.40323e-05
2.16449e+07 0.533815 0.635314 0.110265 5.63694e-05
5.95757e+07 0.886514 0.730221 0.10949 2.048e-05
1.80243e+07 0.439358 0.805228 0.0397041 6.76926e-05
1.74783e+07 0.421947 0.75887 0.0220762 6.98071e-05
2.05535e+07 0.508567 0.721105 0.101936 5.93628e-05
2.10615e+07 0.52066 0.634451 0.101936 5.79309e-05
1.95826e+07 0.484538 0.66224 0.0220762 6.23057e-05
1.82206e+07 0.445405 0.809932 0.0632246 6.6963e-05
2.10987e+07 0.521721 0.627886 0.0632246 5.78286e-05
3.06253e+07 0.87621 0.570832 0.0220762 3.984e-05
2.05535e+07 0.508567 0.721105 0.101936 5.93628e-05
5.16366e+07 0.83103 0.71382 0.0397041 2.36288e-05
2.13613e+07 0.527768 0.592977 0.0679287 5.71177e-05
2.42567e+07 0.921071 0.446358 0.0397041 5.03e-05
1.80243e+07 0.439358 0.805228 0.0397041 6.76926e-05
2.26016e+07 0.553746 0.578118 0.0843084 5.39833e-05
2.42876e+07 0.584883 0.539059 0.101936 5.02359e-05
1.44905e+07 0.302917 0.716585 0 8.42006e-05
1.80243e+07 0.439358 0.805228 0.0397041 6.76926e-05
5.16366e+07 0.83103 0.71382 0.0397041 2.36288e-05
1.88399e+07 0.463705 0.791627 0.0573321 6.47619e-05
5.95757e+07 0.886514 0.730221 0.10949 2.048e-05
1.99979e+07 0.494842 0.752569 0.07496 6.10119e-05
1.2939e+07 0.218804 0.831893 0.0235204 9.42971e-05
1.99979e+07 0.494842 0.752569 0.07496 6.10119e-05
