2.89163e+07 0.728396 0.558482 0.10202 4.3022e-05
4.20284e+07 0.854191 0.619095 0.0614482 2.96e-05
3.12259e+07 0.944577 0.533998 0.231971 3.984e-05
3.95687e+07 0.869728 0.589062 0.121717 3.144e-05
4.20284e+07 0.906008 0.630413 0.17395 2.96e-05
4.20284e+07 0.906008 0.630413 0.17395 2.96e-05
4.04961e+07 0.915995 0.598131 0.198254 3.072e-05
3.26845e+07 0.759794 0.569114 0.125401 3.8062e-05
4.20284e+07 0.906008 0.630413 0.17395 2.96e-05
3.77623e+07 0.901126 0.527763 0.109133 3.2944e-05
3.40303e+07 0.769781 0.536832 0.149704 3.65568e-05
2.22537e+07 0.64672 0.653804 0.158185 5.59026e-05
4.04961e+07 0.971418 0.569007 0.266526 3.072e-05
1.82038e+07 0.568063 0.657151 0.0359653 6.83397e-05
3.40303e+07 0.769781 0.536832 0.149704 3.65568e-05
4.04961e+07 0.942957 0.571362 0.197331 3.072e-05
3.40303e+07 0.769781 0.536832 0.149704 3.65568e-05
3.86905e+07 0.888202 0.529207 0.121717 3.21536e-05
3.26845e+07 0.759794 0.569114 0.125401 3.8062e-05
4.20284e+07 0.906008 0.630413 0.17395 2.96e-05
3.80655e+07 0.89114 0.560045 0.0848289 3.26816e-05
3.12259e+07 0.751428 0.496597 0.10202 3.984e-05
3.26845e+07 0.759794 0.569114 0.125401 3.8062e-05
2.83482e+07 0.722846 0.628165 0.10202 4.38843e-05
3.95687e+07 0.864178 0.586814 0.0857518 3.144e-05
3.40303e+07 0.947393 0.536832 0.185669 3.65568e-05
3.40303e+07 0.769781 0.536832 0.149704 3.65568e-05
2.99913e+07 0.882774 0.487528 0.0614482 4.148e-05
4.20284e+07 0.900458 0.628165 0.137985 2.96e-05
3.12259e+07 0.756978 0.494349 0.135737 3.984e-05
2.66189e+07 0.705161 0.487528 0.0254829 4.67352e-05
3.40303e+07 0.769781 0.536832 0.149704 3.65568e-05
4.20284e+07 0.900458 0.628165 0.137985 2.96e-05
3.40303e+07 0.934591 0.56628 0.207668 3.65568e-05
2.78005e+07 0.766965 0.462067 0.160041 4.47488e-05
4.20284e+07 0.906008 0.630413 0.17395 2.96e-05
2.83561e+07 0.752097 0.396195 0.0731673 4.3872e-05
3.03721e+07 0.981526 0.474947 0.255352 4.096e-05
1.84452e+07 0.573613 0.726833 0.105648 6.74452e-05
4.20284e+07 0.906008 0.630413 0.17395 2.96e-05
2.83482e+07 0.722846 0.628165 0.10202 4.38843e-05
2.92993e+07 0.732002 0.560045 0.0787909 4.24597e-05
3.26845e+07 0.759794 0.569114 0.125401 3.8062e-05
3.34421e+07 0.765345 0.499431 0.125401 3.71998e-05
1.79812e+07 0.562614 0.652905 0.109483 6.91856e-05
4.04961e+07 0.942957 0.571362 0.197331 3.072e-05
