2.02277e+07 0.522569 0.600285 0.0939636 5.63716e-05
2.52624e+07 0.618056 0.415868 0 4.51371e-05
2.02277e+07 0.522569 0.600285 0.0939636 5.63716e-05
2.52624e+07 0.618056 0.415868 0 4.51371e-05
2.76506e+07 0.651042 0.460572 0.0939636 4.12385e-05
2.02277e+07 0.522569 0.600285 0.0939636 5.63716e-05
2.76506e+07 0.651042 0.460572 0.0939636 4.12385e-05
5.56772e+07 1 0.58914 0.435767 2.048e-05
2.76506e+07 0.651042 0.460572 0.0939636 4.12385e-05
3.58293e+07 0.730903 0.443946 0.241313 3.18251e-05
5.56772e+07 0.871528 0.547947 0.345313 2.048e-05
1.59843e+07 0.395833 0.51171 0.158741 7.13368e-05
2.64721e+07 0.635417 0.51445 0.278319 4.30744e-05
1.2884e+07 0.25 0.791999 0 8.85031e-05
2.64721e+07 0.635417 0.51445 0.278319 4.30744e-05
4.08311e+07 0.763889 0.48865 0.335276 2.79265e-05
5.56772e+07 1 0.58914 0.435767 2.048e-05
1.89193e+07 0.489583 0.555582 0 6.02702e-05
5.56772e+07 1 0.58914 0.435767 2.048e-05
2.76506e+07 0.651042 0.460572 0.0939636 4.12385e-05
3.58293e+07 0.730903 0.443946 0.241313 3.18251e-05
2.02277e+07 0.522569 0.600285 0.0939636 5.63716e-05
5.56772e+07 1 0.58914 0.435767 2.048e-05
2.76506e+07 0.651042 0.460572 0.0939636 4.12385e-05
1.89193e+07 0.489583 0.555582 0 6.02702e-05
2.64721e+07 0.635417 0.51445 0.278319 4.30744e-05
4.08311e+07 0.763889 0.48865 0.335276 2.79265e-05
2.52624e+07 0.618056 0.415868 0 4.51371e-05
2.02277e+07 0.522569 0.600285 0.0939636 5.63716e-05
2.02277e+07 0.522569 0.600285 0.0939636 5.63716e-05
4.71841e+07 0.854167 0.382371 0.0334968 2.41664e-05
2.64721e+07 0.635417 0.51445 0.278319 4.30744e-05
4.71841e+07 0.887153 0.427075 0.12746 2.41664e-05
2.76506e+07 0.651042 0.460572 0.0939636 4.12385e-05
3.99624e+07 0.758681 0.499795 0.0939636 2.85336e-05
2.76506e+07 0.651042 0.460572 0.0939636 4.12385e-05
3.58293e+07 0.730903 0.443946 0.241313 3.18251e-05
2.64721e+07 0.635417 0.51445 0.278319 4.30744e-05
1.55414e+07 0.378472 0.652286 0 7.337e-05
2.76506e+07 0.651042 0.460572 0.0939636 4.12385e-05
4.71841e+07 0.887153 0.427075 0.12746 2.41664e-05
3.58293e+07 0.730903 0.443946 0.241313 3.18251e-05
5.56772e+07 1 0.58914 0.435767 2.048e-05
4.08311e+07 0.763889 0.48865 0.335276 2.79265e-05
1.61262e+07 0.401042 0.597638 0.0584963 7.0709e-05
2.64721e+07 0.635417 0.51445 0.278319 4.30744e-05
