4.98093e+07 0.927717 0.447705 0.170997 2.412e-05
4.57572e+07 0.880915 0.38687 0.057547 2.6256e-05
4.98093e+07 0.927717 0.447705 0.170997 2.412e-05
4.57572e+07 0.880915 0.38687 0.057547 2.6256e-05
4.98093e+07 0.927717 0.447705 0.170997 2.412e-05
4.98093e+07 0.927717 0.447705 0.170997 2.412e-05
4.98093e+07 0.927717 0.447705 0.170997 2.412e-05
4.98093e+07 1 0.49001 0.323052 2.412e-05
4.98093e+07 0.927717 0.447705 0.170997 2.412e-05
4.98093e+07 0.953198 0.429175 0.209603 2.412e-05
4.98093e+07 1 0.49001 0.323052 2.412e-05
2.14281e+07 0.431097 0.580351 0.118382 5.60666e-05
4.98093e+07 1 0.49001 0.323052 2.412e-05
1.7728e+07 0.312012 0.771456 0 6.77683e-05
4.98093e+07 1 0.49001 0.323052 2.412e-05
4.98093e+07 1 0.49001 0.323052 2.412e-05
4.98093e+07 1 0.49001 0.323052 2.412e-05
4.57572e+07 0.880915 0.38687 0.057547 2.6256e-05
4.98093e+07 1 0.49001 0.323052 2.412e-05
4.98093e+07 0.927717 0.447705 0.170997 2.412e-05
4.98093e+07 0.953198 0.429175 0.209603 2.412e-05
4.98093e+07 0.927717 0.447705 0.170997 2.412e-05
4.98093e+07 1 0.49001 0.323052 2.412e-05
4.98093e+07 0.927717 0.447705 0.170997 2.412e-05
4.57572e+07 0.880915 0.38687 0.057547 2.6256e-05
4.98093e+07 1 0.49001 0.323052 2.412e-05
4.98093e+07 1 0.49001 0.323052 2.412e-05
4.57572e+07 0.880915 0.38687 0.057547 2.6256e-05
4.98093e+07 0.927717 0.447705 0.170997 2.412e-05
4.98093e+07 0.927717 0.447705 0.170997 2.412e-05
4.57572e+07 0.880915 0.38687 0.057547 2.6256e-05
4.98093e+07 1 0.49001 0.323052 2.412e-05
4.98093e+07 0.927717 0.447705 0.170997 2.412e-05
4.98093e+07 0.927717 0.447705 0.170997 2.412e-05
4.98093e+07 0.927717 0.447705 0.170997 2.412e-05
4.98093e+07 0.927717 0.447705 0.170997 2.412e-05
4.98093e+07 0.953198 0.429175 0.209603 2.412e-05
4.98093e+07 1 0.49001 0.323052 2.412e-05
1.7728e+07 0.312012 0.771456 0 6.77683e-05
4.98093e+07 0.927717 0.447705 0.170997 2.412e-05
4.98093e+07 0.927717 0.447705 0.170997 2.412e-05
4.98093e+07 0.953198 0.429175 0.209603 2.412e-05
4.98093e+07 1 0.49001 0.323052 2.412e-05
4.98093e+07 1 0.49001 0.323052 2.412e-05
3.16979e+07 0.615705 0.482233 0.073989 3.79016e-05
4.98093e+07 1 0.49001 0.323052 2.412e-05
