1.59553e+07 0.598111 0.638287 0.0496866 7.18018e-05
3.53668e+07 0.851967 0.578861 0.109969 3.23925e-05
2.6872e+07 0.800175 0.481882 0.0801435 4.26325e-05
3.53668e+07 0.855489 0.575441 0.097956 3.23925e-05
3.54491e+07 0.846514 0.60558 0.0743439 3.23173e-05
3.43181e+07 0.831493 0.563752 0.114641 3.33824e-05
3.53668e+07 0.855489 0.575441 0.097956 3.23925e-05
2.26786e+07 0.717355 0.663517 0.127828 5.05155e-05
3.54491e+07 0.846514 0.60558 0.0743439 3.23173e-05
3.72923e+07 0.901281 0.603062 0.25147 3.072e-05
1.77632e+07 0.639077 0.610927 0.104249 6.4494e-05
1.36832e+07 0.530985 0.797938 0.0953558 8.37245e-05
3.27294e+07 0.8044 0.610927 0.139874 3.50028e-05
1.38296e+07 0.536387 0.609796 0.0856404 8.28384e-05
2.21036e+07 0.71003 0.654234 0.204674 5.18296e-05
3.84608e+07 0.882678 0.663517 0.163453 2.97867e-05
2.34173e+07 0.726331 0.633378 0.15144 4.89219e-05
2.81363e+07 0.772409 0.608149 0.108924 4.07169e-05
2.26786e+07 0.717355 0.663517 0.127828 5.05155e-05
3.54491e+07 0.846514 0.60558 0.0743439 3.23173e-05
3.84608e+07 0.882678 0.663517 0.163453 2.97867e-05
1.71243e+07 0.625877 0.512021 0.0209063 6.69003e-05
2.26786e+07 0.717355 0.663517 0.127828 5.05155e-05
2.58419e+07 0.752144 0.586543 0.107972 4.43318e-05
2.76359e+07 0.768235 0.611746 0.0801435 4.1454e-05
3.27294e+07 0.8044 0.610927 0.139874 3.50028e-05
2.34173e+07 0.726331 0.633378 0.15144 4.89219e-05
2.79692e+07 0.949407 0.485459 0.157987 4.096e-05
2.72186e+07 0.764713 0.615166 0.0921564 4.20897e-05
1.71243e+07 0.625877 0.512021 0.0209063 6.69003e-05
2.26447e+07 0.717305 0.500898 0.0818894 5.0591e-05
1.77632e+07 0.639077 0.610927 0.104249 6.4494e-05
3.54491e+07 0.846514 0.60558 0.0743439 3.23173e-05
2.6872e+07 0.878454 0.475715 0.0743439 4.26325e-05
1.75419e+07 0.634852 0.481882 0.0445184 6.53078e-05
3.54491e+07 0.846514 0.60558 0.0743439 3.23173e-05
2.6468e+07 0.758271 0.503514 0.15144 4.32833e-05
2.67169e+07 0.83634 0.481063 0.139874 4.288e-05
1.66095e+07 0.614014 0.632588 0.0534376 6.89738e-05
3.54491e+07 0.846514 0.60558 0.0743439 3.23173e-05
2.01051e+07 0.681191 0.60558 0.0387188 5.69815e-05
2.26786e+07 0.717355 0.663517 0.127828 5.05155e-05
2.30144e+07 0.721529 0.659919 0.156608 4.97784e-05
2.26786e+07 0.717355 0.663517 0.127828 5.05155e-05
1.32821e+07 0.517016 0.658135 0 8.62531e-05
3.13041e+07 0.795425 0.641065 0.116262 3.65965e-05
