1.9218e+07 0.329061 0.664605 0.0326629 7.29184e-05
5.39839e+07 0.7614 0.724667 0.0653257 2.59587e-05
4.56169e+07 0.864457 0.500282 0.181326 3.072e-05
5.53485e+07 0.767293 0.727356 0.108339 2.53187e-05
6.84253e+07 0.939595 0.594289 0.189307 2.048e-05
6.56849e+07 0.804052 0.664605 0.141001 2.13344e-05
6.56849e+07 0.804052 0.664605 0.141001 2.13344e-05
1.90549e+07 0.323168 0.747942 0.0326629 7.35429e-05
6.56849e+07 0.804052 0.664605 0.141001 2.13344e-05
5.39839e+07 0.7614 0.724667 0.0653257 2.59587e-05
1.90549e+07 0.323168 0.747942 0.0326629 7.35429e-05
6.56849e+07 0.804052 0.664605 0.141001 2.13344e-05
6.56849e+07 0.804052 0.664605 0.141001 2.13344e-05
4.65874e+07 0.821805 0.479696 0.0653257 3.008e-05
1.90549e+07 0.323168 0.747942 0.0326629 7.35429e-05
6.56849e+07 0.804052 0.664605 0.141001 2.13344e-05
1.90549e+07 0.323168 0.747942 0.0326629 7.35429e-05
5.53485e+07 0.767293 0.727356 0.108339 2.53187e-05
1.90549e+07 0.323168 0.747942 0.0326629 7.35429e-05
6.56849e+07 0.804052 0.664605 0.141001 2.13344e-05
5.39839e+07 0.7614 0.724667 0.0653257 2.59587e-05
2.09051e+07 0.383573 0.502971 0.0326629 6.7034e-05
1.90549e+07 0.323168 0.747942 0.0326629 7.35429e-05
1.90549e+07 0.323168 0.747942 0.0326629 7.35429e-05
5.39839e+07 0.7614 0.724667 0.0653257 2.59587e-05
6.84253e+07 0.933702 0.591601 0.146294 2.048e-05
1.90549e+07 0.323168 0.747942 0.0326629 7.35429e-05
4.65874e+07 0.821805 0.479696 0.0653257 3.008e-05
6.37718e+07 0.798158 0.661917 0.0979886 2.19744e-05
2.11066e+07 0.389466 0.500282 0.0729874 6.6394e-05
1.97326e+07 0.346814 0.565722 0 7.1017e-05
1.90549e+07 0.323168 0.747942 0.0326629 7.35429e-05
6.37718e+07 0.798158 0.661917 0.0979886 2.19744e-05
4.56169e+07 0.864457 0.500282 0.181326 3.072e-05
2.11066e+07 0.389466 0.500282 0.0729874 6.6394e-05
6.56849e+07 0.804052 0.664605 0.141001 2.13344e-05
2.48961e+07 0.482357 0.646623 0.123914 5.6288e-05
4.56169e+07 0.864457 0.500282 0.181326 3.072e-05
6.84253e+07 0.963241 0.643934 0.272577 2.048e-05
6.56849e+07 0.804052 0.664605 0.141001 2.13344e-05
1.90549e+07 0.323168 0.747942 0.0326629 7.35429e-05
1.80756e+07 0.286409 0.810693 0 7.75271e-05
1.90549e+07 0.323168 0.747942 0.0326629 7.35429e-05
1.9218e+07 0.329061 0.664605 0.0326629 7.29184e-05
2.67237e+07 0.517643 0.657935 0.0430128 5.24384e-05
6.56849e+07 0.804052 0.664605 0.141001 2.13344e-05
