1.44241e+07 0.421459 0.748342 0.126588 7.58175e-05
1.74143e+07 0.521058 0.590014 0.0940791 6.27991e-05
1.51231e+07 0.448478 0.502507 0.126588 7.23133e-05
1.7883e+07 0.533786 0.439343 0.0940791 6.1153e-05
1.85386e+07 0.550081 0.629121 0.179457 5.89905e-05
1.44241e+07 0.421459 0.748342 0.126588 7.58175e-05
1.90708e+07 0.562808 0.478449 0.179457 5.73444e-05
4.05901e+07 0.794743 0.618424 0.281944 2.69425e-05
1.85386e+07 0.550081 0.629121 0.179457 5.89905e-05
1.94449e+07 0.571285 0.432478 0.1525 5.6241e-05
2.71693e+07 0.69314 0.632034 0.299188 4.02513e-05
1.18362e+07 0.295011 0.657086 0.0950876 9.23947e-05
1.62286e+07 0.485977 0.601379 0.237878 6.73873e-05
1.08169e+07 0.22849 0.722267 0 0.000101101
1.62286e+07 0.485977 0.601379 0.237878 6.73873e-05
2.09419e+07 0.601871 0.537033 0.242849 5.22205e-05
5.33984e+07 0.985709 0.563549 0.379295 2.048e-05
1.40241e+07 0.405164 0.558564 0.0412104 7.79799e-05
4.3621e+07 0.809034 0.628998 0.334813 2.50705e-05
1.85386e+07 0.550081 0.629121 0.179457 5.89905e-05
1.95184e+07 0.572849 0.497927 0.157471 5.60292e-05
1.44241e+07 0.421459 0.748342 0.126588 7.58175e-05
4.3621e+07 0.809034 0.628998 0.334813 2.50705e-05
1.85386e+07 0.550081 0.629121 0.179457 5.89905e-05
2.00173e+07 0.583403 0.558564 0.0906629 5.46327e-05
1.62286e+07 0.485977 0.601379 0.237878 6.73873e-05
2.08573e+07 0.600308 0.471585 0.237878 5.24324e-05
1.74143e+07 0.521058 0.590014 0.0940791 6.27991e-05
1.47865e+07 0.43575 0.653178 0.126588 7.39595e-05
1.47865e+07 0.43575 0.653178 0.126588 7.39595e-05
3.06647e+07 0.728221 0.559359 0.124734 3.56631e-05
2.59257e+07 0.678507 0.506216 0.287331 4.21821e-05
3.43311e+07 0.757243 0.598466 0.210112 3.18545e-05
1.79684e+07 0.535789 0.618547 0.126588 6.08625e-05
2.32437e+07 0.641349 0.505706 0.126588 4.70493e-05
3.06818e+07 0.728319 0.629121 0.228909 3.56433e-05
2.01144e+07 0.585577 0.443052 0.205369 5.4369e-05
1.62286e+07 0.485977 0.601379 0.237878 6.73873e-05
1.26967e+07 0.34282 0.69821 0.0528686 8.61323e-05
1.79684e+07 0.535789 0.618547 0.126588 6.08625e-05
3.43311e+07 0.757243 0.598466 0.210112 3.18545e-05
3.34619e+07 0.751087 0.497927 0.206923 3.2682e-05
4.3621e+07 0.809034 0.628998 0.334813 2.50705e-05
2.09419e+07 0.601871 0.537033 0.242849 5.22205e-05
1.25644e+07 0.335882 0.665877 0.106551 8.70395e-05
2.39298e+07 0.651488 0.656254 0.239433 4.57003e-05
