9.98118e+06 0.534138 0.619014 0.0622727 0.000112245
3.90744e+07 0.949165 0.637797 0.315651 2.8672e-05
1.52856e+07 0.696054 0.540652 0.116419 7.32938e-05
1.98682e+07 0.766245 0.57042 0.172322 5.63886e-05
1.98682e+07 0.766245 0.57042 0.172322 5.63886e-05
2.8375e+07 0.836435 0.634694 0.220384 3.94834e-05
1.98682e+07 0.766245 0.57042 0.172322 5.63886e-05
9.32534e+06 0.501489 0.530102 0.0883251 0.000120139
1.98682e+07 0.766245 0.57042 0.172322 5.63886e-05
2.17607e+07 0.78677 0.485674 0.179795 5.14847e-05
7.94024e+06 0.414283 0.640887 0.0661111 0.000141096
1.35503e+07 0.657024 0.621327 0.232104 8.26798e-05
1.63905e+07 0.71658 0.549581 0.154967 6.8353e-05
1.10989e+07 0.581197 0.580711 0.0914694 0.000100942
7.94024e+06 0.414283 0.640887 0.0661111 0.000141096
2.27e+07 0.795544 0.51871 0.21087 4.93542e-05
9.01979e+06 0.484473 0.603278 0.0883251 0.000124209
2.7614e+07 0.831915 0.613787 0.151129 4.05714e-05
9.17581e+06 0.493247 0.610016 0.122014 0.000122097
1.98682e+07 0.766245 0.57042 0.172322 5.63886e-05
2.22104e+07 0.791024 0.515933 0.166442 5.04422e-05
9.88688e+06 0.529618 0.705093 0.0622727 0.000113316
9.17581e+06 0.493247 0.610016 0.122014 0.000122097
8.67589e+06 0.463948 0.661727 0.0834658 0.000129133
1.46497e+07 0.682761 0.598515 0.0719913 7.64754e-05
1.61337e+07 0.71206 0.546804 0.110539 6.9441e-05
9.01979e+06 0.484473 0.603278 0.0883251 0.000124209
1.94921e+07 0.761725 0.567644 0.127894 5.74766e-05
2.91165e+07 0.840689 0.571278 0.175956 3.84778e-05
7.72826e+06 0.398277 0.545879 0.0275633 0.000144967
8.67589e+06 0.463948 0.661727 0.0834658 0.000129133
8.05989e+06 0.423056 0.580247 0.0661111 0.000139002
1.94921e+07 0.761725 0.567644 0.127894 5.74766e-05
1.91509e+07 0.757471 0.563683 0.138633 5.85006e-05
7.61819e+06 0.389503 0.606518 0.0275633 0.000147061
1.98682e+07 0.766245 0.57042 0.172322 5.63886e-05
9.17581e+06 0.493247 0.610016 0.122014 0.000122097
1.63905e+07 0.71658 0.549581 0.154967 6.8353e-05
1.33345e+07 0.651388 0.636777 0.144759 8.40182e-05
3.22381e+07 0.902106 0.576178 0.173343 3.4752e-05
1.18785e+07 0.608582 0.674222 0.118175 9.43165e-05
9.17581e+06 0.493247 0.610016 0.122014 0.000122097
9.17581e+06 0.493247 0.610016 0.122014 0.000122097
9.25698e+06 0.497767 0.523936 0.122014 0.000121027
9.22894e+06 0.496118 0.623056 0.0781165 0.000121394
1.63905e+07 0.71658 0.549581 0.154967 6.8353e-05
