2.53155e+07 0.731334 0.430217 0.0949594 4.49279e-05
3.95103e+07 0.840527 0.62395 0.0841322 2.87867e-05
3.15842e+07 0.78974 0.535108 0.196401 3.60107e-05
2.49823e+07 0.727418 0.635913 0.147747 4.55271e-05
2.84886e+07 0.761151 0.560956 0.147273 3.99237e-05
3.15842e+07 0.951575 0.516201 0.193954 3.60107e-05
2.95827e+07 0.769969 0.578958 0.196401 3.84471e-05
1.6836e+07 0.595394 0.558592 0.0716186 6.75557e-05
2.84886e+07 0.761151 0.560956 0.147273 3.99237e-05
2.48751e+07 0.726362 0.570062 0.10992 4.57232e-05
1.72122e+07 0.604212 0.576594 0.120747 6.60792e-05
1.10858e+07 0.384911 0.747434 0.109506 0.000102597
3.17626e+07 0.785837 0.549082 0.211339 3.58085e-05
1.04153e+07 0.345207 0.813921 0.0527652 0.000109202
2.07335e+07 0.671653 0.497296 0.162761 5.48566e-05
2.84886e+07 0.761151 0.560956 0.147273 3.99237e-05
1.72122e+07 0.604212 0.576594 0.120747 6.60792e-05
4.14574e+07 0.874203 0.610705 0.215902 2.74347e-05
1.6836e+07 0.595394 0.558592 0.0716186 6.75557e-05
2.84886e+07 0.761151 0.560956 0.147273 3.99237e-05
2.3774e+07 0.713577 0.615547 0.0607914 4.7841e-05
2.63827e+07 0.742115 0.523144 0.0949594 4.31104e-05
1.6836e+07 0.595394 0.558592 0.0716186 6.75557e-05
2.019e+07 0.662836 0.479293 0.113632 5.63332e-05
2.45311e+07 0.722395 0.633549 0.10992 4.63644e-05
2.89521e+07 0.764946 0.576594 0.158574 3.92845e-05
1.72122e+07 0.604212 0.576594 0.120747 6.60792e-05
3.41322e+07 0.800791 0.522274 0.117743 3.33225e-05
3.85201e+07 0.883078 0.566994 0.132786 2.95266e-05
1.79257e+07 0.620189 0.441451 0.0716186 6.34492e-05
1.60876e+07 0.576582 0.538086 0.0379025 7.06985e-05
1.72122e+07 0.604212 0.576594 0.120747 6.60792e-05
2.79034e+07 0.756128 0.558592 0.109446 4.0761e-05
3.10408e+07 0.780923 0.517105 0.147273 3.66411e-05
1.83528e+07 0.629006 0.459453 0.120747 6.19726e-05
2.84886e+07 0.761151 0.560956 0.147273 3.99237e-05
1.62769e+07 0.581432 0.589699 0.072093 6.98765e-05
3.15842e+07 0.78974 0.535108 0.196401 3.60107e-05
1.04327e+07 0.346263 0.849896 0.0756542 0.000109019
3.85201e+07 0.888101 0.569358 0.170614 2.95266e-05
2.4516e+07 0.722344 0.566994 0.0949594 4.6393e-05
1.57945e+07 0.568712 0.555794 0.0229643 7.20105e-05
1.69974e+07 0.599361 0.495105 0.0716186 6.69145e-05
1.70439e+07 0.600417 0.485301 0.0716186 6.67318e-05
1.77456e+07 0.616286 0.480287 0.0825058 6.40932e-05
2.84886e+07 0.761151 0.560956 0.147273 3.99237e-05
