3.74728e+07 0.789667 0.46584 0.0687476 2.41248e-05
2.83162e+07 0.608794 0.617866 0 3.19259e-05
2.83162e+07 0.608794 0.617866 0 3.19259e-05
2.83162e+07 0.608794 0.617866 0 3.19259e-05
2.83162e+07 0.608794 0.617866 0 3.19259e-05
4.37956e+07 0.747479 0.51913 0.0432547 2.06419e-05
2.83162e+07 0.608794 0.617866 0 3.19259e-05
3.46327e+07 0.680441 0.504991 0.0446922 2.61032e-05
2.83162e+07 0.608794 0.617866 0 3.19259e-05
3.55661e+07 0.689109 0.387338 0.0446922 2.54181e-05
3.46327e+07 0.680441 0.504991 0.0446922 2.61032e-05
1.89868e+07 0.416058 0.68913 0.0446922 4.76132e-05
3.46327e+07 0.680441 0.504991 0.0446922 2.61032e-05
1.71376e+07 0.353079 0.684353 0 5.27509e-05
4.29603e+07 0.827795 0.472222 0.179757 2.10432e-05
3.46327e+07 0.680441 0.504991 0.0446922 2.61032e-05
3.46327e+07 0.680441 0.504991 0.0446922 2.61032e-05
2.89372e+07 0.617462 0.500213 0 3.12409e-05
3.46327e+07 0.680441 0.504991 0.0446922 2.61032e-05
2.83162e+07 0.608794 0.617866 0 3.19259e-05
3.46327e+07 0.680441 0.504991 0.0446922 2.61032e-05
2.83162e+07 0.608794 0.617866 0 3.19259e-05
4.02824e+07 0.852646 0.470617 0.11344 2.24421e-05
4.29603e+07 0.756147 0.470685 0.0778585 2.10432e-05
2.83162e+07 0.608794 0.617866 0 3.19259e-05
3.46327e+07 0.680441 0.504991 0.0446922 2.61032e-05
3.46327e+07 0.680441 0.504991 0.0446922 2.61032e-05
4.29603e+07 0.756147 0.470685 0.0778585 2.10432e-05
2.83162e+07 0.608794 0.617866 0 3.19259e-05
4.74138e+07 0.780999 0.583492 0.0687476 1.90667e-05
2.89372e+07 0.617462 0.500213 0 3.12409e-05
3.46327e+07 0.680441 0.504991 0.0446922 2.61032e-05
2.83162e+07 0.608794 0.617866 0 3.19259e-05
2.83162e+07 0.608794 0.617866 0 3.19259e-05
4.74138e+07 0.780999 0.583492 0.0687476 1.90667e-05
2.83162e+07 0.608794 0.617866 0 3.19259e-05
3.46327e+07 0.680441 0.504991 0.0446922 2.61032e-05
3.46327e+07 0.680441 0.504991 0.0446922 2.61032e-05
1.69179e+07 0.344411 0.802006 0 5.3436e-05
4.74138e+07 0.780999 0.583492 0.0687476 1.90667e-05
4.74138e+07 0.780999 0.583492 0.0687476 1.90667e-05
3.46327e+07 0.680441 0.504991 0.0446922 2.61032e-05
3.55661e+07 0.689109 0.387338 0.0446922 2.54181e-05
4.02824e+07 0.852646 0.470617 0.11344 2.24421e-05
1.50801e+07 0.264383 0.81586 0 5.99479e-05
3.46327e+07 0.680441 0.504991 0.0446922 2.61032e-05
