2.73382e+07 0.666227 0.457606 0.163218 4.86682e-05
5.26305e+07 0.937115 0.455802 0.191269 2.528e-05
4.33105e+07 0.890941 0.447436 0.266891 3.072e-05
5.26305e+07 0.937115 0.455802 0.191269 2.528e-05
4.33105e+07 1 0.487789 0.349238 3.072e-05
4.37664e+07 0.877309 0.457606 0.226209 3.04e-05
4.33105e+07 1 0.487789 0.349238 3.072e-05
4.05593e+07 0.775286 0.396256 0.194714 3.28038e-05
4.33105e+07 1 0.487789 0.349238 3.072e-05
5.02834e+07 0.923483 0.445631 0.140417 2.646e-05
2.73382e+07 0.666227 0.457606 0.163218 4.86682e-05
1.77351e+07 0.485048 0.533638 0.0629908 7.50208e-05
4.37664e+07 0.877309 0.457606 0.226209 3.04e-05
1.61944e+07 0.435796 0.726055 0.0629908 8.21581e-05
2.73382e+07 0.666227 0.457606 0.163218 4.86682e-05
4.33105e+07 1 0.487789 0.349238 3.072e-05
4.05593e+07 0.775286 0.396256 0.194714 3.28038e-05
4.91235e+07 0.814424 0.506982 0.108922 2.70848e-05
4.31918e+07 0.788918 0.487789 0.286247 3.08045e-05
4.33105e+07 1 0.487789 0.349238 3.072e-05
5.26305e+07 0.937115 0.455802 0.191269 2.528e-05
2.73382e+07 0.666227 0.457606 0.163218 4.86682e-05
4.31918e+07 0.788918 0.487789 0.286247 3.08045e-05
4.31918e+07 0.788918 0.487789 0.286247 3.08045e-05
4.91235e+07 0.814424 0.506982 0.108922 2.70848e-05
4.37664e+07 0.877309 0.457606 0.226209 3.04e-05
4.05593e+07 0.775286 0.396256 0.194714 3.28038e-05
5.26305e+07 0.937115 0.455802 0.191269 2.528e-05
4.33105e+07 0.890941 0.447436 0.266891 3.072e-05
2.85e+07 0.679859 0.447436 0.2039 4.66842e-05
3.32987e+07 0.726033 0.455802 0.128278 3.99565e-05
2.85e+07 0.679859 0.447436 0.2039 4.66842e-05
4.33105e+07 1 0.487789 0.349238 3.072e-05
4.33105e+07 0.986368 0.396256 0.257705 3.072e-05
2.73382e+07 0.666227 0.457606 0.163218 4.86682e-05
4.33105e+07 1 0.487789 0.349238 3.072e-05
3.32987e+07 0.726033 0.455802 0.128278 3.99565e-05
4.37664e+07 0.877309 0.457606 0.226209 3.04e-05
2.00744e+07 0.544855 0.766409 0.145338 6.62784e-05
4.33105e+07 0.986368 0.396256 0.257705 3.072e-05
4.31918e+07 0.788918 0.487789 0.286247 3.08045e-05
3.32987e+07 0.726033 0.455802 0.128278 3.99565e-05
4.31918e+07 0.788918 0.487789 0.286247 3.08045e-05
4.31918e+07 0.788918 0.487789 0.286247 3.08045e-05
4.31702e+07 0.788918 0.389366 0.208821 3.08198e-05
4.37664e+07 0.877309 0.457606 0.226209 3.04e-05
