1.3456e+07 0.396456 0.6386 0.0565501 8.7366e-05
1.64398e+07 0.506189 0.543953 0.0535738 7.15092e-05
1.43718e+07 0.43505 0.536482 0.175677 8.17988e-05
1.72259e+07 0.528855 0.45255 0.129842 6.8246e-05
1.76417e+07 0.539817 0.605265 0.152983 6.66376e-05
1.3456e+07 0.396456 0.6386 0.0565501 8.7366e-05
1.85501e+07 0.562483 0.513862 0.229251 6.33744e-05
1.70484e+07 0.523888 0.508832 0.0565501 6.89568e-05
1.76417e+07 0.539817 0.605265 0.152983 6.66376e-05
1.66634e+07 0.512926 0.441835 0.0762683 7.055e-05
1.39781e+07 0.419121 0.547197 0.132818 8.41028e-05
8.40913e+06 0.0336279 0.862494 0 0.0001398
1.39781e+07 0.419121 0.547197 0.132818 8.41028e-05
8.2584e+06 0.015929 0.903567 0 0.000142352
1.64302e+07 0.505846 0.597348 0.221066 7.15512e-05
1.76417e+07 0.539817 0.605265 0.152983 6.66376e-05
3.67375e+07 0.897346 0.417429 0.221305 3.2e-05
1.3215e+07 0.385494 0.571603 0.0762683 8.89592e-05
1.76417e+07 0.539817 0.605265 0.152983 6.66376e-05
1.76417e+07 0.539817 0.605265 0.152983 6.66376e-05
1.64398e+07 0.506189 0.543953 0.0535738 7.15092e-05
1.3456e+07 0.396456 0.6386 0.0565501 8.7366e-05
1.76417e+07 0.539817 0.605265 0.152983 6.66376e-05
1.76417e+07 0.539817 0.605265 0.152983 6.66376e-05
4.57995e+07 0.823011 0.621754 0.253002 2.56684e-05
1.64302e+07 0.505846 0.597348 0.221066 7.15512e-05
1.78952e+07 0.546554 0.417429 0.132818 6.56936e-05
1.64398e+07 0.506189 0.543953 0.0535738 7.15092e-05
1.38205e+07 0.412385 0.627885 0.0994092 8.5062e-05
1.38205e+07 0.412385 0.627885 0.0994092 8.5062e-05
1.64398e+07 0.506189 0.543953 0.0535738 7.15092e-05
3.82682e+07 0.872568 0.586633 0.352412 3.072e-05
1.76417e+07 0.539817 0.605265 0.152983 6.66376e-05
1.70484e+07 0.523888 0.508832 0.0565501 6.89568e-05
1.39781e+07 0.419121 0.547197 0.132818 8.41028e-05
3.88243e+07 0.89061 0.507761 0.192717 3.028e-05
1.72259e+07 0.528855 0.45255 0.129842 6.8246e-05
1.39781e+07 0.419121 0.547197 0.132818 8.41028e-05
9.48621e+06 0.143361 0.880947 0.0535738 0.000123927
1.70484e+07 0.523888 0.508832 0.0565501 6.89568e-05
1.76417e+07 0.539817 0.605265 0.152983 6.66376e-05
3.82682e+07 0.943706 0.4966 0.181556 3.072e-05
1.76417e+07 0.539817 0.605265 0.152983 6.66376e-05
1.76417e+07 0.539817 0.605265 0.152983 6.66376e-05
1.76417e+07 0.539817 0.605265 0.152983 6.66376e-05
3.20834e+07 0.747248 0.541096 0.0962841 3.6642e-05
