2.6967e+07 0.733084 0.798751 0.0808451 3.91808e-05
3.11316e+07 0.769094 0.715771 0.0629915 3.39395e-05
1.35421e+07 0.468263 0.697506 0.0448499 7.80227e-05
1.25538e+07 0.42614 0.819322 0.0269963 8.41648e-05
1.31842e+07 0.453647 0.785793 0.0448499 8.01408e-05
2.6967e+07 0.733084 0.798751 0.0808451 3.91808e-05
1.31842e+07 0.453647 0.785793 0.0448499 8.01408e-05
1.67815e+07 0.57148 0.532179 0.116246 6.29618e-05
1.33249e+07 0.459531 0.74214 0.0448499 7.92944e-05
1.53056e+07 0.529679 0.716808 0.0983927 6.90331e-05
1.64663e+07 0.56307 0.639625 0.116246 6.41666e-05
1.34318e+07 0.464426 0.580839 0.128049 7.86631e-05
1.84606e+07 0.610487 0.607861 0.148843 5.72349e-05
9.37103e+06 0.231179 0.808119 0 0.000112751
1.62526e+07 0.557186 0.683278 0.116246 6.50104e-05
1.62526e+07 0.557186 0.683278 0.116246 6.50104e-05
1.62526e+07 0.557186 0.683278 0.116246 6.50104e-05
2.98096e+07 0.758877 0.691669 0.0629915 3.54446e-05
1.64663e+07 0.56307 0.639625 0.116246 6.41666e-05
1.33249e+07 0.459531 0.74214 0.0448499 7.92944e-05
1.54949e+07 0.535563 0.673155 0.0983927 6.81893e-05
3.14829e+07 0.779644 0.597176 0.165497 3.35608e-05
1.62526e+07 0.557186 0.683278 0.116246 6.50104e-05
1.31842e+07 0.453647 0.785793 0.0448499 8.01408e-05
1.25538e+07 0.42614 0.819322 0.0269963 8.41648e-05
1.62526e+07 0.557186 0.683278 0.116246 6.50104e-05
1.66858e+07 0.568953 0.59544 0.116246 6.33229e-05
1.28779e+07 0.440756 0.731035 0.0269963 8.20467e-05
2.75625e+07 0.738967 0.755098 0.0808451 3.83344e-05
1.36906e+07 0.474147 0.653853 0.0448499 7.71764e-05
1.28779e+07 0.440756 0.731035 0.0269963 8.20467e-05
1.62526e+07 0.557186 0.683278 0.116246 6.50104e-05
1.31842e+07 0.453647 0.785793 0.0448499 8.01408e-05
1.38453e+07 0.48003 0.667871 0.073952 7.6314e-05
1.35421e+07 0.468263 0.697506 0.0448499 7.80227e-05
1.31842e+07 0.453647 0.785793 0.0448499 8.01408e-05
1.57892e+07 0.544295 0.628521 0.0983927 6.69186e-05
1.6799e+07 0.571802 0.594991 0.116246 6.28959e-05
9.37103e+06 0.231179 0.808119 0 0.000112751
2.6967e+07 0.733084 0.798751 0.0808451 3.91808e-05
2.6967e+07 0.733084 0.798751 0.0808451 3.91808e-05
1.72483e+07 0.582979 0.641391 0.13099 6.12575e-05
1.62526e+07 0.557186 0.683278 0.116246 6.50104e-05
1.62526e+07 0.557186 0.683278 0.116246 6.50104e-05
1.02304e+07 0.296268 0.615423 0 0.000103279
1.62526e+07 0.557186 0.683278 0.116246 6.50104e-05
