2.62016e+07 0.650937 0.373778 0.101371 4.83845e-05
4.92521e+07 0.953273 0.465185 0.185661 2.574e-05
5.3878e+07 0.879713 0.486552 0.264623 2.353e-05
5.2085e+07 0.959981 0.469025 0.247096 2.434e-05
5.3878e+07 0.992598 0.525379 0.345818 2.353e-05
5.3878e+07 0.865603 0.496648 0.22424 2.353e-05
5.3878e+07 0.992598 0.525379 0.345818 2.353e-05
3.76309e+07 0.757113 0.430678 0.132088 3.36891e-05
5.3878e+07 1 0.535971 0.398779 2.353e-05
4.92521e+07 0.939163 0.45509 0.135183 2.574e-05
2.62617e+07 0.651631 0.5034 0.154332 4.82737e-05
1.72352e+07 0.468656 0.685197 0.122869 7.3556e-05
5.3878e+07 0.865603 0.496648 0.22424 2.353e-05
1.64565e+07 0.443442 0.731587 0.0614347 7.70365e-05
2.57162e+07 0.644229 0.492808 0.101371 4.92977e-05
5.3878e+07 0.992598 0.525379 0.345818 2.353e-05
3.76309e+07 0.757113 0.430678 0.132088 3.36891e-05
5.3878e+07 0.832986 0.521059 0.1659 2.353e-05
4.12972e+07 0.778626 0.532131 0.27591 3.06982e-05
5.3878e+07 1 0.535971 0.398779 2.353e-05
4.92521e+07 0.960675 0.475778 0.238622 2.574e-05
2.62617e+07 0.651631 0.5034 0.154332 4.82737e-05
3.99641e+07 0.771224 0.521539 0.222949 3.17222e-05
3.99641e+07 0.771224 0.521539 0.222949 3.17222e-05
4.92521e+07 0.826278 0.51722 0.104465 2.574e-05
4.92521e+07 0.858894 0.492808 0.162805 2.574e-05
3.76309e+07 0.757113 0.430678 0.132088 3.36891e-05
4.92521e+07 0.953273 0.465185 0.185661 2.574e-05
4.92521e+07 0.880407 0.493304 0.256149 2.574e-05
2.79188e+07 0.67245 0.374275 0.194714 4.54085e-05
3.49805e+07 0.738607 0.465185 0.124227 3.62417e-05
2.67765e+07 0.658339 0.482712 0.141753 4.73457e-05
5.3878e+07 0.985889 0.521539 0.284384 2.353e-05
4.19229e+07 0.978487 0.434518 0.254957 3.024e-05
2.62016e+07 0.650937 0.373778 0.101371 4.83845e-05
5.3878e+07 0.992598 0.525379 0.345818 2.353e-05
3.49805e+07 0.738607 0.465185 0.124227 3.62417e-05
5.3878e+07 0.865603 0.496648 0.22424 2.353e-05
2.09597e+07 0.563035 0.774254 0.204065 6.04851e-05
4.19229e+07 0.978487 0.434518 0.254957 3.024e-05
3.99641e+07 0.771224 0.521539 0.222949 3.17222e-05
3.49805e+07 0.738607 0.465185 0.124227 3.62417e-05
3.99641e+07 0.771224 0.521539 0.222949 3.17222e-05
4.11486e+07 0.777932 0.402509 0.222949 3.08091e-05
4.25632e+07 0.785334 0.443157 0.263597 2.97851e-05
5.3878e+07 0.865603 0.496648 0.22424 2.353e-05
