1.97337e+07 0.510886 0.558451 0.0417769 5.35479e-05
2.69133e+07 0.641519 0.570005 0.128329 3.92631e-05
2.11244e+07 0.543252 0.463133 0.0853129 5.00228e-05
2.69133e+07 0.641519 0.570005 0.128329 3.92631e-05
3.03568e+07 0.682313 0.502777 0.171865 3.48093e-05
1.97337e+07 0.510886 0.558451 0.0417769 5.35479e-05
3.03568e+07 0.682313 0.502777 0.171865 3.48093e-05
3.52421e+07 0.960143 0.426978 0.200324 2.9984e-05
3.11013e+07 0.689805 0.587211 0.256298 3.39761e-05
2.93378e+07 0.671193 0.550202 0.138172 3.60183e-05
5.15967e+07 0.828573 0.505555 0.2151 2.048e-05
1.50718e+07 0.359417 0.567268 0.0642632 7.01111e-05
2.25897e+07 0.572925 0.465097 0.10604 4.6778e-05
1.35806e+07 0.28895 0.632531 0 7.78097e-05
2.25897e+07 0.572925 0.465097 0.10604 4.6778e-05
3.43978e+07 0.744352 0.409424 0.236128 3.072e-05
3.52421e+07 0.960143 0.426978 0.200324 2.9984e-05
1.82228e+07 0.470092 0.71275 0.0417769 5.79877e-05
5.15967e+07 1 0.524934 0.382714 2.048e-05
3.11013e+07 0.689805 0.587211 0.256298 3.39761e-05
3.33766e+07 0.71105 0.561086 0.277025 3.16599e-05
2.00403e+07 0.518378 0.567832 0.0886844 5.27287e-05
3.43978e+07 0.992508 0.4405 0.29828 3.072e-05
3.03568e+07 0.682313 0.502777 0.171865 3.48093e-05
1.82228e+07 0.470092 0.71275 0.0417769 5.79877e-05
2.25897e+07 0.572925 0.465097 0.10604 4.6778e-05
3.34626e+07 0.711986 0.395902 0.138172 3.15786e-05
2.69133e+07 0.641519 0.570005 0.128329 3.92631e-05
2.14822e+07 0.550743 0.547567 0.169746 4.91895e-05
2.14822e+07 0.550743 0.547567 0.169746 4.91895e-05
4.43842e+07 0.889676 0.476777 0.128329 2.3808e-05
2.44308e+07 0.605291 0.36978 0.149576 4.32528e-05
3.43978e+07 0.930469 0.409549 0.171865 3.072e-05
2.75552e+07 0.649947 0.489255 0.0739086 3.83485e-05
3.99872e+07 0.759042 0.465222 0.0417769 2.6426e-05
3.03568e+07 0.682313 0.502777 0.171865 3.48093e-05
3.25207e+07 0.703558 0.476652 0.192592 3.24932e-05
2.25897e+07 0.572925 0.465097 0.10604 4.6778e-05
1.68812e+07 0.428011 0.672176 0.0865516 6.25963e-05
2.75552e+07 0.649947 0.489255 0.0739086 3.83485e-05
3.43978e+07 0.930469 0.409549 0.171865 3.072e-05
3.25207e+07 0.703558 0.476652 0.192592 3.24932e-05
3.43978e+07 0.992508 0.4405 0.29828 3.072e-05
3.43978e+07 0.744352 0.409424 0.236128 3.072e-05
1.70344e+07 0.43322 0.624473 0.182389 6.20334e-05
2.25897e+07 0.572925 0.465097 0.10604 4.6778e-05
