5.98027e+07 0.867076 0.610345 0 2.332e-05
5.98027e+07 0.867076 0.610345 0 2.332e-05
4.95241e+07 0.902398 0.44386 0 2.816e-05
5.98027e+07 0.867076 0.610345 0 2.332e-05
5.98027e+07 0.867076 0.610345 0 2.332e-05
5.98027e+07 0.867076 0.610345 0 2.332e-05
5.98027e+07 0.867076 0.610345 0 2.332e-05
5.41382e+07 0.89961 0.474402 0.0670734 2.576e-05
5.98027e+07 0.883807 0.621125 0.0538983 2.332e-05
5.98027e+07 0.867076 0.610345 0 2.332e-05
5.98027e+07 0.883807 0.621125 0.0538983 2.332e-05
2.02553e+07 0 1 0 6.88512e-05
5.98027e+07 0.867076 0.610345 0 2.332e-05
2.09883e+07 0.0353226 0.833514 0 6.64466e-05
5.98027e+07 0.867076 0.610345 0 2.332e-05
5.98027e+07 0.867076 0.610345 0 2.332e-05
5.98027e+07 0.867076 0.610345 0 2.332e-05
5.98027e+07 0.867076 0.610345 0 2.332e-05
5.98027e+07 0.883807 0.621125 0.0538983 2.332e-05
5.98027e+07 0.883807 0.621125 0.0538983 2.332e-05
5.98027e+07 0.883807 0.621125 0.0538983 2.332e-05
5.41718e+07 0.985127 0.543871 0.330576 2.5744e-05
5.98027e+07 0.867076 0.610345 0 2.332e-05
5.98027e+07 0.867076 0.610345 0 2.332e-05
5.98027e+07 0.867076 0.610345 0 2.332e-05
5.98027e+07 0.867076 0.610345 0 2.332e-05
4.89677e+07 0.900539 0.416312 0 2.848e-05
4.95241e+07 0.902398 0.44386 0 2.816e-05
5.98027e+07 0.883807 0.621125 0.0538983 2.332e-05
4.95241e+07 0.91913 0.454639 0.0538983 2.816e-05
4.95241e+07 0.902398 0.44386 0 2.816e-05
5.98027e+07 0.867076 0.610345 0 2.332e-05
5.98027e+07 0.867076 0.610345 0 2.332e-05
4.35812e+07 0.935862 0.379182 0.0646779 3.2e-05
4.95241e+07 0.902398 0.44386 0 2.816e-05
5.98027e+07 0.867076 0.610345 0 2.332e-05
4.95241e+07 0.902398 0.44386 0 2.816e-05
4.95241e+07 0.902398 0.44386 0 2.816e-05
2.09883e+07 0.0353226 0.833514 0 6.64466e-05
5.98027e+07 0.867076 0.610345 0 2.332e-05
5.98027e+07 0.867076 0.610345 0 2.332e-05
5.98027e+07 0.867076 0.610345 0 2.332e-05
5.98027e+07 0.867076 0.610345 0 2.332e-05
5.98027e+07 0.867076 0.610345 0 2.332e-05
5.98027e+07 0.883807 0.621125 0.0538983 2.332e-05
5.45618e+07 0.881948 0.524108 0 2.556e-05
