1.90726e+07 0.465568 0.703304 0.0482194 6.23576e-05
2.56983e+07 0.603437 0.748095 0.0269403 4.62801e-05
2.96182e+07 0.712464 0.474111 0.109532 4.0155e-05
2.70783e+07 0.623848 0.641776 0.0585858 4.39215e-05
3.97566e+07 0.767548 0.580492 0.0798648 2.9915e-05
2.83999e+07 0.641266 0.703304 0.0798648 4.18776e-05
2.96153e+07 0.656186 0.595007 0.0798648 4.0159e-05
2.1133e+07 0.517725 0.70155 0.0907776 5.6278e-05
2.83999e+07 0.641266 0.703304 0.0798648 4.18776e-05
3.14286e+07 0.676005 0.641625 0.101946 3.78419e-05
2.18041e+07 0.532646 0.658147 0.123225 5.45457e-05
2.06929e+07 0.507458 0.706428 0.0954826 5.74748e-05
3.55664e+07 0.713833 0.596834 0.15487 3.34394e-05
1.91576e+07 0.46826 0.634056 0 6.20808e-05
2.80091e+07 0.636252 0.69597 0.192693 4.2462e-05
3.38146e+07 0.698913 0.640237 0.122423 3.51717e-05
2.18041e+07 0.532646 0.658147 0.123225 5.45457e-05
2.70783e+07 0.623848 0.641776 0.0585858 4.39215e-05
2.1133e+07 0.517725 0.70155 0.0907776 5.6278e-05
2.83999e+07 0.641266 0.703304 0.0798648 4.18776e-05
3.00529e+07 0.661085 0.685029 0.0694985 3.95743e-05
2.1056e+07 0.516356 0.584386 0.0482194 5.64836e-05
2.1133e+07 0.517725 0.70155 0.0907776 5.6278e-05
1.8883e+07 0.460078 0.764617 0.0482194 6.29838e-05
3.66194e+07 0.721964 0.677621 0.0964088 3.24779e-05
3.87148e+07 0.938231 0.580947 0.228232 3.072e-05
2.18041e+07 0.532646 0.658147 0.123225 5.45457e-05
2.98959e+07 0.659715 0.567864 0.0269403 3.9782e-05
2.79724e+07 0.635775 0.701326 0.0482194 4.25176e-05
2.12973e+07 0.521846 0.582408 0.077887 5.58436e-05
1.97417e+07 0.484018 0.631155 0.0269403 6.0244e-05
2.80091e+07 0.636252 0.69597 0.192693 4.2462e-05
2.79724e+07 0.635775 0.701326 0.0482194 4.25176e-05
3.36312e+07 0.697543 0.582408 0.109532 3.53636e-05
2.1971e+07 0.536767 0.474111 0.077887 5.41314e-05
2.83999e+07 0.641266 0.703304 0.0798648 4.18776e-05
3.20717e+07 0.682868 0.584206 0.193112 3.70832e-05
2.96182e+07 0.770111 0.475939 0.184538 4.0155e-05
2.54608e+07 0.600033 0.683811 0.11694 4.67118e-05
2.83999e+07 0.641266 0.703304 0.0798648 4.18776e-05
1.8883e+07 0.460078 0.764617 0.0482194 6.29838e-05
2.47927e+07 0.588994 0.705521 0.0986562 4.79706e-05
2.1133e+07 0.517725 0.70155 0.0907776 5.6278e-05
2.13708e+07 0.523216 0.640237 0.0907776 5.56517e-05
1.71345e+07 0.40498 0.729288 0.0316454 6.9411e-05
3.38146e+07 0.698913 0.640237 0.122423 3.51717e-05
