1.7592e+07 0.553521 0.543724 0.0748437 6.64955e-05
4.89589e+07 0.859382 0.618091 0.13968 2.38933e-05
3.42712e+07 0.790392 0.510441 0.0786588 3.41333e-05
4.89589e+07 0.859382 0.618091 0.13968 2.38933e-05
4.89589e+07 0.859382 0.618091 0.13968 2.38933e-05
4.26524e+07 0.832922 0.58108 0.111776 2.74261e-05
4.89589e+07 0.859382 0.618091 0.13968 2.38933e-05
2.21942e+07 0.646043 0.610507 0.0555566 5.27069e-05
4.89589e+07 0.859382 0.618091 0.13968 2.38933e-05
3.28426e+07 0.858865 0.497115 0.14415 3.56181e-05
1.71191e+07 0.540894 0.657116 0.0324543 6.83326e-05
1.31176e+07 0.400391 0.866447 0.0462044 8.91774e-05
3.03304e+07 0.741089 0.657116 0.0786588 3.85683e-05
1.46168e+07 0.46232 0.614859 0.0928329 8.00303e-05
2.21443e+07 0.645353 0.622409 0.185321 5.28258e-05
4.89589e+07 0.859382 0.618091 0.13968 2.38933e-05
2.21942e+07 0.646043 0.610507 0.0555566 5.27069e-05
3.18473e+07 0.753716 0.543724 0.121048 3.67312e-05
2.30488e+07 0.659186 0.618091 0.0934752 5.07528e-05
4.89589e+07 0.859382 0.618091 0.13968 2.38933e-05
4.89589e+07 0.859382 0.618091 0.13968 2.38933e-05
1.85743e+07 0.577053 0.578695 0.0324543 6.29789e-05
2.30488e+07 0.659186 0.618091 0.0934752 5.07528e-05
3.31885e+07 0.763646 0.583384 0.246342 3.52468e-05
3.03304e+07 0.741089 0.657116 0.0786588 3.85683e-05
3.03304e+07 0.741089 0.657116 0.0786588 3.85683e-05
2.21942e+07 0.646043 0.610507 0.0555566 5.27069e-05
3.80791e+07 1 0.598221 0.339175 3.072e-05
3.19361e+07 0.754233 0.588862 0.0786588 3.6629e-05
1.91644e+07 0.590197 0.510441 0.0324543 6.10396e-05
2.68718e+07 0.707972 0.519535 0.182493 4.35323e-05
1.76191e+07 0.554038 0.588862 0.0324543 6.63933e-05
4.89589e+07 0.859382 0.618091 0.13968 2.38933e-05
3.42712e+07 0.882397 0.532087 0.101761 3.41333e-05
1.85743e+07 0.577053 0.578695 0.0324543 6.29789e-05
4.89589e+07 0.859382 0.618091 0.13968 2.38933e-05
2.57668e+07 0.695345 0.53967 0.0934752 4.53991e-05
3.52192e+07 0.777248 0.578695 0.0786588 3.32146e-05
1.76588e+07 0.554842 0.749001 0.107225 6.6244e-05
4.72503e+07 0.846238 0.610507 0.101761 2.47573e-05
2.30488e+07 0.659186 0.618091 0.0934752 5.07528e-05
2.30488e+07 0.659186 0.618091 0.0934752 5.07528e-05
2.3914e+07 0.671813 0.504699 0.135865 4.89165e-05
2.30488e+07 0.659186 0.618091 0.0934752 5.07528e-05
2.3042e+07 0.659186 0.548122 0.0379186 5.07677e-05
3.03304e+07 0.741089 0.657116 0.0786588 3.85683e-05
