2.07891e+07 0.682781 0.624381 0.0925612 5.64013e-05
3.56609e+07 0.955857 0.515723 0.190141 3.288e-05
2.12718e+07 0.689991 0.607858 0.138013 5.51213e-05
2.88285e+07 0.771463 0.560749 0.121205 4.06726e-05
3.19517e+07 0.793814 0.589866 0.180625 3.6697e-05
4.74915e+07 0.861407 0.639532 0.206949 2.46893e-05
3.19517e+07 0.793814 0.589866 0.180625 3.6697e-05
1.68175e+07 0.607798 0.581344 0.0925612 6.9721e-05
3.38496e+07 0.805404 0.606272 0.257325 3.46394e-05
2.79174e+07 0.764073 0.52041 0.124046 4.2e-05
1.36202e+07 0.515564 0.632785 0.135172 8.60877e-05
1.04538e+07 0.368428 0.82411 0.0681781 0.000112163
2.04238e+07 0.677013 0.684558 0.138013 5.74099e-05
1.03894e+07 0.364642 0.759862 0.0909041 0.000112858
1.33046e+07 0.503974 0.684558 0.0925612 8.81299e-05
3.19517e+07 0.793814 0.589866 0.180625 3.6697e-05
1.68175e+07 0.607798 0.581344 0.0925612 6.9721e-05
3.95364e+07 0.833469 0.595264 0.0785942 2.9657e-05
1.79397e+07 0.632365 0.606272 0.211873 6.53594e-05
3.38496e+07 0.805404 0.606272 0.257325 3.46394e-05
3.03646e+07 0.783053 0.577154 0.197906 3.8615e-05
2.23071e+07 0.704573 0.505425 0.16197 5.25632e-05
1.73922e+07 0.620775 0.589866 0.135172 6.7417e-05
1.73922e+07 0.620775 0.589866 0.135172 6.7417e-05
1.91011e+07 0.654662 0.65544 0.0785942 6.13856e-05
2.04238e+07 0.677013 0.684558 0.138013 5.74099e-05
1.72582e+07 0.618 0.460565 0.0925612 6.79405e-05
2.88285e+07 0.771463 0.560749 0.121205 4.06726e-05
3.96983e+07 0.885975 0.579237 0.283649 2.9536e-05
1.39947e+07 0.528542 0.624263 0.169262 8.37837e-05
1.64237e+07 0.598425 0.560749 0.0757534 7.13926e-05
1.36593e+07 0.516952 0.607858 0.0925612 8.58413e-05
3.19517e+07 0.793814 0.589866 0.180625 3.6697e-05
3.15023e+07 0.791038 0.460565 0.138013 3.72205e-05
1.33046e+07 0.503974 0.684558 0.0925612 8.81299e-05
3.19517e+07 0.793814 0.589866 0.180625 3.6697e-05
1.64237e+07 0.598425 0.560749 0.0757534 7.13926e-05
2.04238e+07 0.677013 0.684558 0.138013 5.74099e-05
1.22893e+07 0.462878 0.773687 0.0880633 9.54106e-05
3.81683e+07 0.959642 0.521167 0.138013 3.072e-05
3.28547e+07 0.799582 0.52969 0.135172 3.56883e-05
1.64237e+07 0.598425 0.560749 0.0757534 7.13926e-05
1.73922e+07 0.620775 0.589866 0.135172 6.7417e-05
1.73922e+07 0.620775 0.589866 0.135172 6.7417e-05
1.79355e+07 0.632365 0.535253 0.156005 6.53747e-05
2.04238e+07 0.677013 0.684558 0.138013 5.74099e-05
