1.72587e+07 0.620728 0.543797 0.160231 7.16595e-05
1.94083e+07 0.662878 0.490726 0.0662157 6.37229e-05
1.45343e+07 0.549487 0.558997 0.143648 8.50918e-05
1.94083e+07 0.662878 0.490726 0.0662157 6.37229e-05
2.40938e+07 0.728607 0.443011 0.178195 5.13306e-05
1.42136e+07 0.53931 0.565907 0.11601 8.70118e-05
2.40938e+07 0.728607 0.443011 0.178195 5.13306e-05
3.06734e+07 0.908405 0.519015 0.295472 4.032e-05
2.40938e+07 0.728607 0.443011 0.178195 5.13306e-05
2.11557e+07 0.690696 0.560097 0.149221 5.84595e-05
2.41686e+07 0.729285 0.57991 0.233379 5.11718e-05
1.1451e+07 0.428038 0.554783 0.120133 0.000108004
1.54896e+07 0.577305 0.559274 0.192106 7.98438e-05
9.84448e+06 0.334492 0.682832 0 0.000125629
1.54896e+07 0.577305 0.559274 0.192106 7.98438e-05
2.80142e+07 0.766602 0.519291 0.295748 4.41472e-05
3.06734e+07 0.908405 0.519015 0.295472 4.032e-05
1.24436e+07 0.473582 0.668898 0.0316684 9.93888e-05
4.02588e+07 0.918582 0.5812 0.357657 3.072e-05
2.40938e+07 0.728607 0.443011 0.178195 5.13306e-05
2.18741e+07 0.700874 0.567007 0.183769 5.65395e-05
1.42136e+07 0.53931 0.565907 0.11601 8.70118e-05
4.02588e+07 1 0.55909 0.401878 3.072e-05
2.40938e+07 0.728607 0.443011 0.178195 5.13306e-05
1.24436e+07 0.473582 0.668898 0.0316684 9.93888e-05
1.54896e+07 0.577305 0.559274 0.192106 7.98438e-05
2.68377e+07 0.756424 0.457106 0.233563 4.60826e-05
1.94083e+07 0.662878 0.490726 0.0662157 6.37229e-05
1.45343e+07 0.549487 0.558997 0.143648 8.50918e-05
1.77338e+07 0.630905 0.536887 0.187868 6.97395e-05
3.52844e+07 0.814859 0.47009 0.086852 3.50509e-05
1.58713e+07 0.587482 0.552364 0.219744 7.79238e-05
2.95026e+07 0.880587 0.422374 0.198831 4.192e-05
2.32184e+07 0.718429 0.380825 0.11601 5.32659e-05
2.87597e+07 0.772708 0.481888 0.160231 4.30029e-05
2.40938e+07 0.728607 0.443011 0.178195 5.13306e-05
2.18741e+07 0.700874 0.567007 0.183769 5.65395e-05
1.54896e+07 0.577305 0.559274 0.192106 7.98438e-05
1.34623e+07 0.513612 0.566845 0.0345473 9.18675e-05
2.95026e+07 0.799847 0.358715 0.160231 4.192e-05
2.95026e+07 0.962005 0.400264 0.243052 4.192e-05
2.18741e+07 0.700874 0.567007 0.183769 5.65395e-05
4.02588e+07 0.918582 0.5812 0.357657 3.072e-05
3.26423e+07 0.84802 0.497181 0.339969 3.7888e-05
1.09941e+07 0.404291 0.546583 0.10249 0.000112492
1.54896e+07 0.577305 0.559274 0.192106 7.98438e-05
