2.23238e+07 0.653193 0.534158 0.143839 4.52822e-05
3.06408e+07 0.747573 0.430029 0.070847 3.2991e-05
2.27444e+07 0.659562 0.532466 0.125202 4.44449e-05
3.06408e+07 0.747573 0.430029 0.070847 3.2991e-05
3.30493e+07 0.779792 0.473523 0.154566 3.05867e-05
3.0483e+07 0.746263 0.449497 0.132723 3.31617e-05
3.30493e+07 0.779792 0.473523 0.154566 3.05867e-05
3.32266e+07 0.767219 0.481568 0.122386 3.04235e-05
3.30493e+07 0.779792 0.473523 0.154566 3.05867e-05
2.98955e+07 0.741205 0.496082 0.121665 3.38134e-05
2.19357e+07 0.646989 0.540511 0.0930212 4.60833e-05
1.05011e+07 0.261677 0.706254 0 9.62635e-05
2.19357e+07 0.646989 0.540511 0.0930212 4.60833e-05
1.03119e+07 0.248236 0.649805 0 9.80299e-05
3.12521e+07 0.752468 0.506667 0.215302 3.23457e-05
3.30493e+07 0.779792 0.473523 0.154566 3.05867e-05
3.32266e+07 0.767219 0.481568 0.122386 3.04235e-05
2.04327e+07 0.620975 0.555025 0.0923004 4.94731e-05
3.30493e+07 0.779792 0.473523 0.154566 3.05867e-05
3.30493e+07 0.779792 0.473523 0.154566 3.05867e-05
3.06408e+07 0.747573 0.430029 0.070847 3.2991e-05
2.19357e+07 0.646989 0.540511 0.0930212 4.60833e-05
3.30493e+07 0.779792 0.473523 0.154566 3.05867e-05
4.29499e+07 1 0.557137 0.394305 2.3536e-05
2.01071e+07 0.61477 0.561378 0.0414824 5.02742e-05
2.19357e+07 0.646989 0.540511 0.0930212 4.60833e-05
3.32266e+07 0.767219 0.481568 0.122386 3.04235e-05
3.29059e+07 0.853052 0.396185 0.193128 3.072e-05
2.27444e+07 0.659562 0.532466 0.125202 4.44449e-05
2.27444e+07 0.659562 0.532466 0.125202 4.44449e-05
3.14033e+07 0.753778 0.423677 0.121665 3.219e-05
2.27444e+07 0.659562 0.532466 0.125202 4.44449e-05
3.30493e+07 0.779792 0.473523 0.154566 3.05867e-05
3.32266e+07 0.767219 0.481568 0.122386 3.04235e-05
2.19357e+07 0.646989 0.540511 0.0930212 4.60833e-05
3.30493e+07 0.779792 0.473523 0.154566 3.05867e-05
3.06408e+07 0.747573 0.430029 0.070847 3.2991e-05
2.19357e+07 0.646989 0.540511 0.0930212 4.60833e-05
1.21563e+07 0.362261 0.69885 0.0293645 8.31563e-05
3.32266e+07 0.767219 0.481568 0.122386 3.04235e-05
3.30493e+07 0.779792 0.473523 0.154566 3.05867e-05
3.06408e+07 0.747573 0.430029 0.070847 3.2991e-05
3.5388e+07 0.785996 0.46717 0.205384 2.85653e-05
3.30493e+07 0.779792 0.473523 0.154566 3.05867e-05
1.72283e+07 0.550333 0.50163 0.0837191 5.8675e-05
2.19357e+07 0.646989 0.540511 0.0930212 4.60833e-05
