2.84708e+07 0.748266 0.600841 0.0599045 3.97207e-05
3.14278e+07 0.81977 0.580301 0.0440872 3.59834e-05
2.72064e+07 0.758535 0.523546 0.0599045 4.15667e-05
2.50145e+07 0.870537 0.431492 0.0672627 4.52089e-05
3.14278e+07 0.84924 0.566023 0.0778159 3.59834e-05
2.84708e+07 0.748266 0.600841 0.0599045 3.97207e-05
2.57455e+07 0.859509 0.488728 0.0778159 4.39253e-05
3.3338e+07 0.936035 0.59697 0.206107 3.39217e-05
3.14278e+07 0.84924 0.566023 0.0778159 3.59834e-05
3.23396e+07 0.916834 0.585776 0.198291 3.49689e-05
2.78024e+07 0.84533 0.548533 0.185216 4.06756e-05
1.04362e+07 0.311885 0.660526 0.0358226 0.000108361
2.78024e+07 0.84533 0.548533 0.185216 4.06756e-05
9.40437e+06 0.236118 0.778388 0 0.000120251
2.78024e+07 0.84533 0.548533 0.185216 4.06756e-05
3.3338e+07 0.936035 0.59697 0.206107 3.39217e-05
2.78024e+07 0.946304 0.571498 0.232019 4.06756e-05
2.64491e+07 0.729065 0.537824 0.0261758 4.27569e-05
3.3338e+07 0.936035 0.59697 0.206107 3.39217e-05
3.14278e+07 0.84924 0.566023 0.0778159 3.59834e-05
3.3338e+07 0.906565 0.611247 0.172379 3.39217e-05
2.78108e+07 0.761464 0.541744 0.0840732 4.06633e-05
3.3338e+07 0.936035 0.59697 0.206107 3.39217e-05
3.14278e+07 0.84924 0.566023 0.0778159 3.59834e-05
2.64491e+07 0.729065 0.537824 0.0261758 4.27569e-05
2.78024e+07 0.84533 0.548533 0.185216 4.06756e-05
2.76094e+07 1 0.487239 0.302539 4.096e-05
3.14278e+07 0.81977 0.580301 0.0440872 3.59834e-05
2.84708e+07 0.748266 0.600841 0.0599045 3.97207e-05
2.84708e+07 0.748266 0.600841 0.0599045 3.97207e-05
2.51487e+07 0.860268 0.462437 0.0440872 4.49678e-05
2.78024e+07 0.84533 0.548533 0.185216 4.06756e-05
2.51487e+07 0.889738 0.448159 0.0778159 4.49678e-05
2.77128e+07 0.862438 0.506926 0.101985 4.08071e-05
2.72064e+07 0.758535 0.523546 0.0599045 4.15667e-05
3.14278e+07 0.84924 0.566023 0.0778159 3.59834e-05
3.23396e+07 0.916834 0.585776 0.198291 3.49689e-05
2.78024e+07 0.84533 0.548533 0.185216 4.06756e-05
1.08351e+07 0.337092 0.74357 0.0179114 0.000104372
3.14278e+07 0.84924 0.566023 0.0778159 3.59834e-05
3.14278e+07 0.84924 0.566023 0.0778159 3.59834e-05
3.3338e+07 0.906565 0.611247 0.172379 3.39217e-05
3.3338e+07 0.936035 0.59697 0.206107 3.39217e-05
3.3338e+07 0.936035 0.59697 0.206107 3.39217e-05
2.07076e+07 0.653619 0.581596 0.0337287 5.46119e-05
3.24686e+07 0.835061 0.574004 0.159304 3.483e-05
