9.71157e+06 0.313772 0.726559 0.074911 0.000128375
1.57938e+07 0.57826 0.585101 0.0458432 7.89371e-05
1.75454e+07 0.620517 0.474467 0.16119 7.10568e-05
1.61431e+07 0.587433 0.542123 0.0862794 7.72291e-05
1.67746e+07 0.602902 0.623042 0.120754 7.43219e-05
1.67746e+07 0.602902 0.623042 0.120754 7.43219e-05
1.71692e+07 0.612074 0.580064 0.16119 7.26139e-05
9.71157e+06 0.313772 0.726559 0.074911 0.000128375
1.67746e+07 0.602902 0.623042 0.120754 7.43219e-05
1.61431e+07 0.587433 0.542123 0.0862794 7.72291e-05
9.84253e+06 0.322944 0.683581 0.115347 0.000126667
1.21065e+07 0.449576 0.696982 0.0687647 0.000102979
1.71692e+07 0.612074 0.580064 0.16119 7.26139e-05
1.1759e+07 0.433376 0.657424 0.0458432 0.000106023
1.08979e+07 0.388656 0.548639 0.115347 0.0001144
1.67746e+07 0.602902 0.623042 0.120754 7.43219e-05
1.76711e+07 0.623026 0.683581 0.210315 7.05515e-05
1.61431e+07 0.587433 0.542123 0.0862794 7.72291e-05
9.71157e+06 0.313772 0.726559 0.074911 0.000128375
1.67746e+07 0.602902 0.623042 0.120754 7.43219e-05
1.57938e+07 0.57826 0.585101 0.0458432 7.89371e-05
9.83081e+06 0.322214 0.620962 0.074911 0.000126818
9.71157e+06 0.313772 0.726559 0.074911 0.000128375
9.71157e+06 0.313772 0.726559 0.074911 0.000128375
6.0875e+07 0.966916 0.659042 0.423402 2.048e-05
2.0664e+07 0.677786 0.548639 0.212949 6.03331e-05
9.84253e+06 0.322944 0.683581 0.115347 0.000126667
1.61117e+07 0.586703 0.479505 0.0458432 7.738e-05
1.67746e+07 0.602902 0.623042 0.120754 7.43219e-05
9.83081e+06 0.322214 0.620962 0.074911 0.000126818
9.48561e+06 0.297572 0.583021 0 0.000131433
2.13953e+07 0.688738 0.645686 0.258838 5.82707e-05
1.67746e+07 0.602902 0.623042 0.120754 7.43219e-05
1.71336e+07 0.611344 0.517445 0.120754 7.27648e-05
9.96502e+06 0.331386 0.577984 0.115347 0.00012511
4.73966e+07 0.902984 0.530154 0.169278 2.6304e-05
9.6105e+06 0.306745 0.540043 0.0404362 0.000129725
1.75454e+07 0.620517 0.474467 0.16119 7.10568e-05
1.1759e+07 0.433376 0.657424 0.0458432 0.000106023
1.67746e+07 0.602902 0.623042 0.120754 7.43219e-05
9.71157e+06 0.313772 0.726559 0.074911 0.000128375
1.92966e+07 0.654924 0.557835 0.097047 6.46083e-05
9.71157e+06 0.313772 0.726559 0.074911 0.000128375
9.71157e+06 0.313772 0.726559 0.074911 0.000128375
1.25026e+07 0.467099 0.618975 0.0519895 9.97171e-05
4.73966e+07 0.902984 0.530154 0.169278 2.6304e-05
