5.13982e+07 0.953936 0.577049 0.227645 2.2872e-05
4.70744e+07 0.783542 0.492 0.037026 2.49728e-05
3.82676e+07 0.851776 0.362935 0.16713 3.072e-05
3.78438e+07 0.792295 0.38165 0.037026 3.1064e-05
3.82676e+07 0.830245 0.416785 0.113735 3.072e-05
4.844e+07 0.81389 0.491617 0.113735 2.42688e-05
3.82676e+07 0.830245 0.416785 0.113735 3.072e-05
5.62909e+07 0.805137 0.601967 0.113735 2.0884e-05
4.844e+07 0.838423 0.491617 0.188566 2.42688e-05
5.02562e+07 0.767186 0.566832 0.037026 2.33917e-05
5.62909e+07 0.813315 0.610282 0.155308 2.0884e-05
1.74196e+07 0.326795 0.664291 0.0284775 6.74859e-05
4.844e+07 0.81389 0.491617 0.113735 2.42688e-05
1.71887e+07 0.317979 0.600496 0 6.83928e-05
5.62909e+07 0.805137 0.601967 0.113735 2.0884e-05
3.82676e+07 0.830245 0.416785 0.113735 3.072e-05
5.62909e+07 0.805137 0.601967 0.113735 2.0884e-05
4.70744e+07 0.775939 0.456481 0.037026 2.49728e-05
5.62909e+07 0.82967 0.601967 0.188566 2.0884e-05
4.844e+07 0.838423 0.491617 0.188566 2.42688e-05
5.13982e+07 0.79172 0.566832 0.111857 2.2872e-05
4.1001e+07 0.834845 0.449641 0.155308 2.8672e-05
4.70744e+07 0.961538 0.498658 0.17069 2.49728e-05
5.13982e+07 0.821492 0.527136 0.113735 2.2872e-05
5.02562e+07 0.767186 0.566832 0.037026 2.33917e-05
5.62909e+07 0.805137 0.601967 0.113735 2.0884e-05
5.62909e+07 0.805137 0.601967 0.113735 2.0884e-05
3.63282e+07 0.805073 0.331359 0.037026 3.236e-05
5.62909e+07 0.82967 0.601967 0.188566 2.0884e-05
5.13982e+07 1 0.523199 0.355872 2.2872e-05
3.63282e+07 0.805073 0.331359 0.037026 3.236e-05
5.13982e+07 0.821492 0.527136 0.113735 2.2872e-05
5.13982e+07 0.821492 0.527136 0.113735 2.2872e-05
3.82676e+07 0.83542 0.437767 0.16713 3.072e-05
5.13982e+07 0.975466 0.523199 0.28104 2.2872e-05
3.82676e+07 0.830245 0.416785 0.113735 3.072e-05
3.63282e+07 0.805073 0.331359 0.037026 3.236e-05
3.82676e+07 0.83542 0.437767 0.16713 3.072e-05
1.74119e+07 0.326731 0.596936 0.0533954 6.7516e-05
5.13982e+07 0.953936 0.577049 0.227645 2.2872e-05
4.70744e+07 0.961538 0.498658 0.17069 2.49728e-05
4.70744e+07 0.783542 0.492 0.037026 2.49728e-05
5.13982e+07 0.821492 0.527136 0.113735 2.2872e-05
4.87874e+07 0.970291 0.502218 0.227645 2.4096e-05
2.65246e+07 0.558331 0.524641 0.123063 4.43204e-05
4.844e+07 0.81389 0.491617 0.113735 2.42688e-05
