4.54723e+07 0.934223 0.493016 0.231646 3.072e-05
3.49787e+07 0.93404 0.35383 0.0856892 3.9936e-05
4.54723e+07 0.926914 0.499787 0.177482 3.072e-05
4.0049e+07 0.868262 0.428093 0.0380841 3.488e-05
4.54723e+07 0.926914 0.499787 0.177482 3.072e-05
4.54723e+07 0.926914 0.499787 0.177482 3.072e-05
4.54723e+07 0.926914 0.499787 0.177482 3.072e-05
4.54723e+07 0.926914 0.499787 0.177482 3.072e-05
4.54723e+07 0.926914 0.499787 0.177482 3.072e-05
4.10895e+07 0.875571 0.421323 0.0922481 3.39968e-05
4.54723e+07 0.926914 0.499787 0.177482 3.072e-05
2.45761e+07 0.595103 0.510736 0.102108 5.68402e-05
4.54723e+07 0.926914 0.499787 0.177482 3.072e-05
1.90744e+07 0.477983 0.568 0 7.32349e-05
4.54723e+07 0.934223 0.493016 0.231646 3.072e-05
4.54723e+07 0.926914 0.499787 0.177482 3.072e-05
4.54723e+07 0.926914 0.499787 0.177482 3.072e-05
4.10895e+07 0.875571 0.421323 0.0922481 3.39968e-05
4.54723e+07 0.926914 0.499787 0.177482 3.072e-05
4.54723e+07 0.926914 0.499787 0.177482 3.072e-05
4.0049e+07 0.868262 0.428093 0.0380841 3.488e-05
4.54723e+07 0.926914 0.499787 0.177482 3.072e-05
4.54723e+07 0.926914 0.499787 0.177482 3.072e-05
4.54723e+07 0.934223 0.493016 0.231646 3.072e-05
4.0049e+07 0.868262 0.428093 0.0380841 3.488e-05
4.54723e+07 0.926914 0.499787 0.177482 3.072e-05
4.54723e+07 0.926914 0.499787 0.177482 3.072e-05
4.10895e+07 0.875571 0.421323 0.0922481 3.39968e-05
4.54723e+07 0.926914 0.499787 0.177482 3.072e-05
4.54723e+07 0.926914 0.499787 0.177482 3.072e-05
4.10895e+07 0.875571 0.421323 0.0922481 3.39968e-05
4.54723e+07 0.926914 0.499787 0.177482 3.072e-05
4.54723e+07 0.926914 0.499787 0.177482 3.072e-05
4.54723e+07 0.926914 0.499787 0.177482 3.072e-05
4.54723e+07 0.926914 0.499787 0.177482 3.072e-05
4.54723e+07 0.926914 0.499787 0.177482 3.072e-05
4.0049e+07 0.868262 0.428093 0.0380841 3.488e-05
4.54723e+07 0.926914 0.499787 0.177482 3.072e-05
1.8818e+07 0.470674 0.683098 0 7.42328e-05
4.54723e+07 0.926914 0.499787 0.177482 3.072e-05
4.54723e+07 0.926914 0.499787 0.177482 3.072e-05
4.0049e+07 0.868262 0.428093 0.0380841 3.488e-05
4.54723e+07 0.934223 0.493016 0.231646 3.072e-05
4.54723e+07 0.926914 0.499787 0.177482 3.072e-05
1.83159e+07 0.45624 0.631515 0.0848958 7.62675e-05
4.54723e+07 0.926914 0.499787 0.177482 3.072e-05
