1.96428e+07 0.462545 0.709788 0.029109 5.61563e-05
2.64845e+07 0.601533 0.70452 0.0668075 4.16496e-05
2.12686e+07 0.503934 0.577776 0.029109 5.18639e-05
3.08278e+07 0.657946 0.595528 0.0969664 3.57817e-05
2.64845e+07 0.601533 0.70452 0.0668075 4.16496e-05
2.38607e+07 0.557588 0.722882 0.0586953 4.62297e-05
2.64845e+07 0.601533 0.70452 0.0668075 4.16496e-05
4.975e+07 0.788146 0.678045 0.0480442 2.21723e-05
2.64845e+07 0.601533 0.70452 0.0668075 4.16496e-05
2.58368e+07 0.591722 0.616506 0.029109 4.26937e-05
3.09432e+07 0.658968 0.733457 0.029109 3.56483e-05
1.42138e+07 0.25672 0.862319 0 7.76055e-05
1.94211e+07 0.456208 0.790262 0.029109 5.67976e-05
1.66752e+07 0.367195 0.498237 0.0490941 6.61505e-05
2.42034e+07 0.563924 0.689746 0.0823642 4.5575e-05
2.64845e+07 0.601533 0.70452 0.0668075 4.16496e-05
4.975e+07 0.788146 0.678045 0.0480442 2.21723e-05
1.96428e+07 0.462545 0.709788 0.029109 5.61563e-05
5.38426e+07 0.804293 0.685584 0.0857427 2.04869e-05
2.64845e+07 0.601533 0.70452 0.0668075 4.16496e-05
2.64845e+07 0.601533 0.70452 0.0668075 4.16496e-05
2.06048e+07 0.487787 0.645633 0.029109 5.35346e-05
5.38426e+07 0.804293 0.685584 0.0857427 2.04869e-05
3.62529e+07 0.709249 0.604003 0.120063 3.04271e-05
1.94211e+07 0.456208 0.790262 0.029109 5.67976e-05
1.94211e+07 0.456208 0.790262 0.029109 5.67976e-05
2.94305e+07 0.641799 0.52767 0.029109 3.74804e-05
3.59072e+07 0.740828 0.497244 0.138998 3.072e-05
2.00101e+07 0.472355 0.722405 0.029109 5.51256e-05
2.12686e+07 0.503934 0.577776 0.029109 5.18639e-05
3.59072e+07 0.898621 0.4651 0.172707 3.072e-05
2.00101e+07 0.472355 0.722405 0.029109 5.51256e-05
3.83721e+07 0.860706 0.576593 0.115902 2.87467e-05
2.75259e+07 0.616965 0.552351 0.029109 4.00738e-05
3.40596e+07 0.690547 0.588828 0.029109 3.23865e-05
2.64845e+07 0.601533 0.70452 0.0668075 4.16496e-05
2.87344e+07 0.633112 0.559891 0.0668075 3.83885e-05
2.06048e+07 0.487787 0.645633 0.029109 5.35346e-05
2.06842e+07 0.490036 0.522956 0.0678573 5.33291e-05
2.54545e+07 0.585386 0.69698 0.029109 4.3335e-05
5.38426e+07 0.804293 0.685584 0.0857427 2.04869e-05
2.64845e+07 0.601533 0.70452 0.0668075 4.16496e-05
5.56199e+07 0.810629 0.680851 0.123613 1.98323e-05
2.64845e+07 0.601533 0.70452 0.0668075 4.16496e-05
1.61218e+07 0.344813 0.783982 0.0376985 6.84209e-05
1.94211e+07 0.456208 0.790262 0.029109 5.67976e-05
