1.58746e+07 0.528142 0.561506 0.0982363 7.56279e-05
1.46497e+07 0.488647 0.568437 0.0296554 8.19511e-05
1.65978e+07 0.548769 0.511916 0.1626 7.23324e-05
1.49521e+07 0.499041 0.525876 0.0659009 8.0294e-05
1.62261e+07 0.538375 0.554477 0.126354 7.39895e-05
1.58746e+07 0.528142 0.561506 0.0982363 7.56279e-05
1.65978e+07 0.548769 0.511916 0.1626 7.23324e-05
1.7416e+07 0.570035 0.491442 0.145334 6.89345e-05
1.62261e+07 0.538375 0.554477 0.126354 7.39895e-05
1.59625e+07 0.5307 0.591019 0.148969 7.52115e-05
1.78486e+07 0.580429 0.520823 0.21755 6.72636e-05
1.01692e+07 0.263032 0.634228 0.0706458 0.000118059
1.78486e+07 0.580429 0.520823 0.21755 6.72636e-05
9.16025e+06 0.181644 0.801287 0 0.000131062
2.16739e+07 0.654621 0.474034 0.249402 5.53921e-05
1.784e+07 0.580269 0.484413 0.173451 6.72961e-05
4.03414e+07 0.915574 0.520823 0.30388 2.976e-05
1.46555e+07 0.488807 0.589141 0.0659009 8.19187e-05
1.784e+07 0.580269 0.484413 0.173451 6.72961e-05
1.62261e+07 0.538375 0.554477 0.126354 7.39895e-05
1.59527e+07 0.53054 0.498373 0.0767526 7.52577e-05
1.58746e+07 0.528142 0.561506 0.0982363 7.56279e-05
1.784e+07 0.580269 0.484413 0.173451 6.72961e-05
1.62261e+07 0.538375 0.554477 0.126354 7.39895e-05
5.13938e+07 0.898145 0.62934 0.227578 2.336e-05
2.16739e+07 0.654621 0.474034 0.249402 5.53921e-05
1.78486e+07 0.580429 0.520823 0.21755 6.72636e-05
1.46497e+07 0.488647 0.568437 0.0296554 8.19511e-05
1.62261e+07 0.538375 0.554477 0.126354 7.39895e-05
1.62261e+07 0.538375 0.554477 0.126354 7.39895e-05
1.46497e+07 0.488647 0.568437 0.0296554 8.19511e-05
3.90807e+07 1 0.553993 0.407345 3.072e-05
1.62261e+07 0.538375 0.554477 0.126354 7.39895e-05
1.58746e+07 0.528142 0.561506 0.0982363 7.56279e-05
1.62302e+07 0.538535 0.518945 0.134482 7.39708e-05
3.90807e+07 0.873521 0.468806 0.169849 3.072e-05
1.63149e+07 0.540934 0.527754 0.148969 7.35868e-05
1.78486e+07 0.580429 0.520823 0.21755 6.72636e-05
9.16025e+06 0.181644 0.801287 0 0.000131062
1.58746e+07 0.528142 0.561506 0.0982363 7.56279e-05
1.62261e+07 0.538375 0.554477 0.126354 7.39895e-05
3.64248e+07 0.939878 0.452901 0.195594 3.296e-05
1.784e+07 0.580269 0.484413 0.173451 6.72961e-05
1.784e+07 0.580269 0.484413 0.173451 6.72961e-05
1.18364e+07 0.366965 0.583517 0.07315 0.000101429
3.44989e+07 0.905181 0.405771 0.188828 3.48e-05
