3.20358e+07 0.687543 0.562011 0.137143 4.16909e-05
4.85821e+07 0.855837 0.58347 0.0807252 2.74916e-05
4.38829e+07 0.952145 0.571559 0.333788 3.04356e-05
4.08413e+07 0.922823 0.514045 0.223545 3.27022e-05
5.88427e+07 0.9234 0.650445 0.257225 2.26978e-05
5.88427e+07 0.911436 0.656774 0.231907 2.26978e-05
4.38829e+07 0.935534 0.612419 0.289368 3.04356e-05
3.13466e+07 0.680546 0.653813 0.137143 4.26075e-05
5.88427e+07 0.9234 0.650445 0.257225 2.26978e-05
5.50749e+07 0.856007 0.60241 0.112868 2.42506e-05
3.25761e+07 0.692681 0.615787 0.169286 4.09993e-05
2.0679e+07 0.51535 0.719152 0.118454 6.45873e-05
4.69547e+07 0.923571 0.618749 0.264049 2.84444e-05
2.10507e+07 0.524216 0.578708 0.0790297 6.34467e-05
3.25761e+07 0.692681 0.615787 0.169286 4.09993e-05
5.88427e+07 0.9234 0.650445 0.257225 2.26978e-05
3.25761e+07 0.692681 0.615787 0.169286 4.09993e-05
5.50749e+07 0.863004 0.605372 0.160249 2.42506e-05
3.2564e+07 0.69251 0.647483 0.162462 4.10146e-05
5.88427e+07 0.9234 0.650445 0.257225 2.26978e-05
4.85821e+07 0.855837 0.58347 0.0807252 2.74916e-05
3.30355e+07 0.697156 0.524113 0.137143 4.04293e-05
3.2564e+07 0.69251 0.647483 0.162462 4.10146e-05
3.2564e+07 0.69251 0.647483 0.162462 4.10146e-05
5.50749e+07 0.856007 0.60241 0.112868 2.42506e-05
4.69547e+07 0.916574 0.615787 0.216668 2.84444e-05
3.85453e+07 0.740536 0.518131 0.200934 3.46501e-05
3.99189e+07 0.872447 0.453769 0.0807252 3.34578e-05
5.88427e+07 0.916403 0.647483 0.209843 2.26978e-05
3.52356e+07 0.716117 0.514821 0.206882 3.79048e-05
3.11023e+07 0.696409 0.356112 0.0649915 4.29422e-05
3.38929e+07 0.704644 0.609458 0.194604 3.94065e-05
4.34766e+07 0.964258 0.549827 0.241491 3.072e-05
4.69547e+07 0.928047 0.615914 0.276327 2.84444e-05
3.52491e+07 0.716288 0.483125 0.213706 3.78904e-05
5.88427e+07 0.9234 0.650445 0.257225 2.26978e-05
2.94772e+07 0.660688 0.415744 0.065486 4.53096e-05
4.38829e+07 0.940181 0.577889 0.308469 3.04356e-05
2.13701e+07 0.531213 0.67051 0.170832 6.24986e-05
5.88427e+07 0.911436 0.656774 0.231907 2.26978e-05
3.2564e+07 0.69251 0.647483 0.162462 4.10146e-05
2.72052e+07 0.631943 0.58347 0.0333435 4.90935e-05
3.2564e+07 0.69251 0.647483 0.162462 4.10146e-05
3.33084e+07 0.699506 0.555681 0.162462 4.0098e-05
3.33084e+07 0.699506 0.578581 0.152809 4.0098e-05
5.88427e+07 0.911436 0.656774 0.231907 2.26978e-05
