2.6305e+07 0.582938 0.459269 0.139116 4.51625e-05
2.24993e+07 0.511848 0.6301 0 5.28015e-05
2.64144e+07 0.584518 0.544276 0.0449552 4.49754e-05
2.24993e+07 0.511848 0.6301 0 5.28015e-05
2.42177e+07 0.546603 0.609665 0.0449552 4.90551e-05
3.35421e+07 0.672985 0.515831 0.0858238 3.54181e-05
2.42177e+07 0.546603 0.609665 0.0449552 4.90551e-05
4.97211e+07 0.799368 0.58351 0.071111 2.38933e-05
2.42177e+07 0.546603 0.609665 0.0449552 4.90551e-05
2.33138e+07 0.529226 0.511091 0.062774 5.0957e-05
4.97211e+07 0.799368 0.58351 0.071111 2.38933e-05
1.13908e+07 0.0347552 0.889655 0 0.000104295
2.42177e+07 0.546603 0.609665 0.0449552 4.90551e-05
1.16348e+07 0.0552923 0.742365 0.0261558 0.000102108
3.54022e+07 0.690363 0.462212 0.181292 3.35572e-05
2.42177e+07 0.546603 0.609665 0.0449552 4.90551e-05
4.97211e+07 0.799368 0.58351 0.071111 2.38933e-05
2.33138e+07 0.529226 0.511091 0.062774 5.0957e-05
4.97211e+07 0.799368 0.58351 0.071111 2.38933e-05
2.42177e+07 0.546603 0.609665 0.0449552 4.90551e-05
2.24993e+07 0.511848 0.6301 0 5.28015e-05
2.64144e+07 0.584518 0.544276 0.0449552 4.49754e-05
4.97211e+07 0.799368 0.58351 0.071111 2.38933e-05
3.54022e+07 0.690363 0.462212 0.181292 3.35572e-05
2.24993e+07 0.511848 0.6301 0 5.28015e-05
2.42177e+07 0.546603 0.609665 0.0449552 4.90551e-05
2.42177e+07 0.546603 0.609665 0.0449552 4.90551e-05
3.57749e+07 0.693523 0.469569 0.162493 3.32077e-05
2.42177e+07 0.546603 0.609665 0.0449552 4.90551e-05
2.64144e+07 0.584518 0.544276 0.0449552 4.49754e-05
5.0396e+07 0.819905 0.524169 0.141241 2.35733e-05
2.42177e+07 0.546603 0.609665 0.0449552 4.90551e-05
4.97211e+07 0.799368 0.58351 0.071111 2.38933e-05
2.64144e+07 0.584518 0.544276 0.0449552 4.49754e-05
4.28365e+07 0.837283 0.51812 0.071111 2.77334e-05
2.42177e+07 0.546603 0.609665 0.0449552 4.90551e-05
2.43833e+07 0.549763 0.56471 0 4.87219e-05
2.64144e+07 0.584518 0.544276 0.0449552 4.49754e-05
1.1429e+07 0.0379147 0.93461 0 0.000103946
2.42177e+07 0.546603 0.609665 0.0449552 4.90551e-05
4.97211e+07 0.799368 0.58351 0.071111 2.38933e-05
2.24993e+07 0.511848 0.6301 0 5.28015e-05
5.0396e+07 0.816746 0.569124 0.186196 2.35733e-05
2.42177e+07 0.546603 0.609665 0.0449552 4.90551e-05
2.42177e+07 0.546603 0.609665 0.0449552 4.90551e-05
2.42177e+07 0.546603 0.609665 0.0449552 4.90551e-05
