4.79662e+07 0.767952 0.531951 0.0388489 2.16803e-05
4.79597e+07 0.785542 0.44547 0.0388489 2.16832e-05
3.58099e+07 0.802171 0.38501 0.0816391 2.904e-05
3.58099e+07 0.802171 0.38501 0.0816391 2.904e-05
4.79597e+07 0.785542 0.44547 0.0388489 2.16832e-05
4.79662e+07 0.767952 0.531951 0.0388489 2.16803e-05
3.58099e+07 0.802171 0.38501 0.0816391 2.904e-05
4.63852e+07 0.839346 0.436058 0.102148 2.24192e-05
4.98046e+07 0.794338 0.531951 0.12533 2.088e-05
4.60957e+07 0.855975 0.473096 0.193687 2.256e-05
4.60957e+07 0.86477 0.482705 0.241732 2.256e-05
1.74637e+07 0.361094 0.722264 0.0632994 5.95477e-05
4.60957e+07 0.855975 0.473096 0.193687 2.256e-05
1.61081e+07 0.307291 0.731676 0 6.45589e-05
5.07773e+07 0.973614 0.516561 0.285198 2.048e-05
3.58099e+07 0.856937 0.349577 0.102148 2.904e-05
4.60957e+07 0.855975 0.473096 0.193687 2.256e-05
4.60957e+07 0.78458 0.471491 0.0816391 2.256e-05
4.63852e+07 0.865732 0.436058 0.188629 2.24192e-05
4.98046e+07 0.794338 0.531951 0.12533 2.088e-05
4.63852e+07 0.865732 0.436058 0.188629 2.24192e-05
4.98046e+07 0.776747 0.54156 0.086894 2.088e-05
3.58099e+07 0.856937 0.349577 0.102148 2.904e-05
4.79597e+07 0.785542 0.44547 0.0388489 2.16832e-05
5.04081e+07 0.902219 0.514957 0.17315 2.063e-05
5.07773e+07 0.973614 0.516561 0.285198 2.048e-05
4.60957e+07 0.855975 0.473096 0.193687 2.256e-05
4.79597e+07 0.785542 0.44547 0.0388489 2.16832e-05
4.98046e+07 0.794338 0.531951 0.12533 2.088e-05
4.98046e+07 0.794338 0.531951 0.12533 2.088e-05
4.79597e+07 0.785542 0.44547 0.0388489 2.16832e-05
3.38516e+07 0.991205 0.43008 0.285198 3.072e-05
4.79597e+07 0.785542 0.44547 0.0388489 2.16832e-05
4.79662e+07 0.767952 0.531951 0.0388489 2.16803e-05
4.60957e+07 0.78458 0.471491 0.0816391 2.256e-05
4.79597e+07 0.785542 0.44547 0.0388489 2.16832e-05
3.58099e+07 0.873566 0.386615 0.193687 2.904e-05
4.60957e+07 0.855975 0.473096 0.193687 2.256e-05
1.61081e+07 0.307291 0.731676 0 6.45589e-05
4.79662e+07 0.767952 0.531951 0.0388489 2.16803e-05
4.79597e+07 0.785542 0.44547 0.0388489 2.16832e-05
3.38516e+07 0.974576 0.393042 0.193659 3.072e-05
3.58099e+07 0.856937 0.349577 0.102148 2.904e-05
3.58099e+07 0.856937 0.349577 0.102148 2.904e-05
2.25182e+07 0.504638 0.636096 0.0864811 4.61814e-05
4.63852e+07 0.839346 0.436058 0.102148 2.24192e-05
