3.88086e+07 0.822159 0.419262 0.119261 3.072e-05
3.18225e+07 0.922639 0.246101 0.0415091 3.7464e-05
3.88086e+07 0.822159 0.419262 0.119261 3.072e-05
3.18225e+07 0.922639 0.246101 0.0415091 3.7464e-05
3.37695e+07 0.950205 0.284203 0.119261 3.5304e-05
3.88086e+07 0.822159 0.419262 0.119261 3.072e-05
3.37695e+07 0.950205 0.284203 0.119261 3.5304e-05
3.88086e+07 1 0.498316 0.333374 3.072e-05
3.37695e+07 0.950205 0.284203 0.119261 3.5304e-05
3.88086e+07 0.972435 0.460214 0.255622 3.072e-05
4.74904e+07 0.871954 0.521858 0.277616 2.5104e-05
1.65454e+07 0.499911 0.592826 0.132581 7.20563e-05
4.74904e+07 0.871954 0.521858 0.277616 2.5104e-05
1.4332e+07 0.42255 0.659179 0 8.31846e-05
4.74904e+07 0.871954 0.521858 0.277616 2.5104e-05
3.88086e+07 1 0.498316 0.333374 3.072e-05
3.88086e+07 1 0.498316 0.333374 3.072e-05
3.76326e+07 0.794594 0.381161 0.0415091 3.168e-05
3.88086e+07 1 0.498316 0.333374 3.072e-05
3.37695e+07 0.950205 0.284203 0.119261 3.5304e-05
3.88086e+07 0.972435 0.460214 0.255622 3.072e-05
3.88086e+07 0.822159 0.419262 0.119261 3.072e-05
3.88086e+07 1 0.498316 0.333374 3.072e-05
3.37695e+07 0.950205 0.284203 0.119261 3.5304e-05
3.76326e+07 0.794594 0.381161 0.0415091 3.168e-05
4.74904e+07 0.871954 0.521858 0.277616 2.5104e-05
3.88086e+07 1 0.498316 0.333374 3.072e-05
3.18225e+07 0.922639 0.246101 0.0415091 3.7464e-05
3.88086e+07 0.822159 0.419262 0.119261 3.072e-05
3.88086e+07 0.822159 0.419262 0.119261 3.072e-05
3.18225e+07 0.922639 0.246101 0.0415091 3.7464e-05
4.74904e+07 0.871954 0.521858 0.277616 2.5104e-05
3.37695e+07 0.950205 0.284203 0.119261 3.5304e-05
3.37695e+07 0.950205 0.284203 0.119261 3.5304e-05
3.88086e+07 0.822159 0.419262 0.119261 3.072e-05
3.37695e+07 0.950205 0.284203 0.119261 3.5304e-05
3.88086e+07 0.972435 0.460214 0.255622 3.072e-05
4.74904e+07 0.871954 0.521858 0.277616 2.5104e-05
1.84051e+07 0.550596 0.524119 0 6.47757e-05
3.37695e+07 0.950205 0.284203 0.119261 3.5304e-05
3.37695e+07 0.950205 0.284203 0.119261 3.5304e-05
3.88086e+07 0.972435 0.460214 0.255622 3.072e-05
3.88086e+07 1 0.498316 0.333374 3.072e-05
3.88086e+07 1 0.498316 0.333374 3.072e-05
1.75118e+07 0.527654 0.48253 0.0480143 6.808e-05
4.74904e+07 0.871954 0.521858 0.277616 2.5104e-05
