5.16368e+07 0.754922 0.639037 0.12078 2.3156e-05
5.34082e+07 0.763069 0.602719 0.0852656 2.2388e-05
3.14687e+07 0.59742 0.674552 0.049751 3.79965e-05
5.34082e+07 0.763069 0.602719 0.0852656 2.2388e-05
5.34082e+07 0.763069 0.602719 0.0852656 2.2388e-05
3.14687e+07 0.59742 0.674552 0.049751 3.79965e-05
5.34082e+07 0.763069 0.602719 0.0852656 2.2388e-05
5.29539e+07 0.831636 0.501935 0.143627 2.258e-05
5.59681e+07 0.773931 0.614965 0.146498 2.1364e-05
5.29539e+07 0.831636 0.501935 0.143627 2.258e-05
3.91542e+07 0.67685 0.469291 0.110983 3.05382e-05
2.05548e+07 0.383571 0.577212 0 5.81714e-05
3.78839e+07 0.665988 0.457044 0.049751 3.15622e-05
1.85077e+07 0.315003 0.79472 0 6.46057e-05
3.78839e+07 0.665988 0.457044 0.049751 3.15622e-05
5.29539e+07 0.831636 0.501935 0.143627 2.258e-05
5.29539e+07 0.831636 0.501935 0.143627 2.258e-05
3.14687e+07 0.59742 0.674552 0.049751 3.79965e-05
5.29539e+07 0.842498 0.514181 0.204859 2.258e-05
5.59681e+07 0.773931 0.614965 0.146498 2.1364e-05
5.29539e+07 0.842498 0.514181 0.204859 2.258e-05
3.23402e+07 0.608282 0.686798 0.110983 3.69725e-05
4.706e+07 0.989138 0.46642 0.214656 2.5408e-05
5.34082e+07 0.763069 0.602719 0.0852656 2.2388e-05
3.14687e+07 0.59742 0.674552 0.049751 3.79965e-05
3.78839e+07 0.665988 0.457044 0.049751 3.15622e-05
5.29539e+07 0.831636 0.501935 0.143627 2.258e-05
5.34082e+07 0.763069 0.602719 0.0852656 2.2388e-05
3.23402e+07 0.608282 0.686798 0.110983 3.69725e-05
5.40259e+07 0.765784 0.651284 0.182012 2.2132e-05
5.34082e+07 0.763069 0.602719 0.0852656 2.2388e-05
3.78839e+07 0.665988 0.457044 0.049751 3.15622e-05
5.34082e+07 0.763069 0.602719 0.0852656 2.2388e-05
5.34082e+07 0.763069 0.602719 0.0852656 2.2388e-05
5.16368e+07 0.754922 0.639037 0.12078 2.3156e-05
5.34082e+07 0.763069 0.602719 0.0852656 2.2388e-05
5.29539e+07 0.831636 0.501935 0.143627 2.258e-05
3.78839e+07 0.665988 0.457044 0.049751 3.15622e-05
2.44035e+07 0.480652 0.722887 0.0355146 4.89971e-05
5.83838e+07 0.92057 0.567205 0.156295 2.048e-05
5.83838e+07 0.92057 0.567205 0.156295 2.048e-05
5.29539e+07 0.831636 0.501935 0.143627 2.258e-05
5.29539e+07 0.831636 0.501935 0.143627 2.258e-05
4.706e+07 0.989138 0.46642 0.214656 2.5408e-05
2.34209e+07 0.458927 0.649715 0.061232 5.10528e-05
3.78839e+07 0.665988 0.457044 0.049751 3.15622e-05
