1.53212e+07 0.574097 0.527306 0.133484 8.38715e-05
2.86079e+07 0.772138 0.532574 0.168616 4.49179e-05
2.42356e+07 0.730978 0.501968 0.253191 5.30215e-05
3.02726e+07 0.784811 0.428571 0.213166 4.24479e-05
3.24478e+07 0.799047 0.635918 0.313726 3.96024e-05
2.27373e+07 0.713098 0.616406 0.222584 5.65155e-05
3.38279e+07 0.807376 0.529131 0.313726 3.79867e-05
1.84386e+07 0.646152 0.564267 0.155759 6.96911e-05
3.24478e+07 0.799047 0.635918 0.313726 3.96024e-05
2.84416e+07 0.770918 0.418135 0.130357 4.51807e-05
1.54643e+07 0.578083 0.506835 0.133484 8.30951e-05
1.20763e+07 0.459368 0.680374 0.113852 0.000106408
2.34064e+07 0.721428 0.509619 0.222584 5.48999e-05
1.17e+07 0.44201 0.65978 0.0445501 0.00010983
1.799e+07 0.637431 0.46314 0.163205 7.14291e-05
3.24478e+07 0.799047 0.635918 0.313726 3.96024e-05
3.0697e+07 0.787756 0.45748 0.195804 4.18611e-05
2.16529e+07 0.698863 0.470274 0.152632 5.93459e-05
1.89536e+07 0.655701 0.633133 0.224626 6.77976e-05
3.24478e+07 0.799047 0.635918 0.313726 3.96024e-05
2.86079e+07 0.772138 0.532574 0.168616 4.49179e-05
1.51694e+07 0.569753 0.613622 0.133484 8.47107e-05
1.89536e+07 0.655701 0.633133 0.224626 6.77976e-05
1.89536e+07 0.655701 0.633133 0.224626 6.77976e-05
4.18298e+07 0.887143 0.503885 0.217893 3.072e-05
2.91463e+07 0.776433 0.46314 0.207755 4.40883e-05
1.88762e+07 0.654481 0.45748 0.155759 6.80755e-05
2.86079e+07 0.772138 0.532574 0.168616 4.49179e-05
2.31569e+07 0.718304 0.60597 0.208641 5.54915e-05
1.56722e+07 0.583647 0.519654 0.164091 8.19931e-05
1.77835e+07 0.633136 0.532574 0.124066 7.22587e-05
2.96624e+07 0.780256 0.535578 0.273902 4.33211e-05
3.17626e+07 0.794703 0.633133 0.269176 4.04568e-05
3.09671e+07 0.789497 0.567051 0.244859 4.14959e-05
1.56221e+07 0.582426 0.420519 0.133484 8.22559e-05
4.34125e+07 0.932321 0.555828 0.313726 2.96e-05
1.81902e+07 0.641466 0.425787 0.124066 7.06431e-05
2.34064e+07 0.721428 0.509619 0.222584 5.48999e-05
1.3679e+07 0.522752 0.689727 0.149634 9.39404e-05
3.09671e+07 0.789497 0.567051 0.244859 4.14959e-05
1.89536e+07 0.655701 0.633133 0.224626 6.77976e-05
3.73785e+07 0.82576 0.488879 0.193832 3.43783e-05
1.89536e+07 0.655701 0.633133 0.224626 6.77976e-05
1.91912e+07 0.660045 0.546817 0.224626 6.69583e-05
1.32024e+07 0.505588 0.597054 0.158617 9.73312e-05
4.23867e+07 0.846373 0.536316 0.222584 3.03163e-05
