2.45296e+07 0.703685 0.599718 0.10336 4.77301e-05
4.43498e+07 0.853156 0.649936 0.0905373 2.63992e-05
2.93876e+07 0.920606 0.526527 0.215644 3.984e-05
3.64127e+07 0.868384 0.56848 0.128762 3.21536e-05
4.6638e+07 0.882676 0.676167 0.179809 2.5104e-05
4.6638e+07 0.882676 0.676167 0.179809 2.5104e-05
3.74028e+07 0.89231 0.592321 0.179809 3.13025e-05
3.26304e+07 0.777485 0.572172 0.17316 3.58807e-05
4.6638e+07 0.882676 0.676167 0.179809 2.5104e-05
3.8112e+07 0.942184 0.570452 0.213321 3.072e-05
3.41097e+07 0.787119 0.594294 0.226144 3.43246e-05
2.06806e+07 0.648516 0.576485 0.134346 5.66135e-05
3.8112e+07 0.971704 0.596683 0.302593 3.072e-05
1.68289e+07 0.567898 0.640296 0.0382243 6.95706e-05
3.41097e+07 0.787119 0.594294 0.226144 3.43246e-05
3.8112e+07 0.96207 0.574561 0.249609 3.072e-05
3.41097e+07 0.787119 0.594294 0.226144 3.43246e-05
3.64127e+07 0.868384 0.56848 0.128762 3.21536e-05
3.26304e+07 0.777485 0.572172 0.17316 3.58807e-05
4.6638e+07 0.882676 0.676167 0.179809 2.5104e-05
3.51566e+07 0.93255 0.54833 0.160338 3.33024e-05
2.65374e+07 0.726387 0.536313 0.10336 4.41189e-05
3.26304e+07 0.777485 0.572172 0.17316 3.58807e-05
2.40833e+07 0.698091 0.673777 0.10336 4.86147e-05
3.64127e+07 0.86279 0.566091 0.0905373 3.21536e-05
3.8112e+07 0.966111 0.594294 0.264369 3.072e-05
3.41097e+07 0.787119 0.594294 0.226144 3.43246e-05
3.44677e+07 0.881452 0.512472 0.0905373 3.3968e-05
4.50252e+07 0.877083 0.673777 0.141585 2.60032e-05
2.70895e+07 0.73198 0.533924 0.139196 4.32197e-05
2.44048e+07 0.70246 0.512472 0.052313 4.79742e-05
3.41097e+07 0.787119 0.594294 0.226144 3.43246e-05
4.50252e+07 0.877083 0.673777 0.141585 2.60032e-05
3.8112e+07 0.910972 0.610373 0.215644 3.072e-05
2.76174e+07 0.741615 0.450079 0.139196 4.23936e-05
4.6638e+07 0.882676 0.676167 0.179809 2.5104e-05
2.73935e+07 0.791488 0.432988 0.175097 4.274e-05
2.8584e+07 1 0.530889 0.338428 4.096e-05
1.70537e+07 0.573492 0.714356 0.112284 6.86537e-05
4.6638e+07 0.882676 0.676167 0.179809 2.5104e-05
2.40833e+07 0.698091 0.673777 0.10336 4.86147e-05
2.94657e+07 0.753558 0.54833 0.122113 3.97344e-05
3.26304e+07 0.777485 0.572172 0.17316 3.58807e-05
3.34552e+07 0.783078 0.498112 0.17316 3.49961e-05
1.52228e+07 0.522065 0.679107 0.0701594 7.69111e-05
3.8112e+07 0.96207 0.574561 0.249609 3.072e-05
