3.70549e+07 0.866043 0.451554 0.134517 3.3486e-05
3.48251e+07 0.937631 0.431316 0.154348 3.563e-05
1.92516e+07 0.660566 0.425223 0.115691 6.44528e-05
2.34556e+07 0.721517 0.412999 0.103467 5.29008e-05
2.56809e+07 0.745661 0.457965 0.180997 4.83168e-05
3.70549e+07 0.866043 0.451554 0.134517 3.3486e-05
2.56809e+07 0.745661 0.457965 0.180997 4.83168e-05
2.87867e+07 0.773249 0.41383 0.205425 4.3104e-05
2.56809e+07 0.745661 0.457965 0.180997 4.83168e-05
2.60283e+07 0.749105 0.432974 0.15995 4.7672e-05
2.09513e+07 0.688154 0.461226 0.180188 5.9224e-05
8.49666e+06 0.229857 0.679304 0.0504741 0.000146036
2.09513e+07 0.688154 0.461226 0.180188 5.9224e-05
7.9633e+06 0.178125 0.78144 0 0.000155817
2.09513e+07 0.688154 0.461226 0.180188 5.9224e-05
3.02108e+07 0.783886 0.485954 0.277549 4.1072e-05
2.87867e+07 0.773249 0.41383 0.205425 4.3104e-05
3.70549e+07 0.841899 0.470698 0.089042 3.3486e-05
3.02108e+07 0.783886 0.485954 0.277549 4.1072e-05
2.56809e+07 0.745661 0.457965 0.180997 4.83168e-05
2.71776e+07 0.759742 0.440988 0.200019 4.5656e-05
3.70549e+07 0.866043 0.451554 0.134517 3.3486e-05
3.02108e+07 0.783886 0.485954 0.277549 4.1072e-05
2.56809e+07 0.745661 0.457965 0.180997 4.83168e-05
1.74673e+07 0.625785 0.452381 0.0381608 7.10368e-05
2.09513e+07 0.688154 0.461226 0.180188 5.9224e-05
2.87867e+07 0.773249 0.41383 0.205425 4.3104e-05
2.34556e+07 0.721517 0.412999 0.103467 5.29008e-05
3.70549e+07 0.87668 0.44354 0.166572 3.3486e-05
1.92516e+07 0.660566 0.425223 0.115691 6.44528e-05
2.34556e+07 0.721517 0.412999 0.103467 5.29008e-05
2.16896e+07 0.698791 0.453212 0.212243 5.7208e-05
2.56809e+07 0.745661 0.457965 0.180997 4.83168e-05
2.46445e+07 0.735024 0.385841 0.108873 5.03488e-05
1.86677e+07 0.649929 0.433237 0.0836358 6.64688e-05
2.56809e+07 0.745661 0.457965 0.180997 4.83168e-05
2.71776e+07 0.759742 0.440988 0.200019 4.5656e-05
2.09513e+07 0.688154 0.461226 0.180188 5.9224e-05
8.88322e+06 0.26322 0.814182 0.0653059 0.000139681
3.25248e+07 0.951138 0.404158 0.159754 3.815e-05
4.03913e+07 0.961775 0.476282 0.231878 3.072e-05
2.71776e+07 0.759742 0.440988 0.200019 4.5656e-05
3.02108e+07 0.783886 0.485954 0.277549 4.1072e-05
3.02108e+07 0.783886 0.485954 0.277549 4.1072e-05
1.54985e+07 0.578172 0.477605 0.117599 8.00608e-05
2.09513e+07 0.688154 0.461226 0.180188 5.9224e-05
