2.63774e+07 0.661427 0.646764 0.0336109 4.34974e-05
4.3591e+07 0.795412 0.605891 0.0947922 2.63208e-05
2.91759e+07 0.702654 0.369616 0.0336109 3.93253e-05
3.68528e+07 0.808445 0.498336 0.0947922 3.11333e-05
3.73486e+07 0.888562 0.561791 0.124821 3.072e-05
2.63774e+07 0.661427 0.646764 0.0336109 4.34974e-05
3.68528e+07 0.808445 0.498336 0.0947922 3.11333e-05
3.73486e+07 0.865624 0.52819 0.145846 3.072e-05
4.3591e+07 0.795412 0.605891 0.0947922 2.63208e-05
3.84845e+07 0.846719 0.581435 0.180122 2.98133e-05
3.27672e+07 0.727621 0.629987 0.157334 3.50152e-05
1.93322e+07 0.538004 0.572537 0.045575 5.93491e-05
3.27672e+07 0.727621 0.629987 0.157334 3.50152e-05
1.72153e+07 0.481099 0.560711 0 6.66472e-05
3.27672e+07 0.727621 0.629987 0.157334 3.50152e-05
5.60229e+07 0.848574 0.628117 0.18424 2.048e-05
3.84845e+07 0.846719 0.581435 0.180122 2.98133e-05
2.74169e+07 0.674459 0.53921 0.0336109 4.18482e-05
5.60229e+07 0.848574 0.628117 0.18424 2.048e-05
4.3591e+07 0.795412 0.605891 0.0947922 2.63208e-05
5.60229e+07 0.848574 0.628117 0.18424 2.048e-05
2.744e+07 0.674734 0.546279 0.0336109 4.1813e-05
5.60229e+07 0.848574 0.628117 0.18424 2.048e-05
4.3591e+07 0.795412 0.605891 0.0947922 2.63208e-05
2.74169e+07 0.674459 0.53921 0.0336109 4.18482e-05
3.73486e+07 0.820771 0.585888 0.187363 3.072e-05
3.84845e+07 0.846719 0.581435 0.180122 2.98133e-05
3.84845e+07 0.808719 0.505406 0.0947922 2.98133e-05
2.75786e+07 0.676314 0.577655 0.0336109 4.16029e-05
2.87423e+07 0.689621 0.47717 0.0336109 3.99186e-05
3.84845e+07 0.808719 0.505406 0.0947922 2.98133e-05
3.46414e+07 0.742508 0.560878 0.157334 3.31208e-05
4.3591e+07 0.795412 0.605891 0.0947922 2.63208e-05
3.84845e+07 0.793832 0.497727 0.0563984 2.98133e-05
2.85667e+07 0.687766 0.438725 0.0336109 4.01639e-05
4.3591e+07 0.795412 0.605891 0.0947922 2.63208e-05
3.73486e+07 0.968063 0.526894 0.289727 3.072e-05
3.4423e+07 0.740928 0.529503 0.157334 3.33309e-05
2.91125e+07 0.693347 0.627212 0.132392 3.94109e-05
4.06427e+07 0.780525 0.598212 0.0563984 2.82301e-05
4.3591e+07 0.795412 0.605891 0.0947922 2.63208e-05
5.60229e+07 0.848574 0.628117 0.18424 2.048e-05
5.60229e+07 0.848574 0.628117 0.18424 2.048e-05
5.60229e+07 0.848574 0.628117 0.18424 2.048e-05
1.35985e+07 0.342507 0.762789 0.0383938 8.43731e-05
3.12806e+07 0.714588 0.66899 0.123059 3.66793e-05
