1.35329e+07 0.248673 0.659936 0 0.000108727
7.98286e+07 0.916814 0.654084 0.231828 1.8432e-05
3.97168e+07 0.744248 0.659936 0.140959 3.70473e-05
7.18457e+07 0.861062 0.601979 0.175192 2.048e-05
7.18457e+07 0.861062 0.601979 0.175192 2.048e-05
3.97168e+07 0.744248 0.659936 0.140959 3.70473e-05
7.18457e+07 0.861062 0.601979 0.175192 2.048e-05
1.79144e+07 0.432743 0.546256 0.0861487 8.2135e-05
7.18457e+07 0.861062 0.601979 0.175192 2.048e-05
5.2535e+07 0.9 0.514037 0.154615 2.8008e-05
1.42702e+07 0.287611 0.613149 0 0.00010311
5.2535e+07 0.883186 0.481 0.302307 2.8008e-05
4.85608e+07 0.79115 0.472693 0.140959 3.03002e-05
3.8519e+07 0.736283 0.655405 0.0684659 3.81993e-05
1.42702e+07 0.287611 0.613149 0 0.00010311
5.2535e+07 0.907965 0.518568 0.227108 2.8008e-05
1.70686e+07 0.404425 0.659024 0.0861487 8.62049e-05
3.97168e+07 0.744248 0.659936 0.140959 3.70473e-05
1.70686e+07 0.404425 0.659024 0.0861487 8.62049e-05
7.18457e+07 0.861062 0.601979 0.175192 2.048e-05
5.2535e+07 0.9 0.514037 0.154615 2.8008e-05
1.33936e+07 0.240708 0.800392 0 0.000109859
1.70686e+07 0.404425 0.659024 0.0861487 8.62049e-05
1.58264e+07 0.357522 0.742435 0.0342329 9.29715e-05
3.8519e+07 0.736283 0.655405 0.0684659 3.81993e-05
4.67822e+07 0.783186 0.468162 0.0684659 3.14522e-05
1.70686e+07 0.404425 0.659024 0.0861487 8.62049e-05
6.90393e+07 0.853097 0.597448 0.102699 2.13125e-05
3.8519e+07 0.736283 0.655405 0.0684659 3.81993e-05
1.35329e+07 0.248673 0.659936 0 0.000108727
1.58264e+07 0.357522 0.742435 0.0342329 9.29715e-05
1.42702e+07 0.287611 0.613149 0 0.00010311
6.90393e+07 0.853097 0.597448 0.102699 2.13125e-05
7.18457e+07 0.861062 0.601979 0.175192 2.048e-05
1.35329e+07 0.248673 0.659936 0 0.000108727
7.18457e+07 0.861062 0.601979 0.175192 2.048e-05
1.70686e+07 0.404425 0.659024 0.0861487 8.62049e-05
4.85608e+07 0.79115 0.472693 0.140959 3.03002e-05
7.18457e+07 0.861062 0.601979 0.175192 2.048e-05
7.18457e+07 0.861062 0.601979 0.175192 2.048e-05
1.58264e+07 0.357522 0.742435 0.0342329 9.29715e-05
1.70686e+07 0.404425 0.659024 0.0861487 8.62049e-05
1.70686e+07 0.404425 0.659024 0.0861487 8.62049e-05
1.72953e+07 0.412389 0.518568 0.0861487 8.50749e-05
2.67642e+07 0.620354 0.59619 0.0724933 5.49765e-05
4.85608e+07 0.79115 0.472693 0.140959 3.03002e-05
