1.19141e+07 0.282206 0.774481 0 8.29202e-05
2.8884e+07 0.704097 0.828213 0.107016 3.42029e-05
2.61852e+07 0.674123 0.637732 0.136931 3.77281e-05
3.67029e+07 0.767412 0.742066 0.183306 2.69166e-05
4.82381e+07 0.844395 0.780146 0.188696 2.048e-05
1.9254e+07 0.55586 0.86771 0.0932292 5.13097e-05
2.97426e+07 0.712649 0.831126 0.15363 3.32155e-05
1.45691e+07 0.413022 0.820794 0.0233074 6.78089e-05
2.97426e+07 0.712649 0.831126 0.15363 3.32155e-05
2.72798e+07 0.686676 0.820794 0.069922 3.62142e-05
1.17761e+07 0.273654 0.864797 0 8.38917e-05
1.9254e+07 0.55586 0.86771 0.0932292 5.13097e-05
1.9254e+07 0.55586 0.86771 0.0932292 5.13097e-05
2.28205e+07 0.720334 0.458357 0.0762899 4.32908e-05
1.17761e+07 0.273654 0.864797 0 8.38917e-05
2.97426e+07 0.712649 0.831126 0.15363 3.32155e-05
1.45691e+07 0.413022 0.820794 0.0233074 6.78089e-05
1.9254e+07 0.55586 0.86771 0.0932292 5.13097e-05
1.50145e+07 0.430443 0.828213 0.0604012 6.57976e-05
2.97426e+07 0.712649 0.831126 0.15363 3.32155e-05
2.8884e+07 0.704097 0.828213 0.107016 3.42029e-05
1.36601e+07 0.374496 0.614186 0 7.23215e-05
1.50145e+07 0.430443 0.828213 0.0604012 6.57976e-05
1.50145e+07 0.430443 0.828213 0.0604012 6.57976e-05
1.88905e+07 0.547309 0.864797 0.0466146 5.2297e-05
2.66271e+07 0.679054 0.813817 0.0816798 3.7102e-05
1.6057e+07 0.467785 0.672384 0.0233074 6.15257e-05
2.79942e+07 0.804939 0.577601 0.107016 3.529e-05
1.96399e+07 0.564729 0.798028 0.0466146 5.03015e-05
1.42471e+07 0.400469 0.544503 0.0437013 6.93417e-05
2.06097e+07 0.586048 0.488542 0.0900765 4.79346e-05
1.2063e+07 0.291075 0.798028 0 8.18962e-05
3.54043e+07 0.758861 0.739153 0.136691 2.79039e-05
3.21588e+07 0.79607 0.660499 0.160238 3.072e-05
1.38491e+07 0.383048 0.611272 0.0437013 7.13342e-05
2.97426e+07 0.712649 0.831126 0.15363 3.32155e-05
2.53255e+07 0.663031 0.63828 0.151295 3.90088e-05
2.48717e+07 0.656702 0.704501 0.136931 3.97205e-05
2.41191e+07 1 0.639536 0.317901 4.096e-05
2.80444e+07 0.695228 0.823707 0.116537 3.52269e-05
1.50145e+07 0.430443 0.828213 0.0604012 6.57976e-05
1.50145e+07 0.430443 0.828213 0.0604012 6.57976e-05
1.50145e+07 0.430443 0.828213 0.0604012 6.57976e-05
1.52395e+07 0.438995 0.737897 0.0604012 6.4826e-05
1.52432e+07 0.438995 0.826485 0.0837085 6.48102e-05
1.9254e+07 0.55586 0.86771 0.0932292 5.13097e-05
