2.55823e+07 0.805943 0.578094 0.269991 4.73472e-05
3.22227e+07 0.888509 0.508412 0.14094 3.759e-05
1.96022e+07 0.746779 0.437459 0.215932 6.17916e-05
2.12344e+07 0.766237 0.421836 0.110456 5.70419e-05
2.49918e+07 0.801473 0.431388 0.198048 4.84659e-05
3.1543e+07 0.863792 0.480544 0.209835 3.84e-05
2.49918e+07 0.801473 0.431388 0.198048 4.84659e-05
1.53613e+07 0.676571 0.506989 0.160653 7.88506e-05
2.49918e+07 0.801473 0.431388 0.198048 4.84659e-05
2.08885e+07 0.762293 0.497437 0.110456 5.79866e-05
1.28317e+07 0.612674 0.545171 0.141956 9.43949e-05
8.39028e+06 0.40731 0.576773 0.0569044 0.000144364
1.89228e+07 0.737576 0.469569 0.179351 6.40102e-05
7.98744e+06 0.377334 0.673714 0.0373943 0.000151644
1.28317e+07 0.612674 0.545171 0.141956 9.43949e-05
2.49918e+07 0.801473 0.431388 0.198048 4.84659e-05
1.53613e+07 0.676571 0.506989 0.160653 7.88506e-05
2.89314e+07 0.828556 0.470992 0.122243 4.18662e-05
1.53613e+07 0.676571 0.506989 0.160653 7.88506e-05
2.49918e+07 0.801473 0.431388 0.198048 4.84659e-05
2.08885e+07 0.762293 0.497437 0.110456 5.79866e-05
1.97042e+07 0.748094 0.450872 0.172441 6.14716e-05
1.90753e+07 0.739679 0.487479 0.199674 6.34982e-05
1.53613e+07 0.676571 0.506989 0.160653 7.88506e-05
1.64727e+07 0.698396 0.535619 0.0917584 7.35309e-05
1.86476e+07 0.733631 0.545171 0.179351 6.49549e-05
1.53613e+07 0.676571 0.506989 0.160653 7.88506e-05
2.17132e+07 0.771496 0.392164 0.110456 5.5784e-05
3.53806e+07 0.859847 0.556145 0.209835 3.42349e-05
1.59662e+07 0.68893 0.495989 0.256578 7.58632e-05
1.42125e+07 0.650539 0.392164 0.0730612 8.5224e-05
1.28317e+07 0.612674 0.545171 0.141956 9.43949e-05
2.4514e+07 0.797528 0.506989 0.198048 4.94106e-05
2.61903e+07 0.810676 0.399277 0.234629 4.6248e-05
1.59662e+07 0.68893 0.495989 0.256578 7.58632e-05
2.49918e+07 0.801473 0.431388 0.198048 4.84659e-05
1.42125e+07 0.650539 0.392164 0.0730612 8.5224e-05
1.96022e+07 0.746779 0.437459 0.215932 6.17916e-05
8.96287e+06 0.445175 0.633093 0.0926729 0.000135141
3.40334e+07 0.990797 0.539912 0.326083 3.559e-05
3.41775e+07 0.865895 0.537474 0.249668 3.544e-05
1.38545e+07 0.641336 0.497437 0.0730612 8.74266e-05
1.53613e+07 0.676571 0.506989 0.160653 7.88506e-05
1.93681e+07 0.743623 0.489918 0.238694 6.25382e-05
1.11491e+07 0.554299 0.392469 0.0680821 0.000108641
1.89228e+07 0.737576 0.469569 0.179351 6.40102e-05
