1.18305e+07 0.368746 0.785728 0.0303783 8.43594e-05
1.91658e+07 0.610669 0.636097 0.0972396 5.20724e-05
1.26109e+07 0.408239 0.470954 0.0303783 7.91389e-05
2.04682e+07 0.635782 0.39801 0.0972396 4.8759e-05
1.91658e+07 0.610669 0.636097 0.0972396 5.20724e-05
1.18305e+07 0.368746 0.785728 0.0303783 8.43594e-05
2.04682e+07 0.635782 0.39801 0.0972396 4.8759e-05
2.13149e+07 0.650001 0.627049 0.144814 4.68221e-05
1.91658e+07 0.610669 0.636097 0.0972396 5.20724e-05
2.29446e+07 0.675113 0.468528 0.184596 4.34964e-05
1.35093e+07 0.44757 0.543353 0.118675 7.38757e-05
1.04481e+07 0.285256 0.776656 0.0994363 9.55206e-05
1.41973e+07 0.474426 0.543353 0.169597 7.02957e-05
9.56386e+06 0.219069 0.783822 0 0.000104352
1.60428e+07 0.534965 0.49577 0.151041 6.22093e-05
2.22267e+07 0.664381 0.63557 0.187418 4.49013e-05
3.24873e+07 0.871369 0.468528 0.228205 3.072e-05
1.28801e+07 0.420714 0.445798 0.0303783 7.74844e-05
2.22267e+07 0.664381 0.63557 0.187418 4.49013e-05
1.91658e+07 0.610669 0.636097 0.0972396 5.20724e-05
2.22267e+07 0.664381 0.63557 0.187418 4.49013e-05
1.18305e+07 0.368746 0.785728 0.0303783 8.43594e-05
2.22267e+07 0.664381 0.63557 0.187418 4.49013e-05
1.91658e+07 0.610669 0.636097 0.0972396 5.20724e-05
2.31282e+07 0.677509 0.587276 0.149961 4.31512e-05
1.60428e+07 0.534965 0.49577 0.151041 6.22093e-05
2.29446e+07 0.675113 0.468528 0.184596 4.34964e-05
1.91658e+07 0.610669 0.636097 0.0972396 5.20724e-05
1.21041e+07 0.383126 0.709041 0.0303783 8.24523e-05
1.21041e+07 0.383126 0.709041 0.0303783 8.24523e-05
1.91658e+07 0.610669 0.636097 0.0972396 5.20724e-05
2.92894e+07 0.745601 0.5063 0.238258 3.40741e-05
1.91658e+07 0.610669 0.636097 0.0972396 5.20724e-05
1.8484e+07 0.596289 0.627576 0.0546355 5.39932e-05
1.23141e+07 0.393859 0.547642 0.0303783 8.1046e-05
3.60887e+07 0.806925 0.54888 0.0972396 2.76544e-05
2.40047e+07 0.689494 0.477049 0.2272 4.15756e-05
1.35093e+07 0.44757 0.543353 0.118675 7.38757e-05
1.34917e+07 0.446612 0.710878 0.0668613 7.39723e-05
1.8484e+07 0.596289 0.627576 0.0546355 5.39932e-05
1.91658e+07 0.610669 0.636097 0.0972396 5.20724e-05
4.43009e+07 0.974887 0.638909 0.339775 2.2528e-05
2.22267e+07 0.664381 0.63557 0.187418 4.49013e-05
2.22267e+07 0.664381 0.63557 0.187418 4.49013e-05
1.316e+07 0.432837 0.615394 0.0680651 7.58365e-05
1.95683e+07 0.618713 0.614657 0.0788927 5.10013e-05
