2.50479e+07 0.7212 0.655298 0.116529 4.8804e-05
2.57071e+07 0.728484 0.563208 0.0805287 4.75527e-05
1.42049e+07 0.508255 0.491944 0.0560896 8.60573e-05
1.75861e+07 0.602696 0.638732 0.163035 6.95116e-05
1.68898e+07 0.586377 0.600639 0.110291 7.23775e-05
1.94374e+07 0.640623 0.635151 0.0560896 6.28912e-05
1.68898e+07 0.586377 0.600639 0.110291 7.23775e-05
2.20928e+07 0.683842 0.628913 0.0908881 5.5332e-05
1.68898e+07 0.586377 0.600639 0.110291 7.23775e-05
1.5448e+07 0.547594 0.657759 0.0464743 7.91328e-05
1.73256e+07 0.596673 0.672125 0.0707416 7.05568e-05
1.06681e+07 0.344688 0.691584 0 0.000114589
1.3428e+07 0.479471 0.686777 0.0560896 9.10368e-05
1.14537e+07 0.389791 0.594368 0.0825065 0.000106729
1.3428e+07 0.479471 0.686777 0.0560896 9.10368e-05
1.68898e+07 0.586377 0.600639 0.110291 7.23775e-05
2.20928e+07 0.683842 0.628913 0.0908881 5.5332e-05
1.84625e+07 0.621578 0.649346 0.0263278 6.6212e-05
2.35549e+07 0.703579 0.585987 0.124943 5.18975e-05
1.68898e+07 0.586377 0.600639 0.110291 7.23775e-05
1.61488e+07 0.567331 0.614833 0.0805287 7.56983e-05
1.99316e+07 0.64967 0.551353 0.0560896 6.13319e-05
3.23186e+07 0.784155 0.565841 0.165235 3.78247e-05
1.68898e+07 0.586377 0.600639 0.110291 7.23775e-05
1.32027e+07 0.470706 0.587871 0.0263278 9.25899e-05
1.3428e+07 0.479471 0.686777 0.0560896 9.10368e-05
1.75502e+07 0.602004 0.557713 0.103868 6.9654e-05
1.64885e+07 0.576378 0.531035 0.0805287 7.4139e-05
2.05552e+07 0.660361 0.524117 0.0560896 5.9471e-05
1.6982e+07 0.588831 0.471798 0.0963826 7.19845e-05
2.57428e+07 0.728945 0.510978 0.163035 4.74866e-05
1.39521e+07 0.499208 0.575742 0.0560896 8.76167e-05
2.67429e+07 0.738943 0.609886 0.207449 4.57107e-05
1.64632e+07 0.575687 0.559767 0.0762361 7.42527e-05
2.22567e+07 0.686296 0.56818 0.111035 5.49247e-05
1.68898e+07 0.586377 0.600639 0.110291 7.23775e-05
1.64885e+07 0.576378 0.531035 0.0805287 7.4139e-05
1.3662e+07 0.488518 0.602979 0.0560896 8.94775e-05
1.33615e+07 0.47696 0.619265 0.136707 9.14899e-05
3.64047e+07 0.808369 0.612086 0.136676 3.35792e-05
4.05647e+07 0.945308 0.554508 0.185382 3.01356e-05
1.61488e+07 0.567331 0.614833 0.0805287 7.56983e-05
2.35549e+07 0.703579 0.585987 0.124943 5.18975e-05
2.09664e+07 0.666953 0.580493 0.150583 5.83047e-05
9.45872e+06 0.260734 0.742388 0.0638163 0.000129239
1.3428e+07 0.479471 0.686777 0.0560896 9.10368e-05
