3.33846e+07 0.467578 0.697699 0 3.43898e-05
5.68486e+07 0.762241 0.651381 0.0503461 2.01956e-05
4.04434e+07 0.567711 0.497825 0 2.83876e-05
5.60591e+07 0.86105 0.68942 0.168939 2.048e-05
5.68486e+07 0.762241 0.651381 0.0503461 2.01956e-05
3.24451e+07 0.451698 0.834641 0 3.53856e-05
5.68486e+07 0.762241 0.651381 0.0503461 2.01956e-05
6.03514e+07 0.705778 0.711796 0 1.90234e-05
5.68486e+07 0.762241 0.651381 0.0503461 2.01956e-05
5.04531e+07 0.721658 0.574855 0 2.27556e-05
3.24451e+07 0.451698 0.834641 0 3.53856e-05
3.66594e+07 0.515218 0.705755 0 3.13178e-05
3.66594e+07 0.515218 0.705755 0 3.13178e-05
3.73727e+07 0.6824 0.463366 0.150815 3.072e-05
3.33846e+07 0.467578 0.697699 0 3.43898e-05
5.68486e+07 0.762241 0.651381 0.0503461 2.01956e-05
6.03514e+07 0.705778 0.711796 0 1.90234e-05
3.78883e+07 0.531098 0.697699 0.064443 3.0302e-05
5.68486e+07 0.762241 0.651381 0.0503461 2.01956e-05
5.68486e+07 0.762241 0.651381 0.0503461 2.01956e-05
5.68486e+07 0.762241 0.651381 0.0503461 2.01956e-05
3.63545e+07 0.511248 0.658933 0 3.15805e-05
5.68486e+07 0.762241 0.651381 0.0503461 2.01956e-05
4.71525e+07 0.778121 0.514439 0.0503461 2.43484e-05
3.24451e+07 0.451698 0.834641 0 3.53856e-05
3.24451e+07 0.451698 0.834641 0 3.53856e-05
5.60591e+07 0.804588 0.590966 0.0391581 2.048e-05
3.7722e+07 0.837671 0.403175 0.0825676 3.04356e-05
3.61332e+07 0.50816 0.673533 0 3.17738e-05
4.04434e+07 0.567711 0.497825 0 2.83876e-05
3.73727e+07 0.93648 0.441214 0.201161 3.072e-05
3.61332e+07 0.50816 0.673533 0 3.17738e-05
5.60591e+07 0.86105 0.68942 0.168939 2.048e-05
4.00422e+07 0.765329 0.536088 0 2.8672e-05
3.63545e+07 0.511248 0.658933 0 3.15805e-05
5.68486e+07 0.762241 0.651381 0.0503461 2.01956e-05
3.7722e+07 0.821791 0.475673 0.0503461 3.04356e-05
3.63545e+07 0.511248 0.658933 0 3.15805e-05
4.00422e+07 0.9206 0.513712 0.168939 2.8672e-05
6.03514e+07 0.705778 0.711796 0 1.90234e-05
5.68486e+07 0.762241 0.651381 0.0503461 2.01956e-05
5.68486e+07 0.825761 0.586938 0.0825676 2.01956e-05
4.71525e+07 0.778121 0.514439 0.0503461 2.43484e-05
5.68486e+07 0.762241 0.651381 0.0503461 2.01956e-05
2.84098e+07 0.374063 0.752297 0.0825676 4.04118e-05
3.24451e+07 0.451698 0.834641 0 3.53856e-05
