4.3815e+07 0.821204 0.614546 0.189341 2.6776e-05
3.83362e+07 0.742111 0.607436 0.0364005 3.06026e-05
3.81898e+07 0.826971 0.530133 0.148462 3.072e-05
3.83362e+07 0.742111 0.607436 0.0364005 3.06026e-05
4.77814e+07 0.814563 0.619656 0.148462 2.45533e-05
3.54887e+07 0.920825 0.482629 0.148462 3.30581e-05
4.77814e+07 0.814563 0.619656 0.148462 2.45533e-05
3.81898e+07 0.874687 0.553896 0.198383 3.072e-05
4.77814e+07 0.814563 0.619656 0.148462 2.45533e-05
3.63968e+07 0.808876 0.536566 0.127201 3.22333e-05
3.81898e+07 0.874687 0.553896 0.198383 3.072e-05
1.62871e+07 0.392106 0.627696 0.074881 7.20319e-05
3.81898e+07 0.874687 0.553896 0.198383 3.072e-05
1.37288e+07 0.27858 0.719926 0.0204398 8.54544e-05
3.81898e+07 0.987591 0.555378 0.311072 3.072e-05
3.81898e+07 0.874687 0.553896 0.198383 3.072e-05
3.81898e+07 0.874687 0.553896 0.198383 3.072e-05
3.93369e+07 0.748752 0.602326 0.0772799 2.98242e-05
3.81898e+07 0.874687 0.553896 0.198383 3.072e-05
4.77814e+07 0.814563 0.619656 0.148462 2.45533e-05
4.23938e+07 0.802235 0.541676 0.0863212 2.76736e-05
3.81898e+07 0.826971 0.530133 0.148462 3.072e-05
3.81898e+07 0.874687 0.553896 0.198383 3.072e-05
3.81898e+07 0.927467 0.528618 0.214891 3.072e-05
3.83362e+07 0.742111 0.607436 0.0364005 3.06026e-05
3.81898e+07 0.874687 0.553896 0.198383 3.072e-05
3.81898e+07 0.874687 0.553896 0.198383 3.072e-05
3.40489e+07 0.867424 0.467755 0.123269 3.4456e-05
4.77814e+07 0.814563 0.619656 0.148462 2.45533e-05
3.81898e+07 0.826971 0.530133 0.148462 3.072e-05
4.07358e+07 0.761161 0.553682 0.0977196 2.88e-05
3.81898e+07 0.874687 0.553896 0.198383 3.072e-05
4.77814e+07 0.814563 0.619656 0.148462 2.45533e-05
3.81898e+07 0.826971 0.530133 0.148462 3.072e-05
3.81898e+07 0.826971 0.530133 0.148462 3.072e-05
4.77814e+07 0.814563 0.619656 0.148462 2.45533e-05
3.40489e+07 0.814644 0.452153 0.0863212 3.4456e-05
3.54887e+07 0.887096 0.464373 0.198383 3.30581e-05
1.36049e+07 0.271939 0.765915 0 8.62329e-05
4.77814e+07 0.814563 0.619656 0.148462 2.45533e-05
4.77814e+07 0.814563 0.619656 0.148462 2.45533e-05
4.23938e+07 0.802235 0.541676 0.0863212 2.76736e-05
4.1395e+07 0.881329 0.548786 0.239262 2.83413e-05
3.81898e+07 0.874687 0.553896 0.198383 3.072e-05
2.2244e+07 0.555033 0.641496 0.0871012 5.27418e-05
3.81898e+07 0.874687 0.553896 0.198383 3.072e-05
