3.57275e+07 0.834917 0.518978 0.180749 3.904e-05
3.4916e+07 0.769002 0.574177 0.0726707 3.99473e-05
2.99859e+07 0.771229 0.427452 0.165356 4.65152e-05
3.57502e+07 0.774495 0.503268 0.0726707 3.90152e-05
3.1241e+07 0.848575 0.480649 0.178215 4.46464e-05
3.1241e+07 0.747031 0.464081 0.107553 4.46464e-05
3.1241e+07 0.848575 0.480649 0.178215 4.46464e-05
3.5265e+07 0.872179 0.569486 0.220871 3.9552e-05
3.1241e+07 0.848575 0.480649 0.178215 4.46464e-05
3.9949e+07 0.7981 0.639089 0.138819 3.49145e-05
3.69777e+07 0.781918 0.605775 0.203067 3.77201e-05
1.5147e+07 0.466746 0.525964 0.0801819 9.2084e-05
3.5265e+07 0.787411 0.534866 0.203067 3.9552e-05
1.28463e+07 0.370992 0.638223 0 0.000108576
3.69777e+07 0.781918 0.605775 0.203067 3.77201e-05
3.5265e+07 0.888955 0.551434 0.273728 3.9552e-05
3.5265e+07 0.872179 0.569486 0.220871 3.9552e-05
2.46788e+07 0.672951 0.533684 0.0255012 5.6518e-05
4.54036e+07 0.883462 0.622343 0.273728 3.072e-05
3.1241e+07 0.848575 0.480649 0.178215 4.46464e-05
4.23065e+07 0.809382 0.644962 0.168184 3.29689e-05
2.90428e+07 0.764697 0.381921 0.128881 4.80256e-05
4.54036e+07 0.971348 0.604044 0.310326 3.072e-05
3.5265e+07 0.843082 0.551558 0.178215 3.9552e-05
2.42785e+07 0.667458 0.604593 0.0255012 5.74501e-05
3.69777e+07 0.781918 0.605775 0.203067 3.77201e-05
3.44838e+07 0.882423 0.515794 0.242199 4.0448e-05
3.19322e+07 0.781918 0.474799 0.0726707 4.368e-05
3.26247e+07 0.752821 0.529117 0.131045 4.27528e-05
3.2528e+07 0.859115 0.482349 0.238552 4.288e-05
3.19322e+07 0.781918 0.474799 0.0726707 4.368e-05
3.89887e+07 0.793201 0.599902 0.226559 3.57745e-05
3.5265e+07 0.843082 0.551558 0.178215 3.9552e-05
2.54125e+07 0.860451 0.343344 0.180997 5.48864e-05
3.35288e+07 0.847833 0.488222 0.21506 4.16e-05
3.1241e+07 0.848575 0.480649 0.178215 4.46464e-05
3.9127e+07 0.822298 0.545584 0.168184 3.5648e-05
3.44838e+07 0.800327 0.50411 0.237377 4.0448e-05
1.51517e+07 0.466746 0.658377 0.0814802 9.20554e-05
3.35288e+07 0.925178 0.482689 0.198554 4.16e-05
3.5265e+07 0.930968 0.533259 0.214813 3.9552e-05
4.23065e+07 0.809382 0.644962 0.168184 3.29689e-05
4.54036e+07 0.883462 0.622343 0.273728 3.072e-05
4.54036e+07 0.976841 0.606331 0.346924 3.072e-05
1.6212e+07 0.501781 0.566982 0.11661 8.60348e-05
3.5265e+07 0.787411 0.534866 0.203067 3.9552e-05
