2.15475e+07 0.617102 0.683022 0.154115 5.85155e-05
2.40262e+07 0.656758 0.610785 0.0577723 5.24786e-05
2.32714e+07 0.645659 0.56658 0.142665 5.41806e-05
2.40262e+07 0.656758 0.610785 0.0577723 5.24786e-05
2.84493e+07 0.710124 0.667947 0.171276 4.43196e-05
2.69208e+07 0.693782 0.572225 0.119776 4.6836e-05
2.84493e+07 0.710124 0.667947 0.171276 4.43196e-05
3.82518e+07 0.879426 0.546582 0.175061 3.29621e-05
2.84493e+07 0.710124 0.667947 0.171276 4.43196e-05
2.71947e+07 0.696972 0.544991 0.1047 4.63641e-05
3.96282e+07 0.792196 0.589279 0.160976 3.18173e-05
1.17218e+07 0.29564 0.696443 0.0617999 0.000107565
2.41164e+07 0.657995 0.631535 0.160976 5.22823e-05
1.07932e+07 0.23505 0.675724 0.0171696 0.00011682
3.23069e+07 0.7449 0.632335 0.255406 3.90275e-05
3.37907e+07 0.756129 0.612168 0.212476 3.73138e-05
3.82518e+07 0.879426 0.546582 0.175061 3.29621e-05
1.89149e+07 0.563736 0.671638 0.0635003 6.66595e-05
4.10436e+07 0.89033 0.598082 0.226561 3.072e-05
2.84493e+07 0.710124 0.667947 0.171276 4.43196e-05
2.77278e+07 0.702764 0.555006 0.0989722 4.54728e-05
2.2578e+07 0.634755 0.572302 0.119776 5.58446e-05
4.10436e+07 0.89033 0.598082 0.226561 3.072e-05
4.05684e+07 0.797028 0.591489 0.227077 3.10798e-05
1.86982e+07 0.558624 0.675931 0.0291613 6.74321e-05
2.41164e+07 0.657995 0.631535 0.160976 5.22823e-05
3.23358e+07 0.745226 0.560668 0.160976 3.89928e-05
3.3312e+07 0.766428 0.453654 0.130743 3.785e-05
2.18808e+07 0.622893 0.681592 0.142665 5.76241e-05
2.32714e+07 0.645659 0.56658 0.142665 5.41806e-05
3.68231e+07 0.818836 0.511734 0.123366 3.4241e-05
2.49092e+07 0.668899 0.625813 0.183865 5.06183e-05
4.10436e+07 0.844324 0.653862 0.185361 3.072e-05
2.96288e+07 0.721986 0.501435 0.119776 4.25553e-05
3.41132e+07 0.768956 0.530046 0.119776 3.69611e-05
2.84493e+07 0.710124 0.667947 0.171276 4.43196e-05
2.91852e+07 0.725529 0.439993 0.0989722 4.32021e-05
2.58167e+07 0.680761 0.516523 0.160976 4.88389e-05
1.20902e+07 0.317168 0.70071 0.0286111 0.000104288
2.74108e+07 0.69922 0.616447 0.119776 4.59986e-05
4.10436e+07 0.844324 0.653862 0.185361 3.072e-05
2.77278e+07 0.702764 0.555006 0.0989722 4.54728e-05
4.10436e+07 0.895442 0.59379 0.2609 3.072e-05
3.37907e+07 0.756129 0.612168 0.212476 3.73138e-05
1.69786e+07 0.513855 0.687557 0.121514 7.42618e-05
2.41164e+07 0.657995 0.631535 0.160976 5.22823e-05
