2.24112e+07 0.361342 0.822346 0.0343993 6.09584e-05
5.16598e+07 0.723396 0.765315 0.0314524 2.64451e-05
3.43461e+07 0.717231 0.599037 0.10587 3.9776e-05
5.2941e+07 0.730107 0.766809 0.055354 2.58051e-05
6.48025e+07 0.779559 0.802469 0.114915 2.10818e-05
3.37501e+07 0.576091 0.822346 0.0583008 4.04784e-05
6.48025e+07 0.779559 0.802469 0.114915 2.10818e-05
3.24072e+07 0.55923 0.6218 0.0343993 4.21557e-05
6.51516e+07 0.789788 0.751232 0.114915 2.09688e-05
4.77656e+07 0.700789 0.759025 0 2.86011e-05
2.25353e+07 0.364861 0.817419 0.0343993 6.06228e-05
2.09934e+07 0.318392 0.785676 0.0239015 6.50752e-05
3.79598e+07 0.623571 0.737795 0.0583008 3.59894e-05
2.21966e+07 0.355889 0.633749 0 6.15477e-05
2.21837e+07 0.354631 0.868655 0.0343993 6.15836e-05
6.48025e+07 0.779559 0.802469 0.114915 2.10818e-05
3.07985e+07 0.53549 0.792163 0.0343993 4.43577e-05
3.35694e+07 0.57412 0.752459 0.0239015 4.06963e-05
3.31379e+07 0.568328 0.797541 0.0910137 4.12261e-05
6.51516e+07 0.789788 0.751232 0.114915 2.09688e-05
5.36076e+07 0.733626 0.714079 0.0314524 2.54843e-05
3.02178e+07 0.527592 0.537169 0.161357 4.52101e-05
3.23832e+07 0.558098 0.848778 0.0910137 4.2187e-05
3.23832e+07 0.558098 0.848778 0.0910137 4.2187e-05
2.9811e+07 0.519929 0.835516 0 4.5827e-05
3.32248e+07 0.569381 0.820852 0.0343993 4.11184e-05
3.21932e+07 0.55595 0.690195 0.0343993 4.2436e-05
2.93695e+07 0.841928 0.503481 0.0314524 4.6516e-05
3.59499e+07 0.602218 0.763325 0.0595612 3.80015e-05
2.93039e+07 0.512711 0.547801 0.0819689 4.662e-05
3.08571e+07 0.627178 0.551285 0.0314524 4.42735e-05
2.29885e+07 0.377238 0.862365 0.0595612 5.94276e-05
6.28932e+07 0.772848 0.800975 0.0910137 2.17218e-05
2.64041e+07 0.895943 0.426867 0.0807085 5.174e-05
2.74697e+07 0.479873 0.605328 0.0568069 4.9733e-05
6.48025e+07 0.779559 0.802469 0.114915 2.10818e-05
3.08571e+07 0.627178 0.551285 0.0314524 4.42735e-05
3.43461e+07 0.694623 0.605328 0.0807085 3.9776e-05
3.12975e+07 0.54346 0.666471 0.0777616 4.36504e-05
5.87529e+07 0.756951 0.745854 0.0583008 2.32525e-05
3.23832e+07 0.558098 0.848778 0.0910137 4.2187e-05
3.22181e+07 0.556126 0.770842 0.0525903 4.24032e-05
3.23832e+07 0.558098 0.848778 0.0910137 4.2187e-05
3.28704e+07 0.564809 0.802469 0.0910137 4.15617e-05
4.81853e+07 0.837268 0.708956 0.136053 2.8352e-05
3.37501e+07 0.576091 0.822346 0.0583008 4.04784e-05
