1.87086e+07 0.471278 0.658884 0.0488391 7.25258e-05
4.38136e+07 0.798435 0.614726 0.0727447 3.09689e-05
3.37913e+07 0.773557 0.529911 0.200863 4.01541e-05
4.14914e+07 0.908483 0.63583 0.281945 3.27022e-05
4.38136e+07 0.863194 0.602021 0.176823 3.09689e-05
3.17757e+07 0.688863 0.732882 0.122837 4.27011e-05
3.49253e+07 0.874537 0.575387 0.201923 3.88504e-05
2.46555e+07 0.599016 0.643986 0.0488391 5.50328e-05
4.38136e+07 0.863194 0.602021 0.176823 3.09689e-05
4.29354e+07 0.769984 0.668851 0.0620982 3.16023e-05
1.88726e+07 0.475822 0.703936 0.0739383 7.18959e-05
1.97878e+07 0.49993 0.78318 0.0924975 6.85706e-05
3.29698e+07 0.700206 0.706249 0.147936 4.11546e-05
2.47296e+07 0.600427 0.610677 0.1613 5.4868e-05
1.88726e+07 0.475822 0.703936 0.0739383 7.18959e-05
4.38136e+07 0.863194 0.602021 0.176823 3.09689e-05
2.53684e+07 0.610359 0.617352 0.0739383 5.34863e-05
2.76457e+07 0.642246 0.757747 0.0990972 4.90804e-05
2.73583e+07 0.63881 0.599708 0.102825 4.95959e-05
4.38136e+07 0.863194 0.602021 0.176823 3.09689e-05
4.38136e+07 0.798435 0.614726 0.0727447 3.09689e-05
1.96944e+07 0.498035 0.600628 0.0488391 6.88959e-05
2.73583e+07 0.63881 0.599708 0.102825 4.95959e-05
2.73583e+07 0.63881 0.599708 0.102825 4.95959e-05
2.71307e+07 0.635446 0.755435 0.0620982 5.0012e-05
3.22401e+07 0.693407 0.703936 0.110937 4.20861e-05
2.80876e+07 0.702265 0.466249 0.122776 4.83081e-05
3.2393e+07 0.831991 0.484784 0.0727447 4.18874e-05
3.551e+07 0.721858 0.614801 0.104079 3.82107e-05
2.1693e+07 0.544628 0.482546 0.101766 6.25483e-05
3.03594e+07 0.706312 0.484607 0.160047 4.46933e-05
2.04119e+07 0.515615 0.588167 0.0921789 6.64739e-05
3.31265e+07 0.948301 0.599531 0.264125 4.096e-05
3.56429e+07 0.856957 0.585729 0.157524 3.80681e-05
2.04287e+07 0.516178 0.571682 0.108625 6.64193e-05
4.38136e+07 0.863194 0.602021 0.176823 3.09689e-05
2.63712e+07 0.625749 0.45815 0.0608449 5.14524e-05
3.70812e+07 0.733763 0.64568 0.182623 3.65916e-05
3.82263e+07 0.741764 0.66727 0.268731 3.54955e-05
4.41686e+07 0.823401 0.646298 0.122837 3.072e-05
2.73583e+07 0.63881 0.599708 0.102825 4.95959e-05
2.35825e+07 0.580849 0.614726 0.0357457 5.75366e-05
2.73583e+07 0.63881 0.599708 0.102825 4.95959e-05
2.78735e+07 0.645609 0.528022 0.102825 4.86793e-05
2.7882e+07 0.645609 0.597978 0.121325 4.86643e-05
3.17757e+07 0.688863 0.732882 0.122837 4.27011e-05
