3.29028e+07 0.73209 0.621573 0.153413 3.45056e-05
4.42107e+07 0.912124 0.572835 0.140785 2.568e-05
4.80258e+07 0.97114 0.621573 0.204998 2.364e-05
4.42107e+07 0.904405 0.608945 0.0891998 2.568e-05
4.80258e+07 0.97114 0.621573 0.204998 2.364e-05
3.69574e+07 0.978859 0.585463 0.256584 3.072e-05
4.80258e+07 0.97114 0.621573 0.204998 2.364e-05
3.29028e+07 0.73209 0.621573 0.153413 3.45056e-05
3.84389e+07 0.978187 0.553141 0.204998 2.9536e-05
4.42107e+07 0.912124 0.572835 0.140785 2.568e-05
3.37741e+07 0.739137 0.553141 0.153413 3.36154e-05
1.93894e+07 0.544834 0.683233 0.0773781 5.85542e-05
4.80258e+07 0.97114 0.621573 0.204998 2.364e-05
1.717e+07 0.485819 0.814507 0.103171 6.61229e-05
3.29028e+07 0.73209 0.621573 0.153413 3.45056e-05
4.80258e+07 0.97114 0.621573 0.204998 2.364e-05
3.29028e+07 0.73209 0.621573 0.153413 3.45056e-05
4.42107e+07 0.904405 0.608945 0.0891998 2.568e-05
3.37741e+07 0.739137 0.553141 0.153413 3.36154e-05
3.84389e+07 0.978187 0.553141 0.204998 2.9536e-05
3.94212e+07 0.911452 0.540514 0.0891998 2.88e-05
3.56803e+07 0.753231 0.476892 0.183827 3.18195e-05
3.29028e+07 0.73209 0.621573 0.153413 3.45056e-05
3.29028e+07 0.73209 0.621573 0.153413 3.45056e-05
4.42107e+07 0.904405 0.608945 0.0891998 2.568e-05
4.80258e+07 0.97114 0.621573 0.204998 2.364e-05
3.46929e+07 0.746184 0.484495 0.153413 3.27251e-05
4.42107e+07 0.904405 0.608945 0.0891998 2.568e-05
3.69574e+07 0.985906 0.517032 0.256584 3.072e-05
3.37741e+07 0.739137 0.553141 0.153413 3.36154e-05
2.6353e+07 0.665355 0.608945 0.0376144 4.30816e-05
3.29028e+07 0.73209 0.621573 0.153413 3.45056e-05
4.80258e+07 0.97114 0.621573 0.204998 2.364e-05
3.69574e+07 0.985234 0.484495 0.204998 3.072e-05
3.29028e+07 0.73209 0.621573 0.153413 3.45056e-05
4.80258e+07 0.97114 0.621573 0.204998 2.364e-05
2.6353e+07 0.665355 0.608945 0.0376144 4.30816e-05
4.80258e+07 0.97114 0.621573 0.204998 2.364e-05
1.69201e+07 0.4781 0.850617 0.0515854 6.70995e-05
4.80258e+07 0.97114 0.621573 0.204998 2.364e-05
3.29028e+07 0.73209 0.621573 0.153413 3.45056e-05
2.6353e+07 0.665355 0.608945 0.0376144 4.30816e-05
3.29028e+07 0.73209 0.621573 0.153413 3.45056e-05
3.29028e+07 0.73209 0.621573 0.153413 3.45056e-05
3.37587e+07 0.739137 0.472539 0.0900058 3.36307e-05
4.80258e+07 0.97114 0.621573 0.204998 2.364e-05
