1.96786e+07 0.562051 0.474151 0.0673529 6.77333e-05
3.10976e+07 0.723046 0.54068 0.0509608 4.28619e-05
3.89848e+07 0.779207 0.5599 0.287135 3.41903e-05
3.30803e+07 0.739632 0.571899 0.172007 4.02929e-05
3.50556e+07 0.754333 0.576072 0.169275 3.80225e-05
3.50556e+07 0.754333 0.576072 0.169275 3.80225e-05
3.66368e+07 0.764911 0.604106 0.239359 3.63814e-05
2.15017e+07 0.59914 0.575194 0.148736 6.19905e-05
3.50556e+07 0.754333 0.576072 0.169275 3.80225e-05
3.85623e+07 0.776721 0.57102 0.202429 3.45649e-05
2.20864e+07 0.609718 0.603228 0.218821 6.03494e-05
1.59415e+07 0.458948 0.715295 0.163097 8.3612e-05
4.48404e+07 0.808008 0.606413 0.320743 2.97254e-05
1.4348e+07 0.39886 0.712961 0.0509608 9.2898e-05
2.20864e+07 0.609718 0.603228 0.218821 6.03494e-05
4.24944e+07 0.797431 0.578379 0.250658 3.13665e-05
3.92835e+07 0.780782 0.603228 0.261325 3.39302e-05
3.30803e+07 0.739632 0.571899 0.172007 4.02929e-05
2.15017e+07 0.59914 0.575194 0.148736 6.19905e-05
3.50556e+07 0.754333 0.576072 0.169275 3.80225e-05
3.68145e+07 0.766143 0.542986 0.132344 3.62059e-05
2.00518e+07 0.570339 0.433129 0.0673529 6.64727e-05
2.15017e+07 0.59914 0.575194 0.148736 6.19905e-05
1.94169e+07 0.556042 0.572887 0.0673529 6.86465e-05
5.41038e+07 0.904688 0.568714 0.16355 2.4636e-05
4.34829e+07 0.801999 0.603228 0.269782 3.06534e-05
2.20864e+07 0.609718 0.603228 0.218821 6.03494e-05
3.27582e+07 0.737343 0.400922 0.0509608 4.0689e-05
3.42204e+07 0.748324 0.572887 0.118314 3.89505e-05
2.03357e+07 0.576348 0.429944 0.115129 6.55447e-05
1.89373e+07 0.545061 0.400922 0 7.0385e-05
3.92835e+07 0.780782 0.603228 0.261325 3.39302e-05
3.42204e+07 0.748324 0.572887 0.118314 3.89505e-05
3.71984e+07 0.76863 0.531866 0.21705 3.58322e-05
2.08582e+07 0.586926 0.457978 0.185214 6.39028e-05
5.65939e+07 0.925398 0.576072 0.211779 2.3552e-05
2.14682e+07 0.598736 0.431262 0.151468 6.20871e-05
4.33887e+07 0.822305 0.562206 0.368519 3.072e-05
1.44954e+07 0.404869 0.811698 0.149697 9.19534e-05
3.50556e+07 0.754333 0.576072 0.169275 3.80225e-05
1.94169e+07 0.556042 0.572887 0.0673529 6.86465e-05
3.37591e+07 0.744926 0.542986 0.123888 3.94827e-05
2.15017e+07 0.59914 0.575194 0.148736 6.19905e-05
2.18232e+07 0.605149 0.476457 0.148736 6.10773e-05
1.9683e+07 0.562051 0.570471 0.0928333 6.77185e-05
5.87077e+07 0.975126 0.587165 0.337094 2.2704e-05
