3.99662e+07 0.81051 0.576417 0.096863 3.20133e-05
3.49935e+07 0.758201 0.589193 0.0261856 3.65625e-05
2.83942e+07 0.854518 0.425465 0.096863 4.50603e-05
3.49935e+07 0.758201 0.589193 0.0261856 3.65625e-05
3.31808e+07 0.908432 0.533497 0.126351 3.856e-05
3.99662e+07 0.81051 0.576417 0.096863 3.20133e-05
3.99662e+07 0.81051 0.576417 0.096863 3.20133e-05
4.16488e+07 0.85807 0.598073 0.173345 3.072e-05
3.99662e+07 0.81051 0.576417 0.096863 3.20133e-05
4.15428e+07 0.805761 0.61085 0.102668 3.07984e-05
4.16488e+07 0.85807 0.598073 0.173345 3.072e-05
1.70237e+07 0.502098 0.647399 0.0785778 7.5157e-05
4.16488e+07 0.85807 0.598073 0.173345 3.072e-05
1.5304e+07 0.446238 0.624731 0 8.36026e-05
4.16488e+07 0.85807 0.598073 0.173345 3.072e-05
4.16488e+07 0.85807 0.598073 0.173345 3.072e-05
4.16488e+07 0.85807 0.598073 0.173345 3.072e-05
3.49935e+07 0.758201 0.589193 0.0261856 3.65625e-05
4.16488e+07 0.85807 0.598073 0.173345 3.072e-05
3.99662e+07 0.81051 0.576417 0.096863 3.20133e-05
4.15428e+07 0.805761 0.61085 0.102668 3.07984e-05
2.83942e+07 0.854518 0.425465 0.096863 4.50603e-05
4.16488e+07 0.85807 0.598073 0.173345 3.072e-05
3.99662e+07 0.81051 0.576417 0.096863 3.20133e-05
3.49935e+07 0.758201 0.589193 0.0261856 3.65625e-05
3.31808e+07 0.955992 0.555154 0.202833 3.856e-05
4.16488e+07 0.85807 0.598073 0.173345 3.072e-05
2.96146e+07 0.80221 0.438242 0.0261856 4.32033e-05
3.99662e+07 0.81051 0.576417 0.096863 3.20133e-05
2.83942e+07 0.854518 0.425465 0.096863 4.50603e-05
2.96146e+07 0.80221 0.438242 0.0261856 4.32033e-05
4.16488e+07 0.85807 0.598073 0.173345 3.072e-05
3.99662e+07 0.81051 0.576417 0.096863 3.20133e-05
2.83942e+07 0.854518 0.425465 0.096863 4.50603e-05
2.83942e+07 0.854518 0.425465 0.096863 4.50603e-05
3.99662e+07 0.81051 0.576417 0.096863 3.20133e-05
3.12366e+07 0.947692 0.509431 0.178382 4.096e-05
3.02805e+07 0.902078 0.447122 0.173345 4.22533e-05
1.85883e+07 0.54416 0.674264 0.0757142 6.88308e-05
3.99662e+07 0.81051 0.576417 0.096863 3.20133e-05
3.99662e+07 0.81051 0.576417 0.096863 3.20133e-05
4.15428e+07 0.805761 0.61085 0.102668 3.07984e-05
4.16488e+07 0.85807 0.598073 0.173345 3.072e-05
4.16488e+07 0.85807 0.598073 0.173345 3.072e-05
1.43286e+07 0.40828 0.670842 0.0319168 8.92935e-05
4.16488e+07 0.85807 0.598073 0.173345 3.072e-05
