3.74579e+07 0.833333 0.388889 0.333333 6.4072e-07
6.25e+06 0 1 0 3.84e-06
3.74579e+07 0.833333 0.388889 0.333333 6.4072e-07
2.72504e+07 0.770833 0.222222 0 8.8072e-07
6.66578e+06 0.0625 0.5 0 3.60048e-06
3.74579e+07 0.833333 0.388889 0.333333 6.4072e-07
7.5e+07 0.958333 0.388889 0.388889 3.2e-07
5.98563e+07 0.895833 0.111111 0 4.0096e-07
2.72504e+07 0.770833 0.222222 0 8.8072e-07
3.74579e+07 0.833333 0.388889 0.333333 6.4072e-07
2.72504e+07 0.770833 0.222222 0 8.8072e-07
5.98563e+07 0.895833 0.111111 0 4.0096e-07
4.995e+07 0.875 0.555556 0.555556 4.8048e-07
5.98563e+07 0.895833 0.111111 0 4.0096e-07
2.72504e+07 0.770833 0.222222 0 8.8072e-07
2.72504e+07 0.770833 0.222222 0 8.8072e-07
6.25e+06 0 1 0 3.84e-06
3.74579e+07 0.833333 0.388889 0.333333 6.4072e-07
3.74579e+07 0.833333 0.388889 0.333333 6.4072e-07
5.98563e+07 0.895833 0.111111 0 4.0096e-07
7.5e+07 0.958333 0.388889 0.388889 3.2e-07
2.72504e+07 0.770833 0.222222 0 8.8072e-07
2.72504e+07 0.770833 0.222222 0 8.8072e-07
