3.19977e+06 0.172185 0.388889 0.111111 1.00007e-05
2.64901e+06 0 1 0 1.208e-05
2.42358e+07 0.890728 0.611111 0.222222 1.32036e-06
3.0188e+06 0.122517 0.722222 0 1.06002e-05
2.78734e+06 0.0496689 0.444444 0 1.14805e-05
3.9988e+07 0.933775 0.722222 0.444444 8.0024e-07
6.95652e+07 0.97351 0.777778 0.555556 4.6e-07
6.95652e+07 0.993377 0.388889 0.388889 4.6e-07
5.70288e+07 0.953642 0.222222 0.222222 5.6112e-07
3.04172e+06 0.129139 0.722222 0.111111 1.05204e-05
3.17441e+06 0.165563 0.388889 0 1.00806e-05
3.47464e+07 0.923841 0.222222 0 9.2096e-07
2.42358e+07 0.890728 0.611111 0.222222 1.32036e-06
3.16191e+06 0.162252 0.555556 0 1.01205e-05
3.0188e+06 0.122517 0.722222 0 1.06002e-05
2.28454e+07 0.884106 0.388889 0 1.40072e-06
1.11099e+07 0.761589 0.666667 0 2.88032e-06
2.42358e+07 0.890728 0.611111 0.222222 1.32036e-06
2.42358e+07 0.890728 0.611111 0.222222 1.32036e-06
3.16191e+06 0.162252 0.555556 0 1.01205e-05
3.8068e+07 0.930464 0.444444 0.222222 8.406e-07
2.28454e+07 0.884106 0.388889 0 1.40072e-06
2.28454e+07 0.884106 0.388889 0 1.40072e-06
