3.29194e+06 0.176271 0.421053 0.157895 9.72072e-06
2.71186e+06 0 1 0 1.18e-05
3.8068e+07 0.928814 0.473684 0.263158 8.406e-07
3.1007e+06 0.125424 0.684211 0 1.03202e-05
2.85696e+06 0.0508475 0.421053 0 1.12007e-05
6.95652e+07 0.972881 0.789474 0.578947 4.6e-07
6.15101e+07 0.955932 0.736842 0.473684 5.2024e-07
6.95652e+07 0.976271 0.210526 0.210526 4.6e-07
6.95652e+07 0.99322 0.368421 0.368421 4.6e-07
3.12489e+06 0.132203 0.736842 0.157895 1.02404e-05
3.26511e+06 0.169492 0.368421 0 9.8006e-06
2.85531e+07 0.905085 0.368421 0 1.12072e-06
3.07586e+07 0.911864 0.631579 0.263158 1.04036e-06
3.1007e+06 0.125424 0.684211 0 1.03202e-05
3.1007e+06 0.125424 0.684211 0 1.03202e-05
2.85531e+07 0.905085 0.368421 0 1.12072e-06
1.23062e+07 0.779661 0.684211 0 2.60032e-06
3.8068e+07 0.928814 0.473684 0.263158 8.406e-07
3.8068e+07 0.928814 0.473684 0.263158 8.406e-07
3.1007e+06 0.125424 0.684211 0 1.03202e-05
3.07586e+07 0.911864 0.631579 0.263158 1.04036e-06
2.85531e+07 0.905085 0.368421 0 1.12072e-06
2.85531e+07 0.905085 0.368421 0 1.12072e-06
