571404 0.129353 0.375 0.1875 1.40006e-05
497512 0 1 0 1.608e-05
1.15942e+07 0.967662 0.375 0.25 6.9e-07
547936 0.0920398 0.625 0 1.46002e-05
516776 0.0373134 0.375 0 1.54806e-05
1.15942e+07 1 0.75 0.625 6.9e-07
1.15942e+07 0.987562 0.6875 0.5 6.9e-07
1.15942e+07 0.982587 0.4375 0.25 6.9e-07
1.15942e+07 0.995025 0.5 0.375 6.9e-07
550955 0.0970149 0.75 0.1875 1.45202e-05
568158 0.124378 0.25 0 1.40806e-05
9.99251e+06 0.950249 0.3125 0 8.006e-07
1.11056e+07 0.955224 0.5625 0.25 7.2036e-07
547936 0.0920398 0.625 0 1.46002e-05
547936 0.0920398 0.625 0 1.46002e-05
9.99251e+06 0.950249 0.3125 0 8.006e-07
3.5084e+06 0.858209 0.6875 0 2.28024e-06
1.15942e+07 0.967662 0.375 0.25 6.9e-07
1.15942e+07 0.967662 0.375 0.25 6.9e-07
547936 0.0920398 0.625 0 1.46002e-05
1.11056e+07 0.955224 0.5625 0.25 7.2036e-07
9.99251e+06 0.950249 0.3125 0 8.006e-07
9.99251e+06 0.950249 0.3125 0 8.006e-07
