826385 0.176871 0.214286 0.142857 9.68072e-06
680272 0 1 0 1.176e-05
7.99712e+06 0.914966 0.5 0.285714 1.00036e-06
778192 0.12585 0.642857 0 1.02802e-05
716815 0.0510204 0.285714 0 1.11605e-05
1.66583e+07 0.959184 0.642857 0.571429 4.8024e-07
1.73913e+07 1 0.714286 0.714286 4.6e-07
1.73913e+07 0.993197 0.428571 0.428571 4.6e-07
1.42704e+07 0.952381 0.357143 0.285714 5.606e-07
784286 0.132653 0.642857 0.142857 1.02004e-05
819622 0.170068 0.214286 0 9.7606e-06
1.3312e+07 0.94898 0 0 6.0096e-07
7.99712e+06 0.914966 0.5 0.285714 1.00036e-06
816287 0.166667 0.428571 0 9.80048e-06
778192 0.12585 0.642857 0 1.02802e-05
7.40247e+06 0.908163 0.214286 0 1.08072e-06
3.12461e+06 0.782313 0.571429 0 2.56032e-06
7.99712e+06 0.914966 0.5 0.285714 1.00036e-06
7.99712e+06 0.914966 0.5 0.285714 1.00036e-06
816287 0.166667 0.428571 0 9.80048e-06
1.53669e+07 0.955782 0.285714 0.285714 5.206e-07
7.40247e+06 0.908163 0.214286 0 1.08072e-06
7.40247e+06 0.908163 0.214286 0 1.08072e-06
