1.57473e+06 0.23494 0.5 0.25 5.08024e-06
1.20482e+06 0 1 0 6.64e-06
1.66583e+07 0.927711 0.5 0.375 4.8024e-07
1.55032e+06 0.222892 0.375 0 5.16024e-06
1.21948e+06 0.0120482 0.625 0 6.56016e-06
1.66583e+07 0.927711 0.5 0.375 4.8024e-07
3.33333e+07 1 0.5 0.5 2.4e-07
3.33333e+07 0.987952 0.125 0.125 2.4e-07
1.42735e+07 0.915663 0.125 0 5.6048e-07
1.57473e+06 0.23494 0.5 0.25 5.08024e-06
1.55032e+06 0.222892 0.375 0 5.16024e-06
3.33333e+07 0.987952 0.125 0.125 2.4e-07
1.66583e+07 0.927711 0.5 0.375 4.8024e-07
1.70923e+06 0.295181 0.125 0 4.68048e-06
1.55032e+06 0.222892 0.375 0 5.16024e-06
1.42735e+07 0.915663 0.125 0 5.6048e-07
3.92141e+06 0.692771 0.75 0 2.04008e-06
1.66583e+07 0.927711 0.5 0.375 4.8024e-07
1.66583e+07 0.927711 0.5 0.375 4.8024e-07
1.70923e+06 0.295181 0.125 0 4.68048e-06
3.33333e+07 1 0.5 0.5 2.4e-07
1.42735e+07 0.915663 0.125 0 5.6048e-07
1.42735e+07 0.915663 0.125 0 5.6048e-07
