851042 0.142336 0.6 0.3 9.40024e-06
729927 0 1 0 1.096e-05
1.73913e+07 1 0.6 0.5 4.6e-07
843860 0.135036 0.4 0 9.48024e-06
735278 0.00729927 0.6 0 1.08802e-05
1.73913e+07 1 0.6 0.5 4.6e-07
1.73913e+07 0.981752 0.6 0.4 4.6e-07
1.73913e+07 0.974453 0.2 0 4.6e-07
1.73913e+07 0.992701 0.2 0.1 4.6e-07
851042 0.142336 0.6 0.3 9.40024e-06
843860 0.135036 0.4 0 9.48024e-06
1.73913e+07 0.974453 0.2 0 4.6e-07
1.73913e+07 0.981752 0.6 0.4 4.6e-07
843860 0.135036 0.4 0 9.48024e-06
843860 0.135036 0.4 0 9.48024e-06
1.73913e+07 0.974453 0.2 0 4.6e-07
4.54525e+06 0.839416 0.8 0 1.76008e-06
1.73913e+07 1 0.6 0.5 4.6e-07
1.73913e+07 1 0.6 0.5 4.6e-07
843860 0.135036 0.4 0 9.48024e-06
1.73913e+07 0.981752 0.6 0.4 4.6e-07
1.73913e+07 0.974453 0.2 0 4.6e-07
1.73913e+07 0.974453 0.2 0 4.6e-07
