4.07914e+06 0.109091 0.407407 0 1.9612e-06
5.12742e+06 0.290909 0.777778 0 1.56024e-06
8.31878e+06 0.563636 0.259259 0.111111 9.6168e-07
3.63636e+06 0 1 0 2.2e-06
4.07914e+06 0.109091 0.407407 0 1.9612e-06
8.31878e+06 0.563636 0.259259 0.111111 9.6168e-07
4.07914e+06 0.109091 0.407407 0 1.9612e-06
3.63636e+06 0 1 0 2.2e-06
6.66445e+06 0.454545 0.62963 0 1.2004e-06
4.07914e+06 0.109091 0.407407 0 1.9612e-06
3.63636e+06 0 1 0 2.2e-06
3.63636e+06 0 1 0 2.2e-06
4.07914e+06 0.109091 0.407407 0 1.9612e-06
3.63636e+06 0 1 0 2.2e-06
3.63636e+06 0 1 0 2.2e-06
3.63636e+06 0 1 0 2.2e-06
3.63636e+06 0 1 0 2.2e-06
8.31878e+06 0.563636 0.259259 0.111111 9.6168e-07
8.31878e+06 0.563636 0.259259 0.111111 9.6168e-07
3.63636e+06 0 1 0 2.2e-06
4.07914e+06 0.109091 0.407407 0 1.9612e-06
3.63636e+06 0 1 0 2.2e-06
3.63636e+06 0 1 0 2.2e-06
