331670 0.0607477 0.677419 0.0967742 2.41204e-05
330577 0.0576324 0.870968 0 2.42001e-05
414063 0.247664 0.483871 0.16129 1.93207e-05
524918 0.406542 0.580645 0 1.52405e-05
312498 0.00311526 0.774194 0 2.56002e-05
414063 0.247664 0.483871 0.16129 1.93207e-05
409821 0.239875 0.483871 0.0967742 1.95207e-05
408151 0.23676 0.516129 0 1.96006e-05
412358 0.244548 0.516129 0.0645161 1.94006e-05
527684 0.409657 0.548387 0.0967742 1.51606e-05
330575 0.0576324 0.709677 0 2.42002e-05
408151 0.23676 0.516129 0 1.96006e-05
409821 0.239875 0.483871 0.0967742 1.95207e-05
1.44915e+06 0.785047 0.580645 0.129032 5.52048e-06
1.44915e+06 0.785047 0.580645 0.129032 5.52048e-06
8.68772e+06 0.964174 0.387097 0.129032 9.2084e-07
3.33306e+06 0.906542 0.677419 0.129032 2.4002e-06
414063 0.247664 0.483871 0.16129 1.93207e-05
414063 0.247664 0.483871 0.16129 1.93207e-05
581375 0.464174 0.580645 0.0645161 1.37605e-05
409821 0.239875 0.483871 0.0967742 1.95207e-05
408151 0.23676 0.516129 0 1.96006e-05
416648 0.252336 0.387097 0 1.92008e-05
