869520 0.157509 0.7 0.3 9.20048e-06
732601 0 1 0 1.092e-05
1.73877e+06 0.578755 0.45 0.3 4.60096e-06
847415 0.135531 0.55 0 9.44048e-06
1.28195e+06 0.428571 0.55 0.15 6.24048e-06
1.73877e+06 0.578755 0.45 0.3 4.60096e-06
1.73877e+06 0.578755 0.45 0.3 4.60096e-06
1.65256e+06 0.556777 0.3 0 4.84096e-06
1.65256e+06 0.556777 0.3 0 4.84096e-06
869520 0.157509 0.7 0.3 9.20048e-06
1.59962e+06 0.542125 0.25 0 5.0012e-06
1.65256e+06 0.556777 0.3 0 4.84096e-06
3.33333e+07 1 0.8 0.8 2.4e-07
847415 0.135531 0.55 0 9.44048e-06
847415 0.135531 0.55 0 9.44048e-06
1.65256e+06 0.556777 0.3 0 4.84096e-06
1.26576e+06 0.421245 0.75 0 6.32032e-06
1.73877e+06 0.578755 0.45 0.3 4.60096e-06
2.5e+07 0.985348 0.45 0.45 3.2e-07
847415 0.135531 0.55 0 9.44048e-06
1.73877e+06 0.578755 0.45 0.3 4.60096e-06
1.99045e+07 0.96337 0 0 4.0192e-07
1.65256e+06 0.556777 0.3 0 4.84096e-06
