1.36984e+06 0.0626003 0.642857 0.214286 2.33604e-05
1.28411e+06 0 1 0 2.492e-05
1.36984e+06 0.0626003 0.642857 0.214286 2.33604e-05
6.25e+07 0.99679 0.142857 0.142857 5.12e-07
1.28823e+06 0.00321027 0.642857 0 2.48404e-05
1.36984e+06 0.0626003 0.642857 0.214286 2.33604e-05
1.36984e+06 0.0626003 0.642857 0.214286 2.33604e-05
1.36517e+06 0.05939 0.571429 0 2.34402e-05
1.36517e+06 0.05939 0.571429 0 2.34402e-05
6.25e+07 1 0.5 0.5 5.12e-07
1.36517e+06 0.05939 0.571429 0 2.34402e-05
1.36517e+06 0.05939 0.571429 0 2.34402e-05
1.36984e+06 0.0626003 0.642857 0.214286 2.33604e-05
2.20987e+06 0.418941 0.428571 0 1.44805e-05
7.54575e+06 0.829856 0.142857 0.0714286 4.2408e-06
2.20987e+06 0.418941 0.428571 0 1.44805e-05
2.005e+06 0.359551 0.857143 0 1.59601e-05
1.36984e+06 0.0626003 0.642857 0.214286 2.33604e-05
1.36984e+06 0.0626003 0.642857 0.214286 2.33604e-05
2.20987e+06 0.418941 0.428571 0 1.44805e-05
1.36984e+06 0.0626003 0.642857 0.214286 2.33604e-05
1.36517e+06 0.05939 0.571429 0 2.34402e-05
1.36517e+06 0.05939 0.571429 0 2.34402e-05
