1.06378e+06 0.179039 0.6875 0.25 7.52036e-06
873362 0 1 0 9.16e-06
2.9404e+06 0.703057 0.5 0.3125 2.72072e-06
1.04162e+06 0.161572 0.5625 0 7.68036e-06
888857 0.0174672 0.625 0 9.00032e-06
2.9404e+06 0.703057 0.5 0.3125 2.72072e-06
3.27788e+06 0.733624 0.5625 0.3125 2.4406e-06
3.07593e+06 0.716157 0.3125 0 2.60084e-06
2.77708e+06 0.68559 0.375 0.0625 2.88072e-06
1.06378e+06 0.179039 0.6875 0.25 7.52036e-06
1.04162e+06 0.161572 0.5625 0 7.68036e-06
1.33067e+07 0.934498 0.125 0.0625 6.012e-07
2.73916e+06 0.681223 0.5625 0.25 2.9206e-06
1.11102e+06 0.213974 0.4375 0 7.2006e-06
1.04162e+06 0.161572 0.5625 0 7.68036e-06
2.5969e+06 0.663755 0.4375 0 3.0806e-06
2.59723e+06 0.663755 0.6875 0 3.0802e-06
2.9404e+06 0.703057 0.5 0.3125 2.72072e-06
2.9404e+06 0.703057 0.5 0.3125 2.72072e-06
1.11102e+06 0.213974 0.4375 0 7.2006e-06
3.27788e+06 0.733624 0.5625 0.3125 2.4406e-06
4.997e+06 0.825328 0.25 0 1.60096e-06
4.997e+06 0.825328 0.25 0 1.60096e-06
