3.92042e+06 0.635714 0.52459 0.327869 2.0406e-06
1.94163e+06 0.264286 0.672131 0 4.12024e-06
2.08307e+06 0.314286 0.606557 0.196721 3.84048e-06
1.94163e+06 0.264286 0.606557 0 4.12024e-06
4.76088e+06 0.7 0.721311 0.393443 1.68036e-06
2.40912e+06 0.407143 0.459016 0.196721 3.32072e-06
2.27242e+06 0.371429 0.590164 0.196721 3.52048e-06
2.22193e+06 0.357143 0.459016 0 3.60048e-06
2.35244e+06 0.392857 0.327869 0 3.40072e-06
1.98008e+06 0.278571 0.737705 0.196721 4.04024e-06
2.85103e+07 0.95 0.459016 0.327869 2.806e-07
1.94163e+06 0.264286 0.606557 0 4.12024e-06
3.12471e+06 0.542857 0.737705 0.262295 2.56024e-06
1.94163e+06 0.264286 0.606557 0 4.12024e-06
1.94163e+06 0.264286 0.606557 0 4.12024e-06
1.94163e+06 0.264286 0.606557 0 4.12024e-06
1.42857e+06 0 1 0 5.6e-06
2.08307e+06 0.314286 0.606557 0.196721 3.84048e-06
3.38914e+06 0.578571 0.606557 0.262295 2.36048e-06
1.94163e+06 0.264286 0.606557 0 4.12024e-06
1.98008e+06 0.278571 0.737705 0.196721 4.04024e-06
3.02975e+06 0.528571 0.47541 0 2.64048e-06
1.94163e+06 0.264286 0.606557 0 4.12024e-06
