349631 0.0137931 0.304348 0 2.28813e-05
344828 0 1 0 2.32e-05
1.7852e+06 0.806897 0.304348 0.173913 4.48128e-06
344828 0 1 0 2.32e-05
349631 0.0137931 0.304348 0 2.28813e-05
1.7852e+06 0.806897 0.304348 0.173913 4.48128e-06
1.7852e+06 0.806897 0.304348 0.173913 4.48128e-06
1.7852e+06 0.806897 0.391304 0.0869565 4.48128e-06
1.7852e+06 0.806897 0.391304 0.0869565 4.48128e-06
349631 0.0137931 0.304348 0 2.28813e-05
344828 0 1 0 2.32e-05
1.66656e+06 0.793103 0.652174 0 4.80032e-06
1.7852e+06 0.806897 0.304348 0.173913 4.48128e-06
344828 0 1 0 2.32e-05
344828 0 1 0 2.32e-05
1.66656e+06 0.793103 0.652174 0 4.80032e-06
1.66656e+06 0.793103 0.652174 0 4.80032e-06
1.7852e+06 0.806897 0.304348 0.173913 4.48128e-06
1.7852e+06 0.806897 0.304348 0.173913 4.48128e-06
344828 0 1 0 2.32e-05
1.7852e+06 0.806897 0.304348 0.173913 4.48128e-06
1.66656e+06 0.793103 0.652174 0 4.80032e-06
1.66656e+06 0.793103 0.652174 0 4.80032e-06
