943356 0.155378 0.473684 0.157895 8.48036e-06
796813 0 1 0 1.004e-05
943356 0.155378 0.473684 0.157895 8.48036e-06
934553 0.14741 0.526316 0 8.56024e-06
803198 0.00796813 0.631579 0 9.96018e-06
943356 0.155378 0.473684 0.157895 8.48036e-06
943356 0.155378 0.473684 0.157895 8.48036e-06
934553 0.14741 0.526316 0 8.56024e-06
934553 0.14741 0.526316 0 8.56024e-06
943356 0.155378 0.473684 0.157895 8.48036e-06
934553 0.14741 0.526316 0 8.56024e-06
934553 0.14741 0.526316 0 8.56024e-06
943356 0.155378 0.473684 0.157895 8.48036e-06
1.94175e+07 0.968127 0.315789 0 4.12e-07
1.94175e+07 0.968127 0.315789 0 4.12e-07
1.94175e+07 0.968127 0.315789 0 4.12e-07
4.44425e+06 0.820717 0.789474 0 1.80008e-06
943356 0.155378 0.473684 0.157895 8.48036e-06
943356 0.155378 0.473684 0.157895 8.48036e-06
934553 0.14741 0.526316 0 8.56024e-06
943356 0.155378 0.473684 0.157895 8.48036e-06
934553 0.14741 0.526316 0 8.56024e-06
934553 0.14741 0.526316 0 8.56024e-06
