694430 0.119266 0.6 0.2 1.15202e-05
689650 0.11315 0.8 0 1.16001e-05
694430 0.119266 0.6 0.2 1.15202e-05
3.02975e+06 0.798165 0.3 0 2.64048e-06
615377 0.00611621 0.7 0 1.30002e-05
694430 0.119266 0.6 0.2 1.15202e-05
724606 0.155963 0.4 0.2 1.10405e-05
719393 0.149847 0.3 0 1.11205e-05
689641 0.11315 0.5 0 1.16002e-05
3.12441e+06 0.804281 0.4 0.2 2.56048e-06
689641 0.11315 0.5 0 1.16002e-05
719393 0.149847 0.3 0 1.11205e-05
694430 0.119266 0.6 0.2 1.15202e-05
1.17564e+07 0.948012 0.3 0.2 6.8048e-07
6.8937e+06 0.911315 0.3 0.1 1.16048e-06
6.8937e+06 0.911315 0.3 0.1 1.16048e-06
3.03021e+06 0.798165 0.8 0.1 2.64008e-06
694430 0.119266 0.6 0.2 1.15202e-05
694430 0.119266 0.6 0.2 1.15202e-05
1.78571e+07 0.993884 0.3 0.3 4.48e-07
766248 0.201835 0.4 0.3 1.04405e-05
727241 0.159021 0.3 0 1.10005e-05
689641 0.11315 0.5 0 1.16002e-05
