1.282e+06 0.2 0.6 0.2 6.24024e-06
1.25785e+06 0.184615 0.8 0 6.36008e-06
5.5537e+06 0.815385 0.4 0.3 1.44048e-06
1.26577e+06 0.189744 0.5 0 6.32024e-06
1.03625e+06 0.0102564 0.7 0 7.72016e-06
5.5537e+06 0.815385 0.4 0.3 1.44048e-06
4.87662e+06 0.789744 0.4 0.2 1.64048e-06
4.64987e+06 0.779487 0.3 0 1.72048e-06
5.2615e+06 0.805128 0.3 0.1 1.52048e-06
1.282e+06 0.2 0.6 0.2 6.24024e-06
1.26577e+06 0.189744 0.5 0 6.32024e-06
4.64987e+06 0.779487 0.3 0 1.72048e-06
4.87662e+06 0.789744 0.4 0.2 1.64048e-06
1.26577e+06 0.189744 0.5 0 6.32024e-06
1.26577e+06 0.189744 0.5 0 6.32024e-06
4.64987e+06 0.779487 0.3 0 1.72048e-06
2.49994e+06 0.589744 0.8 0 3.20008e-06
3.33333e+07 1 0.6 0.5 2.4e-07
5.5537e+06 0.815385 0.4 0.3 1.44048e-06
1.26577e+06 0.189744 0.5 0 6.32024e-06
4.87662e+06 0.789744 0.4 0.2 1.64048e-06
4.64987e+06 0.779487 0.3 0 1.72048e-06
4.64987e+06 0.779487 0.3 0 1.72048e-06
