1.02038e+06 0.165957 0.777778 0.111111 7.84024e-06
851064 0 1 0 9.4e-06
2.63106e+06 0.676596 0.611111 0.166667 3.0406e-06
1.01007e+06 0.157447 0.722222 0 7.92024e-06
892825 0.0468085 0.722222 0 8.96032e-06
2.63106e+06 0.676596 0.611111 0.166667 3.0406e-06
2.46895e+06 0.655319 0.777778 0.166667 3.24024e-06
2.40929e+06 0.646809 0.611111 0 3.32048e-06
2.56341e+06 0.668085 0.444444 0 3.12084e-06
1.02038e+06 0.165957 0.777778 0.111111 7.84024e-06
1.05813e+06 0.195745 0.611111 0 7.56048e-06
4.34584e+06 0.804255 0.444444 0 1.84084e-06
2.5969e+06 0.67234 0.555556 0.166667 3.0806e-06
1.01007e+06 0.157447 0.722222 0 7.92024e-06
1.01007e+06 0.157447 0.722222 0 7.92024e-06
2.40929e+06 0.646809 0.611111 0 3.32048e-06
2.40949e+06 0.646809 0.722222 0 3.3202e-06
2.63106e+06 0.676596 0.611111 0.166667 3.0406e-06
2.63106e+06 0.676596 0.611111 0.166667 3.0406e-06
1.01007e+06 0.157447 0.722222 0 7.92024e-06
2.46895e+06 0.655319 0.777778 0.166667 3.24024e-06
4.34584e+06 0.804255 0.444444 0 1.84084e-06
7.68256e+06 0.889362 0.166667 0 1.04132e-06
