1.44921e+06 0.220339 0.636364 0.272727 5.52024e-06
1.12994e+06 0 1 0 7.08e-06
3.33333e+07 1 0.636364 0.545455 2.4e-07
1.42851e+06 0.20904 0.454545 0 5.60024e-06
1.14282e+06 0.0112994 0.636364 0 7.00024e-06
1.11037e+07 0.898305 0.454545 0.363636 7.2048e-07
8.69112e+06 0.870056 0.454545 0.272727 9.2048e-07
7.99616e+06 0.858757 0.272727 0 1.00048e-06
9.994e+06 0.887006 0.272727 0.0909091 8.0048e-07
1.44921e+06 0.220339 0.636364 0.272727 5.52024e-06
1.42851e+06 0.20904 0.454545 0 5.60024e-06
7.99616e+06 0.858757 0.272727 0 1.00048e-06
8.69112e+06 0.870056 0.454545 0.272727 9.2048e-07
1.42851e+06 0.20904 0.454545 0 5.60024e-06
1.42851e+06 0.20904 0.454545 0 5.60024e-06
7.99616e+06 0.858757 0.272727 0 1.00048e-06
3.2257e+06 0.649718 0.818182 0 2.48008e-06
1.11037e+07 0.898305 0.454545 0.363636 7.2048e-07
1.11037e+07 0.898305 0.454545 0.363636 7.2048e-07
1.42851e+06 0.20904 0.454545 0 5.60024e-06
8.69112e+06 0.870056 0.454545 0.272727 9.2048e-07
7.99616e+06 0.858757 0.272727 0 1.00048e-06
7.99616e+06 0.858757 0.272727 0 1.00048e-06
