1.39128e+06 0.0635179 0.761905 0.0952381 2.30004e-05
1.30293e+06 0 1 0 2.456e-05
1.39128e+06 0.0635179 0.761905 0.0952381 2.30004e-05
6.25e+07 0.990228 0.285714 0.0952381 5.12e-07
1.30718e+06 0.00325733 0.809524 0 2.44802e-05
1.39128e+06 0.0635179 0.761905 0.0952381 2.30004e-05
1.39128e+06 0.0635179 0.761905 0.0952381 2.30004e-05
1.38647e+06 0.0602606 0.761905 0 2.30802e-05
1.38647e+06 0.0602606 0.761905 0 2.30802e-05
1.37917e+07 0.905537 0.761905 0.285714 2.32024e-06
1.38647e+06 0.0602606 0.761905 0 2.30802e-05
1.38647e+06 0.0602606 0.761905 0 2.30802e-05
1.40098e+06 0.0700326 0.428571 0.0952381 2.28411e-05
2.26621e+06 0.425081 0.666667 0 1.41205e-05
8.24615e+06 0.84202 0.571429 0.047619 3.8806e-06
2.26621e+06 0.425081 0.666667 0 1.41205e-05
2.05127e+06 0.364821 0.904762 0 1.56001e-05
1.39128e+06 0.0635179 0.761905 0.0952381 2.30004e-05
1.39128e+06 0.0635179 0.761905 0.0952381 2.30004e-05
2.26621e+06 0.425081 0.666667 0 1.41205e-05
1.39128e+06 0.0635179 0.761905 0.0952381 2.30004e-05
1.38647e+06 0.0602606 0.761905 0 2.30802e-05
1.38647e+06 0.0602606 0.761905 0 2.30802e-05
