4.34556e+06 0.530612 0.333333 0.222222 1.84096e-06
3.27815e+06 0.377551 0.5 0 2.4404e-06
2.08316e+06 0.0204082 0.722222 0 3.84032e-06
2.04082e+06 0 1 0 3.92e-06
2.5e+07 1 0.611111 0.555556 3.2e-07
2.40906e+06 0.153061 0.388889 0 3.3208e-06
2.40906e+06 0.153061 0.388889 0 3.3208e-06
2.35278e+06 0.132653 0.666667 0 3.40024e-06
2.35278e+06 0.132653 0.666667 0 3.40024e-06
2.08316e+06 0.0204082 0.722222 0 3.84032e-06
5e+07 0.979592 0.777778 0.5 1.6e-07
2.04082e+06 0 1 0 3.92e-06
3.38937e+06 0.397959 0.722222 0.0555556 2.36032e-06
2.04082e+06 0 1 0 3.92e-06
2.04082e+06 0 1 0 3.92e-06
2.04082e+06 0 1 0 3.92e-06
2.04082e+06 0 1 0 3.92e-06
2.08316e+06 0.0204082 0.722222 0 3.84032e-06
3.38937e+06 0.397959 0.722222 0.0555556 2.36032e-06
2.04082e+06 0 1 0 3.92e-06
2.08316e+06 0.0204082 0.722222 0 3.84032e-06
3.27858e+06 0.377551 0.888889 0 2.44008e-06
2.04082e+06 0 1 0 3.92e-06
