3.27284e+07 0.778065 0.473271 0.0570007 3.94126e-05
3.80127e+07 0.928137 0.581391 0.16372 3.61984e-05
3.84839e+07 0.615467 0.749413 0 3.84914e-05
2.7614e+07 0.831915 0.613787 0.151129 4.05714e-05
1.27474e+07 0.362828 0.663006 0 9.22224e-05
2.49997e+07 0.579481 0.748879 0.039891 4.42612e-05
5.88427e+07 0.85087 0.643398 0.128107 2.26978e-05
5.16368e+07 0.754922 0.639037 0.12078 2.3156e-05
3.97168e+07 0.744248 0.659936 0.140959 3.70473e-05
2.68011e+07 0.630903 0.784381 0.073998 5.0627e-05
2.86586e+07 0.813117 0.387994 0.0328385 4.09888e-05
2.66376e+07 0.644021 0.811503 0.10189 5.32172e-05
6.04686e+07 0.865303 0.658743 0.167634 1.64587e-05
4.57921e+07 0.537522 0.729649 0 2.41489e-05
2.28962e+07 0.529998 0.837281 0.0562896 5.29005e-05
4.73319e+07 0.840559 0.488507 0.0801335 2.52635e-05
1.52974e+07 0.647534 0.590131 0.0914411 6.48448e-05
5.1566e+07 0.757006 0.683593 0.103353 2.83598e-05
1.50631e+07 0.512231 0.737251 0.0234707 8.16527e-05
3.60114e+07 0.780014 0.641082 0.131056 3.72399e-05
2.66128e+07 0.75926 0.641885 0.0565313 4.30477e-05
1.89193e+07 0.489583 0.555582 0 6.02702e-05
2.8654e+07 0.637548 0.686794 0.115664 4.54502e-05
1.70782e+07 0.408222 0.844286 0.0220762 7.14426e-05
4.34252e+07 0.782851 0.553585 0.0621685 2.90714e-05
4.20284e+07 0.859742 0.621343 0.0974135 2.96e-05
4.57572e+07 0.880915 0.38687 0.057547 2.6256e-05
2.53885e+07 0.562775 0.858886 0.0502521 4.58535e-05
1.99423e+07 0.728073 0.537053 0.0236033 5.00809e-05
5.53485e+07 0.767293 0.727356 0.108339 2.53187e-05
1.6508e+07 0.397869 0.798679 0.0509165 6.54957e-05
1.35008e+08 0.599659 0.908886 0.0470264 1.41102e-05
2.54807e+07 0.796364 0.50082 0.171328 5.07678e-05
4.74138e+07 0.780999 0.583492 0.0687476 1.90667e-05
5.40165e+07 0.807196 0.535707 0 1.936e-05
1.37342e+07 0.392437 0.709235 0.0412104 7.96261e-05
4.39613e+07 0.658373 0.733006 0.0924466 3.04934e-05
4.38122e+07 0.750378 0.523573 0.0771932 2.96294e-05
3.33616e+07 0.648397 0.515583 0 3.09338e-05
3.95103e+07 0.84555 0.626314 0.121959 2.87867e-05
1.82228e+07 0.470092 0.71275 0.0417769 5.79877e-05
5.3878e+07 0.832986 0.521059 0.1659 2.353e-05
1.94438e+07 0.64389 0.617063 0.0857948 6.19462e-05
4.91235e+07 0.814424 0.506982 0.108922 2.70848e-05
2.43399e+07 0.610846 0.815278 0.0638724 3.8302e-05
3.52839e+07 0.621296 0.716543 0.0414458 3.16669e-05
2.93774e+07 0.921362 0.317357 0.0347815 3.9448e-05
3.65893e+07 0.911814 0.320993 0.0455784 3.136e-05
2.44554e+07 0.705577 0.832281 0.0629915 4.32048e-05
1.37232e+07 0.255817 0.754295 0 8.75341e-05
1.47168e+07 0.555 0.646788 0.075889 8.40365e-05
2.01071e+07 0.61477 0.561378 0.0414824 5.02742e-05
1.57938e+07 0.57826 0.585101 0.0458432 7.89371e-05
2.60587e+07 0.608928 0.750073 0.0585858 4.56401e-05
2.54993e+07 0.718796 0.615119 0.0261758 4.43495e-05
1.6335e+08 0.646267 0.894726 0.0543351 1.15702e-05
3.03304e+07 0.741089 0.657116 0.0786588 3.85683e-05
3.95364e+07 0.833469 0.595264 0.0785942 2.9657e-05
5.58277e+07 0.555731 0.899382 0.0519318 3.04096e-05
5.98027e+07 0.867076 0.610345 0 2.332e-05
1.40735e+07 0.271209 0.877688 0 8.51332e-05
4.87874e+07 0.915985 0.541914 0.150936 2.4096e-05
6.00224e+07 0.78652 0.6419 0.132195 2.16101e-05
1.94211e+07 0.456208 0.790262 0.029109 5.67976e-05
3.9879e+07 0.72642 0.831391 0.109031 3.17952e-05
7.8125e+07 0.92922 0.584859 0 1.6384e-05
3.22978e+07 0.442219 0.854901 0 3.09137e-05
2.24993e+07 0.511848 0.6301 0 5.28015e-05
1.43649e+07 0.478414 0.631702 0.0296554 8.35758e-05
4.0049e+07 0.868262 0.428093 0.0380841 3.488e-05
2.33002e+07 0.680924 0.566303 0.0469021 5.06941e-05
5.51792e+07 0.710419 0.793816 0.071144 2.54232e-05
3.64236e+07 0.912301 0.487383 0.109693 2.88e-05
5.40154e+07 0.498113 0.869662 0.0672711 2.12902e-05
4.68188e+07 0.734591 0.634463 0.122832 2.70618e-05
3.76326e+07 0.794594 0.381161 0.0415091 3.168e-05
5.15149e+07 0.768927 0.58557 0.139262 2.25178e-05
4.79662e+07 0.767952 0.531951 0.0388489 2.16803e-05
3.58852e+07 0.489237 0.842548 0 3.30609e-05
3.56511e+07 0.736085 0.686686 0.112351 4.32906e-05
2.81452e+07 0.71637 0.454928 0.0365612 4.53939e-05
3.3454e+07 0.704114 0.705052 0.0973173 3.87986e-05
3.70549e+07 0.841899 0.470698 0.089042 3.3486e-05
2.1079e+07 0.690533 0.577061 0.152632 6.09615e-05
2.63774e+07 0.661427 0.646764 0.0336109 4.34974e-05
4.48431e+07 0.85875 0.652325 0.128762 2.61088e-05
1.9254e+07 0.55586 0.86771 0.0932292 5.13097e-05
3.69284e+07 0.891664 0.568543 0.219793 3.28e-05
2.34522e+07 0.702155 0.669492 0.0867672 5.21248e-05
1.18305e+07 0.368746 0.785728 0.0303783 8.43594e-05
1.86982e+07 0.558624 0.675931 0.0291613 6.74321e-05
3.83362e+07 0.742111 0.607436 0.0364005 3.06026e-05
9.87647e+07 0.819788 0.796332 0.0631039 1.30816e-05
3.37273e+07 0.760837 0.588581 0.0986973 4.13553e-05
3.02332e+07 0.52664 0.83701 0.0239015 4.5187e-05
4.42107e+07 0.904405 0.608945 0.0891998 2.568e-05
7.41917e+07 0.736758 0.805042 0 1.73886e-05
3.24451e+07 0.451698 0.834641 0 3.53856e-05
3.17857e+07 0.729055 0.543865 0.101922 4.19339e-05
3.49935e+07 0.758201 0.589193 0.0261856 3.65625e-05
