1.44277e+07 0.495527 0.630521 0 8.94051e-05
9.45102e+06 0.176181 0.882014 0 0.000145593
1.48264e+07 0 1 0 9.99099e-05
6.37417e+06 0.270127 0.758954 0 0.000175762
8.12768e+06 0 1 0 0.000144642
1.49648e+07 0.297045 0.844343 0 7.39416e-05
1.29215e+07 0.223893 0.863032 0 0.000103363
1.85077e+07 0.315003 0.79472 0 6.46057e-05
1.33936e+07 0.240708 0.800392 0 0.000109859
1.26546e+07 0.217585 0.893045 0 0.000107223
1.02005e+07 0.347649 0.739629 0 0.000115159
1.1825e+07 0.197475 0.891419 0 0.00011988
1.1812e+07 0.241342 0.81537 0 8.42561e-05
4.57921e+07 0.537522 0.729649 0 2.41489e-05
1.46441e+07 0.264999 0.837281 0 8.27103e-05
9.21475e+06 0.178342 0.834173 0 0.000129767
8.0652e+06 0.331011 0.691389 0 0.000122993
1.68081e+07 0.253215 0.850712 0 8.70055e-05
8.95945e+06 0.179348 0.904272 0 0.000137278
1.19113e+07 0.333704 0.767559 0 0.000112587
9.57341e+06 0.329498 0.798757 0 0.000119667
1.2884e+07 0.25 0.791999 0 8.85031e-05
1.34056e+07 0.224777 0.798483 0 9.71482e-05
1.30713e+07 0.226601 0.898631 0 9.33425e-05
1.8824e+07 0.497986 0.674036 0 6.70648e-05
1.23338e+07 0.361868 0.788718 0 0.000100865
1.7728e+07 0.312012 0.771456 0 6.77683e-05
1.5451e+07 0.281387 0.858886 0 7.53447e-05
7.99212e+06 0.319995 0.799833 0 0.000124964
1.80756e+07 0.286409 0.810693 0 7.75271e-05
9.94306e+06 0 1 0 0.000108739
5.40886e+07 0 1 0 3.522e-05
8.32048e+06 0.375097 0.66445 0 0.000155472
1.69179e+07 0.344411 0.802006 0 5.3436e-05
2.79393e+07 0.428627 0.775645 0 3.74297e-05
1.06217e+07 0.214198 0.817431 0 0.000102959
2.23989e+07 0.329186 0.733006 0 5.98481e-05
1.47915e+07 0.259347 0.776461 0 8.77619e-05
1.17529e+07 0 1 0 8.7808e-05
8.1279e+06 0.160734 0.891382 0 0.000139934
1.29942e+07 0.256584 0.814921 0 8.13209e-05
1.16661e+07 0.214666 0.822448 0 0.00010867
8.35986e+06 0.170918 0.854181 0 0.000144078
1.1585e+07 0.211082 0.817589 0 0.000114847
1.36417e+07 0.305423 0.815278 0 6.83393e-05
2.01981e+07 0.337898 0.817766 0 5.53185e-05
1.26595e+07 0.396317 0.709564 0 9.15423e-05
1.79983e+07 0.482529 0.62681 0 6.37526e-05
9.19825e+06 0.216563 0.896406 0 0.000114869
1.37232e+07 0.255817 0.754295 0 8.75341e-05
9.69746e+06 0.324315 0.745018 0 0.000127533
1.00645e+07 0.229458 0.830199 0 0.000100439
7.71344e+06 0.135804 0.866537 0 0.00016163
1.33557e+07 0.236285 0.877577 0 8.90493e-05
8.93386e+06 0.19562 0.896253 0 0.000126584
5.78335e+07 0 1 0 3.268e-05
9.83498e+06 0.200195 0.866447 0 0.000118942
7.98489e+06 0.173038 0.868378 0 0.000146844
2.48176e+07 0 1 0 6.84072e-05
2.02553e+07 0 1 0 6.88512e-05
1.40735e+07 0.271209 0.877688 0 8.51332e-05
1.62951e+07 0.280092 0.835968 0 7.21433e-05
1.77681e+07 0.277714 0.769271 0 7.30009e-05
1.42138e+07 0.25672 0.862319 0 7.76055e-05
1.49215e+07 0.268026 0.881149 0 8.49756e-05
1.20992e+07 0 1 0 0.000105792
1.80285e+07 0 1 0 5.53814e-05
1.09967e+07 0 1 0 0.000108032
9.04808e+06 0.17141 0.864552 0 0.000132687
1.8818e+07 0.470674 0.683098 0 7.42328e-05
9.04853e+06 0.17718 0.864907 0 0.000130538
2.47982e+07 0.355209 0.793816 0 5.65699e-05
1.31337e+07 0.277858 0.816297 0 7.98707e-05
2.71226e+07 0 1 0 4.24e-05
1.78273e+07 0.301887 0.794293 0 7.10707e-05
1.4332e+07 0.42255 0.659179 0 8.31846e-05
1.74366e+07 0.315997 0.766779 0 6.65267e-05
1.57126e+07 0.2897 0.818157 0 6.61838e-05
3.58852e+07 0.489237 0.842548 0 3.30609e-05
1.49581e+07 0.370231 0.759729 0 0.000103179
1.29179e+07 0.380952 0.699806 0 9.8903e-05
1.26344e+07 0.215183 0.894347 0 0.000102733
7.86238e+06 0.167488 0.853564 0 0.000157817
9.24244e+06 0.293458 0.728646 0 0.000139034
1.6338e+07 0.452905 0.730305 0 7.0226e-05
1.13841e+07 0.360611 0.77776 0 0.000102846
1.17761e+07 0.273654 0.864797 0 8.38917e-05
6.60826e+06 0.247173 0.778987 0 0.000183293
1.03689e+07 0.325643 0.765302 0 0.000117895
9.39221e+06 0.204688 0.86051 0 0.000106259
1.02772e+07 0.196268 0.880868 0 0.000122685
1.33806e+07 0.25953 0.855438 0 8.76787e-05
1.78335e+07 0 1 0 7.2448e-05
1.23762e+07 0.346793 0.790458 0 0.000112701
1.43252e+07 0 1 0 9.53668e-05
1.16064e+07 0.23905 0.850617 0 9.78195e-05
3.40802e+07 0.425962 0.870604 0 3.78546e-05
3.24451e+07 0.451698 0.834641 0 3.53856e-05
1.06825e+07 0.192282 0.852719 0 0.000124774
1.41874e+07 0.40223 0.775682 0 9.0182e-05
