3.27284e+07 0.778065 0.473271 0.0570007 3.94126e-05
2.27515e+07 0.65836 0.54704 0.0301326 6.04795e-05
3.84839e+07 0.615467 0.749413 0 3.84914e-05
1.46497e+07 0.682761 0.598515 0.0719913 7.64754e-05
1.27474e+07 0.362828 0.663006 0 9.22224e-05
2.49997e+07 0.579481 0.748879 0.039891 4.42612e-05
5.88427e+07 0.843873 0.640436 0.0807252 2.26978e-05
3.14687e+07 0.59742 0.674552 0.049751 3.79965e-05
3.8519e+07 0.736283 0.655405 0.0684659 3.81993e-05
2.63169e+07 0.624104 0.782068 0.036999 5.15585e-05
2.86586e+07 0.813117 0.387994 0.0328385 4.09888e-05
2.61842e+07 0.63785 0.809353 0.0674787 5.41388e-05
2.71525e+07 0.670222 0.718742 0.103334 3.66535e-05
4.57921e+07 0.537522 0.729649 0 2.41489e-05
2.28962e+07 0.529998 0.837281 0.0562896 5.29005e-05
1.52333e+07 0.50333 0.542932 0.0376137 7.84969e-05
1.52974e+07 0.647534 0.590131 0.0914411 6.48448e-05
4.9943e+07 0.749093 0.680363 0.0516766 2.92814e-05
1.50631e+07 0.512231 0.737251 0.0234707 8.16527e-05
3.52037e+07 0.774955 0.638636 0.0919136 3.80943e-05
2.66128e+07 0.75926 0.641885 0.0565313 4.30477e-05
1.89193e+07 0.489583 0.555582 0 6.02702e-05
2.8654e+07 0.637548 0.686794 0.115664 4.54502e-05
1.70782e+07 0.408222 0.844286 0.0220762 7.14426e-05
4.177e+07 0.774218 0.549699 0 3.02234e-05
4.20284e+07 0.854191 0.619095 0.0614482 2.96e-05
4.57572e+07 0.880915 0.38687 0.057547 2.6256e-05
2.53885e+07 0.562775 0.858886 0.0502521 4.58535e-05
1.99423e+07 0.728073 0.537053 0.0236033 5.00809e-05
5.39839e+07 0.7614 0.724667 0.0653257 2.59587e-05
1.23549e+07 0.195403 0.780349 0 8.75117e-05
1.2915e+08 0.581488 0.905947 0 1.47502e-05
1.9109e+07 0.72825 0.518272 0.0935156 6.76958e-05
2.83162e+07 0.608794 0.617866 0 3.19259e-05
5.40165e+07 0.807196 0.535707 0 1.936e-05
1.37342e+07 0.392437 0.709235 0.0412104 7.96261e-05
4.39613e+07 0.658373 0.733006 0.0924466 3.04934e-05
4.38122e+07 0.750378 0.523573 0.0771932 2.96294e-05
2.50745e+07 0.531778 0.63182 0 4.11574e-05
2.3774e+07 0.713577 0.615547 0.0607914 4.7841e-05
1.82228e+07 0.470092 0.71275 0.0417769 5.79877e-05
4.92521e+07 0.826278 0.51722 0.104465 2.574e-05
1.94438e+07 0.64389 0.617063 0.0857948 6.19462e-05
4.91235e+07 0.814424 0.506982 0.108922 2.70848e-05
2.43399e+07 0.610846 0.815278 0.0638724 3.8302e-05
3.52839e+07 0.621296 0.716543 0.0414458 3.16669e-05
2.93774e+07 0.921362 0.317357 0.0347815 3.9448e-05
3.65893e+07 0.911814 0.320993 0.0455784 3.136e-05
1.25538e+07 0.42614 0.819322 0.0269963 8.41648e-05
1.37232e+07 0.255817 0.754295 0 8.75341e-05
1.24436e+07 0.473582 0.668898 0.0316684 9.93888e-05
2.01071e+07 0.61477 0.561378 0.0414824 5.02742e-05
1.57938e+07 0.57826 0.585101 0.0458432 7.89371e-05
2.56983e+07 0.603437 0.748095 0.0269403 4.62801e-05
2.54993e+07 0.718796 0.615119 0.0261758 4.43495e-05
1.54788e+08 0.626683 0.89133 0 1.22102e-05
3.03304e+07 0.741089 0.657116 0.0786588 3.85683e-05
1.91011e+07 0.654662 0.65544 0.0785942 6.13856e-05
5.379e+07 0.538891 0.896136 0 3.15616e-05
5.98027e+07 0.867076 0.610345 0 2.332e-05
1.40735e+07 0.271209 0.877688 0 8.51332e-05
5.02562e+07 0.767186 0.566832 0.037026 2.33917e-05
6.00224e+07 0.78652 0.6419 0.132195 2.16101e-05
1.94211e+07 0.456208 0.790262 0.029109 5.67976e-05
3.79547e+07 0.71253 0.82714 0.0410131 3.34072e-05
1.75246e+07 0.30974 0.81802 0 7.30404e-05
3.22978e+07 0.442219 0.854901 0 3.09137e-05
2.24993e+07 0.511848 0.6301 0 5.28015e-05
1.43649e+07 0.478414 0.631702 0.0296554 8.35758e-05
4.0049e+07 0.868262 0.428093 0.0380841 3.488e-05
2.33002e+07 0.680924 0.566303 0.0469021 5.06941e-05
5.51792e+07 0.710419 0.793816 0.071144 2.54232e-05
4.08489e+07 0.773372 0.519101 0.0462561 2.568e-05
5.2439e+07 0.483019 0.865458 0 2.19302e-05
2.98722e+07 0.583648 0.669981 0.0517967 4.24141e-05
3.76326e+07 0.794594 0.381161 0.0415091 3.168e-05
3.0631e+07 0.610928 0.625839 0.0587248 3.78701e-05
4.79662e+07 0.767952 0.531951 0.0388489 2.16803e-05
3.58852e+07 0.489237 0.842548 0 3.30609e-05
3.4908e+07 0.730457 0.684162 0.0719552 4.42122e-05
2.81452e+07 0.71637 0.454928 0.0365612 4.53939e-05
2.41476e+07 0.589798 0.721098 0.0239647 5.37516e-05
1.74673e+07 0.625785 0.452381 0.0381608 7.10368e-05
2.07877e+07 0.686189 0.574277 0.108082 6.18159e-05
2.63774e+07 0.661427 0.646764 0.0336109 4.34974e-05
4.43498e+07 0.853156 0.649936 0.0905373 2.63992e-05
1.88905e+07 0.547309 0.864797 0.0466146 5.2297e-05
1.64727e+07 0.698396 0.535619 0.0917584 7.35309e-05
1.29554e+07 0.460425 0.700971 0.0263278 9.43576e-05
1.18305e+07 0.368746 0.785728 0.0303783 8.43594e-05
1.86982e+07 0.558624 0.675931 0.0291613 6.74321e-05
3.83362e+07 0.742111 0.607436 0.0364005 3.06026e-05
2.81791e+07 0.367491 0.773615 0 4.58496e-05
2.42785e+07 0.667458 0.604593 0.0255012 5.74501e-05
2.9811e+07 0.519929 0.835516 0 4.5827e-05
4.42107e+07 0.904405 0.608945 0.0891998 2.568e-05
7.41917e+07 0.736758 0.805042 0 1.73886e-05
3.24451e+07 0.451698 0.834641 0 3.53856e-05
3.10976e+07 0.723046 0.54068 0.0509608 4.28619e-05
3.49935e+07 0.758201 0.589193 0.0261856 3.65625e-05
