3.94106e+07 0.856038 0.495678 0.212112 3.273e-05
3.80127e+07 0.928137 0.581391 0.16372 3.61984e-05
3.84839e+07 0.615467 0.749413 0 3.84914e-05
3.10826e+07 0.861215 0.562076 0.189677 3.6044e-05
1.27474e+07 0.362828 0.663006 0 9.22224e-05
2.98285e+07 0.647777 0.679395 0.0935925 3.70961e-05
5.88427e+07 0.85087 0.643398 0.128107 2.26978e-05
4.706e+07 0.823489 0.42153 0.12078 2.5408e-05
4.85608e+07 0.79115 0.472693 0.140959 3.03002e-05
2.68011e+07 0.630903 0.784381 0.073998 5.0627e-05
3.52393e+07 0.853453 0.477343 0.152211 3.33344e-05
2.66376e+07 0.644021 0.811503 0.10189 5.32172e-05
6.04686e+07 0.865303 0.658743 0.167634 1.64587e-05
4.57921e+07 0.537522 0.729649 0 2.41489e-05
2.60706e+07 0.587524 0.665388 0.0562896 4.64592e-05
5.01182e+07 0.886968 0.510527 0.197619 2.3859e-05
4.02581e+07 0.8781 0.546895 0.28312 2.464e-05
5.1566e+07 0.757006 0.683593 0.103353 2.83598e-05
3.16569e+07 0.768321 0.692504 0.0904427 3.88522e-05
3.60114e+07 0.780014 0.641082 0.131056 3.72399e-05
3.13041e+07 0.795425 0.641065 0.116262 3.65965e-05
5.16427e+07 0.838542 0.503243 0.251349 2.208e-05
5.21259e+07 0.801022 0.61048 0.115664 2.49843e-05
5.95757e+07 0.855377 0.769279 0.0918617 2.048e-05
5.1235e+07 0.840015 0.566504 0.161088 2.464e-05
3.91149e+07 0.89669 0.562293 0.120794 3.18048e-05
4.98093e+07 0.953198 0.429175 0.209603 2.412e-05
2.53885e+07 0.562775 0.858886 0.0502521 4.58535e-05
2.58448e+07 0.803752 0.55794 0.150413 3.86432e-05
5.53485e+07 0.767293 0.727356 0.108339 2.53187e-05
5.2793e+07 0.856949 0.496211 0.120637 2.048e-05
1.35008e+08 0.599659 0.908886 0.0470264 1.41102e-05
3.01063e+07 0.827671 0.576932 0.278169 4.29678e-05
4.02824e+07 0.852646 0.470617 0.11344 2.24421e-05
5.10625e+07 1 0.424285 0.193365 2.048e-05
2.39194e+07 0.65139 0.647803 0.165912 4.57201e-05
4.39613e+07 0.658373 0.733006 0.0924466 3.04934e-05
5.77937e+07 0.810893 0.528076 0.205527 2.24614e-05
3.99617e+07 0.706706 0.442935 0.0464947 2.58247e-05
3.95103e+07 0.84555 0.626314 0.121959 2.87867e-05
4.38798e+07 0.780288 0.650474 0.168193 2.40817e-05
5.3878e+07 0.832986 0.521059 0.1659 2.353e-05
2.18995e+07 0.684041 0.450924 0.0857948 5.49999e-05
4.91235e+07 0.814424 0.506982 0.108922 2.70848e-05
2.43399e+07 0.610846 0.815278 0.0638724 3.8302e-05
3.52839e+07 0.621296 0.716543 0.0414458 3.16669e-05
3.54614e+07 0.96748 0.416035 0.167706 3.268e-05
4.15402e+07 0.968386 0.447507 0.21629 2.76224e-05
3.76371e+07 0.809116 0.729766 0.134388 2.80731e-05
3.6591e+07 0.721187 0.715502 0.22275 3.28291e-05
2.56606e+07 0.744975 0.660791 0.193258 4.81965e-05
2.01071e+07 0.61477 0.561378 0.0414824 5.02742e-05
1.57938e+07 0.57826 0.585101 0.0458432 7.89371e-05
3.05469e+07 0.666575 0.687006 0.101144 3.89343e-05
3.24686e+07 0.805591 0.588282 0.125575 3.483e-05
1.6335e+08 0.646267 0.894726 0.0543351 1.15702e-05
3.03304e+07 0.741089 0.657116 0.0786588 3.85683e-05
3.95364e+07 0.833469 0.595264 0.0785942 2.9657e-05
5.58277e+07 0.555731 0.899382 0.0519318 3.04096e-05
5.98027e+07 0.867076 0.610345 0 2.332e-05
2.44656e+07 0.581024 0.843215 0.0806977 4.89716e-05
4.87874e+07 0.915985 0.541914 0.150936 2.4096e-05
6.00224e+07 0.78652 0.6419 0.132195 2.16101e-05
3.09432e+07 0.658968 0.733457 0.029109 3.56483e-05
3.9879e+07 0.72642 0.831391 0.109031 3.17952e-05
7.8125e+07 0.92922 0.584859 0 1.6384e-05
3.22978e+07 0.442219 0.854901 0 3.09137e-05
4.65677e+07 0.764613 0.551632 0 2.55112e-05
1.56156e+07 0.520307 0.561638 0.0767526 7.68823e-05
4.0049e+07 0.868262 0.428093 0.0380841 3.488e-05
3.90755e+07 0.810043 0.515034 0.0469021 3.02281e-05
5.51792e+07 0.710419 0.793816 0.071144 2.54232e-05
3.64236e+07 0.912301 0.487383 0.109693 2.88e-05
5.40154e+07 0.498113 0.869662 0.0672711 2.12902e-05
4.68188e+07 0.734591 0.634463 0.122832 2.70618e-05
4.74904e+07 0.844389 0.483756 0.199863 2.5104e-05
5.15149e+07 0.768927 0.58557 0.139262 2.25178e-05
4.63852e+07 0.839346 0.436058 0.102148 2.24192e-05
3.58852e+07 0.489237 0.842548 0 3.30609e-05
3.56511e+07 0.736085 0.686686 0.112351 4.32906e-05
3.34363e+07 0.761263 0.545294 0.176039 3.82106e-05
4.97116e+07 0.860611 0.665042 0.0973173 2.611e-05
3.51786e+07 0.880124 0.498687 0.185594 3.5272e-05
2.1079e+07 0.690533 0.577061 0.152632 6.09615e-05
3.12806e+07 0.714588 0.66899 0.123059 3.66793e-05
3.61322e+07 0.938143 0.550719 0.198562 3.24032e-05
1.9254e+07 0.55586 0.86771 0.0932292 5.13097e-05
3.69284e+07 0.891664 0.568543 0.219793 3.28e-05
3.86125e+07 0.819357 0.625536 0.0867672 3.16592e-05
1.29274e+07 0.422457 0.701874 0.0788927 7.72014e-05
3.15521e+07 0.73883 0.577895 0.0703612 3.99613e-05
4.23938e+07 0.802235 0.541676 0.0863212 2.76736e-05
9.87647e+07 0.819788 0.796332 0.0631039 1.30816e-05
4.05737e+07 0.801217 0.659366 0.194211 3.43769e-05
3.02332e+07 0.52664 0.83701 0.0239015 4.5187e-05
4.42107e+07 0.904405 0.608945 0.0891998 2.568e-05
7.41917e+07 0.736758 0.805042 0 1.73886e-05
3.24451e+07 0.451698 0.834641 0 3.53856e-05
3.77829e+07 0.772152 0.546171 0.183305 3.52779e-05
4.15428e+07 0.805761 0.61085 0.102668 3.07984e-05
