1.44277e+07 0.495527 0.630521 0 8.94051e-05
9.45102e+06 0.176181 0.882014 0 0.000145593
1.48264e+07 0 1 0 9.99099e-05
1.07616e+07 0.567904 0.664871 0.044428 0.000104105
8.12768e+06 0 1 0 0.000144642
1.49648e+07 0.297045 0.844343 0 7.39416e-05
1.81583e+07 0.447787 0.863032 0.0473817 7.3553e-05
1.85077e+07 0.315003 0.79472 0 6.46057e-05
3.8519e+07 0.736283 0.655405 0.0684659 3.81993e-05
1.75275e+07 0.43517 0.893045 0.036999 7.74131e-05
1.02005e+07 0.347649 0.739629 0 0.000115159
1.56832e+07 0.39495 0.891419 0.034411 9.03887e-05
1.732e+07 0.482683 0.81537 0.0642992 5.74614e-05
4.57921e+07 0.537522 0.729649 0 2.41489e-05
2.28962e+07 0.529998 0.837281 0.0562896 5.29005e-05
9.21475e+06 0.178342 0.834173 0 0.000129767
1.07503e+07 0.498189 0.691389 0.0538549 9.22726e-05
2.54267e+07 0.506429 0.850712 0.0516766 5.75143e-05
8.95945e+06 0.179348 0.904272 0 0.000137278
1.57316e+07 0.495592 0.767559 0.0391427 8.5246e-05
1.27043e+07 0.49482 0.798757 0.0356251 9.01757e-05
1.2884e+07 0.25 0.791999 0 8.85031e-05
1.88776e+07 0.449553 0.798483 0.0699546 6.89882e-05
1.30713e+07 0.226601 0.898631 0 9.33425e-05
4.177e+07 0.774218 0.549699 0 3.02234e-05
1.70868e+07 0.539481 0.788718 0.0359653 7.2807e-05
1.7728e+07 0.312012 0.771456 0 6.77683e-05
2.53885e+07 0.562775 0.858886 0.0502521 4.58535e-05
7.99212e+06 0.319995 0.799833 0 0.000124964
5.39839e+07 0.7614 0.724667 0.0653257 2.59587e-05
9.94306e+06 0 1 0 0.000108739
1.2915e+08 0.581488 0.905947 0 1.47502e-05
1.03694e+07 0.498649 0.66445 0.0381413 0.000124752
1.69179e+07 0.344411 0.802006 0 5.3436e-05
2.79393e+07 0.428627 0.775645 0 3.74297e-05
1.06217e+07 0.214198 0.817431 0 0.000102959
4.39613e+07 0.658373 0.733006 0.0924466 3.04934e-05
2.27575e+07 0.518695 0.776461 0.0771932 5.70419e-05
1.17529e+07 0 1 0 8.7808e-05
1.00528e+07 0.321468 0.891382 0.0378271 0.000113139
1.29942e+07 0.256584 0.814921 0 8.13209e-05
1.60528e+07 0.429331 0.822448 0.0614347 7.89737e-05
1.05303e+07 0.341836 0.854181 0.0504548 0.000114382
1.58154e+07 0.422164 0.817589 0.0629908 8.41267e-05
2.43399e+07 0.610846 0.815278 0.0638724 3.8302e-05
2.01981e+07 0.337898 0.817766 0 5.53185e-05
1.26595e+07 0.396317 0.709564 0 9.15423e-05
1.79983e+07 0.482529 0.62681 0 6.37526e-05
9.19825e+06 0.216563 0.896406 0 0.000114869
1.37232e+07 0.255817 0.754295 0 8.75341e-05
9.69746e+06 0.324315 0.745018 0 0.000127533
1.00645e+07 0.229458 0.830199 0 0.000100439
1.15888e+07 0.424934 0.76302 0.0458432 0.00010758
1.73413e+07 0.411982 0.814286 0 6.85831e-05
8.93386e+06 0.19562 0.896253 0 0.000126584
1.54788e+08 0.626683 0.89133 0 1.22102e-05
1.31176e+07 0.400391 0.866447 0.0462044 8.91774e-05
1.00973e+07 0.346077 0.868378 0.045452 0.000116124
5.379e+07 0.538891 0.896136 0 3.15616e-05
2.02553e+07 0 1 0 6.88512e-05
1.40735e+07 0.271209 0.877688 0 8.51332e-05
1.62951e+07 0.280092 0.835968 0 7.21433e-05
2.88606e+07 0.555429 0.769271 0.0801138 4.49433e-05
1.42138e+07 0.25672 0.862319 0 7.76055e-05
3.79547e+07 0.71253 0.82714 0.0410131 3.34072e-05
1.75246e+07 0.30974 0.81802 0 7.30404e-05
1.80285e+07 0 1 0 5.53814e-05
1.09967e+07 0 1 0 0.000108032
9.04808e+06 0.17141 0.864552 0 0.000132687
1.8818e+07 0.470674 0.683098 0 7.42328e-05
1.1531e+07 0.35436 0.864907 0.0469021 0.000102435
5.51792e+07 0.710419 0.793816 0.071144 2.54232e-05
1.31337e+07 0.277858 0.816297 0 7.98707e-05
5.2439e+07 0.483019 0.865458 0 2.19302e-05
1.78273e+07 0.301887 0.794293 0 7.10707e-05
1.4332e+07 0.42255 0.659179 0 8.31846e-05
1.74366e+07 0.315997 0.766779 0 6.65267e-05
1.57126e+07 0.2897 0.818157 0 6.61838e-05
3.58852e+07 0.489237 0.842548 0 3.30609e-05
2.09446e+07 0.550344 0.759729 0.0403959 7.36879e-05
1.29179e+07 0.380952 0.699806 0 9.8903e-05
1.26344e+07 0.215183 0.894347 0 0.000102733
7.86238e+06 0.167488 0.853564 0 0.000157817
1.15049e+07 0.43246 0.728646 0.0445501 0.000111693
1.6338e+07 0.452905 0.730305 0 7.0226e-05
1.58064e+07 0.539602 0.77776 0.0382243 7.40712e-05
1.88905e+07 0.547309 0.864797 0.0466146 5.2297e-05
7.87275e+06 0.36813 0.778987 0.0373943 0.000153853
1.03689e+07 0.325643 0.765302 0 0.000117895
9.39221e+06 0.204688 0.86051 0 0.000106259
1.02772e+07 0.196268 0.880868 0 0.000122685
1.33806e+07 0.25953 0.855438 0 8.76787e-05
1.78335e+07 0 1 0 7.2448e-05
1.23762e+07 0.346793 0.790458 0 0.000112701
1.82404e+07 0.21475 0.952197 0 7.4897e-05
1.69201e+07 0.4781 0.850617 0.0515854 6.70995e-05
7.41917e+07 0.736758 0.805042 0 1.73886e-05
3.24451e+07 0.451698 0.834641 0 3.53856e-05
1.40191e+07 0.384564 0.852719 0.0509608 9.50777e-05
1.41874e+07 0.40223 0.775682 0 9.0182e-05
