4.19893e+07 1 0.576315 0.414873 3.072e-05
4.84234e+07 0.950739 0.607607 0.21672 2.8416e-05
4.82194e+07 0.849918 0.651893 0.0365 3.072e-05
3.21198e+07 0.940179 0.531205 0.245579 3.488e-05
3.82682e+07 0.977334 0.557912 0.280965 3.072e-05
3.60195e+07 0.965852 0.473465 0.26185 3.072e-05
5.88427e+07 0.9234 0.650445 0.257225 2.26978e-05
4.706e+07 1 0.478667 0.275888 2.5408e-05
5.2535e+07 0.907965 0.518568 0.227108 2.8008e-05
4.38136e+07 0.863194 0.602021 0.176823 3.09689e-05
3.75364e+07 1 0.488368 0.329304 3.12944e-05
4.54336e+07 0.791442 0.813773 0.203032 3.12012e-05
5.3777e+07 0.898833 0.585913 0.199783 1.85067e-05
5.19189e+07 0.888307 0.39531 0.0469381 2.12992e-05
3.94277e+07 0.925852 0.508866 0.184975 3.072e-05
5.10707e+07 0.983435 0.546097 0.275054 2.3414e-05
3.22904e+07 1 0.560078 0.404013 3.072e-05
7.14062e+07 0.946038 0.687002 0.255243 2.048e-05
4.42127e+07 0.887525 0.739592 0.182736 2.78187e-05
4.36543e+07 0.977661 0.583455 0.291636 3.072e-05
3.84608e+07 0.882678 0.663517 0.163453 2.97867e-05
5.56772e+07 1 0.58914 0.435767 2.048e-05
6.35903e+07 1 0.500629 0.334172 2.048e-05
5.95757e+07 0.892561 0.734925 0.13301 2.048e-05
4.35009e+07 0.871667 0.516802 0.190445 2.90208e-05
4.04961e+07 0.942957 0.571362 0.197331 3.072e-05
4.98093e+07 1 0.49001 0.323052 2.412e-05
4.11908e+07 0.913559 0.582874 0.134401 2.82624e-05
3.25106e+07 0.910719 0.628671 0.293078 3.072e-05
6.56849e+07 0.804052 0.664605 0.141001 2.13344e-05
5.2793e+07 0.979371 0.527471 0.212523 2.048e-05
1.35008e+08 0.599659 0.908886 0.0470264 1.41102e-05
4.21094e+07 1 0.634867 0.493238 3.072e-05
4.02824e+07 0.852646 0.470617 0.11344 2.24421e-05
5.10625e+07 1 0.424285 0.193365 2.048e-05
5.33984e+07 0.987272 0.628998 0.384266 2.048e-05
8.95474e+07 0.832536 0.638309 0.13867 1.49701e-05
6.33853e+07 1 0.546973 0.378809 2.048e-05
5.03906e+07 0.939942 0.519942 0.152561 2.048e-05
3.85201e+07 0.888101 0.569358 0.170614 2.95266e-05
5.15967e+07 1 0.524934 0.382714 2.048e-05
5.3878e+07 1 0.535971 0.398779 2.353e-05
3.9208e+07 1 0.516548 0.367945 3.072e-05
4.33105e+07 1 0.487789 0.349238 3.072e-05
4.12358e+07 0.770499 0.751497 0.0958085 2.26082e-05
5.45571e+07 0.899755 0.573076 0.190651 2.048e-05
3.7724e+07 1 0.45598 0.276144 3.072e-05
4.63275e+07 1 0.487616 0.300596 2.4768e-05
3.63039e+07 0.842506 0.652584 0.152241 2.9104e-05
5.86548e+07 1 0.5751 0.391569 2.048e-05
4.02588e+07 1 0.55909 0.401878 3.072e-05
3.30493e+07 0.779792 0.473523 0.154566 3.05867e-05
5.07292e+07 0.968696 0.595776 0.26956 2.4576e-05
3.87148e+07 0.802519 0.597439 0.151581 3.072e-05
3.3338e+07 0.936035 0.59697 0.206107 3.39217e-05
1.6335e+08 0.646267 0.894726 0.0543351 1.15702e-05
4.89589e+07 0.859382 0.618091 0.13968 2.38933e-05
3.96983e+07 0.98421 0.546095 0.257325 2.9536e-05
5.58277e+07 0.555731 0.899382 0.0519318 3.04096e-05
5.98027e+07 0.883807 0.621125 0.0538983 2.332e-05
4.05694e+07 0.747631 0.763423 0.121047 2.95326e-05
5.13982e+07 0.978469 0.577049 0.302476 2.2872e-05
6.33345e+07 1 0.485396 0.294369 2.048e-05
5.38426e+07 0.804293 0.685584 0.0857427 2.04869e-05
3.9879e+07 0.72642 0.831391 0.109031 3.17952e-05
7.8125e+07 0.92922 0.584859 0 1.6384e-05
3.22978e+07 0.442219 0.854901 0 3.09137e-05
4.97211e+07 0.799368 0.58351 0.071111 2.38933e-05
3.64248e+07 0.989607 0.438941 0.292293 3.296e-05
4.54723e+07 0.926914 0.499787 0.177482 3.072e-05
3.84499e+07 0.963058 0.476371 0.228271 3.072e-05
6.54418e+07 0.755976 0.725581 0.106716 2.14363e-05
4.08489e+07 0.98987 0.502912 0.252096 2.568e-05
5.40154e+07 0.498113 0.869662 0.0672711 2.12902e-05
5.99905e+07 1 0.481478 0.328169 2.112e-05
3.88086e+07 1 0.498316 0.333374 3.072e-05
5.49242e+07 1 0.488255 0.32005 2.112e-05
5.07773e+07 0.983371 0.479524 0.28014 2.048e-05
3.58852e+07 0.489237 0.842548 0 3.30609e-05
5.02396e+07 0.958099 0.586889 0.195071 3.072e-05
4.15892e+07 1 0.506981 0.319304 3.072e-05
5.64826e+07 0.91514 0.701458 0.187081 2.298e-05
4.03913e+07 1 0.504272 0.32843 3.072e-05
4.18298e+07 0.99167 0.592223 0.383492 3.072e-05
5.60229e+07 0.848574 0.628117 0.18424 2.048e-05
3.8112e+07 0.96207 0.574561 0.249609 3.072e-05
2.97426e+07 0.712649 0.831126 0.15363 3.32155e-05
3.40334e+07 0.990797 0.539912 0.326083 3.559e-05
4.05647e+07 0.945308 0.554508 0.185382 3.01356e-05
3.60887e+07 0.948031 0.587987 0.263392 2.76544e-05
4.10436e+07 0.89033 0.598082 0.226561 3.072e-05
3.81898e+07 0.874687 0.553896 0.198383 3.072e-05
7.00955e+07 0.876325 0.642359 0.0631039 1.8432e-05
4.54036e+07 0.976841 0.606331 0.346924 3.072e-05
6.51516e+07 0.789788 0.751232 0.114915 2.09688e-05
3.84389e+07 0.978187 0.553141 0.204998 2.9536e-05
6.97497e+07 0.749286 0.745576 0 1.8496e-05
5.68486e+07 0.762241 0.651381 0.0503461 2.01956e-05
5.78516e+07 0.968495 0.578379 0.293162 2.304e-05
4.16488e+07 0.85807 0.598073 0.173345 3.072e-05
