HW: 1
11 16 17 19 21 22 22 24 25 25 25 26 26 26 27 27 27 27 27 27 

HW: 2
21 46 51 57 68 73 80 85 89 95 102 106 108 112 122 126 130 133 134 134 

HW: 3
25 56 80 93 103 112 121 139 155 168 182 192 198 207 223 238 246 262 278 284 

HW: 4
28 96 133 169 202 225 252 276 295 304 337 358 373 398 408 419 428 441 453 463 

HW: 5
26 115 155 191 238 270 301 335 386 413 435 467 491 511 531 592 610 622 639 661 

HW: 6
30 145 175 238 288 333 377 399 424 491 522 581 636 667 710 744 778 817 838 875 

HW: 7
29 176 236 313 370 413 476 520 605 635 702 724 795 837 883 922 957 991 1031 1057 

HW: 8
30 188 262 324 395 448 523 580 671 719 798 851 926 961 1036 1103 1152 1198 1266 1299 

HW: 9
30 242 289 423 481 569 636 708 758 847 909 999 1087 1153 1232 1282 1344 1397 1461 1517 

HW: 10
29 245 333 443 523 627 700 785 876 975 1037 1175 1253 1302 1378 1461 1536 1598 1650 1715 

HW: 11
30 264 341 470 598 736 820 919 1016 1099 1184 1255 1353 1478 1538 1631 1743 1808 1880 1986 

HW: 12
30 322 366 540 619 702 819 960 1026 1122 1196 1286 1375 1509 1578 1669 1741 1850 1931 1978 

HW: 13
30 304 388 516 613 717 834 922 1040 1138 1224 1322 1394 1479 1561 1652 1724 1847 1899 1992 

HW: 14
29 348 434 582 720 837 981 1108 1209 1282 1370 1492 1578 1682 1825 1937 2052 2131 2227 2327 

HW: 15
29 319 393 506 645 770 843 994 1103 1256 1357 1434 1536 1635 1741 1872 1971 2056 2188 2252 

HW: 16
30 254 364 542 720 824 980 1129 1227 1334 1452 1575 1670 1798 1949 2046 2134 2215 2309 2417 

HW: 17
30 326 464 638 727 930 1071 1155 1309 1453 1570 1705 1781 1896 2012 2144 2266 2372 2459 2577 

HW: 18
30 303 439 616 777 924 1034 1141 1314 1441 1531 1654 1785 1867 1984 2075 2193 2273 2386 2484 

HW: 19
30 363 551 717 822 999 1165 1304 1438 1575 1732 1861 1966 2081 2213 2320 2424 2526 2618 2727 

