
Generation: 0
1.42786 2.30372 3.02214 3.62124 3.95234 4.30206 4.49829 4.3909 4.58626 4.73282 4.7335 4.76363 4.80166 4.57909 4.57658 4.67035 4.48779 4.55752 4.86524 

Generation: 1
1.42786 2.30372 3.02214 3.62124 3.95234 4.30206 4.49829 4.67155 4.78046 4.7923 4.83033 4.84575 4.88378 4.87288 4.86696 4.8662 4.87288 4.8049 4.86524 

Generation: 2
1.42786 2.30372 3.02214 3.62124 3.95234 4.30206 4.49829 4.67155 4.78046 4.81316 4.83417 4.84575 4.88378 4.87288 4.88414 4.8662 4.91564 4.90761 4.8699 

Generation: 3
1.42786 2.30372 3.02214 3.62124 3.95234 4.30206 4.49829 4.67155 4.78046 4.81316 4.83417 4.86142 4.88378 4.88414 4.88414 4.8662 4.91564 4.90761 4.8824 

Generation: 4
1.42786 2.30372 3.02214 3.62124 3.95234 4.30206 4.49829 4.67155 4.78046 4.81316 4.83417 4.86142 4.88378 4.88414 4.88414 4.88199 4.91564 4.90761 4.8824 

Generation: 5
1.42786 2.30372 3.02214 3.62124 3.95234 4.30206 4.49829 4.67155 4.78046 4.81316 4.83417 4.86142 4.88378 4.88414 4.88414 4.88199 4.91564 4.91564 4.8824 

Generation: 6
1.42786 2.30372 3.02214 3.62124 3.95234 4.30206 4.49829 4.67155 4.78046 4.81316 4.83417 4.86142 4.88378 4.88414 4.90761 4.88414 4.91564 4.91564 4.88958 

Generation: 7
1.42786 2.30372 3.02214 3.62124 3.95234 4.30206 4.49829 4.67155 4.78046 4.81316 4.83417 4.86142 4.88378 4.90725 4.90761 4.90262 4.91564 4.91564 4.88958 

Generation: 8
1.42786 2.30372 3.02214 3.62124 3.95234 4.30206 4.49829 4.67155 4.78046 4.81316 4.83417 4.86142 4.88378 4.90725 4.90761 4.90262 4.91564 4.91564 4.88958 

Generation: 9
1.42786 2.30372 3.02214 3.62124 3.95234 4.30206 4.49829 4.67155 4.78046 4.81316 4.83461 4.86142 4.88378 4.90725 4.90761 4.90262 4.91564 4.91564 4.88958 

Generation: 10
1.42786 2.30372 3.02214 3.62124 3.95234 4.30206 4.49829 4.67155 4.78046 4.81316 4.83461 4.86142 4.88378 4.90725 4.90761 4.90262 4.91564 4.91564 4.88958 

Generation: 11
1.42786 2.30372 3.02214 3.62124 3.95234 4.30206 4.49829 4.67155 4.78046 4.83417 4.83461 4.86142 4.88378 4.90725 4.90761 4.90262 4.91564 4.91564 4.88958 

Generation: 12
1.42786 2.30372 3.02214 3.62124 3.95234 4.30206 4.49829 4.67155 4.78046 4.83417 4.83677 4.86142 4.88378 4.90725 4.90761 4.91139 4.91564 4.91564 4.88958 

Generation: 13
1.42786 2.30372 3.02214 3.62124 3.95234 4.30206 4.49829 4.67155 4.78046 4.83417 4.83677 4.87264 4.88378 4.90725 4.90761 4.91139 4.91564 4.91564 4.88958 

Generation: 14
1.42786 2.30372 3.02214 3.62124 3.95234 4.30206 4.49829 4.67155 4.78046 4.83417 4.83677 4.87264 4.90576 4.90725 4.90761 4.91139 4.91564 4.91564 4.88958 

Generation: 15
1.42786 2.30372 3.02214 3.62124 3.95234 4.30206 4.49829 4.67155 4.78046 4.83417 4.83677 4.87264 4.90576 4.90725 4.90761 4.91529 4.91564 4.91564 4.88958 

Generation: 16
1.42786 2.30372 3.02214 3.62124 3.95234 4.30206 4.49829 4.67155 4.78046 4.83417 4.83677 4.87264 4.90576 4.90725 4.90761 4.91529 4.91564 4.91564 4.88958 

Generation: 17
1.42786 2.30372 3.02214 3.62124 3.95234 4.30206 4.49829 4.67155 4.78046 4.83417 4.83677 4.87264 4.90576 4.90725 4.90761 4.91529 4.91564 4.91564 4.88958 

Generation: 18
1.42786 2.30372 3.02214 3.62124 3.95234 4.30206 4.49829 4.67155 4.78046 4.83417 4.83677 4.87264 4.90576 4.90725 4.90761 4.91529 4.91564 4.91564 4.88958 

Generation: 19
1.42786 2.30372 3.02214 3.62124 3.95234 4.30206 4.49829 4.67155 4.78046 4.83417 4.84055 4.87264 4.90576 4.90725 4.90761 4.91529 4.91564 4.91564 4.88958 

